1647273785341 0.5111111402511597 0
1647273800135 0.6571428775787354 1
1647273810241 0.682539701461792 2
1647273820330 0.7460317611694336 3
1647273826266 0.7809523940086365 4
1647273836676 0.7460317611694336 5
1647273842682 0.7841269969940186 6
1647273852924 0.8126984238624573 7
1647273858949 0.8095238208770752 8
1647273869228 0.7936508059501648 9
1647273875261 0.8253968358039856 10
1647273881446 0.8571428656578064 11
1647273887582 0.8507936596870422 12
1647273893614 0.9079365134239197 13
1647273903858 0.879365086555481 14
1647273914262 0.841269850730896 15
1647273920269 0.9047619104385376 16
1647273926352 0.8984127044677734 17
1647273936654 0.9142857193946838 18
1647273946823 0.9111111164093018 19
1647273957082 0.920634925365448 20
1647273967401 0.9301587343215942 21
1647273973515 0.9460317492485046 22
1647273979525 0.9333333373069763 23
1647273989853 0.9047619104385376 24
1647274000038 0.9269841313362122 25
1647274006023 0.9396825432777405 26
1647274016384 0.9460317492485046 27
1647274022398 0.9460317492485046 28
1647274032730 0.9714285731315613 29
1647274042904 0.9396825432777405 30
1647274048972 0.9555555582046509 31
1647274059361 0.9650793671607971 32
1647274065416 0.9523809552192688 33
1647274075697 0.9650793671607971 34
1647274085947 0.9714285731315613 35
1647274091992 0.9682539701461792 36
1647274098147 0.9746031761169434 37
1647274133905 0.9460317492485046 38
