1647273768928 0.002 0
1647273777044 0.002000514040060901 1
1647273777291 0.002002056138223837 2
1647273777445 0.0020046262284304436 3
1647273777574 0.0020082242005866335 4
1647273777702 0.002012849900567222 5
1647273777842 0.00201850313022265 6
1647273777971 0.002025183647387359 7
1647273778100 0.002032891165890234 8
1647273778239 0.0020416253555668173 9
1647273778371 0.0020513858422735176 10
1647273778498 0.0020621722079035565 11
1647273778628 0.002073983990404926 12
1647273778755 0.002086820683800193 13
1647273778887 0.0021006817382081197 14
1647273779021 0.002115566559867277 15
1647273779149 0.002131474511161441 16
1647273779279 0.0021484049106469255 17
1647273779414 0.002166357033081767 18
1647273779558 0.00218533010945679 19
1647273779690 0.002205323327028552 20
1647273779822 0.0022263358293541508 21
1647273779957 0.0022483667163279153 22
1647273780091 0.0022714150442199876 23
1647273780224 0.0022954798257166925 24
1647273780354 0.0023205600299629064 25
1647273780483 0.0023466545826061336 26
1647273780625 0.0023737623658426008 27
1647273780762 0.0024018822184650873 28
1647273780899 0.0024310129359127117 29
1647273781030 0.0024611532703224734 30
1647273781161 0.002492301930582773 31
1647273781293 0.002524457582388666 32
1647273781426 0.0025576188482990675 33
1647273781556 0.0025917843077956984 34
1647273781695 0.0026269524973439942 35
1647273781825 0.002663121910455764 36
1647273781962 0.002700290997753728 37
1647273782089 0.0027384581670378966 38
1647273782218 0.0027776217833537648 39
1647273783235 0.002817780169062367 40
1647273794175 0.002858931603912096 41
1647273794322 0.002901074325112468 42
1647273794460 0.0029442065274095583 43
1647273794590 0.002988326363163367 44
1647273794719 0.0030334319424269868 45
1647273794851 0.003079521333027517 46
1647273794986 0.003126592560648872 47
1647273795117 0.003174643608916311 48
1647273795245 0.003223672419482869 49
1647273795378 0.0032736768921174594 50
1647273795521 0.003324654884794928 51
1647273795656 0.003376604213787715 52
1647273795788 0.0034295226537594814 53
1647273795920 0.0034834079378603805 54
1647273796058 0.0035382577578241814 55
1647273796187 0.003594069764067162 56
1647273796325 0.0036508415657887164 57
1647273796468 0.003708570731073821 58
1647273796601 0.0037672547869971665 59
1647273796742 0.0038268912197291227 60
1647273796870 0.0038874774746433804 61
1647273797002 0.003949010956426441 62
1647273797135 0.004011489029188735 63
1647273797270 0.004074909016577581 64
1647273797398 0.004139268201891783 65
1647273797532 0.004204563828198046 66
1647273797661 0.004270793098449077 67
1647273797790 0.004337953175603343 68
1647273797928 0.004406041182746685 69
1647273798089 0.004475054203215485 70
1647273798219 0.004544989280721626 71
1647273798352 0.004615843419479175 72
1647273798479 0.004687613584332624 73
1647273798610 0.004760296700886998 74
1647273798738 0.004833889655639481 75
1647273798870 0.004908389296112835 76
1647273799007 0.004983792430990404 77
1647273799134 0.005060095830252867 78
1647273799263 0.00513729622531655 79
1647273799342 0.005215390309173472 80
1647273804387 0.005294374736532999 81
1647273804559 0.005374246123965136 82
1647273804691 0.005455001050045483 83
1647273804823 0.005536636055501788 84
1647273804963 0.0056191476433621115 85
1647273805093 0.0057025322791046384 86
1647273805221 0.005786786390809123 87
1647273805355 0.005871906369309822 88
1647273805486 0.005957888568350167 89
1647273805615 0.006044729304738913 90
1647273805748 0.00613242485850795 91
1647273805894 0.006220971473071629 92
1647273806024 0.006310365355387676 93
1647273806155 0.006400602676119707 94
1647273806288 0.006491679569801234 95
1647273806422 0.006583592135001266 96
1647273806551 0.006676336434491406 97
1647273806690 0.006769908495414548 98
1647273806826 0.006864304309455033 99
1647273806954 0.006959519833010359 100
1647273807081 0.007055550987364406 101
1647273807209 0.0071523936588621245 102
1647273807342 0.007250043699085794 103
1647273807485 0.007348496925032699 104
1647273807618 0.007447749119294314 105
1647273807750 0.007547796030236975 106
1647273807891 0.007648633372183994 107
1647273808023 0.00775025682559926 108
1647273808151 0.007852662037272258 109
1647273808288 0.007955844620504547 110
1647273808418 0.008059800155297676 111
1647273808545 0.008164524188542542 112
1647273808671 0.008270012234210096 113
1647273808802 0.008376259773543546 114
1647273808933 0.00848326225525195 115
1647273809073 0.008591015095705104 116
1647273809203 0.008699513679129953 117
1647273809332 0.008808753357808292 118
1647273809459 0.00891872945227589 119
1647273809536 0.009029437251522866 120
1647273814620 0.009140872013195557 121
1647273814770 0.009253028963799675 122
1647273814907 0.009365903298904736 123
1647273815041 0.009479490183349905 124
1647273815172 0.009593784751451097 125
1647273815299 0.009708782107209393 126
1647273815446 0.009824477324520853 127
1647273815577 0.009940865447387405 128
1647273815709 0.010057941490129237 129
1647273815853 0.01017570043759835 130
1647273815981 0.010294137245393353 131
1647273816110 0.0104132468400756 132
1647273816243 0.010533024119386461 133
1647273816368 0.010653463952465969 134
1647273816497 0.010774561180072507 135
1647273816625 0.010896310614803902 136
1647273816762 0.011018707041319575 137
1647273816901 0.011141745216563984 138
1647273817035 0.01126541986999121 139
1647273817163 0.01138972570379071 140
1647273817297 0.011514657393114289 141
1647273817427 0.011640209586304184 142
1647273817564 0.011766376905122312 143
1647273817701 0.011893153944980646 144
1647273817829 0.012020535275172745 145
1647273817961 0.012148515439106389 146
1647273818093 0.012277088954537309 147
1647273818222 0.012406250313804011 148
1647273818350 0.012535993984063763 149
1647273818479 0.01266631440752955 150
1647273818608 0.01279720600170816 151
1647273818734 0.01292866315963935 152
1647273818867 0.013060680250135993 153
1647273818997 0.013193251618025321 154
1647273819126 0.013326371584391171 155
1647273819253 0.013460034446817232 156
1647273819392 0.013594234479631345 157
1647273819518 0.013728965934150753 158
1647273819655 0.01386422303892837 159
1647273819749 0.013999999999999999 160
1647273820600 0.014136291001132534 161
1647273820737 0.01427309020407308 162
1647273820868 0.014410391748799108 163
1647273820999 0.014548189753769404 164
1647273821128 0.014686478316176053 165
1647273821264 0.01482525151219733 166
1647273821393 0.01496450339725136 167
1647273821521 0.015104228006250879 168
1647273821653 0.01524441935385866 169
1647273821789 0.01538507143474397 170
1647273821921 0.015526178223839796 171
1647273822055 0.015667733676600917 172
1647273822187 0.015809731729262887 173
1647273822330 0.015952166299101726 174
1647273822458 0.016095031284694528 175
1647273822591 0.01623832056618079 176
1647273822721 0.016382028005524622 177
1647273822848 0.016526147446777592 178
1647273822992 0.01667067271634251 179
1647273823129 0.016815597623237845 180
1647273823257 0.016960915959362943 181
1647273823389 0.017106621499763927 182
1647273823517 0.0172527080029004 183
1647273823646 0.0173991692109128 184
1647273823773 0.017545998849890394 185
1647273823908 0.017693190630140174 186
1647273824036 0.017840738246456142 187
1647273824165 0.017988635378389503 188
1647273824296 0.018136875690519354 189
1647273824436 0.018285452832724126 190
1647273824568 0.018434360440453525 191
1647273824699 0.018583592135001263 192
1647273824825 0.01873314152377821 193
1647273824955 0.0188830022005863 194
1647273825084 0.019033167745892907 195
1647273825217 0.019183631727105854 196
1647273825344 0.019334387698848987 197
1647273825474 0.01948542920323822 198
1647273825604 0.01963674977015821 199
1647273825691 0.019788342917539503 200
1647273830882 0.01994020215163621 201
1647273831062 0.020092320967304168 202
1647273831204 0.020244692848279604 203
1647273831345 0.02039731126745827 204
1647273831476 0.020550169687175046 205
1647273831608 0.020703261559483967 206
1647273831746 0.020856580326438785 207
1647273831875 0.02101011942037378 208
1647273832005 0.02116387226418519 209
1647273832148 0.02131783227161292 210
1647273832284 0.021471992847522676 211
1647273832419 0.021626347388188458 212
1647273832553 0.02178088928157549 213
1647273832686 0.021935611907623415 214
1647273832819 0.02209050863852987 215
1647273832950 0.022245572839034458 216
1647273833079 0.022400797866702925 217
1647273833210 0.022556177072211702 218
1647273833344 0.022711703799632766 219
1647273833486 0.02286737138671876 220
1647273833617 0.023023173165188354 221
1647273833751 0.023179102461011895 222
1647273833882 0.023335152594697338 223
1647273834011 0.023491316881576317 224
1647273834146 0.02364758863209054 225
1647273834282 0.02380396115207834 226
1647273834415 0.0239604277430614 227
1647273834543 0.024116981702531723 228
1647273834672 0.024273616324238734 229
1647273834800 0.024430324898476567 230
1647273834928 0.024587100712371468 231
1647273835061 0.02474393705016935 232
1647273835207 0.024900827193523503 233
1647273835342 0.025057764421782355 234
1647273835470 0.025214742012277372 235
1647273835614 0.025371753240611042 236
1647273835744 0.025528791380944927 237
1647273835878 0.025685849706287737 238
1647273836007 0.025842921488783557 239
1647273836086 0.026000000000000002 240
1647273836943 0.026157078511216444 241
1647273837081 0.026314150293712264 242
1647273837214 0.026471208619055078 243
1647273837344 0.026628246759388952 244
1647273837473 0.026785257987722626 245
1647273837605 0.026942235578217642 246
1647273837737 0.027099172806476494 247
1647273837865 0.027256062949830656 248
1647273838016 0.02741289928762854 249
1647273838150 0.027569675101523437 250
1647273838290 0.02772638367576127 251
1647273838423 0.027883018297468278 252
1647273838554 0.0280395722569386 253
1647273838682 0.02819603884792166 254
1647273838816 0.028352411367909457 255
1647273838951 0.02850868311842368 256
1647273839084 0.028664847405302663 257
1647273839212 0.028820897538988102 258
1647273839347 0.028976826834811644 259
1647273839478 0.029132628613281236 260
1647273839615 0.02928829620036723 261
1647273839744 0.029443822927788302 262
1647273839875 0.029599202133297087 263
1647273840005 0.029754427160965546 264
1647273840155 0.02990949136147013 265
1647273840294 0.030064388092376593 266
1647273840425 0.03021911071842451 267
1647273840553 0.030373652611811543 268
1647273840686 0.030528007152477325 269
1647273840818 0.03068216772838708 270
1647273840955 0.030836127735814813 271
1647273841083 0.030989880579626223 272
1647273841218 0.031143419673561216 273
1647273841353 0.031296738440516024 274
1647273841481 0.03144983031282496 275
1647273841612 0.031602688732541726 276
1647273841754 0.0317553071517204 277
1647273841882 0.03190767903269583 278
1647273842011 0.0320597978483638 279
1647273842088 0.0322116570824605 280
1647273847224 0.032363250229841795 281
1647273847381 0.03251457079676179 282
1647273847526 0.03266561230115102 283
1647273847658 0.03281636827289415 284
1647273847787 0.0329668322541071 285
1647273847919 0.033116997799413704 286
1647273848050 0.03326685847622179 287
1647273848184 0.033416407864998735 288
1647273848312 0.03356563955954647 289
1647273848442 0.03371454716727587 290
1647273848572 0.033863124309480644 291
1647273848703 0.0340113646216105 292
1647273848834 0.03415926175354386 293
1647273848965 0.03430680936985984 294
1647273849098 0.0344540011501096 295
1647273849228 0.03460083078908721 296
1647273849362 0.0347472919970996 297
1647273849492 0.03489337850023607 298
1647273849622 0.03503908404063706 299
1647273849757 0.03518440237676215 300
1647273849893 0.035329327283657494 301
1647273850024 0.03547385255322241 302
1647273850166 0.03561797199447538 303
1647273850297 0.03576167943381921 304
1647273850432 0.03590496871530548 305
1647273850561 0.03604783370089827 306
1647273850693 0.03619026827073711 307
1647273850821 0.03633226632339909 308
1647273850964 0.036473821776160216 309
1647273851097 0.03661492856525603 310
1647273851232 0.036755580646141345 311
1647273851361 0.036895771993749125 312
1647273851496 0.03703549660274864 313
1647273851624 0.03717474848780268 314
1647273851753 0.037313521683823944 315
1647273851885 0.03745181024623061 316
1647273852013 0.03758960825120089 317
1647273852143 0.03772690979592691 318
1647273852271 0.03786370899886747 319
1647273852348 0.038 320
1647273853191 0.03813577696107163 321
1647273853331 0.03827103406584925 322
1647273853463 0.03840576552036866 323
1647273853614 0.03853996555318277 324
1647273853747 0.038673628415608834 325
1647273853885 0.038806748381974676 326
1647273854014 0.03893931974986401 327
1647273854143 0.039071336840360654 328
1647273854275 0.039202793998291845 329
1647273854405 0.03933368559247045 330
1647273854545 0.039464006015936234 331
1647273854674 0.039593749686195986 332
1647273854811 0.039722911045462696 333
1647273854940 0.03985148456089361 334
1647273855078 0.03997946472482725 335
1647273855213 0.04010684605501935 336
1647273855342 0.04023362309487769 337
1647273855476 0.04035979041369582 338
1647273855624 0.040485342606885716 339
1647273855754 0.040610274296209295 340
1647273855889 0.0407345801300088 341
1647273856027 0.04085825478343602 342
1647273856157 0.04098129295868043 343
1647273856311 0.041103689385196096 344
1647273856442 0.04122543881992749 345
1647273856579 0.041346536047534035 346
1647273856714 0.04146697588061354 347
1647273856852 0.04158675315992441 348
1647273856982 0.04170586275460665 349
1647273857118 0.041824299562401655 350
1647273857247 0.041942058509870754 351
1647273857376 0.04205913455261259 352
1647273857505 0.04217552267547915 353
1647273857640 0.042291217892790604 354
1647273857770 0.042406215248548915 355
1647273857898 0.0425205098166501 356
1647273858032 0.04263409670109526 357
1647273858161 0.04274697103620032 358
1647273858292 0.04285912798680444 359
1647273858368 0.042970562748477145 360
1647273863474 0.043081270547724114 361
1647273863647 0.043191246642191705 362
1647273863781 0.04330048632087005 363
1647273863912 0.0434089849042949 364
1647273864044 0.043516737744748055 365
1647273864185 0.04362374022645645 366
1647273864316 0.04372998776578991 367
1647273864453 0.04383547581145747 368
1647273864588 0.04394019984470233 369
1647273864721 0.04404415537949546 370
1647273864853 0.044147337962727747 371
1647273864983 0.044249743174400745 372
1647273865125 0.04435136662781601 373
1647273865263 0.04445220396976303 374
1647273865392 0.04455225088070569 375
1647273865525 0.044651503074967305 376
1647273865657 0.044749956300914204 377
1647273865788 0.04484760634113787 378
1647273865921 0.0449444490126356 379
1647273866071 0.045040480166989645 380
1647273866206 0.04513569569054497 381
1647273866340 0.04523009150458546 382
1647273866470 0.0453236635655086 383
1647273866603 0.04541640786499874 384
1647273866736 0.04550832043019876 385
1647273866865 0.0455993973238803 386
1647273866998 0.04568963464461233 387
1647273867131 0.04577902852692838 388
1647273867265 0.045867575141492055 389
1647273867396 0.04595527069526109 390
1647273867525 0.04604211143164984 391
1647273867662 0.046128093630690176 392
1647273867790 0.046213213609190874 393
1647273867928 0.04629746772089536 394
1647273868058 0.04638085235663789 395
1647273868192 0.046463363944498216 396
1647273868320 0.046544998949954515 397
1647273868452 0.04662575387603487 398
1647273868579 0.046705625263467006 399
1647273868661 0.04678460969082653 400
1647273869494 0.046862703774683455 401
1647273869633 0.04693990416974714 402
1647273869771 0.047016207569009594 403
1647273869911 0.04709161070388717 404
1647273870041 0.04716611034436052 405
1647273870177 0.047239703299113006 406
1647273870312 0.04731238641566737 407
1647273870457 0.04738415658052083 408
1647273870594 0.04745501071927837 409
1647273870724 0.04752494579678452 410
1647273870853 0.04759395881725331 411
1647273870983 0.047662046824396655 412
1647273871113 0.04772920690155093 413
1647273871248 0.04779543617180196 414
1647273871377 0.04786073179810822 415
1647273871513 0.04792509098342242 416
1647273871644 0.04798851097081126 417
1647273871781 0.04805098904357356 418
1647273871911 0.048112522525356624 419
1647273872043 0.04817310878027088 420
1647273872178 0.04823274521300284 421
1647273872315 0.048291429268926184 422
1647273872461 0.04834915843421129 423
1647273872607 0.04840593023593284 424
1647273872740 0.048461742242175816 425
1647273872869 0.04851659206213962 426
1647273873001 0.048570477346240516 427
1647273873131 0.04862339578621228 428
1647273873261 0.048675345115205076 429
1647273873392 0.04872632310788254 430
1647273873520 0.048776327580517136 431
1647273873648 0.04882535639108369 432
1647273873778 0.04887340743935113 433
1647273873914 0.04892047866697248 434
1647273874044 0.04896656805757302 435
1647273874174 0.04901167363683664 436
1647273874326 0.049055793472590446 437
1647273874455 0.049098925674887536 438
1647273874583 0.04914106839608791 439
1647273874667 0.04918221983093764 440
1647273875528 0.04922237821664624 441
1647273875667 0.04926154183296211 442
1647273875805 0.04929970900224628 443
1647273875941 0.04933687808954424 444
1647273876070 0.04937304750265601 445
1647273876200 0.049408215692204306 446
1647273876334 0.04944238115170094 447
1647273876465 0.04947554241761134 448
1647273876611 0.04950769806941724 449
1647273876741 0.04953884672967753 450
1647273876876 0.04956898706408729 451
1647273877016 0.04959811778153491 452
1647273877155 0.049626237634157404 453
1647273877299 0.04965334541739387 454
1647273877441 0.0496794399700371 455
1647273877594 0.049704520174283305 456
1647273877765 0.04972858495578002 457
1647273877900 0.04975163328367209 458
1647273878037 0.049773664170645854 459
1647273878167 0.04979467667297145 460
1647273878329 0.049814669890543214 461
1647273878489 0.04983364296691823 462
1647273878659 0.04985159508935308 463
1647273878792 0.049868525488838564 464
1647273878933 0.04988443344013273 465
1647273879062 0.049899318261791885 466
1647273879195 0.04991317931619981 467
1647273879329 0.04992601600959507 468
1647273879463 0.04993782779209645 469
1647273879597 0.04994861415772649 470
1647273879730 0.04995837464443318 471
1647273879861 0.04996710883410978 472
1647273879993 0.049974816352612646 473
1647273880126 0.049981496869777355 474
1647273880272 0.04998715009943278 475
1647273880400 0.04999177579941338 476
1647273880528 0.04999537377156956 477
1647273880665 0.04999794386177617 478
1647273880794 0.049999485959939104 479
1647273880874 0.049999901650605354 480
1647273881719 0.04999960660319523 481
1647273881864 0.04999911486009105 482
1647273881999 0.04999842642516184 483
1647273882132 0.04999754130382421 484
1647273882263 0.049996459503042254 485
1647273882393 0.04999518103132757 486
1647273882541 0.04999370589873917 487
1647273882676 0.04999203411688336 488
1647273882805 0.04999016569891369 489
1647273882934 0.04998810065953084 490
1647273883067 0.049985839014982505 491
1647273883202 0.04998338078306327 492
1647273883333 0.049980725983114455 493
1647273883463 0.04997787463602398 494
1647273883595 0.04997482676422622 495
1647273883731 0.04997158239170175 496
1647273883869 0.04996814154397724 497
1647273883998 0.049964504248125235 498
1647273884130 0.049960670532763915 499
1647273884267 0.049956640428056885 500
1647273884394 0.049952413965712934 501
1647273884526 0.0499479911789858 502
1647273884667 0.0499433721026739 503
1647273884799 0.04993855677312004 504
1647273884932 0.04993354522821116 505
1647273885073 0.049928337507378004 506
1647273885205 0.04992293365159483 507
1647273885336 0.049917333703379085 508
1647273885467 0.049911537706791076 509
1647273885607 0.04990554570743358 510
1647273885741 0.049899357752451586 511
1647273885875 0.04989297389053178 512
1647273886003 0.0498863941719023 513
1647273886131 0.049879618648332257 514
1647273886261 0.04987264737313135 515
1647273886396 0.04986548040114947 516
1647273886524 0.04985811778877622 517
1647273886667 0.049850559593940504 518
1647273886801 0.049842805876110084 519
1647273886879 0.04983485669629106 520
1647273887859 0.049826712117027466 521
1647273888007 0.0498183722024007 522
1647273888146 0.04980983701802908 523
1647273888287 0.04980110663106728 524
1647273888419 0.04979218111020584 525
1647273888552 0.04978306052567061 526
1647273888681 0.049773744949222196 527
1647273888818 0.049764234454155384 528
1647273888955 0.04975452911529861 529
1647273889092 0.049744629009013296 530
1647273889238 0.049734534213193314 531
1647273889368 0.04972424480726435 532
1647273889502 0.04971376087218328 533
1647273889634 0.04970308249043751 534
1647273889768 0.04969220974604439 535
1647273889898 0.049681142724550466 536
1647273890026 0.049669881513030895 537
1647273890163 0.04965842620008869 538
1647273890296 0.049646776875854046 539
1647273890432 0.04963493363198367 540
1647273890562 0.04962289656165999 541
1647273890691 0.049610665759590486 542
1647273890823 0.04959824132200689 543
1647273890959 0.049585623346664456 544
1647273891089 0.04957281193284122 545
1647273891234 0.04955980718133716 546
1647273891363 0.04954660919447344 547
1647273891489 0.0495332180760916 548
1647273891620 0.049519633931552724 549
1647273891752 0.04950585686773663 550
1647273891893 0.04949188699304105 551
1647273892027 0.04947772441738069 552
1647273892160 0.049463369252186466 553
1647273892291 0.04944882161040457 554
1647273892421 0.049434081606495615 555
1647273892553 0.049419149356433684 556
1647273892686 0.04940402497770548 557
1647273892824 0.04938870858930935 558
1647273892955 0.04937320031175437 559
1647273893033 0.049357500267059436 560
1647273898123 0.0493416085787522 561
1647273898297 0.04932552537186822 562
1647273898431 0.04930925077294988 563
1647273898562 0.049292784910045455 564
1647273898689 0.04927612791270807 565
1647273898820 0.0492592799119947 566
1647273898952 0.04924224104046514 567
1647273899083 0.04922501143218092 568
1647273899212 0.04920759122270433 569
1647273899348 0.04918998054909726 570
1647273899481 0.04917217954992021 571
1647273899612 0.049154188365231125 572
1647273899750 0.04913600713658435 573
1647273899900 0.04911763600702949 574
1647273900030 0.04909907512111027 575
1647273900164 0.04908032462486342 576
1647273900299 0.04906138466581754 577
1647273900429 0.0490422553929919 578
1647273900563 0.0490229369568953 579
1647273900691 0.049003429509524854 580
1647273900823 0.04898373320436484 581
1647273900955 0.04896384819638546 582
1647273901085 0.048943774642041596 583
1647273901216 0.04892351269927165 584
1647273901355 0.04890306252749624 585
1647273901485 0.04888242428761697 586
1647273901617 0.04886159814201517 587
1647273901751 0.04884058425455059 588
1647273901902 0.04881938279056013 589
1647273902032 0.04879799391685658 590
1647273902164 0.048776417801727215 591
1647273902292 0.048754654614932544 592
1647273902422 0.04873270452770495 593
1647273902550 0.04871056771274736 594
1647273902686 0.048688244344231836 595
1647273902814 0.04866573459779828 596
1647273902943 0.04864303865055299 597
1647273903074 0.04862015668106731 598
1647273903204 0.04859708886937616 599
1647273903281 0.04857383539697671 600
1647273908356 0.048550396446826884 601
1647273908517 0.048526772203343935 602
1647273908650 0.04850296285240302 603
1647273908782 0.04847896858133571 604
1647273908912 0.048454789578928514 605
1647273909039 0.048430426035421414 606
1647273909169 0.04840587814250637 607
1647273909309 0.04838114609332577 608
1647273909440 0.04835623008247097 609
1647273909584 0.04833113030598072 610
1647273909718 0.04830584696133962 611
1647273909848 0.04828038024747661 612
1647273909980 0.048254730364763375 613
1647273910113 0.048228897515012734 614
1647273910248 0.048202881901477125 615
1647273910378 0.04817668372884695 616
1647273910522 0.04815030320324898 617
1647273910666 0.04812374053224475 618
1647273910806 0.04809699592482892 619
1647273910938 0.04807006959142759 620
1647273911074 0.04804296174389669 621
1647273911212 0.04801567259552031 622
1647273911343 0.047988202361009015 623
1647273911477 0.04796055125649813 624
1647273911616 0.04793271949954609 625
1647273911745 0.04790470730913269 626
1647273911881 0.04787651490565735 627
1647273912010 0.04784814251093744 628
1647273912149 0.047819590348206466 629
1647273912281 0.047790858642112376 630
1647273912420 0.04776194761871574 631
1647273912561 0.04773285750548799 632
1647273912703 0.047703588531309654 633
1647273912837 0.04767414092646852 634
1647273912965 0.04764451492265785 635
1647273913094 0.047614710752974534 636
1647273913226 0.04758472865191728 637
1647273913356 0.04755456885538474 638
1647273913484 0.04752423160067369 639
1647273913563 0.04749371712647713 640
1647273914533 0.04746302567288243 641
1647273914668 0.04743215748136943 642
1647273914800 0.047401112794808534 643
1647273914929 0.04736989185745881 644
1647273915066 0.04733849491496605 645
1647273915207 0.047306922214360884 646
1647273915341 0.04727517400405678 647
1647273915473 0.04724325053384811 648
1647273915617 0.047211152054908216 649
1647273915747 0.04717887881978736 650
1647273915882 0.047146431082410824 651
1647273916017 0.04711380909807686 652
1647273916150 0.04708101312345467 653
1647273916285 0.04704804341658244 654
1647273916418 0.04701490023686527 655
1647273916552 0.046981583845073116 656
1647273916686 0.046948094503338804 657
1647273916817 0.04691443247515589 658
1647273916949 0.046880598025376655 659
1647273917081 0.046846591420209964 660
1647273917228 0.04681241292721922 661
1647273917366 0.04677806281532022 662
1647273917495 0.046743541354779074 663
1647273917638 0.04670884881721003 664
1647273917768 0.046673985475573394 665
1647273917899 0.04663895160417335 666
1647273918030 0.046603747478655796 667
1647273918169 0.0465683733760062 668
1647273918301 0.04653282957454741 669
1647273918429 0.04649711635393743 670
1647273918566 0.04646123399516729 671
1647273918693 0.046425182780558794 672
1647273918828 0.04638896299376226 673
1647273918958 0.04635257491975437 674
1647273919088 0.04631601884483587 675
1647273919222 0.046279295056629345 676
1647273919353 0.046242403844076935 677
1647273919492 0.046205345497438065 678
1647273919621 0.04616812030828718 679
1647273919700 0.04613072856951145 680
1647273920537 0.046093170575308436 681
1647273920686 0.04605544662118379 682
1647273920815 0.04601755700394896 683
1647273920950 0.0459795020217188 684
1647273921079 0.04594128197390926 685
1647273921208 0.04590289716123505 686
1647273921340 0.045864347885707195 687
1647273921473 0.045825634450630766 688
1647273921609 0.045786757160602404 689
1647273921763 0.04574771632150797 690
1647273921902 0.04570851224052012 691
1647273922036 0.0456691452260959 692
1647273922166 0.04562961558797431 693
1647273922299 0.04558992363717389 694
1647273922436 0.04555006968599021 695
1647273922564 0.04551005404799349 696
1647273922699 0.0454698770380261 697
1647273922834 0.04542953897220007 698
1647273922975 0.04538904016789461 699
1647273923113 0.04534838094375364 700
1647273923248 0.04530756161968323 701
1647273923385 0.04526658251684914 702
1647273923515 0.04522544395767425 703
1647273923647 0.045184146265836056 704
1647273923803 0.04514268976626408 705
1647273923934 0.04510107478513738 706
1647273924068 0.0450593016498819 707
1647273924203 0.04501737068916798 708
1647273924333 0.0449752822329077 709
1647273924467 0.0449330366122523 710
1647273924610 0.04489063415958964 711
1647273924746 0.04484807520854148 712
1647273924874 0.04480536009396093 713
1647273925008 0.044762489151929784 714
1647273925142 0.044719462719755895 715
1647273925276 0.04467628113597048 716
1647273925415 0.04463294474032554 717
1647273925543 0.044589453873791075 718
1647273925674 0.0445458088785525 719
1647273925771 0.044502010098007895 720
1647273930808 0.044458057876765315 721
1647273930962 0.0444139525606401 722
1647273931096 0.04436969449665212 723
1647273931232 0.04432528403302309 724
1647273931362 0.04428072151917376 725
1647273931496 0.04423600730572126 726
1647273931627 0.04419114174447625 727
1647273931758 0.04414612518844019 728
1647273931901 0.04410095799180261 729
1647273932036 0.04405564050993822 730
1647273932165 0.04401017309940422 731
1647273932294 0.04396455611793741 732
1647273932427 0.04391878992445143 733
1647273932563 0.04387287487903392 734
1647273932693 0.04382681134294368 735
1647273932828 0.04378059967860782 736
1647273932966 0.04373424024961894 737
1647273933099 0.04368773342073224 738
1647273933230 0.04364107955786265 739
1647273933363 0.043594279028082 740
1647273933497 0.04354733219961603 741
1647273933627 0.04350023944184162 742
1647273933759 0.043453001125283774 743
1647273933896 0.04340561762161276 744
1647273934025 0.0433580893036412 745
1647273934154 0.04331041654532108 746
1647273934285 0.04326259972174085 747
1647273934416 0.04321463920912249 748
1647273934563 0.043166535384818475 749
1647273934694 0.0431182886273089 750
1647273934826 0.04306989931619841 751
1647273934964 0.0430213678322133 752
1647273935093 0.042972694557198474 753
1647273935224 0.042923879874114404 754
1647273935353 0.04287492416703422 755
1647273935484 0.042825827821140576 756
1647273935614 0.0427765912227227 757
1647273935743 0.04272721475917331 758
1647273935878 0.04267769881898557 759
1647273935961 0.04262804379175008 760
1647273941043 0.04257825006815174 761
1647273941208 0.04252831803996673 762
1647273941344 0.04247824810005939 763
1647273941473 0.042428040642379164 764
1647273941606 0.04237769606195748 765
1647273941738 0.04232721475490465 766
1647273941871 0.04227659711840672 767
1647273942007 0.04222584355072241 768
1647273942136 0.04217495445117994 769
1647273942265 0.04212393022017386 770
1647273942399 0.04207277125916198 771
1647273942527 0.04202147797066211 772
1647273942660 0.04197005075824899 773
1647273942794 0.041918490026551056 774
1647273942926 0.04186679618124727 775
1647273943060 0.041814969629063926 776
1647273943209 0.041763010777771455 777
1647273943341 0.04171092003618122 778
1647273943470 0.041658697814142304 779
1647273943610 0.04160634452253825 780
1647273943744 0.04155386057328388 781
1647273943881 0.04150124637932201 782
1647273944016 0.04144850235462023 783
1647273944148 0.04139562891416762 784
1647273944280 0.04134262647397153 785
1647273944411 0.041289495451054245 786
1647273944545 0.04123623626344976 787
1647273944678 0.041182849330200465 788
1647273944815 0.04112933507135384 789
1647273944947 0.04107569390795916 790
1647273945084 0.041021926262064204 791
1647273945216 0.04096803255671189 792
1647273945346 0.040914013215936976 793
1647273945474 0.040859868664762725 794
1647273945609 0.04080559932919754 795
1647273945739 0.040751205636231635 796
1647273945868 0.040696688013833665 797
1647273946002 0.04064204689094736 798
1647273946148 0.04058728269748815 799
1647273946227 0.040532395864339786 800
1647273951285 0.040477386823350926 801
1647273951458 0.04042225600733177 802
1647273951596 0.04036700385005066 803
1647273951727 0.04031163078623062 804
1647273951866 0.04025613725154599 805
1647273952018 0.04020052368261895 806
1647273952154 0.04014479051701612 807
1647273952286 0.04008893819324509 808
1647273952418 0.04003296715075102 809
1647273952560 0.039976877829913104 810
1647273952692 0.03992067067204118 811
1647273952821 0.0398643461193722 812
1647273952952 0.0398079046150668 813
1647273953080 0.03975134660320578 814
1647273953211 0.0396946725287866 815
1647273953346 0.03963788283771994 816
1647273953476 0.03958097797682611 817
1647273953609 0.03952395839383161 818
1647273953744 0.03946682453736553 819
1647273953881 0.03940957685695609 820
1647273954032 0.03935221580302708 821
1647273954172 0.03929474182689428 822
1647273954305 0.03923715538076199 823
1647273954435 0.03917945691771935 824
1647273954575 0.03912164689173693 825
1647273954709 0.03906372575766301 826
1647273954848 0.0390056939712201 827
1647273954980 0.03894755198900131 828
1647273955115 0.03888930026846676 829
1647273955250 0.038830939267940005 830
1647273955384 0.03877246944660442 831
1647273955514 0.038713891264499554 832
1647273955642 0.03865520518251756 833
1647273955772 0.03859641166239953 834
1647273955902 0.03853751116673188 835
1647273956037 0.038478504158942724 836
1647273956172 0.03841939110329818 837
1647273956303 0.03836017246489878 838
1647273956431 0.03830084870967577 839
1647273956508 0.03824142030438743 840
1647273961516 0.03818188771661547 841
1647273961661 0.03812225141476128 842
1647273961796 0.03806251186804225 843
1647273961932 0.038002669546488135 844
1647273962060 0.03794272492093732 845
1647273962189 0.037882678463033066 846
1647273962318 0.03782253064521992 847
1647273962448 0.03776228194073987 848
1647273962595 0.037701932823628714 849
1647273962724 0.037641483768712285 850
1647273962856 0.03758093525160271 851
1647273962996 0.037520287748694696 852
1647273963133 0.037459541737161775 853
1647273963266 0.03739869769495254 854
1647273963397 0.037337756100786865 855
1647273963526 0.0372767174341522 856
1647273963658 0.03721558217529973 857
1647273963787 0.03715435080524063 858
1647273963927 0.03709302380574229 859
1647273964060 0.03703160165932449 860
1647273964196 0.03697008484925565 861
1647273964329 0.03690847385954899 862
1647273964470 0.03684676917495872 863
1647273964617 0.03678497128097627 864
1647273964756 0.03672308066382639 865
1647273964885 0.036661097810463436 866
1647273965018 0.036599023208567436 867
1647273965150 0.03653685734654031 868
1647273965280 0.036474600713501996 869
1647273965409 0.03641225379928664 870
1647273965547 0.0363498170944387 871
1647273965677 0.03628729109020911 872
1647273965805 0.03622467627855141 873
1647273965936 0.036161973152117874 874
1647273966065 0.036099182204255655 875
1647273966197 0.03603630392900284 876
1647273966332 0.03597333882108465 877
1647273966462 0.03591028737590948 878
1647273966595 0.035847150089565044 879
1647273966686 0.03578392745881442 880
1647273967670 0.03572061998109221 881
1647273967807 0.03565722815450057 882
1647273967936 0.03559375247780531 883
1647273968065 0.03553019345043199 884
1647273968198 0.03546655157246195 885
1647273968332 0.03540282734462842 886
1647273968467 0.03533902126831252 887
1647273968606 0.0352751338455394 888
1647273968741 0.03521116557897422 889
1647273968873 0.03514711697191819 890
1647273969006 0.035082988528304694 891
1647273969135 0.03501878075269521 892
1647273969283 0.03495449415027546 893
1647273969417 0.03489012922685132 894
1647273969559 0.034825686488844924 895
1647273969687 0.03476116644329064 896
1647273969820 0.0346965695978311 897
1647273969953 0.034631896460713164 898
1647273970090 0.034567147540784014 899
1647273970219 0.03450232334748703 900
1647273970350 0.03443742439085786 901
1647273970478 0.034372451181520415 902
1647273970616 0.03430740423068279 903
1647273970748 0.034242284050133305 904
1647273970882 0.03417709115223642 905
1647273971012 0.03411182604992876 906
1647273971144 0.03404648925671504 907
1647273971288 0.033981081286664036 908
1647273971416 0.03391560265440456 909
1647273971546 0.033850053875121376 910
1647273971679 0.03378443546455116 911
1647273971821 0.033718747938978465 912
1647273971951 0.03365299181523162 913
1647273972079 0.03358716761067869 914
1647273972208 0.03352127584322341 915
1647273972336 0.033455317031301085 916
1647273972464 0.03338929169387453 917
1647273972603 0.033323200350429974 918
1647273972732 0.03325704352097299 919
1647273972811 0.03319082172602439 920
1647273973792 0.033124535486616126 921
1647273973940 0.033058185324287226 922
1647273974070 0.032991771761079626 923
1647273974203 0.03292529531953412 924
1647273974334 0.032858756522686224 925
1647273974463 0.03279215589406206 926
1647273974597 0.03272549395767425 927
1647273974725 0.032658771238017775 928
1647273974859 0.03259198826006586 929
1647273974992 0.032525145549265846 930
1647273975125 0.032458243631535044 931
1647273975255 0.03239128303325662 932
1647273975386 0.03232426428127542 933
1647273975518 0.032257187902893836 934
1647273975656 0.03219005442586769 935
1647273975790 0.03212286437840204 936
1647273975946 0.032055618289147034 937
1647273976080 0.03198831668719376 938
1647273976216 0.031920960102070094 939
1647273976346 0.0318535490637365 940
1647273976481 0.03178608410258187 941
1647273976615 0.0317185657494194 942
1647273976745 0.03165099453548232 943
1647273976883 0.03158337099241981 944
1647273977020 0.03151569565229278 945
1647273977153 0.03144796904756962 946
1647273977286 0.03138019171112214 947
1647273977414 0.03131236417622125 948
1647273977547 0.031244486976532856 949
1647273977676 0.03117656064611361 950
1647273977805 0.031108585719406737 951
1647273977953 0.031040562731237804 952
1647273978082 0.030972492216810518 953
1647273978214 0.03090437471170255 954
1647273978345 0.030836210751861253 955
1647273978474 0.030768000873599526 956
1647273978605 0.030699745613591525 957
1647273978742 0.030631445508868486 958
1647273978875 0.030563101096814465 959
1647273978954 0.030494712915162148 960
1647273984055 0.03042628150198858 961
1647273984231 0.03035780739571096 962
1647273984369 0.030289291135082407 963
1647273984499 0.03022073325918768 964
1647273984649 0.030152134307439 965
1647273984778 0.03008349481957174 966
1647273984908 0.030014815335640245 967
1647273985038 0.029946096396013516 968
1647273985171 0.02987733854137101 969
1647273985310 0.02980854231269836 970
1647273985461 0.029739708251283126 971
1647273985594 0.02967083689871054 972
1647273985728 0.029601928796859227 973
1647273985865 0.029532984487896985 974
1647273985996 0.02946400451427644 975
1647273986125 0.029394989418730873 976
1647273986260 0.029325939744269877 977
1647273986395 0.02925685603417513 978
1647273986525 0.02918773883199608 979
1647273986668 0.02911858868154571 980
1647273986801 0.029049406126896226 981
1647273986933 0.0289801917123748 982
1647273987066 0.02891094598255927 983
1647273987200 0.028841669482273857 984
1647273987331 0.028772362756584905 985
1647273987467 0.02870302635079654 986
1647273987602 0.02863366081044644 987
1647273987731 0.028564266681301496 988
1647273987871 0.028494844509353537 989
1647273988006 0.02842539484081504 990
1647273988137 0.028355918222114807 991
1647273988269 0.028286415199893715 992
1647273988400 0.028216886321000344 993
1647273988530 0.02814733213248675 994
1647273988678 0.028077753181604107 995
1647273988807 0.02800815001579841 996
1647273988939 0.0279385231827062 997
1647273989068 0.027868873230150203 998
1647273989207 0.027799200706135088 999
1647273989284 0.02772950615884307 1000
1647273994285 0.027659790136629683 1001
1647273994433 0.027590053188019395 1002
1647273994566 0.027520295861701342 1003
1647273994697 0.02745051870652499 1004
1647273994826 0.027380722271495794 1005
1647273994968 0.027310907105770936 1006
1647273995104 0.02724107375865495 1007
1647273995238 0.027171222779595435 1008
1647273995375 0.027101354718178698 1009
1647273995510 0.027031470124125472 1010
1647273995641 0.026961569547286554 1011
1647273995771 0.0268916535376385 1012
1647273995900 0.02682172264527928 1013
1647273996037 0.026751777420423974 1014
1647273996166 0.026681818413400435 1015
1647273996299 0.026611846174644925 1016
1647273996433 0.02654186125469785 1017
1647273996562 0.02647186420419936 1018
1647273996694 0.026401855573885073 1019
1647273996824 0.026331835914581693 1020
1647273996954 0.026261805777202725 1021
1647273997084 0.0261917657127441 1022
1647273997216 0.02612171627227984 1023
1647273997371 0.02605165800695778 1024
1647273997507 0.02598159146799514 1025
1647273997650 0.025911517206674284 1026
1647273997789 0.025841435774338294 1027
1647273997922 0.0257713477223867 1028
1647273998052 0.025701253602271098 1029
1647273998191 0.02563115396549085 1030
1647273998325 0.0255610493635887 1031
1647273998461 0.02549094034814646 1032
1647273998593 0.025420827470780692 1033
1647273998722 0.025350711283138316 1034
1647273998862 0.025280592336892314 1035
1647273998993 0.025210471183737357 1036
1647273999120 0.025140348375385497 1037
1647273999249 0.02507022446356179 1038
1647273999386 0.0250001 1039
1647273999464 0.024929975536438213 1040
1647274000302 0.024859851624614508 1041
1647274000446 0.024789728816262648 1042
1647274000580 0.02471960766310769 1043
1647274000710 0.02464948871686169 1044
1647274000842 0.02457937252921931 1045
1647274000981 0.024509259651853542 1046
1647274001114 0.02443915063641131 1047
1647274001252 0.02436904603450916 1048
1647274001382 0.024298946397728907 1049
1647274001510 0.02422885227761331 1050
1647274001644 0.024158764225661718 1051
1647274001792 0.024088682793325728 1052
1647274001924 0.024018608532004868 1053
1647274002053 0.023948541993042232 1054
1647274002185 0.02387848372772017 1055
1647274002318 0.023808434287255913 1056
1647274002451 0.023738394222797273 1057
1647274002583 0.023668364085418305 1058
1647274002714 0.02359834442611493 1059
1647274002844 0.023528335795800638 1060
1647274002980 0.02345833874530215 1061
1647274003117 0.023388353825355073 1062
1647274003248 0.02331838158659957 1063
1647274003379 0.023248422579576024 1064
1647274003514 0.023178477354720728 1065
1647274003646 0.023108546462361507 1066
1647274003793 0.023038630452713454 1067
1647274003925 0.02296872987587453 1068
1647274004059 0.022898845281821307 1069
1647274004189 0.02282897722040457 1070
1647274004319 0.022759126241345056 1071
1647274004447 0.02268929289422907 1072
1647274004585 0.022619477728504214 1073
1647274004714 0.022549681293475017 1074
1647274004842 0.02247990413829866 1075
1647274004971 0.02241014681198061 1076
1647274005108 0.022340409863370318 1077
1647274005240 0.02227069384115693 1078
1647274005370 0.022200999293864914 1079
1647274005451 0.0221313267698498 1080
1647274010579 0.022061676817293808 1081
1647274010746 0.0219920499842016 1082
1647274010879 0.0219224468183959 1083
1647274011015 0.021852867867513257 1084
1647274011144 0.021783313678999657 1085
1647274011277 0.021713784800106297 1086
1647274011405 0.021644281777885202 1087
1647274011543 0.021574805159184973 1088
1647274011672 0.021505355490646475 1089
1647274011804 0.021435933318698513 1090
1647274011941 0.021366539189553568 1091
1647274012071 0.02129717364920346 1092
1647274012216 0.021227837243415097 1093
1647274012348 0.021158530517726138 1094
1647274012482 0.021089254017440728 1095
1647274012628 0.021020008287625198 1096
1647274012759 0.02095079387310377 1097
1647274012893 0.020881611318454292 1098
1647274013022 0.020812461168003924 1099
1647274013153 0.020743343965824872 1100
1647274013294 0.020674260255730124 1101
1647274013429 0.02060521058126913 1102
1647274013558 0.020536195485723566 1103
1647274013693 0.020467215512103024 1104
1647274013828 0.020398271203140774 1105
1647274013963 0.020329363101289463 1106
1647274014090 0.02026049174871688 1107
1647274014221 0.020191657687301644 1108
1647274014361 0.020122861458628998 1109
1647274014490 0.020054103603986493 1110
1647274014644 0.01998538466435976 1111
1647274014774 0.019916705180428266 1112
1647274014904 0.019848065692561007 1113
1647274015033 0.019779466740812324 1114
1647274015167 0.0197109088649176 1115
1647274015300 0.01964239260428904 1116
1647274015430 0.019573918498011423 1117
1647274015560 0.019505487084837857 1118
1647274015703 0.019437098903185537 1119
1647274015782 0.019368754491131523 1120
1647274016655 0.019300454386408483 1121
1647274016794 0.019232199126400482 1122
1647274016925 0.01916398924813876 1123
1647274017083 0.019095825288297463 1124
1647274017218 0.01902770778318949 1125
1647274017361 0.018959637268762205 1126
1647274017492 0.018891614280593258 1127
1647274017622 0.018823639353886385 1128
1647274017761 0.01875571302346714 1129
1647274017895 0.01868783582377875 1130
1647274018026 0.018620008288877863 1131
1647274018161 0.018552230952430374 1132
1647274018296 0.018484504347707226 1133
1647274018426 0.018416829007580182 1134
1647274018555 0.01834920546451768 1135
1647274018685 0.018281634250580606 1136
1647274018821 0.018214115897418132 1137
1647274018958 0.018146650936263505 1138
1647274019091 0.01807923989792991 1139
1647274019227 0.01801188331280624 1140
1647274019360 0.017944581710852975 1141
1647274019494 0.017877335621597965 1142
1647274019624 0.017810145574132314 1143
1647274019756 0.017743012097106173 1144
1647274019887 0.01767593571872459 1145
1647274020016 0.01760891696674339 1146
1647274020147 0.017541956368464957 1147
1647274020282 0.017475054450734162 1148
1647274020419 0.01740821173993414 1149
1647274020549 0.017341428761982233 1150
1647274020683 0.017274706042325755 1151
1647274020813 0.017208044105937945 1152
1647274020942 0.017141443477313778 1153
1647274021070 0.017074904680465883 1154
1647274021217 0.01700842823892038 1155
1647274021348 0.01694201467571278 1156
1647274021477 0.016875664513383883 1157
1647274021614 0.016809378273975623 1158
1647274021743 0.016743156479027025 1159
1647274021821 0.016676999649570038 1160
1647274026916 0.016610908306125487 1161
1647274027084 0.016544882968698917 1162
1647274027227 0.016478924156776587 1163
1647274027358 0.016413032389321305 1164
1647274027489 0.01634720818476838 1165
1647274027627 0.01628145206102154 1166
1647274027756 0.01621576453544884 1167
1647274027898 0.016150146124878625 1168
1647274028029 0.01608459734559544 1169
1647274028158 0.016019118713335966 1170
1647274028287 0.01595371074328497 1171
1647274028429 0.015888373950071245 1172
1647274028566 0.015823108847763587 1173
1647274028699 0.015757915949866703 1174
1647274028828 0.01569279576931721 1175
1647274028958 0.015627748818479587 1176
1647274029087 0.015562775609142147 1177
1647274029227 0.015497876652512978 1178
1647274029361 0.015433052459215994 1179
1647274029495 0.015368303539286839 1180
1647274029625 0.01530363040216891 1181
1647274029756 0.015239033556709365 1182
1647274029907 0.015174513511155079 1183
1647274030045 0.015110070773148684 1184
1647274030176 0.015045705849724545 1185
1647274030305 0.014981419247304792 1186
1647274030435 0.014917211471695318 1187
1647274030578 0.01485308302808182 1188
1647274030710 0.014789034421025794 1189
1647274030859 0.014725066154460606 1190
1647274030993 0.014661178731687487 1191
1647274031129 0.014597372655371595 1192
1647274031264 0.01453364842753806 1193
1647274031396 0.014470006549568025 1194
1647274031530 0.014406447522194695 1195
1647274031672 0.014342971845499443 1196
1647274031804 0.014279580018907792 1197
1647274031956 0.014216272541185583 1198
1647274032088 0.014153049910434961 1199
1647274032166 0.014089912624090511 1200
1647274037158 0.01402686117891535 1201
1647274037310 0.013963896070997161 1202
1647274037450 0.013901017795744356 1203
1647274037586 0.013838226847882131 1204
1647274037722 0.013775523721448591 1205
1647274037851 0.013712908909790895 1206
1647274037983 0.013650382905561307 1207
1647274038114 0.013587946200713368 1208
1647274038244 0.013525599286498002 1209
1647274038384 0.013463342653459696 1210
1647274038528 0.01340117679143257 1211
1647274038659 0.013339102189536572 1212
1647274038793 0.01327711933617361 1213
1647274038922 0.013215228719023742 1214
1647274039057 0.013153430825041282 1215
1647274039191 0.013091726140451019 1216
1647274039323 0.013030115150744355 1217
1647274039452 0.012968598340675512 1218
1647274039586 0.012907176194257717 1219
1647274039730 0.01284584919475938 1220
1647274039862 0.012784617824700285 1221
1647274039994 0.012723482565847806 1222
1647274040126 0.012662443899213137 1223
1647274040255 0.012601502305047474 1224
1647274040392 0.012540658262838233 1225
1647274040524 0.012479912251305318 1226
1647274040657 0.012419264748397302 1227
1647274040793 0.012358716231287729 1228
1647274040923 0.012298267176371296 1229
1647274041056 0.012237918059260142 1230
1647274041192 0.01217766935478009 1231
1647274041322 0.012117521536966932 1232
1647274041452 0.01205747507906269 1233
1647274041581 0.011997530453511863 1234
1647274041716 0.011937688131957754 1235
1647274041845 0.01187794858523872 1236
1647274041979 0.011818312283384525 1237
1647274042109 0.011758779695612568 1238
1647274042242 0.011699351290324242 1239
1647274042320 0.011640027535101228 1240
1647274043193 0.011580808896701824 1241
1647274043339 0.011521695841057285 1242
1647274043469 0.011462688833268127 1243
1647274043606 0.011403788337600482 1244
1647274043738 0.011344994817482442 1245
1647274043870 0.011286308735500445 1246
1647274044000 0.011227730553395586 1247
1647274044140 0.011169260732060001 1248
1647274044273 0.011110899731533255 1249
1647274044411 0.0110526480109987 1250
1647274044541 0.010994506028779908 1251
1647274044672 0.010936474242336996 1252
1647274044808 0.010878553108263078 1253
1647274044949 0.010820743082280647 1254
1647274045091 0.01076304461923802 1255
1647274045229 0.01070545817310572 1256
1647274045364 0.01064798419697293 1257
1647274045496 0.010590623143043912 1258
1647274045627 0.010533375462634477 1259
1647274045759 0.010476241606168403 1260
1647274045890 0.010419222023173894 1261
1647274046023 0.010362317162280072 1262
1647274046157 0.010305527471213405 1263
1647274046287 0.010248853396794235 1264
1647274046418 0.01019229538493321 1265
1647274046554 0.010135853880627814 1266
1647274046687 0.01007952932795883 1267
1647274046822 0.010023322170086894 1268
1647274046953 0.009967232849248983 1269
1647274047098 0.00991126180675491 1270
1647274047237 0.00985540948298389 1271
1647274047367 0.00979967631738105 1272
1647274047496 0.00974406274845401 1273
1647274047632 0.009688569213769378 1274
1647274047765 0.009633196149949343 1275
1647274047902 0.009577943992668236 1276
1647274048043 0.00952281317664908 1277
1647274048174 0.00946780413566022 1278
1647274048309 0.00941291730251185 1279
1647274048387 0.009358153109052641 1280
1647274053474 0.009303511986166333 1281
1647274053639 0.009248994363768368 1282
1647274053784 0.009194600670802466 1283
1647274053917 0.009140331335237284 1284
1647274054051 0.009086186784063031 1285
1647274054184 0.009032167443288113 1286
1647274054316 0.008978273737935796 1287
1647274054456 0.008924506092040842 1288
1647274054587 0.008870864928646171 1289
1647274054717 0.00881735066979954 1290
1647274054848 0.008763963736550246 1291
1647274054996 0.008710704548945765 1292
1647274055127 0.008657573526028488 1293
1647274055264 0.008604571085832386 1294
1647274055399 0.008551697645379781 1295
1647274055531 0.008498953620677997 1296
1647274055662 0.008446339426716128 1297
1647274055803 0.008393855477461756 1298
1647274055959 0.008341502185857698 1299
1647274056103 0.008289279963818784 1300
1647274056234 0.008237189222228554 1301
1647274056376 0.008185230370936079 1302
1647274056507 0.008133403818752737 1303
1647274056640 0.00808170997344894 1304
1647274056788 0.00803014924175101 1305
1647274056923 0.007978722029337892 1306
1647274057058 0.00792742874083803 1307
1647274057195 0.007876269779826141 1308
1647274057330 0.007825245548820062 1309
1647274057461 0.007774356449277585 1310
1647274057596 0.007723602881593283 1311
1647274057728 0.007672985245095361 1312
1647274057863 0.00762250393804252 1313
1647274058012 0.007572159357620837 1314
1647274058144 0.0075219518999406175 1315
1647274058276 0.007471881960033282 1316
1647274058417 0.0074219499318482615 1317
1647274058548 0.007372156208249922 1318
1647274058679 0.007322501181014432 1319
1647274058757 0.0072729852408267015 1320
1647274059634 0.00722360877727731 1321
1647274059774 0.007174372178859426 1322
1647274059908 0.0071252758329657835 1323
1647274060039 0.0070763201258855985 1324
1647274060169 0.007027505442801539 1325
1647274060306 0.0069788321677867 1326
1647274060448 0.006930300683801597 1327
1647274060583 0.006881911372691115 1328
1647274060715 0.006833664615181532 1329
1647274060850 0.006785560790877514 1330
1647274060982 0.006737600278259151 1331
1647274061127 0.006689783454678929 1332
1647274061266 0.006642110696358811 1333
1647274061397 0.006594582378387248 1334
1647274061532 0.006547198874716235 1335
1647274061664 0.006499960558158389 1336
1647274061803 0.006452867800383967 1337
1647274061940 0.006405920971918009 1338
1647274062071 0.006359120442137349 1339
1647274062203 0.006312466579267763 1340
1647274062343 0.0062659597503810635 1341
1647274062490 0.006219600321392185 1342
1647274062629 0.006173388657056329 1343
1647274062759 0.006127325120966086 1344
1647274062891 0.00608141007554857 1345
1647274063027 0.006035643882062597 1346
1647274063161 0.005990026900595787 1347
1647274063297 0.005944559490061785 1348
1647274063430 0.005899242008197396 1349
1647274063562 0.00585407481155981 1350
1647274063694 0.005809058255523758 1351
1647274063825 0.0057641926942787435 1352
1647274063958 0.005719478480826232 1353
1647274064086 0.005674915966976912 1354
1647274064228 0.005630505503347879 1355
1647274064358 0.005586247439359904 1356
1647274064490 0.0055421421232346915 1357
1647274064629 0.005498189901992111 1358
1647274064760 0.005454391121447502 1359
1647274064842 0.005410746126208931 1360
1647274069907 0.00536725525967447 1361
1647274070051 0.005323918864029518 1362
1647274070196 0.005280737280244115 1363
1647274070326 0.005237710848070222 1364
1647274070462 0.005194839906039079 1365
1647274070596 0.00515212479145853 1366
1647274070731 0.005109565840410365 1367
1647274070867 0.005067163387747702 1368
1647274070996 0.005024917767092315 1369
1647274071132 0.0049828293108320305 1370
1647274071288 0.0049408983501181 1371
1647274071419 0.004899125214862619 1372
1647274071548 0.004857510233735917 1373
1647274071683 0.004816053734163949 1374
1647274071817 0.004774756042325754 1375
1647274071949 0.00473361748315086 1376
1647274072079 0.004692638380316774 1377
1647274072208 0.004651819056246367 1378
1647274072339 0.004611159832105392 1379
1647274072468 0.004570661027799938 1380
1647274072605 0.0045303229619739005 1381
1647274072740 0.004490145952006513 1382
1647274072879 0.004450130314009799 1383
1647274073014 0.004410276362826121 1384
1647274073147 0.004370584412025686 1385
1647274073309 0.004331054773904104 1386
1647274073438 0.004291687759479888 1387
1647274073569 0.00425248367849204 1388
1647274073703 0.004213442839397597 1389
1647274073836 0.004174565549369235 1390
1647274073972 0.004135852114292806 1391
1647274074108 0.00409730283876496 1392
1647274074236 0.004058918026090744 1393
1647274074366 0.0040206979782812045 1394
1647274074496 0.003982642996051044 1395
1647274074630 0.003944753378816211 1396
1647274074759 0.0039070294246915695 1397
1647274074893 0.0038694714304885495 1398
1647274075021 0.0038320796917128202 1399
1647274075099 0.0037948545025619424 1400
1647274080153 0.0037577961559230786 1401
1647274080319 0.003720904943370664 1402
1647274080461 0.0036841811551641315 1403
1647274080593 0.003647625080245636 1404
1647274080735 0.003611237006237749 1405
1647274080865 0.003575017219441219 1406
1647274080998 0.003538966004832708 1407
1647274081130 0.0035030836460625703 1408
1647274081269 0.0034673704254526 1409
1647274081399 0.003431826623993802 1410
1647274081540 0.00339645252134421 1411
1647274081669 0.0033612483958266547 1412
1647274081802 0.0033262145244266086 1413
1647274081951 0.003291351182789975 1414
1647274082086 0.003256658645220932 1415
1647274082224 0.003222137184679781 1416
1647274082354 0.0031877870727807785 1417
1647274082495 0.0031536085797900354 1418
1647274082628 0.003119601974623349 1419
1647274082764 0.0030857675248441136 1420
1647274082893 0.003052105496661199 1421
1647274083024 0.003018616154926885 1422
1647274083155 0.002985299763134736 1423
1647274083294 0.0029521565834175617 1424
1647274083429 0.0029191868765453353 1425
1647274083573 0.0028863909019231464 1426
1647274083702 0.0028537689175891774 1427
1647274083831 0.0028213211802126455 1428
1647274083978 0.002789047945091794 1429
1647274084112 0.002756949466151888 1430
1647274084241 0.0027250259959432244 1431
1647274084374 0.002693277785639119 1432
1647274084512 0.0026617050850339537 1433
1647274084642 0.0026303081425411968 1434
1647274084771 0.0025990872051914688 1435
1647274084906 0.0025680425186305703 1436
1647274085035 0.0025371743271175706 1437
1647274085163 0.0025064828735228734 1438
1647274085299 0.0024759683993263145 1439
1647274085376 0.0024456311446152644 1440
1647274086215 0.002415471348082729 1441
1647274086354 0.0023854892470254662 1442
1647274086512 0.002355685077342152 1443
1647274086645 0.0023260590735314783 1444
1647274086779 0.0022966114686903487 1445
1647274086919 0.002267342494512014 1446
1647274087048 0.00223825238128427 1447
1647274087178 0.0022093413578876298 1448
1647274087308 0.0021806096517935337 1449
1647274087438 0.002152057489062564 1450
1647274087572 0.002123685094342652 1451
1647274087701 0.0020954926908673156 1452
1647274087832 0.0020674805004539045 1453
1647274087968 0.0020396487435018675 1454
1647274088104 0.002011997638990991 1455
1647274088237 0.0019845274044796943 1456
1647274088366 0.001957238256103316 1457
1647274088520 0.0019301304085724185 1458
1647274088652 0.0019032040751710828 1459
1647274088785 0.001876459467755246 1460
1647274088927 0.0018498967967510234 1461
1647274089065 0.0018235162711530552 1462
1647274089194 0.0017973180985228808 1463
1647274089333 0.0017713024849872693 1464
1647274089463 0.0017454696352366319 1465
1647274089611 0.0017198197525233867 1466
1647274089750 0.001694353038660384 1467
1647274089879 0.0016690696940192908 1468
1647274090009 0.0016439699175290368 1469
1647274090144 0.0016190539066742297 1470
1647274090273 0.001594321857493634 1471
1647274090403 0.0015697739645785854 1472
1647274090537 0.0015454104210714911 1473
1647274090667 0.0015212314186642984 1474
1647274090796 0.001497237147596981 1475
1647274090931 0.0014734277966560693 1476
1647274091059 0.0014498035531731192 1477
1647274091192 0.001426364603023291 1478
1647274091324 0.0014031111306238415 1479
1647274091408 0.0013800433189326954 1480
1647274092258 0.001357161349447005 1481
1647274092394 0.001334465402201722 1482
1647274092528 0.0013119556557681703 1483
1647274092666 0.0012896322872526537 1484
1647274092796 0.0012674954722950522 1485
1647274092951 0.001245545385067462 1486
1647274093086 0.0012237821982727913 1487
1647274093216 0.001202206083143424 1488
1647274093350 0.0011808172094398641 1489
1647274093485 0.0011596157454494165 1490
1647274093618 0.0011386018579848355 1491
1647274093757 0.001117775712383031 1492
1647274093888 0.001097137472503759 1493
1647274094022 0.0010766873007283526 1494
1647274094156 0.0010564253579584072 1495
1647274094288 0.0010363518036145473 1496
1647274094418 0.0010164667956351614 1497
1647274094551 0.0009967704904751474 1498
1647274094691 0.0009772630431047072 1499
1647274094821 0.000957944607008105 1500
1647274094973 0.0009388153341824663 1501
1647274095104 0.0009198753751365829 1502
1647274095236 0.0009011248788897387 1503
1647274095371 0.0008825639929705155 1504
1647274095504 0.0008641928634156506 1505
1647274095638 0.0008460116347688782 1506
1647274095776 0.0008280204500797953 1507
1647274095913 0.000810219450902742 1508
1647274096043 0.0007926087772956788 1509
1647274096173 0.0007751885678190833 1510
1647274096302 0.0007579589595348658 1511
1647274096432 0.0007409200880052981 1512
1647274096565 0.0007240720872919328 1513
1647274096693 0.0007074150899545499 1514
1647274096824 0.0006909492270501259 1515
1647274096958 0.0006746746281317828 1516
1647274097094 0.0006585914212477994 1517
1647274097224 0.0006426997329405706 1518
1647274097354 0.0006269996882456277 1519
1647274097432 0.0006114914106906617 1520
