1647273785341 1.2245798110961914 0
1647273800135 0.8793634176254272 1
1647273810241 0.8540365695953369 2
1647273820330 0.6928187012672424 3
1647273826266 0.591178297996521 4
1647273836676 0.8571566343307495 5
1647273842682 0.94527667760849 6
1647273852924 0.6226637959480286 7
1647273858949 0.6561347842216492 8
1647273869228 0.6890726685523987 9
1647273875261 0.5257965326309204 10
1647273881446 0.4342765808105469 11
1647273887582 0.45536524057388306 12
1647273893614 0.3431214988231659 13
1647273903858 0.40227487683296204 14
1647273914262 0.4905960261821747 15
1647273920269 0.30758753418922424 16
1647273926352 0.317516565322876 17
1647273936654 0.26593276858329773 18
1647273946823 0.2832491397857666 19
1647273957082 0.2274140864610672 20
1647273967401 0.2317034751176834 21
1647273973515 0.15946026146411896 22
1647273979525 0.22136057913303375 23
1647273989853 0.26506638526916504 24
1647274000038 0.1926012486219406 25
1647274006023 0.1823328584432602 26
1647274016384 0.18776410818099976 27
1647274022398 0.17106109857559204 28
1647274032730 0.11343986541032791 29
1647274042904 0.16932189464569092 30
1647274048972 0.1303676962852478 31
1647274059361 0.13897816836833954 32
1647274065416 0.13239885866641998 33
1647274075697 0.1007717177271843 34
1647274085947 0.0956006795167923 35
1647274091992 0.10526296496391296 36
1647274098147 0.11051571369171143 37
1647274133905 0.15946026146411896 38
