1647273768951 0.95 0
1647273777059 0.9499989290832064 1
1647273777307 0.9499957163787003 2
1647273777460 0.9499903620241033 3
1647273777587 0.9499828662487778 4
1647273777716 0.9499732293738182 5
1647273777857 0.9499614518120361 6
1647273777986 0.949947534067943 7
1647273778122 0.9499314767377286 8
1647273778257 0.9499132805092357 9
1647273778386 0.9498929461619301 10
1647273778512 0.9498704745668676 11
1647273778642 0.9498458666866564 12
1647273778771 0.9498191235754162 13
1647273778901 0.949790246378733 14
1647273779035 0.9497592363336098 15
1647273779163 0.9497260947684136 16
1647273779297 0.9496908231028188 17
1647273779428 0.9496534228477462 18
1647273779572 0.9496138956052983 19
1647273779704 0.9495722430686905 20
1647273779837 0.9495284670221789 21
1647273779971 0.9494825693409835 22
1647273780106 0.9494345519912083 23
1647273780240 0.9493844170297568 24
1647273780369 0.9493321666042439 25
1647273780501 0.9492778029529039 26
1647273780641 0.9492213284044946 27
1647273780781 0.9491627453781977 28
1647273780912 0.9491020563835152 29
1647273781044 0.9490392640201615 30
1647273781174 0.9489743709779526 31
1647273781309 0.9489073800366903 32
1647273781441 0.9488382940660436 33
1647273781578 0.9487671160254256 34
1647273781711 0.9486938489638667 35
1647273781842 0.9486184960198838 36
1647273781976 0.9485410604213463 37
1647273782104 0.9484615454853377 38
1647273782232 0.9483799546180129 39
1647273783252 0.9482962913144534 40
1647273794191 0.9482105591585164 41
1647273794336 0.9481227618226823 42
1647273794475 0.9480329030678967 43
1647273794605 0.9479409867434097 44
1647273794734 0.9478470167866104 45
1647273794869 0.9477509972228593 46
1647273795002 0.9476529321653148 47
1647273795132 0.9475528258147576 48
1647273795260 0.9474506824594107 49
1647273795400 0.9473465064747553 50
1647273795538 0.9472403023233439 51
1647273795671 0.9471320745546089 52
1647273795802 0.9470218278046677 53
1647273795941 0.9469095667961241 54
1647273796073 0.9467952963378663 55
1647273796203 0.94667902132486 56
1647273796339 0.9465607467379401 57
1647273796483 0.9464404776435962 58
1647273796616 0.9463182191937558 59
1647273796756 0.9461939766255643 60
1647273796884 0.9460677552611596 61
1647273797017 0.9459395605074449 62
1647273797151 0.9458093978558567 63
1647273797283 0.94567727288213 64
1647273797412 0.9455431912460588 65
1647273797546 0.945407158691254 66
1647273797676 0.9452691810448978 67
1647273797806 0.945129264217493 68
1647273797953 0.944987414202611 69
1647273798103 0.9448436370766343 70
1647273798233 0.9446979389984965 71
1647273798366 0.9445503262094184 72
1647273798497 0.9444008050326403 73
1647273798624 0.9442493818731521 74
1647273798757 0.9440960632174177 75
1647273798884 0.9439408556330983 76
1647273799020 0.94378376576877 77
1647273799148 0.9436248003536398 78
1647273799277 0.9434639661972571 79
1647273799356 0.9433012701892219 80
1647273804402 0.9431367192988895 81
1647273804574 0.9429703205750726 82
1647273804706 0.9428020811457385 83
1647273804838 0.9426320082177045 84
1647273804978 0.9424601090763289 85
1647273805107 0.9422863910851986 86
1647273805237 0.9421108616858143 87
1647273805369 0.9419335283972712 88
1647273805502 0.9417543988159371 89
1647273805631 0.9415734806151272 90
1647273805764 0.9413907815447751 91
1647273805911 0.9412063094311007 92
1647273806038 0.9410200721762756 93
1647273806170 0.9408320777580839 94
1647273806308 0.9406423342295808 95
1647273806435 0.9404508497187474 96
1647273806565 0.9402576324281429 97
1647273806707 0.9400626906345529 98
1647273806841 0.9398660326886353 99
1647273806968 0.9396676670145617 100
1647273807094 0.9394676021096574 101
1647273807223 0.9392658465440372 102
1647273807356 0.9390624089602378 103
1647273807501 0.9388572980728485 104
1647273807635 0.9386505226681368 105
1647273807767 0.938442091603673 106
1647273807905 0.93823201380795 107
1647273808038 0.9380202982800016 108
1647273808165 0.937806954089016 109
1647273808304 0.9375919903739488 110
1647273808432 0.9373754163431298 111
1647273808557 0.9371572412738697 112
1647273808687 0.9369374745120622 113
1647273808817 0.9367161254717842 114
1647273808947 0.9364932036348917 115
1647273809089 0.9362687185506143 116
1647273809218 0.9360426798351459 117
1647273809346 0.9358150971712327 118
1647273809472 0.9355859803077585 119
1647273809549 0.9353553390593273 120
1647273814637 0.9351231833058425 121
1647273814785 0.9348895229920839 122
1647273814921 0.9346543681272818 123
1647273815056 0.9344177287846877 124
1647273815186 0.9341796151011436 125
1647273815314 0.9339400372766471 126
1647273815460 0.9336990055739148 127
1647273815593 0.9334565303179428 128
1647273815725 0.9332126218955641 129
1647273815867 0.9329672907550034 130
1647273815995 0.9327205474054305 131
1647273816124 0.9324724024165091 132
1647273816256 0.9322228664179448 133
1647273816382 0.9319719500990292 134
1647273816511 0.9317196642081822 135
1647273816645 0.9314660195524919 136
1647273816784 0.9312110269972509 137
1647273816916 0.9309546974654916 138
1647273817050 0.9306970419375182 139
1647273817177 0.930438071450436 140
1647273817312 0.9301777970976786 141
1647273817447 0.9299162300285329 142
1647273817583 0.9296533814476619 143
1647273817715 0.9293892626146236 144
1647273817845 0.92912388484339 145
1647273817978 0.9288572595018616 146
1647273818107 0.9285893980113806 147
1647273818236 0.9283203118462416 148
1647273818364 0.9280500125332005 149
1647273818495 0.92777851165098 150
1647273818622 0.9275058208297746 151
1647273818747 0.9272319517507513 152
1647273818883 0.92695691614555 153
1647273819011 0.9266807257957805 154
1647273819140 0.9264033925325184 155
1647273819278 0.9261249282357974 156
1647273819406 0.9258453448341013 157
1647273819535 0.9255646543038526 158
1647273819685 0.9252828686688992 159
1647273819770 0.9249999999999999 160
1647273820616 0.9247160604143072 161
1647273820751 0.9244310620748477 162
1647273820884 0.9241450171900019 163
1647273821014 0.9238579380129803 164
1647273821143 0.9235698368412999 165
1647273821279 0.9232807260162555 166
1647273821407 0.922990617922393 167
1647273821535 0.9226995249869773 168
1647273821672 0.9224074596794611 169
1647273821804 0.92211443451095 170
1647273821935 0.9218204620336671 171
1647273822069 0.9215255548404148 172
1647273822215 0.9212297255640356 173
1647273822344 0.9209329868768714 174
1647273822472 0.9206353514902197 175
1647273822606 0.9203368321537899 176
1647273822734 0.920037441655157 177
1647273822864 0.9197371928192133 178
1647273823007 0.9194360985076198 179
1647273823143 0.9191341716182544 180
1647273823271 0.9188314250846605 181
1647273823403 0.9185278718754918 182
1647273823531 0.9182235249939574 183
1647273823660 0.917918397477265 184
1647273823793 0.9176125023960616 185
1647273823923 0.9173058528538747 186
1647273824050 0.9169984619865497 187
1647273824179 0.9166903429616885 188
1647273824312 0.9163815089780847 189
1647273824452 0.9160719732651581 190
1647273824581 0.9157617490823885 191
1647273824713 0.9154508497187474 192
1647273824840 0.9151392884921287 193
1647273824970 0.9148270787487786 194
1647273825099 0.9145142338627231 195
1647273825231 0.9142007672351962 196
1647273825359 0.9138866922940646 197
1647273825488 0.9135720224932536 198
1647273825628 0.9132567713121704 199
1647273825704 0.912940952255126 200
1647273830898 0.9126245788507579 201
1647273831079 0.9123076646514496 202
1647273831218 0.9119902232327508 203
1647273831358 0.9116722681927952 204
1647273831491 0.9113538131517186 205
1647273831623 0.911034871751075 206
1647273831761 0.9107154576532525 207
1647273831891 0.910395584540888 208
1647273832025 0.9100752661162809 209
1647273832163 0.9097545161008064 210
1647273832300 0.9094333482343278 211
1647273832433 0.9091117762746074 212
1647273832570 0.9087898139967177 213
1647273832700 0.9084674751924512 214
1647273832834 0.9081447736697295 215
1647273832964 0.9078217232520115 216
1647273833095 0.9074983377777022 217
1647273833224 0.907174631099559 218
1647273833358 0.9068506170840984 219
1647273833503 0.9065263096110026 220
1647273833631 0.9062017225725243 221
1647273833764 0.9058768698728918 222
1647273833895 0.9055517654277139 223
1647273834025 0.9052264231633826 224
1647273834163 0.904900857016478 225
1647273834296 0.9045750809331701 226
1647273834429 0.9042491088686221 227
1647273834558 0.9039229547863922 228
1647273834686 0.903596632657836 229
1647273834814 0.9032701564615071 230
1647273834943 0.9029435401825594 231
1647273835077 0.9026167978121472 232
1647273835221 0.902289943346826 233
1647273835356 0.9019629907879534 234
1647273835489 0.9016359541410888 235
1647273835630 0.9013088474153936 236
1647273835758 0.9009816846230314 237
1647273835892 0.9006544797785672 238
1647273836021 0.9003272468983675 239
1647273836105 0.8999999999999999 240
1647273836959 0.8996727531016324 241
1647273837095 0.8993455202214328 242
1647273837229 0.8990183153769685 243
1647273837359 0.8986911525846063 244
1647273837487 0.8983640458589112 245
1647273837619 0.8980370092120465 246
1647273837751 0.8977100566531739 247
1647273837884 0.8973832021878527 248
1647273838031 0.8970564598174405 249
1647273838167 0.8967298435384928 250
1647273838307 0.896403367342164 251
1647273838437 0.8960770452136078 252
1647273838568 0.8957508911313778 253
1647273838700 0.8954249190668299 254
1647273838830 0.8950991429835219 255
1647273838965 0.8947735768366173 256
1647273839098 0.8944482345722861 257
1647273839230 0.8941231301271081 258
1647273839361 0.8937982774274758 259
1647273839500 0.8934736903889974 260
1647273839629 0.8931493829159016 261
1647273839758 0.8928253689004411 262
1647273839889 0.8925016622222977 263
1647273840020 0.8921782767479884 264
1647273840170 0.8918552263302706 265
1647273840308 0.8915325248075487 266
1647273840439 0.8912101860032823 267
1647273840568 0.8908882237253926 268
1647273840704 0.8905666517656722 269
1647273840833 0.8902454838991936 270
1647273840969 0.8899247338837191 271
1647273841103 0.8896044154591121 272
1647273841237 0.8892845423467475 273
1647273841367 0.8889651282489249 274
1647273841499 0.8886461868482813 275
1647273841626 0.8883277318072047 276
1647273841768 0.8880097767672491 277
1647273841896 0.8876923353485503 278
1647273842025 0.8873754211492421 279
1647273842107 0.8870590477448739 280
1647273847239 0.8867432286878296 281
1647273847395 0.8864279775067463 282
1647273847542 0.8861133077059353 283
1647273847672 0.8857992327648039 284
1647273847802 0.8854857661372768 285
1647273847934 0.8851729212512214 286
1647273848069 0.8848607115078713 287
1647273848198 0.8845491502812526 288
1647273848326 0.8842382509176115 289
1647273848455 0.8839280267348419 290
1647273848587 0.8836184910219153 291
1647273848717 0.8833096570383114 292
1647273848849 0.8830015380134503 293
1647273848982 0.8826941471461253 294
1647273849114 0.8823874976039383 295
1647273849243 0.8820816025227349 296
1647273849377 0.8817764750060425 297
1647273849506 0.8814721281245081 298
1647273849636 0.8811685749153394 299
1647273849773 0.8808658283817454 300
1647273849909 0.8805639014923802 301
1647273850046 0.8802628071807866 302
1647273850183 0.8799625583448429 303
1647273850312 0.87966316784621 304
1647273850446 0.8793646485097802 305
1647273850576 0.8790670131231286 306
1647273850707 0.8787702744359643 307
1647273850842 0.8784744451595852 308
1647273850978 0.8781795379663329 309
1647273851114 0.87788556548905 310
1647273851246 0.8775925403205389 311
1647273851379 0.8773004750130227 312
1647273851510 0.877009382077607 313
1647273851639 0.8767192739837444 314
1647273851772 0.8764301631587 315
1647273851899 0.8761420619870195 316
1647273852027 0.8758549828099981 317
1647273852157 0.8755689379251522 318
1647273852285 0.8752839395856927 319
1647273852362 0.875 320
1647273853207 0.8747171313311007 321
1647273853345 0.8744353456961473 322
1647273853497 0.8741546551658986 323
1647273853628 0.8738750717642025 324
1647273853760 0.8735966074674816 325
1647273853901 0.8733192742042194 326
1647273854028 0.87304308385445 327
1647273854158 0.8727680482492486 328
1647273854289 0.8724941791702253 329
1647273854426 0.8722214883490199 330
1647273854559 0.8719499874667995 331
1647273854694 0.8716796881537583 332
1647273854824 0.8714106019886194 333
1647273854954 0.8711427404981383 334
1647273855094 0.8708761151566099 335
1647273855227 0.8706107373853763 336
1647273855357 0.8703466185523381 337
1647273855490 0.870083769971467 338
1647273855639 0.8698222029023214 339
1647273855768 0.8695619285495639 340
1647273855911 0.8693029580624816 341
1647273856042 0.8690453025345083 342
1647273856173 0.868788973002749 343
1647273856325 0.8685339804475081 344
1647273856464 0.8682803357918177 345
1647273856595 0.8680280499009707 346
1647273856732 0.8677771335820551 347
1647273856867 0.8675275975834909 348
1647273856996 0.8672794525945695 349
1647273857131 0.8670327092449965 350
1647273857261 0.866787378104436 351
1647273857390 0.8665434696820571 352
1647273857520 0.8663009944260851 353
1647273857654 0.8660599627233528 354
1647273857783 0.8658203848988564 355
1647273857918 0.8655822712153123 356
1647273858047 0.8653456318727182 357
1647273858176 0.865110477007916 358
1647273858306 0.8648768166941574 359
1647273858382 0.8646446609406726 360
1647273863491 0.8644140196922414 361
1647273863661 0.8641849028287673 362
1647273863795 0.863957320164854 363
1647273863926 0.8637312814493856 364
1647273864062 0.8635067963651082 365
1647273864198 0.8632838745282158 366
1647273864330 0.8630625254879377 367
1647273864467 0.8628427587261303 368
1647273864602 0.8626245836568701 369
1647273864735 0.8624080096260511 370
1647273864867 0.8621930459109839 371
1647273864999 0.8619797017199984 372
1647273865139 0.86176798619205 373
1647273865277 0.861557908396327 374
1647273865405 0.8613494773318632 375
1647273865541 0.8611427019271515 376
1647273865672 0.8609375910397621 377
1647273865803 0.8607341534559627 378
1647273865954 0.8605323978903425 379
1647273866088 0.8603323329854382 380
1647273866222 0.8601339673113646 381
1647273866355 0.859937309365447 382
1647273866484 0.8597423675718571 383
1647273866621 0.8595491502812526 384
1647273866750 0.8593576657704192 385
1647273866880 0.8591679222419161 386
1647273867013 0.8589799278237243 387
1647273867147 0.8587936905688992 388
1647273867281 0.8586092184552249 389
1647273867410 0.8584265193848727 390
1647273867539 0.8582456011840628 391
1647273867676 0.8580664716027288 392
1647273867812 0.8578891383141857 393
1647273867944 0.8577136089148013 394
1647273868077 0.857539890923671 395
1647273868206 0.8573679917822954 396
1647273868336 0.8571979188542614 397
1647273868465 0.8570296794249274 398
1647273868596 0.8568632807011104 399
1647273868675 0.856698729810778 400
1647273869509 0.8565360338027428 401
1647273869648 0.8563751996463601 402
1647273869796 0.85621623423123 403
1647273869927 0.8560591443669017 404
1647273870058 0.8559039367825823 405
1647273870194 0.8557506181268479 406
1647273870341 0.8555991949673596 407
1647273870471 0.8554496737905816 408
1647273870608 0.8553020610015034 409
1647273870738 0.8551563629233656 410
1647273870867 0.8550125857973889 411
1647273870997 0.8548707357825069 412
1647273871128 0.8547308189551022 413
1647273871262 0.8545928413087459 414
1647273871398 0.8544568087539411 415
1647273871526 0.8543227271178699 416
1647273871660 0.8541906021441432 417
1647273871796 0.8540604394925551 418
1647273871927 0.8539322447388403 419
1647273872057 0.8538060233744357 420
1647273872196 0.853681780806244 421
1647273872344 0.8535595223564038 422
1647273872475 0.8534392532620598 423
1647273872621 0.8533209786751399 424
1647273872755 0.8532047036621337 425
1647273872883 0.8530904332038758 426
1647273873016 0.8529781721953322 427
1647273873144 0.852867925445391 428
1647273873276 0.852759697676656 429
1647273873405 0.8526534935252447 430
1647273873534 0.8525493175405893 431
1647273873663 0.8524471741852423 432
1647273873792 0.8523470678346852 433
1647273873929 0.8522490027771407 434
1647273874058 0.8521529832133895 435
1647273874208 0.8520590132565903 436
1647273874341 0.8519670969321033 437
1647273874469 0.8518772381773176 438
1647273874598 0.8517894408414836 439
1647273874682 0.8517037086855466 440
1647273875544 0.851620045381987 441
1647273875686 0.8515384545146623 442
1647273875825 0.8514589395786536 443
1647273875956 0.8513815039801161 444
1647273876085 0.8513061510361333 445
1647273876216 0.8512328839745743 446
1647273876349 0.8511617059339563 447
1647273876493 0.8510926199633096 448
1647273876626 0.8510256290220474 449
1647273876756 0.8509607359798385 450
1647273876890 0.8508979436164847 451
1647273877032 0.8508372546218023 452
1647273877169 0.8507786715955054 453
1647273877314 0.8507221970470961 454
1647273877464 0.850667833395756 455
1647273877618 0.8506155829702431 456
1647273877780 0.8505654480087916 457
1647273877915 0.8505174306590164 458
1647273878051 0.8504715329778211 459
1647273878195 0.8504277569313095 460
1647273878352 0.8503861043947016 461
1647273878519 0.8503465771522537 462
1647273878677 0.8503091768971811 463
1647273878806 0.8502739052315863 464
1647273878947 0.8502407636663901 465
1647273879077 0.8502097536212669 466
1647273879209 0.8501808764245837 467
1647273879344 0.8501541333133436 468
1647273879478 0.8501295254331324 469
1647273879611 0.8501070538380698 470
1647273879747 0.8500867194907642 471
1647273879878 0.8500685232622713 472
1647273880010 0.850052465932057 473
1647273880156 0.8500385481879639 474
1647273880285 0.8500267706261817 475
1647273880414 0.8500171337512221 476
1647273880550 0.8500096379758967 477
1647273880679 0.8500042836212996 478
1647273880808 0.8500010709167936 479
1647273880890 0.850000196699576 480
1647273881735 0.8500007867967567 481
1647273881878 0.850001770286899 482
1647273882013 0.850003147162265 483
1647273882146 0.8500049174120212 484
1647273882277 0.8500070810222395 485
1647273882407 0.8500096379758968 486
1647273882560 0.8500125882528746 487
1647273882690 0.8500159318299606 488
1647273882820 0.8500196686808473 489
1647273882949 0.8500237987761334 490
1647273883081 0.8500283220833234 491
1647273883216 0.8500332385668277 492
1647273883347 0.8500385481879639 493
1647273883477 0.8500442509049556 494
1647273883609 0.8500503466729342 495
1647273883745 0.8500568354439383 496
1647273883883 0.8500637171669142 497
1647273884012 0.8500709917877166 498
1647273884149 0.8500786592491092 499
1647273884281 0.8500867194907642 500
1647273884408 0.8500951724492639 501
1647273884542 0.8501040180581007 502
1647273884681 0.8501132562476772 503
1647273884814 0.8501228869453077 504
1647273884947 0.850132910075218 505
1647273885088 0.8501433255585462 506
1647273885219 0.8501541333133436 507
1647273885349 0.8501653332545749 508
1647273885487 0.850176925294119 509
1647273885621 0.8501889093407702 510
1647273885755 0.850201285300238 511
1647273885888 0.8502140530751487 512
1647273886017 0.8502272125650456 513
1647273886146 0.8502407636663901 514
1647273886281 0.8502547062725624 515
1647273886410 0.8502690402738622 516
1647273886551 0.8502837655575097 517
1647273886682 0.850298882007647 518
1647273886816 0.8503143895053379 519
1647273886892 0.8503302879285696 520
1647273887875 0.8503465771522537 521
1647273888024 0.8503632570482268 522
1647273888163 0.8503803274852517 523
1647273888301 0.8503977883290188 524
1647273888433 0.850415639442146 525
1647273888566 0.8504338806841815 526
1647273888703 0.8504525119116032 527
1647273888833 0.8504715329778211 528
1647273888969 0.8504909437331777 529
1647273889108 0.8505107440249495 530
1647273889252 0.8505309336973481 531
1647273889381 0.8505515125915216 532
1647273889516 0.8505724805455556 533
1647273889648 0.8505938373944746 534
1647273889782 0.8506155829702431 535
1647273889912 0.8506377171017675 536
1647273890040 0.8506602396148967 537
1647273890178 0.8506831503324239 538
1647273890318 0.8507064490740882 539
1647273890446 0.8507301356565753 540
1647273890576 0.8507542098935196 541
1647273890707 0.8507786715955054 542
1647273890838 0.8508035205700685 543
1647273890973 0.8508287566216975 544
1647273891103 0.8508543795518357 545
1647273891249 0.8508803891588823 546
1647273891376 0.8509067852381941 547
1647273891504 0.8509335675820872 548
1647273891635 0.8509607359798385 549
1647273891767 0.8509882902176876 550
1647273891909 0.8510162300788382 551
1647273892042 0.85104455534346 552
1647273892175 0.8510732657886902 553
1647273892305 0.8511023611886356 554
1647273892437 0.851131841314374 555
1647273892569 0.8511617059339563 556
1647273892700 0.8511919548124083 557
1647273892838 0.8512225877117321 558
1647273892969 0.8512536043909088 559
1647273893047 0.8512850046058995 560
1647273898142 0.8513167881096481 561
1647273898313 0.8513489546520822 562
1647273898447 0.8513815039801161 563
1647273898575 0.8514144358376524 564
1647273898703 0.8514477499655837 565
1647273898836 0.851481446101795 566
1647273898967 0.8515155239811656 567
1647273899097 0.8515499833355715 568
1647273899230 0.8515848238938869 569
1647273899363 0.851620045381987 570
1647273899497 0.8516556475227497 571
1647273899626 0.8516916300360579 572
1647273899764 0.8517279926388018 573
1647273899914 0.8517647350448811 574
1647273900044 0.8518018569652073 575
1647273900178 0.8518393581077056 576
1647273900314 0.8518772381773176 577
1647273900447 0.8519154968760037 578
1647273900578 0.851954133902745 579
1647273900705 0.851993148953546 580
1647273900837 0.8520325417214372 581
1647273900971 0.8520723118964767 582
1647273901102 0.8521124591657534 583
1647273901230 0.8521529832133895 584
1647273901370 0.8521938837205424 585
1647273901502 0.8522351603654075 586
1647273901633 0.852276812823221 587
1647273901773 0.8523188407662619 588
1647273901916 0.8523612438638551 589
1647273902046 0.852404021782374 590
1647273902178 0.8524471741852423 591
1647273902306 0.8524907007329379 592
1647273902436 0.8525346010829944 593
1647273902570 0.8525788748900048 594
1647273902699 0.8526235218056235 595
1647273902828 0.8526685414785693 596
1647273902958 0.8527139335546282 597
1647273903088 0.852759697676656 598
1647273903218 0.8528058334845816 599
1647273903307 0.852852340615409 600
1647273908374 0.852899218703221 601
1647273908534 0.8529464673791817 602
1647273908664 0.852994086271539 603
1647273908797 0.8530420750056286 604
1647273908925 0.8530904332038758 605
1647273909053 0.8531391604857991 606
1647273909183 0.8531882564680131 607
1647273909323 0.8532377207642315 608
1647273909455 0.85328755298527 609
1647273909599 0.8533377527390495 610
1647273909732 0.8533883196305992 611
1647273909863 0.8534392532620598 612
1647273909996 0.8534905532326862 613
1647273910130 0.8535422191388511 614
1647273910263 0.853594250574048 615
1647273910397 0.8536466471288946 616
1647273910550 0.8536994083911356 617
1647273910690 0.8537525339456462 618
1647273910821 0.8538060233744357 619
1647273910954 0.8538598762566498 620
1647273911089 0.8539140921685753 621
1647273911226 0.8539686706836421 622
1647273911357 0.8540236113724274 623
1647273911492 0.8540789138026589 624
1647273911631 0.854134577539218 625
1647273911759 0.8541906021441432 626
1647273911895 0.8542469871766339 627
1647273912029 0.8543037321930539 628
1647273912163 0.8543608367469341 629
1647273912297 0.8544183003889768 630
1647273912441 0.8544761226670592 631
1647273912587 0.8545343031262365 632
1647273912723 0.8545928413087459 633
1647273912851 0.85465173675401 634
1647273912980 0.8547109889986403 635
1647273913109 0.8547705975764412 636
1647273913241 0.8548305620184135 637
1647273913369 0.8548908818527579 638
1647273913500 0.854951556604879 639
1647273913579 0.8550125857973889 640
1647273914549 0.8550739689501109 641
1647273914681 0.8551357055800834 642
1647273914814 0.8551977952015637 643
1647273914944 0.8552602373260316 644
1647273915081 0.8553230314621937 645
1647273915222 0.8553861771159866 646
1647273915358 0.8554496737905816 647
1647273915488 0.8555135209863877 648
1647273915632 0.8555777182010563 649
1647273915762 0.855642264929485 650
1647273915897 0.855707160663821 651
1647273916032 0.8557724048934658 652
1647273916164 0.855837997105079 653
1647273916299 0.8559039367825823 654
1647273916432 0.8559702234071631 655
1647273916568 0.8560368564572796 656
1647273916701 0.856103835408664 657
1647273916831 0.8561711597343271 658
1647273916965 0.8562388289045623 659
1647273917096 0.8563068423869495 660
1647273917243 0.8563751996463601 661
1647273917380 0.8564439001449601 662
1647273917509 0.8565129433422152 663
1647273917653 0.8565823286948947 664
1647273917782 0.8566520556570758 665
1647273917914 0.856722123680148 666
1647273918045 0.8567925322128173 667
1647273918185 0.8568632807011104 668
1647273918314 0.8569343685883796 669
1647273918447 0.8570057953153064 670
1647273918579 0.8570775603199067 671
1647273918710 0.8571496630375346 672
1647273918843 0.8572221029008871 673
1647273918971 0.8572948793400086 674
1647273919106 0.8573679917822954 675
1647273919238 0.8574414396524999 676
1647273919372 0.8575152223727356 677
1647273919507 0.8575893393624813 678
1647273919636 0.8576637900385857 679
1647273919715 0.8577385738152723 680
1647273920552 0.8578136901041435 681
1647273920701 0.8578891383141857 682
1647273920829 0.8579649178517734 683
1647273920964 0.8580410281206748 684
1647273921093 0.8581174685220555 685
1647273921222 0.8581942384544837 686
1647273921355 0.8582713373139348 687
1647273921492 0.8583487644937964 688
1647273921644 0.8584265193848727 689
1647273921784 0.8585046013753895 690
1647273921916 0.8585830098509991 691
1647273922050 0.8586617441947849 692
1647273922181 0.8587408037872665 693
1647273922314 0.8588201880064043 694
1647273922450 0.8588998962276044 695
1647273922580 0.8589799278237243 696
1647273922716 0.8590602821650765 697
1647273922850 0.8591409586194343 698
1647273922992 0.8592219565520369 699
1647273923128 0.859303275325594 700
1647273923263 0.8593849143002907 701
1647273923399 0.8594668728337931 702
1647273923530 0.8595491502812526 703
1647273923672 0.8596317459953119 704
1647273923818 0.8597146593261091 705
1647273923949 0.8597978896212837 706
1647273924083 0.8598814362259811 707
1647273924218 0.859965298482858 708
1647273924350 0.8600494757320876 709
1647273924482 0.8601339673113646 710
1647273924625 0.860218772555911 711
1647273924760 0.8603038907984802 712
1647273924888 0.8603893213693636 713
1647273925023 0.8604750635963948 714
1647273925159 0.8605611168049554 715
1647273925294 0.8606474803179803 716
1647273925428 0.8607341534559627 717
1647273925557 0.8608211355369599 718
1647273925687 0.8609084258765984 719
1647273925786 0.8609960237880794 720
1647273930828 0.8610839285821836 721
1647273930976 0.861172139567278 722
1647273931110 0.8612606560493199 723
1647273931247 0.8613494773318632 724
1647273931377 0.8614386027160633 725
1647273931510 0.8615280315006835 726
1647273931643 0.8616177629820995 727
1647273931771 0.8617077964543054 728
1647273931915 0.8617981312089196 729
1647273932050 0.8618887665351896 730
1647273932179 0.8619797017199984 731
1647273932309 0.8620709360478693 732
1647273932445 0.8621624688009724 733
1647273932577 0.8622542992591292 734
1647273932709 0.8623464266998194 735
1647273932850 0.8624388503981859 736
1647273932980 0.8625315696270406 737
1647273933113 0.8626245836568701 738
1647273933245 0.8627178917558417 739
1647273933377 0.8628114931898088 740
1647273933511 0.8629053872223168 741
1647273933640 0.8629995731146092 742
1647273933774 0.8630940501256329 743
1647273933910 0.8631888175120445 744
1647273934039 0.8632838745282156 745
1647273934168 0.8633792204262395 746
1647273934298 0.8634748544559361 747
1647273934445 0.8635707758648584 748
1647273934576 0.8636669838982987 749
1647273934709 0.8637634777992934 750
1647273934840 0.8638602568086304 751
1647273934978 0.863957320164854 752
1647273935106 0.8640546671042715 753
1647273935238 0.8641522968609586 754
1647273935370 0.8642502086667662 755
1647273935501 0.8643484017513259 756
1647273935628 0.864446875342056 757
1647273935757 0.8645456286641681 758
1647273935897 0.8646446609406726 759
1647273935975 0.8647439713923853 760
1647273941058 0.8648435592379334 761
1647273941222 0.8649434236937613 762
1647273941358 0.8650435639741371 763
1647273941486 0.8651439792911588 764
1647273941620 0.8652446688547605 765
1647273941752 0.8653456318727182 766
1647273941892 0.8654468675506567 767
1647273942022 0.8655483750920555 768
1647273942151 0.8656501536982549 769
1647273942280 0.8657522025684625 770
1647273942413 0.8658545208997597 771
1647273942542 0.8659571078871073 772
1647273942674 0.8660599627233528 773
1647273942809 0.8661630845992363 774
1647273942941 0.8662664727033963 775
1647273943074 0.8663701262223771 776
1647273943224 0.8664740443406345 777
1647273943355 0.8665782262405425 778
1647273943485 0.8666826711023998 779
1647273943626 0.8667873781044358 780
1647273943759 0.8668923464228179 781
1647273943896 0.8669975752316569 782
1647273944030 0.8671030637030144 783
1647273944162 0.8672088110069087 784
1647273944295 0.8673148163113221 785
1647273944426 0.8674210787822066 786
1647273944559 0.8675275975834909 787
1647273944692 0.8676343718770866 788
1647273944830 0.8677414008228956 789
1647273944965 0.867848683578816 790
1647273945098 0.8679562193007487 791
1647273945232 0.8680640071426048 792
1647273945360 0.8681720462563111 793
1647273945488 0.8682803357918177 794
1647273945624 0.8683888748971045 795
1647273945753 0.8684976627181876 796
1647273945885 0.8686066983991263 797
1647273946024 0.8687159810820296 798
1647273946163 0.8688255099070633 799
1647273946240 0.8689352840124565 800
1647273951300 0.8690453025345083 801
1647273951474 0.8691555646075948 802
1647273951610 0.869266069364176 803
1647273951747 0.8693768159348024 804
1647273951897 0.8694878034481218 805
1647273952035 0.8695990310308862 806
1647273952169 0.869710497807959 807
1647273952300 0.8698222029023214 808
1647273952431 0.8699341454350797 809
1647273952574 0.8700463245254719 810
1647273952706 0.8701587392908747 811
1647273952835 0.870271388846811 812
1647273952966 0.8703842723069556 813
1647273953094 0.8704973887831435 814
1647273953226 0.8706107373853763 815
1647273953361 0.870724317221829 816
1647273953491 0.8708381273988574 817
1647273953624 0.8709521670210049 818
1647273953766 0.8710664351910097 819
1647273953910 0.8711809310098119 820
1647273954046 0.8712956535765601 821
1647273954190 0.8714106019886194 822
1647273954321 0.8715257753415774 823
1647273954452 0.8716411727292521 824
1647273954592 0.8717567932436991 825
1647273954725 0.8718726359752178 826
1647273954863 0.8719887000123598 827
1647273954995 0.8721049844419351 828
1647273955131 0.8722214883490198 829
1647273955269 0.8723382108169633 830
1647273955398 0.8724551509273948 831
1647273955527 0.8725723077602319 832
1647273955657 0.8726896803936864 833
1647273955787 0.8728072679042725 834
1647273955916 0.8729250693668137 835
1647273956054 0.87304308385445 836
1647273956185 0.8731613104386453 837
1647273956316 0.8732797481891952 838
1647273956445 0.8733983961742331 839
1647273956522 0.8735172534602389 840
1647273961532 0.8736363191120455 841
1647273961675 0.8737555921928462 842
1647273961812 0.8738750717642025 843
1647273961946 0.8739947568860512 844
1647273962074 0.8741146466167118 845
1647273962203 0.8742347400128939 846
1647273962332 0.8743550361297047 847
1647273962462 0.8744755340206563 848
1647273962610 0.8745962327376735 849
1647273962738 0.8747171313311007 850
1647273962870 0.87483822884971 851
1647273963013 0.874959524340708 852
1647273963148 0.8750810168497438 853
1647273963279 0.8752027054209166 854
1647273963412 0.8753245890967827 855
1647273963543 0.8754466669183633 856
1647273963672 0.8755689379251522 857
1647273963802 0.8756914011551233 858
1647273963941 0.875814055644738 859
1647273964074 0.8759369004289527 860
1647273964210 0.8760599345412268 861
1647273964352 0.8761831570135301 862
1647273964484 0.87630656687635 863
1647273964637 0.8764301631587 864
1647273964770 0.8765539448881268 865
1647273964899 0.8766779110907175 866
1647273965033 0.8768020607911082 867
1647273965164 0.8769263930124914 868
1647273965295 0.8770509067766231 869
1647273965429 0.8771756011038311 870
1647273965561 0.8773004750130227 871
1647273965691 0.8774255275216918 872
1647273965821 0.8775507576459277 873
1647273965950 0.8776761644004218 874
1647273966080 0.8778017467984759 875
1647273966210 0.8779275038520097 876
1647273966347 0.8780534345715689 877
1647273966479 0.8781795379663329 878
1647273966622 0.878305813044122 879
1647273966699 0.8784322588114064 880
1647273967686 0.8785588742733126 881
1647273967821 0.8786856584336326 882
1647273967951 0.8788126102948306 883
1647273968079 0.8789397288580514 884
1647273968213 0.8790670131231286 885
1647273968351 0.8791944620885915 886
1647273968481 0.8793220747516739 887
1647273968620 0.8794498501083217 888
1647273968756 0.8795777871532001 889
1647273968888 0.8797058848797031 890
1647273969020 0.8798341422799597 891
1647273969150 0.8799625583448429 892
1647273969297 0.8800911320639773 893
1647273969435 0.880219862425747 894
1647273969572 0.8803487484173038 895
1647273969701 0.8804777890245747 896
1647273969835 0.8806069832322707 897
1647273969971 0.8807363300238937 898
1647273970104 0.8808658283817454 899
1647273970232 0.8809954772869351 900
1647273970364 0.8811252757193871 901
1647273970497 0.8812552226578497 902
1647273970632 0.8813853170799028 903
1647273970767 0.8815155579619652 904
1647273970896 0.8816459442793042 905
1647273971026 0.8817764750060425 906
1647273971160 0.8819071491151663 907
1647273971302 0.8820379655785342 908
1647273971430 0.8821689233668843 909
1647273971560 0.882300021449843 910
1647273971707 0.8824312587959329 911
1647273971836 0.8825626343725805 912
1647273971965 0.8826941471461254 913
1647273972093 0.8828257960818269 914
1647273972222 0.8829575801438737 915
1647273972350 0.883089498295391 916
1647273972478 0.8832215494984489 917
1647273972617 0.8833537327140709 918
1647273972748 0.8834860469022416 919
1647273972826 0.8836184910219153 920
1647273973815 0.8837510640310239 921
1647273973954 0.883883764886485 922
1647273974083 0.8840165925442109 923
1647273974217 0.8841495459591155 924
1647273974348 0.8842826240851238 925
1647273974477 0.8844158258751793 926
1647273974611 0.8845491502812526 927
1647273974740 0.8846825962543494 928
1647273974875 0.8848161627445192 929
1647273975008 0.8849498487008631 930
1647273975139 0.8850836530715421 931
1647273975269 0.8852175748037859 932
1647273975400 0.8853516128439005 933
1647273975531 0.8854857661372768 934
1647273975675 0.8856200336283991 935
1647273975823 0.8857544142608529 936
1647273975960 0.8858889069773338 937
1647273976093 0.8860235107196553 938
1647273976230 0.8861582244287575 939
1647273976364 0.8862930470447151 940
1647273976497 0.8864279775067463 941
1647273976630 0.8865630147532202 942
1647273976760 0.8866981577216662 943
1647273976898 0.8868334053487817 944
1647273977034 0.8869687565704407 945
1647273977168 0.8871042103217021 946
1647273977300 0.8872397655368178 947
1647273977428 0.8873754211492421 948
1647273977560 0.8875111760916387 949
1647273977690 0.8876470292958899 950
1647273977834 0.8877829796931053 951
1647273977967 0.8879190262136292 952
1647273978096 0.8880551677870501 953
1647273978229 0.8881914033422083 954
1647273978359 0.8883277318072047 955
1647273978488 0.8884641521094093 956
1647273978622 0.8886006631754696 957
1647273978759 0.8887372639313187 958
1647273978890 0.8888739533021842 959
1647273978967 0.8890107302125965 960
1647273984070 0.8891475935863972 961
1647273984249 0.8892845423467475 962
1647273984383 0.8894215754161369 963
1647273984521 0.8895586917163915 964
1647273984663 0.8896958901686827 965
1647273984793 0.8898331696935353 966
1647273984922 0.8899705292108363 967
1647273985056 0.8901079676398435 968
1647273985188 0.8902454838991936 969
1647273985327 0.8903830769069109 970
1647273985476 0.890520745580416 971
1647273985609 0.8906584888365342 972
1647273985743 0.8907963055915039 973
1647273985879 0.890934194760985 974
1647273986010 0.8910721552600681 975
1647273986140 0.8912101860032823 976
1647273986277 0.8913482859046038 977
1647273986409 0.8914864538774652 978
1647273986542 0.8916246888347632 979
1647273986681 0.8917629896888672 980
1647273986816 0.891901355351629 981
1647273986947 0.8920397847343893 982
1647273987083 0.8921782767479884 983
1647273987214 0.8923168303027734 984
1647273987346 0.8924554443086073 985
1647273987481 0.8925941176748776 986
1647273987616 0.8927328493105043 987
1647273987747 0.8928716381239494 988
1647273987887 0.8930104830232249 989
1647273988022 0.8931493829159015 990
1647273988151 0.8932883367091172 991
1647273988283 0.8934273433095857 992
1647273988415 0.8935664016236058 993
1647273988544 0.8937055105570687 994
1647273988693 0.8938446690154678 995
1647273988822 0.8939838759039067 996
1647273988953 0.8941231301271081 997
1647273989090 0.8942624305894219 998
1647273989221 0.8944017761948346 999
1647273989297 0.8945411658469772 1000
1647273994306 0.8946805984491344 1001
1647273994446 0.8948200729042528 1002
1647273994580 0.8949595881149497 1003
1647273994712 0.8950991429835219 1004
1647273994841 0.8952387364119541 1005
1647273994982 0.8953783673019273 1006
1647273995120 0.8955180345548283 1007
1647273995255 0.8956577370717573 1008
1647273995389 0.8957974737535376 1009
1647273995524 0.895937243500723 1010
1647273995655 0.8960770452136078 1011
1647273995785 0.8962168777922341 1012
1647273995920 0.896356740136402 1013
1647273996051 0.8964966311456766 1014
1647273996181 0.896636549719398 1015
1647273996314 0.8967764947566892 1016
1647273996447 0.896916465156465 1017
1647273996577 0.8970564598174405 1018
1647273996708 0.8971964776381404 1019
1647273996839 0.8973365175169067 1020
1647273996968 0.897476578351908 1021
1647273997101 0.897616659041148 1022
1647273997250 0.8977567584824742 1023
1647273997386 0.8978968755735867 1024
1647273997522 0.8980370092120465 1025
1647273997665 0.8981771582952846 1026
1647273997804 0.8983173217206103 1027
1647273997936 0.8984574983852202 1028
1647273998066 0.8985976871862065 1029
1647273998205 0.8987378870205663 1030
1647273998346 0.8988780967852097 1031
1647273998476 0.8990183153769685 1032
1647273998607 0.8991585416926053 1033
1647273998736 0.8992987746288219 1034
1647273998877 0.8994390130822677 1035
1647273999007 0.899579255949549 1036
1647273999134 0.8997195021272375 1037
1647273999266 0.8998597505118784 1038
1647273999401 0.8999999999999999 1039
1647273999478 0.9001402494881215 1040
1647274000318 0.9002804978727624 1041
1647274000461 0.9004207440504509 1042
1647274000594 0.9005609869177322 1043
1647274000726 0.900701225371178 1044
1647274000863 0.9008414583073946 1045
1647274000996 0.9009816846230314 1046
1647274001129 0.9011219032147902 1047
1647274001266 0.9012621129794336 1048
1647274001395 0.9014023128137935 1049
1647274001525 0.9015425016147798 1050
1647274001661 0.9016826782793896 1051
1647274001807 0.9018228417047154 1052
1647274001938 0.9019629907879534 1053
1647274002067 0.9021031244264132 1054
1647274002200 0.9022432415175257 1055
1647274002332 0.902383340958852 1056
1647274002465 0.902523421648092 1057
1647274002597 0.9026634824830932 1058
1647274002728 0.9028035223618596 1059
1647274002857 0.9029435401825594 1060
1647274002994 0.9030835348435351 1061
1647274003132 0.9032235052433107 1062
1647274003264 0.9033634502806019 1063
1647274003398 0.9035033688543234 1064
1647274003528 0.903643259863598 1065
1647274003660 0.9037831222077658 1066
1647274003810 0.9039229547863922 1067
1647274003940 0.9040627564992769 1068
1647274004073 0.9042025262464624 1069
1647274004204 0.9043422629282425 1070
1647274004332 0.9044819654451717 1071
1647274004463 0.9046216326980726 1072
1647274004600 0.9047612635880459 1073
1647274004728 0.904900857016478 1074
1647274004856 0.9050404118850501 1075
1647274004991 0.9051799270957471 1076
1647274005123 0.9053194015508655 1077
1647274005255 0.9054588341530228 1078
1647274005385 0.9055982238051654 1079
1647274005465 0.905737569410578 1080
1647274010594 0.9058768698728918 1081
1647274010760 0.9060161240960931 1082
1647274010893 0.906155330984532 1083
1647274011029 0.9062944894429312 1084
1647274011162 0.9064335983763941 1085
1647274011291 0.9065726566904141 1086
1647274011421 0.9067116632908827 1087
1647274011558 0.9068506170840983 1088
1647274011687 0.9069895169767749 1089
1647274011821 0.9071283618760504 1090
1647274011955 0.9072671506894956 1091
1647274012088 0.9074058823251223 1092
1647274012231 0.9075445556913926 1093
1647274012363 0.9076831696972265 1094
1647274012499 0.9078217232520115 1095
1647274012643 0.9079602152656107 1096
1647274012772 0.908098644648371 1097
1647274012907 0.9082370103111326 1098
1647274013036 0.9083753111652367 1099
1647274013176 0.9085135461225348 1100
1647274013309 0.9086517140953961 1101
1647274013443 0.9087898139967177 1102
1647274013573 0.9089278447399318 1103
1647274013709 0.9090658052390149 1104
1647274013844 0.909203694408496 1105
1647274013977 0.9093415111634657 1106
1647274014104 0.9094792544195839 1107
1647274014241 0.9096169230930891 1108
1647274014374 0.9097545161008064 1109
1647274014507 0.9098920323601565 1110
1647274014659 0.9100294707891636 1111
1647274014788 0.9101668303064646 1112
1647274014918 0.9103041098313173 1113
1647274015053 0.9104413082836085 1114
1647274015181 0.9105784245838631 1115
1647274015314 0.9107154576532525 1116
1647274015444 0.9108524064136028 1117
1647274015585 0.9109892697874034 1118
1647274015718 0.9111260466978157 1119
1647274015797 0.9112627360686811 1120
1647274016671 0.9113993368245303 1121
1647274016808 0.9115358478905906 1122
1647274016938 0.9116722681927952 1123
1647274017100 0.9118085966577917 1124
1647274017234 0.9119448322129499 1125
1647274017375 0.9120809737863707 1126
1647274017506 0.9122170203068947 1127
1647274017638 0.91235297070411 1128
1647274017779 0.9124888239083613 1129
1647274017911 0.9126245788507579 1130
1647274018040 0.9127602344631821 1131
1647274018178 0.9128957896782979 1132
1647274018310 0.9130312434295592 1133
1647274018441 0.9131665946512182 1134
1647274018570 0.9133018422783337 1135
1647274018699 0.9134369852467797 1136
1647274018836 0.9135720224932536 1137
1647274018973 0.9137069529552848 1138
1647274019107 0.9138417755712425 1139
1647274019241 0.9139764892803446 1140
1647274019375 0.9141110930226661 1141
1647274019508 0.9142455857391469 1142
1647274019639 0.9143799663716008 1143
1647274019771 0.914514233862723 1144
1647274019901 0.9146483871560994 1145
1647274020031 0.914782425196214 1146
1647274020161 0.9149163469284578 1147
1647274020297 0.9150501512991368 1148
1647274020433 0.9151838372554807 1149
1647274020563 0.9153174037456505 1150
1647274020699 0.9154508497187474 1151
1647274020828 0.9155841741248205 1152
1647274020955 0.915717375914876 1153
1647274021101 0.9158504540408844 1154
1647274021232 0.915983407455789 1155
1647274021362 0.9161162351135148 1156
1647274021499 0.916248935968976 1157
1647274021628 0.9163815089780847 1158
1647274021757 0.9165139530977583 1159
1647274021837 0.916646267285929 1160
1647274026930 0.916778450501551 1161
1647274027105 0.916910501704609 1162
1647274027242 0.9170424198561262 1163
1647274027371 0.9171742039181731 1164
1647274027505 0.9173058528538747 1165
1647274027641 0.9174373656274194 1166
1647274027774 0.9175687412040671 1167
1647274027913 0.917699978550157 1168
1647274028043 0.9178310766331156 1169
1647274028172 0.9179620344214657 1170
1647274028306 0.9180928508848336 1171
1647274028448 0.9182235249939574 1172
1647274028580 0.9183540557206956 1173
1647274028713 0.9184844420380347 1174
1647274028842 0.9186146829200972 1175
1647274028972 0.9187447773421502 1176
1647274029100 0.9188747242806128 1177
1647274029242 0.9190045227130649 1178
1647274029376 0.9191341716182544 1179
1647274029508 0.9192636699761062 1180
1647274029641 0.9193930167677292 1181
1647274029771 0.9195222109754251 1182
1647274029922 0.9196512515826961 1183
1647274030060 0.9197801375742529 1184
1647274030190 0.9199088679360227 1185
1647274030319 0.920037441655157 1186
1647274030451 0.9201658577200402 1187
1647274030594 0.9202941151202968 1188
1647274030726 0.9204222128467998 1189
1647274030875 0.9205501498916783 1190
1647274031012 0.920677925248326 1191
1647274031147 0.9208055379114084 1192
1647274031280 0.9209329868768713 1193
1647274031412 0.9210602711419484 1194
1647274031554 0.9211873897051694 1195
1647274031688 0.9213143415663674 1196
1647274031818 0.9214411257266872 1197
1647274031971 0.9215677411885935 1198
1647274032102 0.9216941869558779 1199
1647274032179 0.9218204620336671 1200
1647274037177 0.921946565428431 1201
1647274037324 0.9220724961479903 1202
1647274037471 0.922198253201524 1203
1647274037603 0.9223238355995781 1204
1647274037736 0.9224492423540722 1205
1647274037866 0.922574472478308 1206
1647274037998 0.9226995249869773 1207
1647274038127 0.9228243988961689 1208
1647274038258 0.9229490932233768 1209
1647274038397 0.9230736069875085 1210
1647274038543 0.9231979392088917 1211
1647274038673 0.9233220889092825 1212
1647274038807 0.9234460551118732 1213
1647274038936 0.9235698368412999 1214
1647274039070 0.9236934331236499 1215
1647274039205 0.9238168429864698 1216
1647274039338 0.923940065458773 1217
1647274039466 0.9240630995710473 1218
1647274039601 0.9241859443552619 1219
1647274039745 0.9243085988448766 1220
1647274039878 0.9244310620748477 1221
1647274040008 0.9245533330816367 1222
1647274040140 0.9246754109032173 1223
1647274040269 0.9247972945790833 1224
1647274040406 0.9249189831502561 1225
1647274040541 0.9250404756592919 1226
1647274040672 0.92516177115029 1227
1647274040808 0.9252828686688992 1228
1647274040937 0.9254037672623264 1229
1647274041070 0.9255244659793436 1230
1647274041206 0.9256449638702953 1231
1647274041337 0.925765259987106 1232
1647274041466 0.9258853533832881 1233
1647274041600 0.9260052431139487 1234
1647274041731 0.9261249282357974 1235
1647274041859 0.9262444078071538 1236
1647274041994 0.9263636808879545 1237
1647274042127 0.926482746539761 1238
1647274042257 0.9266016038257667 1239
1647274042334 0.9267202518108048 1240
1647274043215 0.9268386895613545 1241
1647274043353 0.92695691614555 1242
1647274043483 0.9270749306331862 1243
1647274043620 0.9271927320957274 1244
1647274043752 0.9273103196063135 1245
1647274043885 0.9274276922397681 1246
1647274044022 0.927544849072605 1247
1647274044155 0.9276617891830367 1248
1647274044287 0.92777851165098 1249
1647274044425 0.9278950155580648 1250
1647274044555 0.9280112999876401 1251
1647274044686 0.928127364024782 1252
1647274044831 0.9282432067563008 1253
1647274044968 0.9283588272707477 1254
1647274045106 0.9284742246584226 1255
1647274045246 0.9285893980113805 1256
1647274045378 0.9287043464234398 1257
1647274045511 0.9288190689901881 1258
1647274045643 0.9289335648089903 1259
1647274045773 0.9290478329789951 1260
1647274045905 0.9291618726011426 1261
1647274046041 0.929275682778171 1262
1647274046172 0.9293892626146236 1263
1647274046301 0.9295026112168564 1264
1647274046438 0.9296157276930443 1265
1647274046568 0.9297286111531889 1266
1647274046701 0.9298412607091251 1267
1647274046837 0.9299536754745281 1268
1647274046968 0.9300658545649203 1269
1647274047113 0.9301777970976786 1270
1647274047252 0.930289502192041 1271
1647274047381 0.9304009689691137 1272
1647274047510 0.9305121965518781 1273
1647274047648 0.9306231840651975 1274
1647274047783 0.9307339306358238 1275
1647274047919 0.930844435392405 1276
1647274048058 0.9309546974654916 1277
1647274048188 0.9310647159875435 1278
1647274048323 0.9311744900929366 1279
1647274048400 0.9312840189179703 1280
1647274053490 0.9313933016008737 1281
1647274053659 0.9315023372818123 1282
1647274053799 0.9316111251028955 1283
1647274053933 0.9317196642081822 1284
1647274054066 0.9318279537436889 1285
1647274054200 0.9319359928573951 1286
1647274054333 0.9320437806992512 1287
1647274054471 0.932151316421184 1288
1647274054602 0.9322585991771043 1289
1647274054731 0.9323656281229133 1290
1647274054863 0.9324724024165092 1291
1647274055011 0.9325789212177933 1292
1647274055142 0.9326851836886777 1293
1647274055279 0.9327911889930912 1294
1647274055414 0.9328969362969856 1295
1647274055546 0.933002424768343 1296
1647274055686 0.9331076535771821 1297
1647274055835 0.933212621895564 1298
1647274055981 0.9333173288976001 1299
1647274056118 0.9334217737594575 1300
1647274056249 0.9335259556593655 1301
1647274056391 0.933629873777623 1302
1647274056521 0.9337335272966036 1303
1647274056659 0.9338369154007636 1304
1647274056803 0.9339400372766471 1305
1647274056942 0.9340428921128926 1306
1647274057072 0.9341454791002403 1307
1647274057210 0.9342477974315374 1308
1647274057345 0.934349846301745 1309
1647274057477 0.9344516249079444 1310
1647274057612 0.9345531324493432 1311
1647274057743 0.9346543681272818 1312
1647274057892 0.9347553311452395 1313
1647274058027 0.9348560207088411 1314
1647274058159 0.9349564360258629 1315
1647274058298 0.9350565763062386 1316
1647274058432 0.9351564407620665 1317
1647274058563 0.9352560286076146 1318
1647274058694 0.9353553390593273 1319
1647274058771 0.9354543713358319 1320
1647274059650 0.9355531246579439 1321
1647274059789 0.935651598248674 1322
1647274059923 0.9357497913332338 1323
1647274060053 0.9358477031390413 1324
1647274060185 0.9359453328957285 1325
1647274060323 0.9360426798351459 1326
1647274060463 0.9361397431913695 1327
1647274060598 0.9362365222007065 1328
1647274060730 0.9363330161017013 1329
1647274060865 0.9364292241351415 1330
1647274061009 0.9365251455440639 1331
1647274061143 0.9366207795737604 1332
1647274061281 0.9367161254717842 1333
1647274061412 0.9368111824879554 1334
1647274061546 0.936905949874367 1335
1647274061679 0.9370004268853908 1336
1647274061819 0.9370946127776831 1337
1647274061954 0.9371885068101912 1338
1647274062085 0.9372821082441583 1339
1647274062225 0.9373754163431298 1340
1647274062360 0.9374684303729593 1341
1647274062507 0.937561149601814 1342
1647274062644 0.9376535733001805 1343
1647274062774 0.9377457007408707 1344
1647274062906 0.9378375311990276 1345
1647274063045 0.9379290639521306 1346
1647274063178 0.9380202982800016 1347
1647274063311 0.9381112334648103 1348
1647274063445 0.9382018687910804 1349
1647274063577 0.9382922035456945 1350
1647274063709 0.9383822370179005 1351
1647274063842 0.9384719684993165 1352
1647274063972 0.9385613972839366 1353
1647274064101 0.9386505226681368 1354
1647274064242 0.93873934395068 1355
1647274064372 0.9388278604327219 1356
1647274064508 0.9389160714178163 1357
1647274064644 0.9390039762119206 1358
1647274064775 0.9390915741234015 1359
1647274064855 0.93917886446304 1360
1647274069922 0.9392658465440372 1361
1647274070069 0.9393525196820196 1362
1647274070211 0.9394388831950445 1363
1647274070341 0.9395249364036051 1364
1647274070477 0.9396106786306363 1365
1647274070611 0.9396961092015197 1366
1647274070745 0.939781227444089 1367
1647274070882 0.9398660326886353 1368
1647274071013 0.9399505242679124 1369
1647274071168 0.940034701517142 1370
1647274071304 0.9401185637740188 1371
1647274071434 0.9402021103787163 1372
1647274071564 0.9402853406738908 1373
1647274071698 0.940368254004688 1374
1647274071832 0.9404508497187474 1375
1647274071963 0.9405331271662069 1376
1647274072093 0.9406150856997092 1377
1647274072222 0.9406967246744059 1378
1647274072353 0.940778043447963 1379
1647274072485 0.9408590413805656 1380
1647274072619 0.9409397178349235 1381
1647274072754 0.9410200721762756 1382
1647274072894 0.9411001037723955 1383
1647274073029 0.9411798119935957 1384
1647274073176 0.9412591962127335 1385
1647274073323 0.941338255805215 1386
1647274073453 0.9414169901490008 1387
1647274073584 0.9414953986246104 1388
1647274073717 0.9415734806151272 1389
1647274073851 0.9416512355062036 1390
1647274073992 0.9417286626860651 1391
1647274074121 0.9418057615455162 1392
1647274074251 0.9418825314779444 1393
1647274074380 0.9419589718793251 1394
1647274074514 0.9420350821482265 1395
1647274074644 0.9421108616858143 1396
1647274074774 0.9421863098958564 1397
1647274074906 0.9422614261847276 1398
1647274075036 0.9423362099614142 1399
1647274075114 0.9424106606375187 1400
1647274080168 0.9424847776272643 1401
1647274080334 0.9425585603475001 1402
1647274080477 0.9426320082177045 1403
1647274080614 0.9427051206599913 1404
1647274080749 0.9427778970991129 1405
1647274080879 0.9428503369624653 1406
1647274081013 0.9429224396800933 1407
1647274081153 0.9429942046846935 1408
1647274081283 0.9430656314116204 1409
1647274081414 0.9431367192988895 1410
1647274081554 0.9432074677871827 1411
1647274081683 0.9432778763198519 1412
1647274081816 0.9433479443429241 1413
1647274081966 0.9434176713051052 1414
1647274082101 0.9434870566577848 1415
1647274082237 0.9435560998550399 1416
1647274082379 0.9436248003536398 1417
1647274082509 0.9436931576130504 1418
1647274082643 0.9437611710954377 1419
1647274082778 0.9438288402656728 1420
1647274082907 0.943896164591336 1421
1647274083039 0.9439631435427204 1422
1647274083176 0.9440297765928368 1423
1647274083309 0.9440960632174177 1424
1647274083445 0.9441620028949209 1425
1647274083587 0.9442275951065341 1426
1647274083716 0.9442928393361789 1427
1647274083845 0.9443577350705149 1428
1647274083995 0.9444222817989436 1429
1647274084126 0.9444864790136123 1430
1647274084255 0.9445503262094184 1431
1647274084397 0.9446138228840133 1432
1647274084527 0.9446769685378062 1433
1647274084655 0.9447397626739683 1434
1647274084787 0.9448022047984362 1435
1647274084920 0.9448642944199165 1436
1647274085049 0.944926031049889 1437
1647274085178 0.944987414202611 1438
1647274085313 0.945048443395121 1439
1647274085394 0.945109118147242 1440
1647274086231 0.9451694379815865 1441
1647274086384 0.9452294024235587 1442
1647274086526 0.9452890110013596 1443
1647274086659 0.94534826324599 1444
1647274086801 0.945407158691254 1445
1647274086933 0.9454656968737635 1446
1647274087062 0.9455238773329407 1447
1647274087192 0.9455816996110231 1448
1647274087322 0.9456391632530659 1449
1647274087455 0.945696267806946 1450
1647274087587 0.945753012823366 1451
1647274087714 0.9458093978558567 1452
1647274087847 0.945865422460782 1453
1647274087982 0.945921086197341 1454
1647274088121 0.9459763886275725 1455
1647274088251 0.9460313293163578 1456
1647274088401 0.9460859078314247 1457
1647274088535 0.9461401237433501 1458
1647274088667 0.9461939766255643 1459
1647274088799 0.9462474660543537 1460
1647274088945 0.9463005916088644 1461
1647274089079 0.9463533528711053 1462
1647274089213 0.9464057494259519 1463
1647274089347 0.9464577808611488 1464
1647274089487 0.9465094467673137 1465
1647274089634 0.9465607467379401 1466
1647274089764 0.9466116803694007 1467
1647274089893 0.9466622472609504 1468
1647274090026 0.9467124470147299 1469
1647274090159 0.9467622792357684 1470
1647274090288 0.9468117435319868 1471
1647274090419 0.9468608395142009 1472
1647274090551 0.9469095667961241 1473
1647274090682 0.9469579249943714 1474
1647274090809 0.9470059137284609 1475
1647274090945 0.9470535326208183 1476
1647274091073 0.9471007812967789 1477
1647274091206 0.9471476593845909 1478
1647274091343 0.9471941665154183 1479
1647274091421 0.9472403023233439 1480
1647274092273 0.9472860664453717 1481
1647274092409 0.9473314585214306 1482
1647274092550 0.9473764781943764 1483
1647274092679 0.9474211251099951 1484
1647274092810 0.9474653989170055 1485
1647274092966 0.9475092992670621 1486
1647274093100 0.9475528258147576 1487
1647274093230 0.947595978217626 1488
1647274093366 0.9476387561361448 1489
1647274093500 0.9476811592337381 1490
1647274093633 0.947723187176779 1491
1647274093772 0.9477648396345925 1492
1647274093903 0.9478061162794575 1493
1647274094036 0.9478470167866104 1494
1647274094170 0.9478875408342465 1495
1647274094302 0.9479276881035232 1496
1647274094432 0.9479674582785628 1497
1647274094568 0.9480068510464539 1498
1647274094705 0.9480458660972549 1499
1647274094835 0.9480845031239963 1500
1647274094988 0.9481227618226823 1501
1647274095121 0.9481606418922943 1502
1647274095251 0.9481981430347927 1503
1647274095387 0.9482352649551188 1504
1647274095518 0.9482720073611981 1505
1647274095653 0.9483083699639421 1506
1647274095792 0.9483443524772502 1507
1647274095927 0.9483799546180129 1508
1647274096057 0.948415176106113 1509
1647274096187 0.9484500166644284 1510
1647274096317 0.9484844760188343 1511
1647274096446 0.9485185538982049 1512
1647274096578 0.9485522500344162 1513
1647274096708 0.9485855641623475 1514
1647274096839 0.9486184960198838 1515
1647274096980 0.9486510453479178 1516
1647274097108 0.9486832118903519 1517
1647274097238 0.9487149953941004 1518
1647274097369 0.9487463956090911 1519
1647274097447 0.9487774122882678 1520
