1646481428972 0.46296295523643494 0
1646481429307 0.6342592835426331 1
1646481429513 0.6342592835426331 2
1646481429667 0.7175925970077515 3
1646481429851 0.7268518805503845 4
1646481430029 0.7870370149612427 5
1646481430230 0.8194444179534912 6
1646481430384 0.8148148059844971 7
1646481430730 0.8472222089767456 8
1646481431276 0.8842592835426331 9
1646481431755 0.8888888955116272 10
1646481432010 0.9166666865348816 11
1646481432216 0.9074074029922485 12
1646481432421 0.9166666865348816 13
1646481432637 0.9722222089767456 14
1646481432821 0.9768518805503845 15
1646481433036 0.9675925970077515 16
1646481433262 0.9675925970077515 17
1646481433539 0.9953703880310059 18
1646481433751 0.9861111044883728 19
1646481433971 1.0 20
1646481434213 0.9861111044883728 21
1646481434566 0.9444444179534912 22
1646481434857 0.9722222089767456 23
1646481435128 0.9907407164573669 24
1646481435343 0.9907407164573669 25
1646481435528 0.9953703880310059 26
1646481435728 1.0 27
1646481435907 0.9953703880310059 28
1646481436128 0.9953703880310059 29
1646481436329 1.0 30
1646481436507 0.9953703880310059 31
1646481436697 0.9953703880310059 32
1646481436877 0.9953703880310059 33
1646481437062 1.0 34
1646481437246 1.0 35
1646481437431 1.0 36
1646481437609 0.9953703880310059 37
1646481437822 0.9953703880310059 38
1646481438004 1.0 39
1646481438209 1.0 40
1646481438395 1.0 41
1646481438606 1.0 42
1646481438895 1.0 43
1646481439142 1.0 44
1646481439342 1.0 45
1646481439558 1.0 46
1646481439746 1.0 47
1646481439912 1.0 48
1646481440112 1.0 49
1646481440282 1.0 50
1646481440447 1.0 51
1646481440643 1.0 52
1646481440812 1.0 53
1646481441028 1.0 54
1646481441260 1.0 55
1646481441460 1.0 56
1646481441629 1.0 57
1646481441814 1.0 58
1646481442045 1.0 59
1646481442245 1.0 60
1646481442603 1.0 61
1646481442905 1.0 62
1646481443192 1.0 63
1646481443464 1.0 64
1646481443730 1.0 65
1646481443953 1.0 66
1646481444197 1.0 67
1646481444449 1.0 68
1646481444671 1.0 69
1646481444921 1.0 70
1646481445168 1.0 71
1646481445420 1.0 72
1646481445648 1.0 73
1646481445901 1.0 74
1646481446133 1.0 75
1646481446364 1.0 76
1646481446697 1.0 77
1646481446963 1.0 78
1646481447245 1.0 79
1646481447492 1.0 80
1646481447725 1.0 81
1646481447958 1.0 82
1646481448201 1.0 83
1646481448455 1.0 84
1646481448667 1.0 85
1646481448867 1.0 86
1646481449083 1.0 87
1646481449299 1.0 88
1646481449553 1.0 89
1646481449753 1.0 90
1646481449968 1.0 91
1646481450184 1.0 92
1646481450501 1.0 93
1646481450867 1.0 94
1646481451192 1.0 95
1646481451443 1.0 96
1646481451690 1.0 97
1646481451913 1.0 98
1646481452113 1.0 99
1646481452348 1.0 100
1646481452571 1.0 101
1646481452824 1.0 102
1646481453049 1.0 103
1646481453271 1.0 104
1646481453492 1.0 105
1646481453708 1.0 106
1646481453908 1.0 107
1646481454123 1.0 108
1646481454355 1.0 109
