1646481428972 1.3784929513931274 0
1646481429307 0.9040200114250183 1
1646481429513 0.7726574540138245 2
1646481429667 0.693512499332428 3
1646481429851 0.6848816871643066 4
1646481430029 0.586341917514801 5
1646481430230 0.49979016184806824 6
1646481430384 0.43710654973983765 7
1646481430730 0.3955356478691101 8
1646481431276 0.34191563725471497 9
1646481431755 0.276049941778183 10
1646481432010 0.23274429142475128 11
1646481432216 0.21778565645217896 12
1646481432421 0.20627813041210175 13
1646481432637 0.16252288222312927 14
1646481432821 0.1059272289276123 15
1646481433036 0.09903821349143982 16
1646481433262 0.09170815348625183 17
1646481433539 0.06742933392524719 18
1646481433751 0.06024615466594696 19
1646481433971 0.045752596110105515 20
1646481434213 0.0659552738070488 21
1646481434566 0.15318381786346436 22
1646481434857 0.06863325834274292 23
1646481435128 0.05384223535656929 24
1646481435343 0.04614540562033653 25
1646481435528 0.028046084567904472 26
1646481435728 0.027074791491031647 27
1646481435907 0.0247831828892231 28
1646481436128 0.01827298477292061 29
1646481436329 0.01084151491522789 30
1646481436507 0.018526075407862663 31
1646481436697 0.015532469376921654 32
1646481436877 0.02164957858622074 33
1646481437062 0.015527556650340557 34
1646481437246 0.00698854960501194 35
1646481437431 0.005432873032987118 36
1646481437609 0.011960983276367188 37
1646481437822 0.009827084839344025 38
1646481438004 0.0031733193900436163 39
1646481438209 0.004855557344853878 40
1646481438395 0.0023678746074438095 41
1646481438606 0.002848957432433963 42
1646481438895 0.0029223845340311527 43
1646481439142 0.0015135288704186678 44
1646481439342 0.003993188962340355 45
1646481439558 0.00120224105194211 46
1646481439746 0.0019254720536991954 47
1646481439912 0.0014522467972710729 48
1646481440112 0.0009191937278956175 49
1646481440282 0.0012246085098013282 50
1646481440447 0.0016694143414497375 51
1646481440643 0.002147090155631304 52
1646481440812 0.001023611519485712 53
1646481441028 0.003215914824977517 54
1646481441260 0.0017565051093697548 55
1646481441460 0.0013623954728245735 56
1646481441629 0.0016742078587412834 57
1646481441814 0.0010399018647149205 58
1646481442045 0.0010170928435400128 59
1646481442245 0.002543995389714837 60
1646481442603 0.001450350391678512 61
1646481442905 0.002096129348501563 62
1646481443192 0.001094652689062059 63
1646481443464 0.000958302291110158 64
1646481443730 0.0014537977986037731 65
1646481443953 0.002152235945686698 66
1646481444197 0.001063555246219039 67
1646481444449 0.0017075615469366312 68
1646481444671 0.0008853432373143733 69
1646481444921 0.0008207044447772205 70
1646481445168 0.000844514521304518 71
1646481445420 0.0012228015111759305 72
1646481445648 0.0005181050510145724 73
1646481445901 0.00045556644909083843 74
1646481446133 0.0006200174684636295 75
1646481446364 0.0006648925482295454 76
1646481446697 0.0005820965743623674 77
1646481446963 0.000733359542209655 78
1646481447245 0.0006238876958377659 79
1646481447492 0.0003968248493038118 80
1646481447725 0.0003779711259994656 81
1646481447958 0.0007521379156969488 82
1646481448201 0.0004918627673760056 83
1646481448455 0.0006653773598372936 84
1646481448667 0.0002700071199797094 85
1646481448867 0.0007170264725573361 86
1646481449083 0.0005921028787270188 87
1646481449299 0.0006468211649917066 88
1646481449553 0.00026687176432460546 89
1646481449753 0.0005579425487667322 90
1646481449968 0.0007223320426419377 91
1646481450184 0.000496767635922879 92
1646481450501 0.00043927208753302693 93
1646481450867 0.000262939662206918 94
1646481451192 0.0003197983605787158 95
1646481451443 0.00048052650527097285 96
1646481451690 0.0003064871998503804 97
1646481451913 0.0004760569427162409 98
1646481452113 0.0003672669408842921 99
1646481452348 0.0003222301311325282 100
1646481452571 0.00014704742352478206 101
1646481452824 0.0003376184031367302 102
1646481453049 0.00020859570940956473 103
1646481453271 0.00019758401322178543 104
1646481453492 0.0002450164465699345 105
1646481453708 0.0008476318325847387 106
1646481453908 0.0004600627289619297 107
1646481454123 0.00083591986913234 108
1646481454355 0.001005561207421124 109
