1646514883457 0.22685185074806213 0
1646514884097 0.2777777910232544 1
1646514884420 0.30092594027519226 2
1646514884725 0.32870370149612427 3
1646514885067 0.43981480598449707 4
1646514885640 0.48148149251937866 5
1646514886064 0.5277777910232544 6
1646514886511 0.5231481194496155 7
1646514887091 0.5231481194496155 8
1646514887428 0.5740740895271301 9
1646514887992 0.5925925970077515 10
1646514888384 0.5879629850387573 11
1646514888715 0.6388888955116272 12
1646514889166 0.6157407164573669 13
1646514889674 0.6666666865348816 14
1646514890047 0.6481481194496155 15
1646514890580 0.6712962985038757 16
1646514890965 0.6620370149612427 17
1646514891335 0.7175925970077515 18
1646514891659 0.7129629850387573 19
1646514892006 0.7268518805503845 20
1646514892337 0.6759259104728699 21
1646514892736 0.7268518805503845 22
1646514893347 0.7222222089767456 23
1646514893782 0.7268518805503845 24
1646514894255 0.7592592835426331 25
1646514894622 0.7546296119689941 26
1646514894974 0.7407407164573669 27
1646514895317 0.7870370149612427 28
1646514895622 0.7962962985038757 29
1646514895972 0.7314814925193787 30
1646514896308 0.7870370149612427 31
1646514896798 0.7962962985038757 32
1646514897364 0.7592592835426331 33
1646514897826 0.7685185074806213 34
1646514898395 0.7962962985038757 35
1646514898847 0.8148148059844971 36
1646514899227 0.8009259104728699 37
1646514899573 0.7685185074806213 38
1646514899962 0.8240740895271301 39
1646514900422 0.8194444179534912 40
1646514901000 0.8518518805503845 41
1646514901400 0.7916666865348816 42
1646514901933 0.8240740895271301 43
1646514902262 0.8240740895271301 44
1646514902578 0.8472222089767456 45
1646514902897 0.8611111044883728 46
1646514903229 0.8287037014961243 47
1646514903550 0.8101851940155029 48
1646514903864 0.8657407164573669 49
1646514904377 0.8379629850387573 50
1646514904758 0.8333333134651184 51
1646514905089 0.8425925970077515 52
1646514905584 0.8425925970077515 53
1646514905901 0.8657407164573669 54
1646514906221 0.8703703880310059 55
1646514906529 0.8055555820465088 56
1646514906829 0.8703703880310059 57
1646514907144 0.8657407164573669 58
1646514907468 0.8703703880310059 59
1646514907803 0.8703703880310059 60
1646514908311 0.8657407164573669 61
1646514908663 0.9120370149612427 62
1646514909060 0.8842592835426331 63
1646514909507 0.8981481194496155 64
1646514909835 0.8796296119689941 65
1646514910137 0.8981481194496155 66
1646514910451 0.9074074029922485 67
1646514910753 0.8611111044883728 68
1646514911050 0.9120370149612427 69
1646514911373 0.8981481194496155 70
1646514911875 0.9120370149612427 71
1646514912268 0.8888888955116272 72
1646514912618 0.9166666865348816 73
1646514913168 0.9351851940155029 74
1646514913507 0.9351851940155029 75
1646514913879 0.9074074029922485 76
1646514914255 0.9166666865348816 77
1646514914642 0.9212962985038757 78
1646514914974 0.8842592835426331 79
1646514915442 0.9212962985038757 80
1646514915860 0.9166666865348816 81
1646514916237 0.9722222089767456 82
1646514916735 0.9074074029922485 83
1646514917050 0.9490740895271301 84
1646514917376 0.9074074029922485 85
1646514917687 0.9027777910232544 86
1646514917988 0.9444444179534912 87
1646514918324 0.9398148059844971 88
1646514918651 0.8796296119689941 89
1646514919168 0.9537037014961243 90
1646514919632 0.9305555820465088 91
1646514919983 0.9351851940155029 92
1646514920497 0.9259259104728699 93
1646514920811 0.9583333134651184 94
1646514921120 0.9305555820465088 95
1646514921442 0.9305555820465088 96
1646514921753 0.9537037014961243 97
1646514922065 0.9814814925193787 98
1646514922419 0.9212962985038757 99
1646514922872 0.9629629850387573 100
1646514923314 0.9490740895271301 101
1646514923715 0.9212962985038757 102
1646514924221 0.9629629850387573 103
1646514924530 0.9861111044883728 104
1646514924830 0.9583333134651184 105
1646514925142 0.9398148059844971 106
1646514925460 0.9490740895271301 107
1646514925768 0.9629629850387573 108
1646514926083 0.9675925970077515 109
1646514926415 0.9722222089767456 110
1646514926922 0.9768518805503845 111
1646514927305 0.9537037014961243 112
1646514927682 0.9675925970077515 113
1646514928194 0.9722222089767456 114
1646514928540 0.9490740895271301 115
1646514928898 0.9768518805503845 116
1646514929300 0.9675925970077515 117
1646514929705 0.9861111044883728 118
1646514930143 0.9444444179534912 119
1646514930844 0.9583333134651184 120
1646514931234 0.9629629850387573 121
1646514931750 0.9768518805503845 122
1646514932068 0.9629629850387573 123
1646514932388 0.9583333134651184 124
1646514932698 0.9768518805503845 125
1646514933012 0.9814814925193787 126
1646514933355 0.9814814925193787 127
1646514933668 0.9583333134651184 128
1646514934160 0.9675925970077515 129
1646514934556 0.9768518805503845 130
1646514934923 0.9722222089767456 131
1646514935451 0.9722222089767456 132
1646514935751 0.9722222089767456 133
1646514936069 0.9768518805503845 134
1646514936366 0.9583333134651184 135
1646514936666 0.9907407164573669 136
1646514936986 0.9768518805503845 137
1646514937314 0.9814814925193787 138
1646514937683 0.9814814925193787 139
1646514938145 0.9907407164573669 140
1646514938527 0.9861111044883728 141
1646514938943 0.9768518805503845 142
1646514939358 0.9814814925193787 143
1646514939665 0.9953703880310059 144
1646514939967 0.9814814925193787 145
1646514940281 1.0 146
1646514940584 0.9953703880310059 147
1646514940901 0.9722222089767456 148
1646514941229 0.9861111044883728 149
1646514941733 0.9907407164573669 150
1646514942118 0.9953703880310059 151
1646514942481 0.9722222089767456 152
1646514942943 0.9768518805503845 153
1646514943271 0.9722222089767456 154
1646514943568 0.9768518805503845 155
1646514943897 0.9814814925193787 156
1646514944218 0.9861111044883728 157
1646514944533 1.0 158
1646514944865 0.9861111044883728 159
1646514945523 0.9907407164573669 160
1646514946011 0.9814814925193787 161
1646514946474 0.9814814925193787 162
1646514947044 0.9861111044883728 163
1646514947454 0.9768518805503845 164
1646514947814 0.9861111044883728 165
1646514948160 0.9907407164573669 166
1646514948538 0.9907407164573669 167
1646514949148 0.9814814925193787 168
1646514949643 0.9907407164573669 169
1646514950105 0.9907407164573669 170
1646514950557 0.9861111044883728 171
1646514950901 0.9953703880310059 172
1646514951245 0.9907407164573669 173
1646514951617 0.9768518805503845 174
1646514951984 0.9861111044883728 175
1646514952348 0.9953703880310059 176
1646514952686 0.9953703880310059 177
1646514953258 0.9907407164573669 178
1646514953624 0.9907407164573669 179
1646514954020 0.9861111044883728 180
1646514954454 0.9907407164573669 181
1646514954768 0.9814814925193787 182
1646514955086 0.9907407164573669 183
1646514955400 0.9722222089767456 184
1646514955700 0.9907407164573669 185
1646514956030 0.9907407164573669 186
1646514956391 0.9907407164573669 187
1646514956865 1.0 188
1646514957275 1.0 189
1646514957661 1.0 190
1646514958094 0.9953703880310059 191
1646514958406 0.9768518805503845 192
1646514958707 0.9907407164573669 193
1646514959010 0.9768518805503845 194
1646514959332 0.9907407164573669 195
1646514959651 0.9907407164573669 196
1646514959959 0.9907407164573669 197
1646514960483 0.9907407164573669 198
1646514960863 1.0 199
1646514961296 0.9953703880310059 200
1646514961886 0.9907407164573669 201
1646514962266 0.9953703880310059 202
1646514962668 0.9953703880310059 203
1646514963014 0.9907407164573669 204
1646514963336 1.0 205
1646514963649 0.9953703880310059 206
1646514964184 0.9953703880310059 207
1646514964604 1.0 208
1646514964986 1.0 209
1646514965469 1.0 210
1646514965790 0.9861111044883728 211
1646514966095 0.9953703880310059 212
1646514966418 0.9953703880310059 213
1646514966716 0.9953703880310059 214
1646514967026 0.9861111044883728 215
1646514967355 0.9953703880310059 216
1646514967840 0.9907407164573669 217
1646514968257 1.0 218
1646514968612 0.9861111044883728 219
1646514969080 0.9953703880310059 220
1646514969399 0.9861111044883728 221
1646514969696 0.9953703880310059 222
1646514969996 1.0 223
1646514970332 1.0 224
1646514970656 0.9953703880310059 225
1646514971002 0.9953703880310059 226
1646514971543 0.9907407164573669 227
1646514972008 0.9953703880310059 228
1646514972407 1.0 229
1646514972934 0.9861111044883728 230
1646514973311 0.9907407164573669 231
1646514973611 1.0 232
1646514973912 0.9953703880310059 233
1646514974239 1.0 234
1646514974556 0.9907407164573669 235
1646514974866 0.9953703880310059 236
1646514975388 1.0 237
1646514975750 0.9953703880310059 238
1646514976115 1.0 239
1646514976582 0.9907407164573669 240
1646514976892 0.9907407164573669 241
1646514977244 1.0 242
1646514977593 0.9907407164573669 243
1646514977941 0.9907407164573669 244
1646514978341 0.9953703880310059 245
1646514978777 1.0 246
1646514979207 0.9907407164573669 247
1646514979540 0.9953703880310059 248
1646514979936 0.9907407164573669 249
1646514980386 1.0 250
1646514980702 0.9953703880310059 251
1646514981004 1.0 252
1646514981330 0.9907407164573669 253
1646514981636 0.9953703880310059 254
1646514981953 1.0 255
1646514982284 0.9907407164573669 256
1646514982796 0.9953703880310059 257
1646514983162 0.9953703880310059 258
1646514983551 0.9953703880310059 259
1646514984055 1.0 260
1646514984394 0.9907407164573669 261
1646514984721 0.9907407164573669 262
1646514985042 0.9953703880310059 263
1646514985422 1.0 264
1646514985755 0.9953703880310059 265
1646514986248 1.0 266
1646514986738 1.0 267
1646514987111 1.0 268
1646514987633 0.9953703880310059 269
1646514987952 1.0 270
1646514988345 0.9861111044883728 271
1646514988661 0.9953703880310059 272
1646514988995 0.9953703880310059 273
1646514989346 0.9953703880310059 274
1646514989659 1.0 275
1646514990154 1.0 276
1646514990525 0.9953703880310059 277
1646514990859 0.9953703880310059 278
1646514991381 0.9953703880310059 279
1646514991686 1.0 280
1646514991997 1.0 281
1646514992303 0.9953703880310059 282
1646514992615 1.0 283
1646514992945 0.9861111044883728 284
1646514993313 0.9953703880310059 285
1646514993909 0.9907407164573669 286
1646514994389 1.0 287
1646514994784 0.9907407164573669 288
1646514995298 1.0 289
1646514995599 1.0 290
1646514995899 0.9953703880310059 291
1646514996216 0.9953703880310059 292
1646514996537 1.0 293
1646514996844 1.0 294
1646514997171 0.9907407164573669 295
1646514997652 0.9953703880310059 296
1646514998019 0.9907407164573669 297
1646514998415 0.9861111044883728 298
1646514998920 0.9953703880310059 299
