1646514883457 1.4061861038208008 0
1646514884097 1.4004864692687988 1
1646514884420 1.4027105569839478 2
1646514884725 1.363459825515747 3
1646514885067 1.3055132627487183 4
1646514885640 1.2701566219329834 5
1646514886064 1.258509874343872 6
1646514886511 1.2196409702301025 7
1646514887091 1.178202509880066 8
1646514887428 1.1355454921722412 9
1646514887992 1.0780558586120605 10
1646514888384 1.0485795736312866 11
1646514888715 0.9964508414268494 12
1646514889166 0.9808136820793152 13
1646514889674 0.9209434986114502 14
1646514890047 0.8733077049255371 15
1646514890580 0.8915627002716064 16
1646514890965 0.8115906119346619 17
1646514891335 0.8054270148277283 18
1646514891659 0.7416626811027527 19
1646514892006 0.7388409972190857 20
1646514892337 0.7483721971511841 21
1646514892736 0.6733591556549072 22
1646514893347 0.6859732866287231 23
1646514893782 0.6842483282089233 24
1646514894255 0.5841540694236755 25
1646514894622 0.6391569972038269 26
1646514894974 0.6191055178642273 27
1646514895317 0.5884524583816528 28
1646514895622 0.5618559718132019 29
1646514895972 0.6426253318786621 30
1646514896308 0.5746030807495117 31
1646514896798 0.5445605516433716 32
1646514897364 0.5611512660980225 33
1646514897826 0.5512513518333435 34
1646514898395 0.5145081281661987 35
1646514898847 0.5519589781761169 36
1646514899227 0.5255067348480225 37
1646514899573 0.5388389229774475 38
1646514899962 0.4811495542526245 39
1646514900422 0.4523147642612457 40
1646514901000 0.44937512278556824 41
1646514901400 0.46663761138916016 42
1646514901933 0.5085096955299377 43
1646514902262 0.42915019392967224 44
1646514902578 0.4498102366924286 45
1646514902897 0.3982584476470947 46
1646514903229 0.44830265641212463 47
1646514903550 0.46206286549568176 48
1646514903864 0.3632272481918335 49
1646514904377 0.39398255944252014 50
1646514904758 0.41267940402030945 51
1646514905089 0.36667153239250183 52
1646514905584 0.39416202902793884 53
1646514905901 0.3591057062149048 54
1646514906221 0.34562796354293823 55
1646514906529 0.44970834255218506 56
1646514906829 0.3882465958595276 57
1646514907144 0.325522243976593 58
1646514907468 0.3330608904361725 59
1646514907803 0.32790812849998474 60
1646514908311 0.3241331875324249 61
1646514908663 0.2774902582168579 62
1646514909060 0.27001509070396423 63
1646514909507 0.2724582254886627 64
1646514909835 0.28379303216934204 65
1646514910137 0.29321956634521484 66
1646514910451 0.26375579833984375 67
1646514910753 0.3235652446746826 68
1646514911050 0.24579335749149323 69
1646514911373 0.26523029804229736 70
1646514911875 0.2525155246257782 71
1646514912268 0.26428189873695374 72
1646514912618 0.2220722883939743 73
1646514913168 0.18809057772159576 74
1646514913507 0.1942155659198761 75
1646514913879 0.2318650335073471 76
1646514914255 0.21515585482120514 77
1646514914642 0.24882708489894867 78
1646514914974 0.3178291618824005 79
1646514915442 0.2242288440465927 80
1646514915860 0.2139165997505188 81
1646514916237 0.11735944449901581 82
1646514916735 0.21032537519931793 83
1646514917050 0.16305018961429596 84
1646514917376 0.20892265439033508 85
1646514917687 0.22080790996551514 86
1646514917988 0.14700335264205933 87
1646514918324 0.15159423649311066 88
1646514918651 0.3110955059528351 89
1646514919168 0.13019974529743195 90
1646514919632 0.1548493206501007 91
1646514919983 0.16616833209991455 92
1646514920497 0.18983882665634155 93
1646514920811 0.12788648903369904 94
1646514921120 0.15709546208381653 95
1646514921442 0.14155332744121552 96
1646514921753 0.1332452893257141 97
1646514922065 0.09640323370695114 98
1646514922419 0.1658705472946167 99
1646514922872 0.09921656548976898 100
1646514923314 0.12755019962787628 101
1646514923715 0.14012411236763 102
1646514924221 0.10969847440719604 103
1646514924530 0.09275698661804199 104
1646514924830 0.11017465591430664 105
1646514925142 0.1720179170370102 106
1646514925460 0.11157745867967606 107
1646514925768 0.08457297086715698 108
1646514926083 0.07461405545473099 109
1646514926415 0.06389877200126648 110
1646514926922 0.07072290033102036 111
1646514927305 0.12194842845201492 112
1646514927682 0.08153411746025085 113
1646514928194 0.08803585171699524 114
1646514928540 0.0990833267569542 115
1646514928898 0.0848420262336731 116
1646514929300 0.09721551090478897 117
1646514929705 0.05572006106376648 118
1646514930143 0.29005369544029236 119
1646514930844 0.20132286846637726 120
1646514931234 0.12366402894258499 121
1646514931750 0.0895598828792572 122
1646514932068 0.12684807181358337 123
1646514932388 0.10179993510246277 124
1646514932698 0.06396930664777756 125
1646514933012 0.07022115588188171 126
1646514933355 0.07952781766653061 127
1646514933668 0.09229103475809097 128
1646514934160 0.08116823434829712 129
1646514934556 0.10049539804458618 130
1646514934923 0.06636267900466919 131
1646514935451 0.059297844767570496 132
1646514935751 0.05986983701586723 133
1646514936069 0.07582339644432068 134
1646514936366 0.08255459368228912 135
1646514936666 0.06123257428407669 136
1646514936986 0.06107215955853462 137
1646514937314 0.06139783188700676 138
1646514937683 0.07770354300737381 139
1646514938145 0.04602004587650299 140
1646514938527 0.08294352889060974 141
1646514938943 0.06154210492968559 142
1646514939358 0.040030356496572495 143
1646514939665 0.026156814768910408 144
1646514939967 0.03643755242228508 145
1646514940281 0.03021223098039627 146
1646514940584 0.03768875449895859 147
1646514940901 0.06762766093015671 148
1646514941229 0.05168731138110161 149
1646514941733 0.052480410784482956 150
1646514942118 0.030117308720946312 151
1646514942481 0.06272764503955841 152
1646514942943 0.04836732894182205 153
1646514943271 0.043505921959877014 154
1646514943568 0.053006429225206375 155
1646514943897 0.045310668647289276 156
1646514944218 0.028804337605834007 157
1646514944533 0.017855754122138023 158
1646514944865 0.03489967808127403 159
1646514945523 0.03343929722905159 160
1646514946011 0.055714935064315796 161
1646514946474 0.06636233627796173 162
1646514947044 0.027494223788380623 163
1646514947454 0.0447530560195446 164
1646514947814 0.04461559280753136 165
1646514948160 0.038071159273386 166
1646514948538 0.02169564738869667 167
1646514949148 0.05044892057776451 168
1646514949643 0.024638136848807335 169
1646514950105 0.03188100829720497 170
1646514950557 0.03847573325037956 171
1646514950901 0.019550476223230362 172
1646514951245 0.03701348602771759 173
1646514951617 0.041719816625118256 174
1646514951984 0.05581163614988327 175
1646514952348 0.03339484706521034 176
1646514952686 0.020176958292722702 177
1646514953258 0.019584394991397858 178
1646514953624 0.024663038551807404 179
1646514954020 0.04641100391745567 180
1646514954454 0.0242493636906147 181
1646514954768 0.044164422899484634 182
1646514955086 0.0280339103192091 183
1646514955400 0.05370775982737541 184
1646514955700 0.03659559041261673 185
1646514956030 0.03276076167821884 186
1646514956391 0.029858853667974472 187
1646514956865 0.013159656897187233 188
1646514957275 0.013278000988066196 189
1646514957661 0.016491137444972992 190
1646514958094 0.012440431863069534 191
1646514958406 0.04291089251637459 192
1646514958707 0.04069874435663223 193
1646514959010 0.06460842490196228 194
1646514959332 0.057772427797317505 195
1646514959651 0.02193039283156395 196
1646514959959 0.019607124850153923 197
1646514960483 0.019572166725993156 198
1646514960863 0.013146835379302502 199
1646514961296 0.022359268739819527 200
1646514961886 0.033742424100637436 201
1646514962266 0.01788433827459812 202
1646514962668 0.013815834186971188 203
1646514963014 0.01727943867444992 204
1646514963336 0.006769780069589615 205
1646514963649 0.022214915603399277 206
1646514964184 0.017814897000789642 207
1646514964604 0.01293682400137186 208
1646514964986 0.020934149622917175 209
1646514965469 0.007842877879738808 210
1646514965790 0.02238544635474682 211
1646514966095 0.015752026811242104 212
1646514966418 0.015256423503160477 213
1646514966716 0.019762085750699043 214
1646514967026 0.0518404021859169 215
1646514967355 0.01749766618013382 216
1646514967840 0.02019752562046051 217
1646514968257 0.005525057669728994 218
1646514968612 0.023022333160042763 219
1646514969080 0.02175161801278591 220
1646514969399 0.035849086940288544 221
1646514969696 0.022732798010110855 222
1646514969996 0.013143529184162617 223
1646514970332 0.008255249820649624 224
1646514970656 0.013685427606105804 225
1646514971002 0.02029247209429741 226
1646514971543 0.022135570645332336 227
1646514972008 0.018104080110788345 228
1646514972407 0.009260432794690132 229
1646514972934 0.038380369544029236 230
1646514973311 0.020518120378255844 231
1646514973611 0.006225964520126581 232
1646514973912 0.008519485592842102 233
1646514974239 0.006714682560414076 234
1646514974556 0.021742936223745346 235
1646514974866 0.022382613271474838 236
1646514975388 0.012093319557607174 237
1646514975750 0.013383141718804836 238
1646514976115 0.0059366533532738686 239
1646514976582 0.021732117980718613 240
1646514976892 0.026032699272036552 241
1646514977244 0.005632020067423582 242
1646514977593 0.018205882981419563 243
1646514977941 0.01790912076830864 244
1646514978341 0.014702423475682735 245
1646514978777 0.009487234055995941 246
1646514979207 0.01597299613058567 247
1646514979540 0.010518956929445267 248
1646514979936 0.016472848132252693 249
1646514980386 0.008722545579075813 250
1646514980702 0.01509750448167324 251
1646514981004 0.006063297390937805 252
1646514981330 0.018886856734752655 253
1646514981636 0.011766568757593632 254
1646514981953 0.011688641272485256 255
1646514982284 0.03900688514113426 256
1646514982796 0.009042906574904919 257
1646514983162 0.014376887120306492 258
1646514983551 0.013495496474206448 259
1646514984055 0.004758238326758146 260
1646514984394 0.021914688870310783 261
1646514984721 0.025310922414064407 262
1646514985042 0.014062798582017422 263
1646514985422 0.0074006966315209866 264
1646514985755 0.017631040886044502 265
1646514986248 0.015344269573688507 266
1646514986738 0.006926682312041521 267
1646514987111 0.005888739600777626 268
1646514987633 0.011790182441473007 269
1646514987952 0.01178623829036951 270
1646514988345 0.03226182237267494 271
1646514988661 0.01217111386358738 272
1646514988995 0.020389996469020844 273
1646514989346 0.011951318942010403 274
1646514989659 0.00862277951091528 275
1646514990154 0.0071607171557843685 276
1646514990525 0.007654037792235613 277
1646514990859 0.01994309388101101 278
1646514991381 0.017384015023708344 279
1646514991686 0.010600103996694088 280
1646514991997 0.009354858659207821 281
1646514992303 0.011999952606856823 282
1646514992615 0.010226283222436905 283
1646514992945 0.02941419929265976 284
1646514993313 0.010228551924228668 285
1646514993909 0.018802309408783913 286
1646514994389 0.013019382953643799 287
1646514994784 0.029728373512625694 288
1646514995298 0.005742180161178112 289
1646514995599 0.006222736556082964 290
1646514995899 0.01456368062645197 291
1646514996216 0.013854713179171085 292
1646514996537 0.007798448204994202 293
1646514996844 0.005798965226858854 294
1646514997171 0.015359310433268547 295
1646514997652 0.012107223272323608 296
1646514998019 0.0203420240432024 297
1646514998415 0.056362587958574295 298
1646514998920 0.011847217567265034 299
