1646514881588 0.95 0
1646514882742 0.9499993783330846 1
1646514882823 0.9499975133477971 2
1646514882861 0.9499944050905136 3
1646514882908 0.9499900536385262 4
1646514882944 0.9499844591000408 5
1646514882993 0.9499776216141751 6
1646514883026 0.9499695413509548 7
1646514883629 0.949960218511309 8
1646514883700 0.9499496533270657 9
1646514883761 0.9499378460609461 10
1646514883822 0.9499247970065575 11
1646514883913 0.9499105064883867 12
1646514883973 0.9498949748617913 13
1646514884022 0.9498782025129912 14
1646514884131 0.949860189859059 15
1646514884189 0.9498409373479095 16
1646514884225 0.9498204454582888 17
1646514884247 0.949798714699762 18
1646514884289 0.9497757456127007 19
1646514884321 0.94975153876827 20
1646514884355 0.9497260947684136 21
1646514884467 0.9496994142458393 22
1646514884488 0.9496714978640027 23
1646514884532 0.9496423463170918 24
1646514884563 0.9496119603300086 25
1646514884594 0.9495803406583515 26
1646514884632 0.9495474880883967 27
1646514884648 0.9495134034370785 28
1646514884775 0.9494780875519688 29
1646514884817 0.9494415413112564 30
1646514884848 0.9494037656237247 31
1646514884887 0.9493647614287297 32
1646514884918 0.949324529696176 33
1646514884959 0.9492830714264932 34
1646514884990 0.9492403876506104 35
1646514885111 0.9491964794299315 36
1646514885151 0.9491513478563078 37
1646514885198 0.9491049940520119 38
1646514885250 0.9490574191697085 39
1646514885365 0.9490086243924272 40
1646514885477 0.9489586109335315 41
1646514885548 0.9489073800366903 42
1646514885695 0.9488549329758454 43
1646514885764 0.9488012710551812 44
1646514885812 0.9487463956090911 45
1646514885848 0.9486903080021453 46
1646514885892 0.948633009629056 47
1646514885944 0.9485745019146433 48
1646514885991 0.9485147863137998 49
1646514886119 0.9484538643114538 50
1646514886165 0.9483917374225332 51
1646514886220 0.9483284071919273 52
1646514886261 0.9482638751944483 53
1646514886312 0.9481981430347927 54
1646514886353 0.9481312123475005 55
1646514886404 0.9480630847969159 56
1646514886609 0.9479937620771444 57
1646514886656 0.9479232459120117 58
1646514886706 0.9478515380550205 59
1646514886797 0.947778640289307 60
1646514886876 0.9477045544275962 61
1646514886917 0.9476292823121573 62
1646514886958 0.9475528258147576 63
1646514887130 0.9474751868366162 64
1646514887168 0.9473963673083565 65
1646514887199 0.9473163691899582 66
1646514887243 0.9472351944707085 67
1646514887274 0.947152845169153 68
1646514887312 0.9470693233330452 69
1646514887343 0.9469846310392954 70
1646514887479 0.9468987703939197 71
1646514887527 0.9468117435319868 72
1646514887559 0.9467235526175657 73
1646514887610 0.9466341998436714 74
1646514887652 0.9465436874322102 75
1646514887683 0.9464520176339251 76
1646514887775 0.9463591927283393 77
1646514888042 0.9462652150236998 78
1646514888081 0.9461700868569197 79
1646514888127 0.9460738105935204 80
1646514888174 0.9459763886275725 81
1646514888210 0.9458778233816366 82
1646514888257 0.9457781173067029 83
1646514888281 0.94567727288213 84
1646514888434 0.9455752926155836 85
1646514888457 0.9454721790429741 86
1646514888500 0.9453679347283932 87
1646514888530 0.9452625622640507 88
1646514888561 0.9451560642702095 89
1646514888602 0.945048443395121 90
1646514888633 0.9449397023149583 91
1646514888762 0.944829843733751 92
1646514888786 0.9447188703833168 93
1646514888817 0.9446067850231942 94
1646514888860 0.9444935904405733 95
1646514888897 0.9443792894502276 96
1646514888952 0.9442638848944427 97
1646514889008 0.9441473796429463 98
1646514889249 0.9440297765928368 99
1646514889308 0.9439110786685114 100
1646514889380 0.9437912888215928 101
1646514889438 0.9436704100308564 102
1646514889501 0.9435484453021562 103
1646514889551 0.9434253976683494 104
1646514889580 0.9433012701892219 105
1646514889714 0.9431760659514115 106
1646514889754 0.9430497880683315 107
1646514889796 0.9429224396800933 108
1646514889830 0.9427940239534279 109
1646514889862 0.9426645440816077 110
1646514889906 0.942534003284367 111
1646514889953 0.9424024048078212 112
1646514890080 0.9422697519243874 113
1646514890127 0.9421360479327019 114
1646514890181 0.9420012961575386 115
1646514890216 0.9418654999497261 116
1646514890258 0.941728662686065 117
1646514890359 0.9415907877692434 118
1646514890444 0.941451878627752 119
1646514890635 0.9413119387157997 120
1646514890671 0.9411709715132269 121
1646514890715 0.9410289805254195 122
1646514890749 0.9408859692832215 123
1646514890806 0.9407419413428472 124
1646514890849 0.9405969002857928 125
1646514890880 0.9404508497187474 126
1646514891023 0.9403037932735031 127
1646514891062 0.9401557346068651 128
1646514891109 0.9400066774005603 129
1646514891153 0.9398566253611461 130
1646514891184 0.9397055822199181 131
1646514891226 0.9395535517328171 132
1646514891250 0.939400537680336 133
1646514891378 0.9392465438674261 134
1646514891407 0.9390915741234015 135
1646514891451 0.9389356323018446 136
1646514891481 0.9387787222805106 137
1646514891512 0.9386208479612299 138
1646514891535 0.9384620132698124 139
1646514891566 0.9383022221559488 140
1646514891702 0.9381414785931133 141
1646514891735 0.9379797865784638 142
1646514891766 0.9378171501327436 143
1646514891811 0.9376535733001805 144
1646514891835 0.9374890601483866 145
1646514891878 0.9373236147682574 146
1646514891909 0.9371572412738697 147
1646514892055 0.9369899438023792 148
1646514892077 0.936821726513918 149
1646514892108 0.9366525935914912 150
1646514892151 0.9364825492408725 151
1646514892182 0.9363115976904997 152
1646514892235 0.9361397431913695 153
1646514892266 0.9359669900169325 154
1646514892397 0.9357933424629858 155
1646514892435 0.9356188048475672 156
1646514892482 0.9354433815108469 157
1646514892519 0.9352670768150204 158
1646514892567 0.9350898951441995 159
1646514892607 0.9349118409043036 160
1646514892636 0.9347329185229498 161
1646514892825 0.9345531324493432 162
1646514892947 0.9343724871541659 163
1646514893008 0.9341909871294659 164
1646514893071 0.934008636888546 165
1646514893140 0.9338254409658502 166
1646514893192 0.9336414039168526 167
1646514893253 0.9334565303179428 168
1646514893393 0.9332708247663131 169
1646514893448 0.933084291879843 170
1646514893490 0.9328969362969856 171
1646514893532 0.9327087626766517 172
1646514893591 0.9325197756980937 173
1646514893636 0.9323299800607899 174
1646514893683 0.9321393804843269 175
1646514893838 0.9319479817082827 176
1646514893881 0.9317557884921089 177
1646514893912 0.9315628056150119 178
1646514893955 0.9313690378758346 179
1646514894002 0.9311744900929366 180
1646514894048 0.9309791671040749 181
1646514894111 0.9307830737662829 182
1646514894345 0.9305862149557502 183
1646514894389 0.9303885955677015 184
1646514894429 0.9301902205162739 185
1646514894454 0.9299910947343957 186
1646514894496 0.9297912231736634 187
1646514894527 0.9295906108042183 188
1646514894555 0.9293892626146236 189
1646514894674 0.9291871836117395 190
1646514894699 0.9289843788205991 191
1646514894730 0.9287808532842836 192
1646514894772 0.9285766120637968 193
1646514894819 0.928371660237939 194
1646514894855 0.9281660029031811 195
1646514894896 0.9279596451735372 196
1646514895014 0.9277525921804387 197
1646514895055 0.927544849072605 198
1646514895102 0.9273364210159172 199
1646514895131 0.9271273131932879 200
1646514895171 0.9269175308045341 201
1646514895214 0.9267070790662464 202
1646514895246 0.9264959632116602 203
1646514895356 0.9262841884905252 204
1646514895393 0.9260717601689749 205
1646514895424 0.9258586835293956 206
1646514895456 0.9256449638702953 207
1646514895487 0.9254306065061715 208
1646514895525 0.9252156167673797 209
1646514895556 0.9249999999999999 210
1646514895674 0.9247837615657049 211
1646514895696 0.9245669068416256 212
1646514895727 0.9243494412202183 213
1646514895772 0.9241313701091305 214
1646514895803 0.9239126989310659 215
1646514895838 0.9236934331236499 216
1646514895872 0.9234735781392945 217
1646514896019 0.9232531394450625 218
1646514896046 0.9230321225225315 219
1646514896072 0.9228105328676581 220
1646514896116 0.9225883759906404 221
1646514896157 0.9223656574157816 222
1646514896194 0.9221423826813525 223
1646514896225 0.9219185573394538 224
1646514896357 0.9216941869558779 225
1646514896395 0.9214692771099704 226
1646514896442 0.9212438333944919 227
1646514896475 0.9210178614154783 228
1646514896538 0.9207913667921016 229
1646514896573 0.9205643551565306 230
1646514896651 0.9203368321537899 231
1646514896860 0.9201088034416208 232
1646514896929 0.9198802746903394 233
1646514896975 0.9196512515826961 234
1646514897041 0.9194217398137348 235
1646514897080 0.9191917450906499 236
1646514897131 0.9189612731326464 237
1646514897173 0.9187303296707956 238
1646514897418 0.9184989204478939 239
1646514897458 0.9182670512183198 240
1646514897509 0.9180347277478902 241
1646514897550 0.9178019558137178 242
1646514897599 0.9175687412040671 243
1646514897641 0.9173350897182103 244
1646514897679 0.9171010071662834 245
1646514897974 0.9168664993691414 246
1646514898023 0.9166315721582141 247
1646514898074 0.9163962313753602 248
1646514898143 0.916160482872723 249
1646514898206 0.9159243325125842 250
1646514898266 0.9156877861672185 251
1646514898295 0.9154508497187474 252
1646514898460 0.9152135290589928 253
1646514898514 0.9149758300893309 254
1646514898554 0.9147377587205452 255
1646514898595 0.9144993208726793 256
1646514898631 0.9142605224748901 257
1646514898705 0.9140213694653001 258
1646514898747 0.9137818677908499 259
1646514898896 0.9135420234071502 260
1646514898919 0.9133018422783337 261
1646514898966 0.9130613303769068 262
1646514899011 0.9128204936836014 263
1646514899043 0.9125793381872254 264
1646514899086 0.9123378698845146 265
1646514899111 0.9120960947799833 266
1646514899269 0.9118540188857749 267
1646514899296 0.9116116482215121 268
1646514899343 0.9113689888141481 269
1646514899388 0.9111260466978157 270
1646514899412 0.910882827913678 271
1646514899454 0.9106393385097781 272
1646514899485 0.910395584540888 273
1646514899622 0.9101515720683587 274
1646514899658 0.9099073071599698 275
1646514899696 0.9096627958897776 276
1646514899728 0.9094180443379648 277
1646514899775 0.9091730585906891 278
1646514899812 0.9089278447399318 279
1646514899843 0.9086824088833465 280
1646514899997 0.9084367571241072 281
1646514900034 0.9081908955707568 282
1646514900081 0.9079448303370551 283
1646514900119 0.9076985675418267 284
1646514900150 0.9074521133088087 285
1646514900197 0.907205473766499 286
1646514900244 0.9069586550480032 287
1646514900514 0.9067116632908827 288
1646514900574 0.9064645046370017 289
1646514900645 0.9062171852323743 290
1646514900707 0.9059697112270122 291
1646514900749 0.9057220887747716 292
1646514900802 0.9054743240331998 293
1646514900846 0.9052264231633826 294
1646514901045 0.9049783923297908 295
1646514901085 0.9047302377001268 296
1646514901117 0.9044819654451717 297
1646514901161 0.9042335817386311 298
1646514901217 0.9039850927569826 299
1646514901254 0.9037365046793212 300
1646514901285 0.9034878236872063 301
1646514901457 0.9032390559645076 302
1646514901486 0.9029902076972517 303
1646514901549 0.902741285073468 304
1646514901613 0.9024922942830348 305
1646514901665 0.9022432415175257 306
1646514901781 0.9019941329700553 307
1646514901822 0.9017449748351251 308
1646514901977 0.9014957733084699 309
1646514902002 0.9012465345869036 310
1646514902033 0.9009972648681649 311
1646514902062 0.9007479703507631 312
1646514902108 0.9004986572338246 313
1646514902141 0.9002493317169379 314
1646514902177 0.8999999999999999 315
1646514902312 0.899750668283062 316
1646514902341 0.8995013427661753 317
1646514902378 0.8992520296492368 318
1646514902417 0.899002735131835 319
1646514902448 0.8987534654130963 320
1646514902481 0.8985042266915301 321
1646514902520 0.8982550251648749 322
1646514902633 0.8980058670299448 323
1646514902663 0.8977567584824743 324
1646514902694 0.8975077057169651 325
1646514902734 0.897258714926532 326
1646514902763 0.8970097923027482 327
1646514902798 0.8967609440354923 328
1646514902814 0.8965121763127937 329
1646514902938 0.8962634953206787 330
1646514902964 0.8960149072430174 331
1646514902995 0.8957664182613688 332
1646514903040 0.8955180345548283 333
1646514903063 0.8952697622998731 334
1646514903106 0.8950216076702091 335
1646514903138 0.8947735768366173 336
1646514903264 0.8945256759668001 337
1646514903302 0.8942779112252284 338
1646514903333 0.8940302887729877 339
1646514903379 0.8937828147676257 340
1646514903411 0.8935354953629984 341
1646514903446 0.8932883367091172 342
1646514903484 0.8930413449519967 343
1646514903604 0.892794526233501 344
1646514903640 0.8925478866911912 345
1646514903664 0.8923014324581733 346
1646514903702 0.8920551696629448 347
1646514903734 0.8918091044292431 348
1646514903764 0.8915632428758927 349
1646514903795 0.8913175911166534 350
1646514903919 0.8910721552600681 351
1646514903941 0.8908269414093108 352
1646514903980 0.8905819556620351 353
1646514904026 0.8903372041102223 354
1646514904104 0.8900926928400301 355
1646514904180 0.8898484279316412 356
1646514904227 0.8896044154591121 357
1646514904440 0.8893606614902219 358
1646514904490 0.8891171720863219 359
1646514904524 0.8888739533021842 360
1646514904564 0.8886310111858519 361
1646514904608 0.8883883517784879 362
1646514904646 0.8881459811142252 363
1646514904677 0.8879039052200166 364
1646514904805 0.8876621301154852 365
1646514904829 0.8874206618127746 366
1646514904860 0.8871795063163985 367
1646514904898 0.8869386696230931 368
1646514904940 0.8866981577216662 369
1646514904981 0.8864579765928498 370
1646514905008 0.88621813220915 371
1646514905133 0.8859786305346998 372
1646514905189 0.8857394775251098 373
1646514905224 0.8855006791273207 374
1646514905262 0.8852622412794547 375
1646514905355 0.885024169910669 376
1646514905411 0.8847864709410072 377
1646514905462 0.8845491502812526 378
1646514905637 0.8843122138327815 379
1646514905654 0.8840756674874157 380
1646514905701 0.8838395171272769 381
1646514905737 0.8836037686246397 382
1646514905767 0.8833684278417859 383
1646514905798 0.8831335006308585 384
1646514905838 0.8828989928337165 385
1646514905951 0.8826649102817896 386
1646514905975 0.8824312587959329 387
1646514906006 0.8821980441862821 388
1646514906043 0.8819652722521097 389
1646514906067 0.8817329487816802 390
1646514906107 0.881501079552106 391
1646514906138 0.8812696703292043 392
1646514906271 0.8810387268673535 393
1646514906295 0.88080825490935 394
1646514906326 0.8805782601862653 395
1646514906367 0.8803487484173038 396
1646514906398 0.8801197253096605 397
1646514906428 0.8798911965583791 398
1646514906452 0.87966316784621 399
1646514906573 0.8794356448434694 400
1646514906595 0.8792086332078983 401
1646514906626 0.8789821385845217 402
1646514906668 0.878756166605508 403
1646514906699 0.8785307228900295 404
1646514906736 0.878305813044122 405
1646514906752 0.8780814426605461 406
1646514906874 0.8778576173186474 407
1646514906910 0.8776343425842184 408
1646514906941 0.8774116240093596 409
1646514906979 0.8771894671323418 410
1646514907010 0.8769678774774684 411
1646514907040 0.8767468605549374 412
1646514907068 0.8765264218607054 413
1646514907198 0.87630656687635 414
1646514907236 0.8760873010689341 415
1646514907268 0.8758686298908694 416
1646514907302 0.8756505587797816 417
1646514907334 0.8754330931583744 418
1646514907372 0.8752162384342951 419
1646514907403 0.875 420
1646514907525 0.8747843832326203 421
1646514907553 0.8745693934938285 422
1646514907584 0.8743550361297047 423
1646514907615 0.8741413164706043 424
1646514907646 0.8739282398310251 425
1646514907680 0.8737158115094747 426
1646514907711 0.8735040367883398 427
1646514907879 0.8732929209337535 428
1646514907939 0.8730824691954658 429
1646514907999 0.872872686806712 430
1646514908059 0.8726635789840828 431
1646514908123 0.8724551509273949 432
1646514908165 0.8722474078195612 433
1646514908212 0.8720403548264626 434
1646514908344 0.8718339970968189 435
1646514908384 0.8716283397620609 436
1646514908415 0.8714233879362031 437
1646514908460 0.8712191467157163 438
1646514908494 0.8710156211794009 439
1646514908535 0.8708128163882605 440
1646514908575 0.8706107373853763 441
1646514908715 0.8704093891957816 442
1646514908745 0.8702087768263366 443
1646514908791 0.8700089052656043 444
1646514908826 0.8698097794837261 445
1646514908860 0.8696114044322985 446
1646514908898 0.8694137850442496 447
1646514908945 0.869216926233717 448
1646514909147 0.869020832895925 449
1646514909267 0.8688255099070633 450
1646514909317 0.8686309621241654 451
1646514909354 0.868437194384988 452
1646514909385 0.868244211507891 453
1646514909417 0.8680520182917172 454
1646514909433 0.8678606195156731 455
1646514909550 0.86767001993921 456
1646514909585 0.8674802243019062 457
1646514909633 0.8672912373233482 458
1646514909672 0.8671030637030144 459
1646514909703 0.8669157081201571 460
1646514909741 0.866729175233687 461
1646514909772 0.8665434696820571 462
1646514909877 0.8663585960831474 463
1646514909913 0.8661745590341497 464
1646514909933 0.865991363111454 465
1646514909976 0.865809012870534 466
1646514910007 0.8656275128458341 467
1646514910036 0.8654468675506567 468
1646514910067 0.8652670814770501 469
1646514910180 0.8650881590956964 470
1646514910218 0.8649101048558004 471
1646514910249 0.8647329231849795 472
1646514910286 0.864556618489153 473
1646514910318 0.8643811951524327 474
1646514910354 0.8642066575370141 475
1646514910370 0.8640330099830674 476
1646514910490 0.8638602568086304 477
1646514910518 0.8636884023095003 478
1646514910550 0.8635174507591274 479
1646514910589 0.8633474064085087 480
1646514910618 0.8631782734860819 481
1646514910654 0.8630100561976208 482
1646514910685 0.8628427587261303 483
1646514910793 0.8626763852317425 484
1646514910818 0.8625109398516133 485
1646514910850 0.8623464266998194 486
1646514910893 0.8621828498672562 487
1646514910919 0.8620202134215361 488
1646514910960 0.8618585214068867 489
1646514910992 0.8616977778440511 490
1646514911100 0.8615379867301876 491
1646514911136 0.86137915203877 492
1646514911167 0.8612212777194893 493
1646514911206 0.8610643676981553 494
1646514911234 0.8609084258765984 495
1646514911275 0.8607534561325738 496
1646514911306 0.8605994623196639 497
1646514911422 0.860446448267183 498
1646514911478 0.860294417780082 499
1646514911537 0.8601433746388538 500
1646514911584 0.8599933225994396 501
1646514911652 0.8598442653931349 502
1646514911721 0.8596962067264968 503
1646514911790 0.8595491502812526 504
1646514911935 0.8594030997142071 505
1646514911960 0.8592580586571528 506
1646514912007 0.8591140307167784 507
1646514912046 0.8589710194745804 508
1646514912083 0.858829028486773 509
1646514912117 0.8586880612842003 510
1646514912168 0.8585481213722479 511
1646514912315 0.8584092122307565 512
1646514912339 0.8582713373139349 513
1646514912384 0.8581345000502738 514
1646514912417 0.8579987038424614 515
1646514912453 0.857863952067298 516
1646514912499 0.8577302480756125 517
1646514912545 0.8575975951921787 518
1646514912672 0.857465996715633 519
1646514912709 0.8573354559183922 520
1646514912752 0.857205976046572 521
1646514912831 0.8570775603199067 522
1646514912900 0.8569502119316684 523
1646514912931 0.8568239340485885 524
1646514912996 0.856698729810778 525
1646514913206 0.8565746023316505 526
1646514913243 0.8564515546978437 527
1646514913274 0.8563295899691435 528
1646514913322 0.8562087111784071 529
1646514913353 0.8560889213314885 530
1646514913396 0.8559702234071631 531
1646514913422 0.8558526203570537 532
1646514913569 0.8557361151055572 533
1646514913607 0.8556207105497723 534
1646514913654 0.8555064095594266 535
1646514913688 0.8553932149768058 536
1646514913723 0.8552811296166831 537
1646514913763 0.8551701562662489 538
1646514913807 0.8550602976850417 539
1646514913932 0.854951556604879 540
1646514913976 0.8548439357297904 541
1646514914007 0.8547374377359492 542
1646514914041 0.8546320652716067 543
1646514914088 0.8545278209570258 544
1646514914125 0.8544247073844163 545
1646514914172 0.8543227271178699 546
1646514914308 0.854221882693297 547
1646514914347 0.8541221766183633 548
1646514914394 0.8540236113724274 549
1646514914438 0.8539261894064796 550
1646514914485 0.8538299131430802 551
1646514914529 0.8537347849763002 552
1646514914560 0.8536408072716606 553
1646514914682 0.8535479823660749 554
1646514914709 0.8534563125677898 555
1646514914740 0.8533658001563286 556
1646514914781 0.8532764473824342 557
1646514914809 0.8531882564680131 558
1646514914850 0.8531012296060803 559
1646514914882 0.8530153689607045 560
1646514915011 0.8529306766669548 561
1646514915043 0.8528471548308469 562
1646514915074 0.8527648055292915 563
1646514915109 0.8526836308100417 564
1646514915156 0.8526036326916434 565
1646514915209 0.8525248131633837 566
1646514915269 0.8524471741852423 567
1646514915513 0.8523707176878427 568
1646514915561 0.8522954455724038 569
1646514915602 0.8522213597106929 570
1646514915645 0.8521484619449794 571
1646514915687 0.8520767540879882 572
1646514915730 0.8520062379228556 573
1646514915771 0.851936915203084 574
1646514915908 0.8518687876524994 575
1646514915947 0.8518018569652073 576
1646514915990 0.8517361248055516 577
1646514916021 0.8516715928080726 578
1646514916071 0.8516082625774667 579
1646514916102 0.8515461356885461 580
1646514916139 0.8514852136862001 581
1646514916291 0.8514254980853566 582
1646514916313 0.851366990370944 583
1646514916360 0.8513096919978547 584
1646514916397 0.8512536043909088 585
1646514916428 0.8511987289448187 586
1646514916517 0.8511450670241545 587
1646514916574 0.8510926199633096 588
1646514916779 0.8510413890664684 589
1646514916803 0.8509913756075728 590
1646514916835 0.8509425808302914 591
1646514916873 0.8508950059479881 592
1646514916903 0.8508486521436921 593
1646514916944 0.8508035205700685 594
1646514916975 0.8507596123493896 595
1646514917092 0.8507169285735068 596
1646514917122 0.850675470303824 597
1646514917153 0.8506352385712702 598
1646514917204 0.8505962343762752 599
1646514917235 0.8505584586887436 600
1646514917267 0.8505219124480311 601
1646514917304 0.8504865965629215 602
1646514917422 0.8504525119116032 603
1646514917446 0.8504196593416484 604
1646514917478 0.8503880396699913 605
1646514917520 0.850357653682908 606
1646514917551 0.8503285021359972 607
1646514917582 0.8503005857541607 608
1646514917620 0.8502739052315863 609
1646514917733 0.8502484612317299 610
1646514917764 0.8502242543872992 611
1646514917796 0.850201285300238 612
1646514917830 0.8501795545417112 613
1646514917861 0.8501590626520904 614
1646514917896 0.850139810140941 615
1646514917920 0.8501217974870088 616
1646514918035 0.8501050251382086 617
1646514918058 0.8500894935116132 618
1646514918089 0.8500752029934424 619
1646514918134 0.8500621539390538 620
1646514918181 0.8500503466729342 621
1646514918220 0.850039781488691 622
1646514918251 0.8500304586490451 623
1646514918368 0.8500223783858248 624
1646514918403 0.8500155408999591 625
1646514918436 0.8500099463614738 626
1646514918470 0.8500055949094864 627
1646514918507 0.8500024866522028 628
1646514918538 0.8500006216669154 629
1646514918579 0.8500001141839123 630
1646514918690 0.8500004567351277 631
1646514918713 0.8500010276520816 632
1646514918760 0.8500018269321666 633
1646514918794 0.850002854571732 634
1646514918821 0.850004110566084 635
1646514918859 0.8500055949094864 636
1646514918905 0.8500073075951593 637
1646514919238 0.8500092486152805 638
1646514919289 0.8500114179609846 639
1646514919340 0.8500138156223634 640
1646514919391 0.850016441588466 641
1646514919431 0.8500192958472986 642
1646514919472 0.8500223783858248 643
1646514919523 0.8500256891899656 644
1646514919663 0.8500292282445993 645
1646514919702 0.8500329955335618 646
1646514919749 0.8500369910396466 647
1646514919792 0.8500412147446047 648
1646514919823 0.850045666629145 649
1646514919863 0.8500503466729342 650
1646514919895 0.8500552548545969 651
1646514920027 0.8500603911517155 652
1646514920064 0.8500657555408307 653
1646514920110 0.8500713479974417 654
1646514920149 0.8500771684960056 655
1646514920179 0.8500832170099379 656
1646514920260 0.8500894935116132 657
1646514920317 0.8500959979723643 658
1646514920541 0.8501027303624832 659
1646514920564 0.8501096906512204 660
1646514920596 0.850116878806786 661
1646514920633 0.850124294796349 662
1646514920664 0.850131938586038 663
1646514920701 0.850139810140941 664
1646514920732 0.8501479094251059 665
1646514920851 0.8501562364015404 666
1646514920884 0.8501647910322121 667
1646514920915 0.8501735732780491 668
1646514920943 0.8501825830989397 669
1646514920981 0.8501918204537328 670
1646514921014 0.850201285300238 671
1646514921045 0.8502109775952262 672
1646514921167 0.8502208972944292 673
1646514921207 0.85023104435254 674
1646514921239 0.8502414187232137 675
1646514921265 0.8502520203590664 676
1646514921296 0.850262849211677 677
1646514921337 0.8502739052315863 678
1646514921365 0.8502851883682973 679
1646514921486 0.850296698570276 680
1646514921507 0.8503084357849511 681
1646514921538 0.8503203999587147 682
1646514921580 0.850332591036922 683
1646514921612 0.8503450089638922 684
1646514921649 0.850357653682908 685
1646514921681 0.8503705251362167 686
1646514921803 0.8503836232650296 687
1646514921824 0.8503969480095228 688
1646514921865 0.8504104993088377 689
1646514921899 0.8504242771010805 690
1646514921931 0.850438281323323 691
1646514921965 0.8504525119116032 692
1646514921997 0.8504669688009249 693
1646514922121 0.850481651925258 694
1646514922166 0.8504965612175399 695
1646514922213 0.8505116966096742 696
1646514922246 0.8505270580325324 697
1646514922281 0.8505426454159531 698
1646514922312 0.8505584586887436 699
1646514922343 0.8505744977786787 700
1646514922467 0.8505907626125022 701
1646514922491 0.8506072531159269 702
1646514922524 0.8506239692136348 703
1646514922566 0.8506409108292775 704
1646514922613 0.8506580778854765 705
1646514922667 0.850675470303824 706
1646514922746 0.8506930880048822 707
1646514922941 0.8507109309081852 708
1646514922988 0.8507289989322379 709
1646514923030 0.8507472919945172 710
1646514923092 0.8507658100114721 711
1646514923128 0.8507845528985244 712
1646514923175 0.8508035205700685 713
1646514923214 0.8508227129394723 714
1646514923356 0.8508421299190775 715
1646514923399 0.8508617714201998 716
1646514923430 0.8508816373531294 717
1646514923483 0.8509017276271315 718
1646514923530 0.8509220421504468 719
1646514923566 0.8509425808302914 720
1646514923599 0.850963343572858 721
1646514923771 0.8509843302833157 722
1646514923815 0.8510055408658106 723
1646514923862 0.8510269752234666 724
1646514923900 0.8510486332583853 725
1646514923978 0.8510705148716468 726
1646514924016 0.8510926199633096 727
1646514924062 0.8511149484324124 728
1646514924264 0.8511375001769728 729
1646514924292 0.851160275093989 730
1646514924323 0.8511832730794398 731
1646514924361 0.8512064940282852 732
1646514924382 0.851229937834467 733
1646514924424 0.8512536043909088 734
1646514924456 0.8512774935895171 735
1646514924571 0.8513016053211814 736
1646514924600 0.8513259394757747 737
1646514924632 0.8513504959421545 738
1646514924664 0.8513752746081624 739
1646514924698 0.8514002753606256 740
1646514924732 0.8514254980853566 741
1646514924763 0.8514509426671544 742
1646514924882 0.8514766089898043 743
1646514924902 0.8515024969360792 744
1646514924949 0.8515286063877395 745
1646514924982 0.8515549372255342 746
1646514925014 0.8515814893292009 747
1646514925042 0.8516082625774667 748
1646514925082 0.8516352568480485 749
1646514925201 0.851662472017654 750
1646514925224 0.8516899079619817 751
1646514925255 0.851717564555722 752
1646514925282 0.8517454416725573 753
1646514925329 0.8517735391851629 754
1646514925359 0.8518018569652073 755
1646514925382 0.8518303948833533 756
1646514925506 0.851859152809258 757
1646514925530 0.8518881306115735 758
1646514925561 0.8519173281579482 759
1646514925605 0.8519467453150262 760
1646514925636 0.851976381948449 761
1646514925669 0.8520062379228556 762
1646514925698 0.8520363131018829 763
1646514925814 0.852066607348167 764
1646514925851 0.8520971205233432 765
1646514925883 0.852127852488047 766
1646514925921 0.8521588031019145 767
1646514925952 0.8521899722235834 768
1646514925983 0.8522213597106929 769
1646514926014 0.8522529654198855 770
1646514926131 0.8522847892068064 771
1646514926167 0.8523168309261051 772
1646514926210 0.8523490904314356 773
1646514926241 0.8523815675754574 774
1646514926274 0.8524142622098356 775
1646514926314 0.8524471741852423 776
1646514926345 0.8524803033513567 777
1646514926483 0.8525136495568661 778
1646514926531 0.8525472126494665 779
1646514926583 0.8525809924758634 780
1646514926646 0.852614988881772 781
1646514926714 0.8526492017119189 782
1646514926777 0.8526836308100417 783
1646514926821 0.8527182760188906 784
1646514926966 0.8527531371802285 785
1646514927005 0.8527882141348321 786
1646514927052 0.8528235067224923 787
1646514927088 0.8528590147820153 788
1646514927121 0.8528947381512233 789
1646514927168 0.8529306766669548 790
1646514927221 0.8529668301650658 791
1646514927352 0.8530031984804305 792
1646514927376 0.8530397814469417 793
1646514927421 0.853076578897512 794
1646514927464 0.8531135906640742 795
1646514927506 0.8531508165775826 796
1646514927544 0.8531882564680131 797
1646514927591 0.8532259101643643 798
1646514927762 0.8532637774946584 799
1646514927822 0.8533018582859418 800
1646514927884 0.853340152364286 801
1646514927929 0.8533786595547881 802
1646514927989 0.8534173796815723 803
1646514928061 0.8534563125677898 804
1646514928106 0.8534954580356202 805
1646514928238 0.8535348159062723 806
1646514928275 0.8535743859999848 807
1646514928310 0.8536141681360266 808
1646514928357 0.8536541621326988 809
1646514928395 0.8536943678073345 810
1646514928432 0.8537347849763002 811
1646514928463 0.8537754134549959 812
1646514928580 0.8538162530578571 813
1646514928621 0.8538573035983548 814
1646514928652 0.8538985648889964 815
1646514928695 0.8539400367413271 816
1646514928727 0.8539817189659299 817
1646514928762 0.8540236113724274 818
1646514928801 0.854065713769482 819
1646514928941 0.8541080259647971 820
1646514928980 0.8541505477651177 821
1646514929027 0.8541932789762317 822
1646514929064 0.8542362194029703 823
1646514929111 0.8542793688492094 824
1646514929166 0.8543227271178699 825
1646514929218 0.8543662940109193 826
1646514929356 0.8544100693293721 827
1646514929396 0.8544540528732907 828
1646514929443 0.8544982444417867 829
1646514929496 0.8545426438330213 830
1646514929527 0.8545872508442066 831
1646514929580 0.8546320652716067 832
1646514929612 0.8546770869105381 833
1646514929767 0.8547223155553707 834
1646514929798 0.8547677509995295 835
1646514929844 0.8548133930354943 836
1646514929896 0.8548592414548019 837
1646514929938 0.854905296048046 838
1646514929996 0.854951556604879 839
1646514930037 0.8549980229140125 840
1646514930284 0.8550446947632181 841
1646514930386 0.855091571939329 842
1646514930485 0.8551386542282404 843
1646514930528 0.8551859414149107 844
1646514930579 0.8552334332833623 845
1646514930640 0.8552811296166831 846
1646514930709 0.8553290301970269 847
1646514930904 0.8553771348056147 848
1646514930955 0.8554254432227355 849
1646514931006 0.8554739552277476 850
1646514931034 0.8555226705990794 851
1646514931081 0.8555715891142304 852
1646514931114 0.8556207105497723 853
1646514931150 0.85567003468135 854
1646514931297 0.8557195612836825 855
1646514931350 0.8557692901305645 856
1646514931388 0.8558192209948662 857
1646514931420 0.8558693536485358 858
1646514931454 0.8559196878625995 859
1646514931534 0.8559702234071631 860
1646514931582 0.8560209600514126 861
1646514931793 0.8560718975636158 862
1646514931814 0.8561230357111228 863
1646514931850 0.8561743742603676 864
1646514931893 0.8562259129768686 865
1646514931934 0.8562776516252302 866
1646514931970 0.8563295899691434 867
1646514932001 0.8563817277713875 868
1646514932109 0.8564340647938306 869
1646514932136 0.8564866007974304 870
1646514932183 0.8565393355422368 871
1646514932221 0.856592268787391 872
1646514932251 0.8566454002911283 873
1646514932286 0.856698729810778 874
1646514932317 0.8567522571027653 875
1646514932430 0.8568059819226118 876
1646514932462 0.8568599040249373 877
1646514932496 0.8569140231634602 878
1646514932536 0.8569683390909991 879
1646514932567 0.857022851559474 880
1646514932601 0.8570775603199067 881
1646514932633 0.8571324651224229 882
1646514932736 0.857187565716253 883
1646514932774 0.8572428618497326 884
1646514932805 0.8572983532703049 885
1646514932837 0.8573540397245205 886
1646514932868 0.8574099209580398 887
1646514932911 0.857465996715633 888
1646514932937 0.8575222667411823 889
1646514933056 0.8575787307776823 890
1646514933080 0.8576353885672419 891
1646514933127 0.8576922398510843 892
1646514933163 0.8577492843695499 893
1646514933210 0.8578065218620958 894
1646514933252 0.857863952067298 895
1646514933283 0.8579215747228524 896
1646514933400 0.8579793895655755 897
1646514933421 0.8580373963314065 898
1646514933468 0.858095594755408 899
1646514933502 0.8581539845717667 900
1646514933537 0.8582125655137957 901
1646514933569 0.8582713373139348 902
1646514933600 0.8583302997037525 903
1646514933713 0.8583894524139463 904
1646514933737 0.8584487951743448 905
1646514933768 0.8585083277139084 906
1646514933821 0.8585680497607309 907
1646514933874 0.8586279610420402 908
1646514933944 0.8586880612842003 909
1646514933997 0.8587483502127118 910
1646514934207 0.8588088275522139 911
1646514934265 0.8588694930264849 912
1646514934305 0.8589303463584439 913
1646514934352 0.8589913872701522 914
1646514934388 0.8590526154828141 915
1646514934435 0.8591140307167784 916
1646514934477 0.8591756326915401 917
1646514934606 0.8592374211257408 918
1646514934643 0.8592993957371707 919
1646514934688 0.8593615562427699 920
1646514934719 0.8594239023586289 921
1646514934761 0.8594864337999909 922
1646514934803 0.8595491502812526 923
1646514934845 0.8596120515159653 924
1646514934972 0.8596751372168369 925
1646514934995 0.8597384070957321 926
1646514935042 0.8598018608636753 927
1646514935088 0.8598654982308501 928
1646514935135 0.8599293189066022 929
1646514935219 0.8599933225994396 930
1646514935266 0.8600575090170349 931
1646514935495 0.8601218778662257 932
1646514935526 0.8601864288530165 933
1646514935551 0.8602511616825801 934
1646514935587 0.8603160760592583 935
1646514935619 0.8603811716865643 936
1646514935651 0.8604464482671829 937
1646514935682 0.8605119055029729 938
1646514935805 0.8605775430949676 939
1646514935829 0.8606433607433768 940
1646514935866 0.8607093581475879 941
1646514935900 0.8607755350061671 942
1646514935931 0.8608418910168611 943
1646514935966 0.8609084258765984 944
1646514935982 0.8609751392814907 945
1646514936111 0.861042030926834 946
1646514936134 0.8611091005071101 947
1646514936182 0.8611763477159886 948
1646514936218 0.8612437722463274 949
1646514936250 0.8613113737901746 950
1646514936282 0.86137915203877 951
1646514936313 0.8614471066825461 952
1646514936421 0.8615152374111297 953
1646514936451 0.8615835439133436 954
1646514936482 0.8616520258772076 955
1646514936517 0.8617206829899402 956
1646514936551 0.86178951493796 957
1646514936582 0.8618585214068867 958
1646514936613 0.8619277020815432 959
1646514936722 0.8619970566459569 960
1646514936751 0.8620665847833607 961
1646514936782 0.8621362861761948 962
1646514936824 0.8622061605061079 963
1646514936851 0.8622762074539593 964
1646514936886 0.8623464266998194 965
1646514936908 0.8624168179229721 966
1646514937029 0.8624873808019154 967
1646514937051 0.8625581150143635 968
1646514937082 0.8626290202372482 969
1646514937128 0.8627000961467199 970
1646514937167 0.8627713424181496 971
1646514937216 0.8628427587261303 972
1646514937251 0.862914344744478 973
1646514937351 0.8629861001462342 974
1646514937390 0.8630580246036661 975
1646514937421 0.8631301177882692 976
1646514937452 0.8632023793707683 977
1646514937483 0.8632748090211187 978
1646514937517 0.8633474064085087 979
1646514937567 0.8634201712013599 980
1646514937752 0.8634931030673297 981
1646514937815 0.8635662016733122 982
1646514937875 0.8636394666854401 983
1646514937926 0.8637128977690859 984
1646514937982 0.8637864945888636 985
1646514938013 0.8638602568086304 986
1646514938061 0.8639341840914879 987
1646514938203 0.8640082760997838 988
1646514938245 0.8640825324951136 989
1646514938288 0.8641569529383217 990
1646514938335 0.8642315370895036 991
1646514938375 0.8643062846080068 992
1646514938406 0.8643811951524327 993
1646514938445 0.8644562683806383 994
1646514938569 0.8645315039497371 995
1646514938611 0.8646069015161016 996
1646514938660 0.8646824607353644 997
1646514938696 0.8647581812624194 998
1646514938727 0.864834062751424 999
1646514938763 0.8649101048558004 1000
1646514938808 0.8649863072282372 1001
1646514939039 0.8650626695206911 1002
1646514939107 0.8651391913843881 1003
1646514939151 0.8652158724698257 1004
1646514939182 0.865292712426774 1005
1646514939226 0.8653697109042775 1006
1646514939257 0.8654468675506567 1007
1646514939275 0.8655241820135098 1008
1646514939407 0.865601653939714 1009
1646514939430 0.8656792829754274 1010
1646514939462 0.8657570687660906 1011
1646514939500 0.865835010956428 1012
1646514939523 0.86591310919045 1013
1646514939563 0.865991363111454 1014
1646514939595 0.8660697723620265 1015
1646514939708 0.8661483365840446 1016
1646514939744 0.8662270554186772 1017
1646514939775 0.8663059285063875 1018
1646514939808 0.8663849554869342 1019
1646514939839 0.8664641359993726 1020
1646514939873 0.8665434696820571 1021
1646514939904 0.8666229561726426 1022
1646514940008 0.8667025951080859 1023
1646514940044 0.8667823861246476 1024
1646514940076 0.8668623288578938 1025
1646514940108 0.8669424229426974 1026
1646514940139 0.8670226680132402 1027
1646514940181 0.8671030637030144 1028
1646514940209 0.8671836096448241 1029
1646514940324 0.8672643054707874 1030
1646514940349 0.8673451508123375 1031
1646514940380 0.8674261453002252 1032
1646514940425 0.8675072885645196 1033
1646514940456 0.8675885802346106 1034
1646514940484 0.86767001993921 1035
1646514940509 0.8677516073063538 1036
1646514940629 0.8678333419634032 1037
1646514940651 0.8679152235370472 1038
1646514940698 0.8679972516533032 1039
1646514940732 0.8680794259375197 1040
1646514940763 0.8681617460143773 1041
1646514940805 0.868244211507891 1042
1646514940825 0.8683268220414114 1043
1646514940946 0.8684095772376269 1044
1646514940968 0.8684924767185649 1045
1646514941010 0.8685755201055938 1046
1646514941043 0.868658707019425 1047
1646514941074 0.8687420370801142 1048
1646514941110 0.8688255099070633 1049
1646514941141 0.8689091251190221 1050
1646514941310 0.8689928823340901 1051
1646514941360 0.8690767811697184 1052
1646514941410 0.8691608212427109 1053
1646514941472 0.8692450021692267 1054
1646514941533 0.8693293235647817 1055
1646514941617 0.8694137850442496 1056
1646514941653 0.8694983862218651 1057
1646514941786 0.8695831267112243 1058
1646514941823 0.8696680061252872 1059
1646514941864 0.8697530240763792 1060
1646514941897 0.8698381801761932 1061
1646514941949 0.8699234740357906 1062
1646514941994 0.8700089052656043 1063
1646514942033 0.8700944734754392 1064
1646514942173 0.8701801782744748 1065
1646514942218 0.8702660192712668 1066
1646514942249 0.8703519960737487 1067
1646514942286 0.8704381082892338 1068
1646514942317 0.870524355524417 1069
1646514942366 0.8706107373853763 1070
1646514942397 0.8706972534775751 1071
1646514942556 0.8707839034058633 1072
1646514942618 0.8708706867744802 1073
1646514942677 0.8709576031870548 1074
1646514942768 0.8710446522466091 1075
1646514942812 0.871131833555559 1076
1646514942849 0.8712191467157163 1077
1646514942888 0.8713065913282907 1078
1646514942999 0.8713941669938915 1079
1646514943022 0.8714818733125294 1080
1646514943053 0.8715697098836184 1081
1646514943092 0.8716576763059775 1082
1646514943127 0.8717457721778328 1083
1646514943157 0.8718339970968189 1084
1646514943196 0.8719223506599812 1085
1646514943322 0.8720108324637776 1086
1646514943344 0.8720994421040801 1087
1646514943375 0.8721881791761767 1088
1646514943412 0.8722770432747738 1089
1646514943443 0.8723660339939974 1090
1646514943473 0.8724551509273948 1091
1646514943496 0.8725443936679376 1092
1646514943622 0.8726337618080222 1093
1646514943653 0.8727232549394726 1094
1646514943684 0.8728128726535415 1095
1646514943719 0.872902614540913 1096
1646514943750 0.872992480191704 1097
1646514943789 0.8730824691954658 1098
1646514943828 0.8731725811411868 1099
1646514943939 0.8732628156172935 1100
1646514943962 0.8733531722116529 1101
1646514943998 0.8734436505115741 1102
1646514944039 0.8735342501038106 1103
1646514944070 0.8736249705745618 1104
1646514944098 0.8737158115094747 1105
1646514944129 0.8738067724936467 1106
1646514944268 0.8738978531116264 1107
1646514944298 0.8739890529474161 1108
1646514944329 0.8740803715844737 1109
1646514944371 0.8741718086057144 1110
1646514944398 0.8742633635935129 1111
1646514944439 0.8743550361297047 1112
1646514944470 0.8744468257955886 1113
1646514944589 0.8745387321719288 1114
1646514944617 0.8746307548389558 1115
1646514944648 0.8747228933763695 1116
1646514944688 0.8748151473633402 1117
1646514944730 0.874907516378511 1118
1646514944764 0.875 1119
1646514944799 0.8750925978054012 1120
1646514944935 0.8751853093717874 1121
1646514945006 0.8752781342757121 1122
1646514945073 0.8753710720932107 1123
1646514945137 0.8754641223998031 1124
1646514945251 0.8755572847704953 1125
1646514945327 0.8756505587797816 1126
1646514945391 0.8757439440016463 1127
1646514945605 0.875837440009566 1128
1646514945665 0.8759310463765109 1129
1646514945727 0.8760247626749473 1130
1646514945778 0.8761185884768397 1131
1646514945839 0.8762125233536519 1132
1646514945888 0.87630656687635 1133
1646514945930 0.8764007186154038 1134
1646514946076 0.8764949781407887 1135
1646514946124 0.8765893450219877 1136
1646514946171 0.8766838188279937 1137
1646514946218 0.8767783991273113 1138
1646514946264 0.8768730854879582 1139
1646514946318 0.8769678774774683 1140
1646514946371 0.8770627746628928 1141
1646514946571 0.8771577766108024 1142
1646514946630 0.8772528828872892 1143
1646514946685 0.8773480930579691 1144
1646514946743 0.8774434066879833 1145
1646514946835 0.8775388233420003 1146
1646514946896 0.8776343425842184 1147
1646514946948 0.877729963978367 1148
1646514947087 0.8778256870877092 1149
1646514947142 0.8779215114750436 1150
1646514947183 0.8780174367027058 1151
1646514947237 0.8781134623325713 1152
1646514947298 0.8782095879260566 1153
1646514947345 0.878305813044122 1154
1646514947383 0.8784021372472731 1155
1646514947497 0.8784985600955628 1156
1646514947549 0.8785950811485936 1157
1646514947583 0.8786916999655197 1158
1646514947630 0.8787884161050481 1159
1646514947663 0.878885229125442 1160
1646514947708 0.8789821385845217 1161
1646514947747 0.8790791440396672 1162
1646514947865 0.87917624504782 1163
1646514947903 0.8792734411654852 1164
1646514947945 0.8793707319487334 1165
1646514947983 0.879468116953203 1166
1646514948014 0.879565595734102 1167
1646514948052 0.8796631678462099 1168
1646514948083 0.8797608328438803 1169
1646514948203 0.8798585902810421 1170
1646514948255 0.8799564397112024 1171
1646514948299 0.8800543806874479 1172
1646514948330 0.8801524127624473 1173
1646514948386 0.880250535488453 1174
1646514948419 0.8803487484173038 1175
1646514948451 0.8804470511004261 1176
1646514948596 0.8805454430888364 1177
1646514948633 0.8806439239331436 1178
1646514948679 0.8807424931835505 1179
1646514948771 0.8808411503898561 1180
1646514948849 0.8809398951014579 1181
1646514948916 0.8810387268673535 1182
1646514948986 0.8811376452361431 1183
1646514949237 0.8812366497560312 1184
1646514949301 0.881335739974829 1185
1646514949362 0.8814349154399558 1186
1646514949403 0.8815341756984422 1187
1646514949454 0.881633520296931 1188
1646514949508 0.8817329487816802 1189
1646514949548 0.8818324606985644 1190
1646514949692 0.8819320555930772 1191
1646514949729 0.8820317330103331 1192
1646514949776 0.88213149249507 1193
1646514949816 0.8822313335916505 1194
1646514949847 0.882331255844065 1195
1646514949903 0.8824312587959329 1196
1646514949934 0.8825313419905049 1197
1646514950216 0.8826315049706654 1198
1646514950308 0.8827317472789346 1199
1646514950348 0.8828320684574699 1200
1646514950382 0.8829324680480688 1201
1646514950417 0.8830329455921706 1202
1646514950448 0.8831335006308585 1203
1646514950495 0.8832341327048617 1204
1646514950600 0.8833348413545579 1205
1646514950641 0.8834356261199745 1206
1646514950666 0.8835364865407918 1207
1646514950712 0.8836374221563441 1208
1646514950759 0.8837384325056226 1209
1646514950792 0.8838395171272769 1210
1646514950823 0.8839406755596176 1211
1646514950945 0.8840419073406182 1212
1646514950982 0.8841432120079168 1213
1646514951023 0.8842445890988189 1214
1646514951066 0.8843460381502993 1215
1646514951103 0.8844475586990042 1216
1646514951134 0.8845491502812526 1217
1646514951167 0.8846508124330399 1218
1646514951294 0.8847525446900386 1219
1646514951317 0.8848543465876013 1220
1646514951367 0.8849562176607626 1221
1646514951412 0.8850581574442407 1222
1646514951452 0.8851601654724405 1223
1646514951499 0.8852622412794547 1224
1646514951538 0.8853643843990671 1225
1646514951669 0.8854665943647533 1226
1646514951702 0.885568870709684 1227
1646514951749 0.885671212966727 1228
1646514951786 0.8857736206684483 1229
1646514951833 0.8858760933471157 1230
1646514951888 0.8859786305346998 1231
1646514951911 0.8860812317628768 1232
1646514952041 0.8861838965630302 1233
1646514952068 0.8862866244662535 1234
1646514952115 0.8863894150033514 1235
1646514952155 0.8864922677048431 1236
1646514952200 0.8865951821009637 1237
1646514952243 0.8866981577216662 1238
1646514952284 0.8868011940966245 1239
1646514952393 0.8869042907552346 1240
1646514952416 0.8870074472266173 1241
1646514952448 0.8871106630396203 1242
1646514952494 0.8872139377228202 1243
1646514952525 0.8873172708045246 1244
1646514952557 0.8874206618127746 1245
1646514952585 0.8875241102753464 1246
1646514952770 0.8876276157197542 1247
1646514952873 0.8877311776732517 1248
1646514952962 0.8878347956628345 1249
1646514953012 0.8879384692152423 1250
1646514953073 0.888042197856961 1251
1646514953111 0.888145981114225 1252
1646514953173 0.8882498185130192 1253
1646514953313 0.888353709579081 1254
1646514953350 0.888457653837903 1255
1646514953390 0.8885616508147347 1256
1646514953421 0.8886657000345848 1257
1646514953461 0.8887698010222234 1258
1646514953505 0.8888739533021842 1259
1646514953550 0.8889781563987667 1260
1646514953674 0.8890824098360381 1261
1646514953712 0.8891867131378358 1262
1646514953743 0.8892910658277694 1263
1646514953774 0.8893954674292232 1264
1646514953821 0.8894999174653575 1265
1646514953858 0.8896044154591121 1266
1646514953898 0.8897089609332071 1267
1646514954116 0.8898135534101462 1268
1646514954209 0.8899181924122183 1269
1646514954257 0.8900228774614998 1270
1646514954283 0.8901276080798566 1271
1646514954324 0.8902323837889468 1272
1646514954355 0.8903372041102223 1273
1646514954389 0.8904420685649314 1274
1646514954495 0.8905469766741205 1275
1646514954517 0.8906519279586373 1276
1646514954548 0.8907569219391316 1277
1646514954590 0.8908619581360584 1278
1646514954621 0.89096703606968 1279
1646514954668 0.8910721552600681 1280
1646514954699 0.8911773152271059 1281
1646514954821 0.8912825154904902 1282
1646514954842 0.891387755569734 1283
1646514954884 0.8914930349841683 1284
1646514954920 0.8915983532529446 1285
1646514954952 0.8917037098950366 1286
1646514954984 0.8918091044292431 1287
1646514955015 0.8919145363741896 1288
1646514955126 0.892020005248331 1289
1646514955152 0.8921255105699532 1290
1646514955200 0.8922310518571758 1291
1646514955235 0.8923366286279542 1292
1646514955269 0.8924422404000816 1293
1646514955302 0.8925478866911912 1294
1646514955333 0.8926535670187591 1295
1646514955442 0.8927592809001053 1296
1646514955469 0.8928650278523969 1297
1646514955500 0.8929708073926498 1298
1646514955537 0.8930766190377313 1299
1646514955569 0.8931824623043617 1300
1646514955609 0.8932883367091172 1301
1646514955640 0.8933942417684316 1302
1646514955752 0.8935001769985987 1303
1646514955788 0.8936061419157747 1304
1646514955819 0.8937121360359799 1305
1646514955858 0.8938181588751013 1306
1646514955885 0.893924209948895 1307
1646514955926 0.8940302887729877 1308
1646514955957 0.8941363948628799 1309
1646514956072 0.894242527733947 1310
1646514956108 0.8943486869014424 1311
1646514956139 0.8944548718804994 1312
1646514956170 0.8945610821861334 1313
1646514956217 0.894667317333244 1314
1646514956250 0.8947735768366173 1315
1646514956286 0.8948798602109284 1316
1646514956471 0.8949861669707432 1317
1646514956529 0.8950924966305208 1318
1646514956593 0.8951988487046159 1319
1646514956646 0.8953052227072804 1320
1646514956701 0.8954116181526666 1321
1646514956743 0.8955180345548283 1322
1646514956788 0.895624471427724 1323
1646514956912 0.8957309282852185 1324
1646514956969 0.8958374046410855 1325
1646514957012 0.8959439000090094 1326
1646514957059 0.8960504139025879 1327
1646514957112 0.8961569458353341 1328
1646514957143 0.8962634953206787 1329
1646514957191 0.8963700618719723 1330
1646514957332 0.8964766450024872 1331
1646514957356 0.8965832442254206 1332
1646514957387 0.8966898590538956 1333
1646514957431 0.8967964890009643 1334
1646514957462 0.8969031335796098 1335
1646514957512 0.8970097923027482 1336
1646514957553 0.8971164646832313 1337
1646514957725 0.8972231502338479 1338
1646514957847 0.8973298484673276 1339
1646514957891 0.897436558896341 1340
1646514957922 0.8975432810335039 1341
1646514957959 0.897650014391378 1342
1646514957991 0.8977567584824742 1343
1646514958029 0.8978635128192541 1344
1646514958137 0.8979702769141327 1345
1646514958175 0.89807705027948 1346
1646514958206 0.8981838324276243 1347
1646514958248 0.8982906228708534 1348
1646514958275 0.8983974211214172 1349
1646514958315 0.8985042266915301 1350
1646514958347 0.8986110390933728 1351
1646514958455 0.8987178578390952 1352
1646514958492 0.8988246824408179 1353
1646514958523 0.8989315124106348 1354
1646514958552 0.8990383472606156 1355
1646514958591 0.8991451865028072 1356
1646514958619 0.8992520296492368 1357
1646514958634 0.8993588762119136 1358
1646514958755 0.8994657257028313 1359
1646514958792 0.8995725776339702 1360
1646514958824 0.8996794315172995 1361
1646514958854 0.8997862868647791 1362
1646514958876 0.899893143188363 1363
1646514958916 0.8999999999999999 1364
1646514958932 0.9001068568116369 1365
1646514959059 0.9002137131352208 1366
1646514959096 0.9003205684827005 1367
1646514959127 0.9004274223660297 1368
1646514959160 0.9005342742971686 1369
1646514959207 0.9006411237880864 1370
1646514959235 0.9007479703507631 1371
1646514959266 0.9008548134971928 1372
1646514959376 0.9009616527393843 1373
1646514959412 0.9010684875893651 1374
1646514959443 0.901175317559182 1375
1646514959476 0.9012821421609047 1376
1646514959507 0.9013889609066271 1377
1646514959550 0.9014957733084699 1378
1646514959576 0.9016025788785827 1379
1646514959695 0.9017093771291464 1380
1646514959717 0.9018161675723756 1381
1646514959748 0.9019229497205199 1382
1646514959792 0.9020297230858673 1383
1646514959823 0.9021364871807458 1384
1646514959854 0.9022432415175257 1385
1646514959892 0.9023499856086219 1386
1646514960003 0.902456718966496 1387
1646514960079 0.9025634411036589 1388
1646514960140 0.9026701515326724 1389
1646514960221 0.9027768497661519 1390
1646514960272 0.9028835353167687 1391
1646514960341 0.9029902076972517 1392
1646514960393 0.9030968664203901 1393
1646514960538 0.9032035109990356 1394
1646514960578 0.9033101409461043 1395
1646514960609 0.9034167557745794 1396
1646514960657 0.9035233549975127 1397
1646514960693 0.9036299381280276 1398
1646514960747 0.9037365046793212 1399
1646514960778 0.9038430541646658 1400
1646514960911 0.903949586097412 1401
1646514960963 0.9040560999909906 1402
1646514960994 0.9041625953589144 1403
1646514961037 0.9042690717147814 1404
1646514961078 0.9043755285722759 1405
1646514961123 0.9044819654451717 1406
1646514961178 0.9045883818473334 1407
1646514961353 0.9046947772927195 1408
1646514961397 0.9048011512953841 1409
1646514961454 0.9049075033694791 1410
1646514961585 0.9050138330292568 1411
1646514961634 0.9051201397890716 1412
1646514961687 0.9052264231633826 1413
1646514961765 0.9053326826667559 1414
1646514961931 0.9054389178138665 1415
1646514961965 0.9055451281195005 1416
1646514961996 0.9056513130985575 1417
1646514962048 0.905757472266053 1418
1646514962098 0.90586360513712 1419
1646514962129 0.9059697112270122 1420
1646514962181 0.906075790051105 1421
1646514962316 0.9061818411248986 1422
1646514962354 0.9062878639640201 1423
1646514962397 0.9063938580842252 1424
1646514962444 0.9064998230014012 1425
1646514962481 0.9066057582315683 1426
1646514962516 0.9067116632908827 1427
1646514962568 0.9068175376956382 1428
1646514962729 0.9069233809622687 1429
1646514962749 0.9070291926073502 1430
1646514962796 0.9071349721476031 1431
1646514962831 0.9072407190998947 1432
1646514962869 0.9073464329812408 1433
1646514962916 0.9074521133088087 1434
1646514962946 0.9075577595999184 1435
1646514963049 0.9076633713720458 1436
1646514963088 0.9077689481428242 1437
1646514963119 0.9078744894300468 1438
1646514963149 0.9079799947516689 1439
1646514963196 0.9080854636258103 1440
1646514963233 0.9081908955707568 1441
1646514963265 0.9082962901049634 1442
1646514963387 0.9084016467470554 1443
1646514963412 0.9085069650158316 1444
1646514963449 0.9086122444302659 1445
1646514963487 0.9087174845095097 1446
1646514963519 0.9088226847728941 1447
1646514963565 0.9089278447399318 1448
1646514963580 0.9090329639303198 1449
1646514963703 0.9091380418639415 1450
1646514963749 0.9092430780608685 1451
1646514963812 0.9093480720413626 1452
1646514963885 0.9094530233258793 1453
1646514963961 0.9095579314350686 1454
1646514964022 0.9096627958897776 1455
1646514964073 0.9097676162110532 1456
1646514964242 0.9098723919201434 1457
1646514964280 0.9099771225385002 1458
1646514964358 0.9100818075877816 1459
1646514964400 0.9101864465898537 1460
1646514964439 0.9102910390667929 1461
1646514964488 0.910395584540888 1462
1646514964523 0.9105000825346424 1463
1646514964652 0.9106045325707768 1464
1646514964690 0.9107089341722305 1465
1646514964739 0.9108132868621641 1466
1646514964778 0.9109175901639618 1467
1646514964824 0.9110218436012333 1468
1646514964855 0.9111260466978157 1469
1646514964902 0.9112301989777765 1470
1646514965081 0.9113342999654152 1471
1646514965177 0.9114383491852652 1472
1646514965247 0.911542346162097 1473
1646514965307 0.9116462904209188 1474
1646514965337 0.9117501814869807 1475
1646514965368 0.9118540188857749 1476
1646514965405 0.9119578021430388 1477
1646514965514 0.9120615307847576 1478
1646514965537 0.9121652043371654 1479
1646514965569 0.9122688223267482 1480
1646514965611 0.9123723842802457 1481
1646514965637 0.9124758897246535 1482
1646514965683 0.9125793381872254 1483
1646514965714 0.9126827291954753 1484
1646514965834 0.9127860622771797 1485
1646514965858 0.9128893369603795 1486
1646514965889 0.9129925527733826 1487
1646514965925 0.9130957092447654 1488
1646514965954 0.9131988059033754 1489
1646514965987 0.9133018422783337 1490
1646514966018 0.9134048178990363 1491
1646514966142 0.9135077322951568 1492
1646514966168 0.9136105849966485 1493
1646514966215 0.9137133755337464 1494
1646514966239 0.9138161034369696 1495
1646514966286 0.9139187682371231 1496
1646514966315 0.9140213694653001 1497
1646514966339 0.9141239066528842 1498
1646514966459 0.9142263793315516 1499
1646514966481 0.9143287870332729 1500
1646514966513 0.9144311292903158 1501
1646514966556 0.9145334056352467 1502
1646514966587 0.9146356156009329 1503
1646514966616 0.9147377587205452 1504
1646514966639 0.9148398345275595 1505
1646514966766 0.9149418425557593 1506
1646514966791 0.9150437823392373 1507
1646514966822 0.9151456534123985 1508
1646514966860 0.9152474553099613 1509
1646514966891 0.91534918756696 1510
1646514966924 0.9154508497187474 1511
1646514966955 0.9155524413009958 1512
1646514967076 0.9156539618497005 1513
1646514967097 0.915755410901181 1514
1646514967139 0.9158567879920831 1515
1646514967180 0.9159580926593818 1516
1646514967227 0.9160593244403822 1517
1646514967267 0.916160482872723 1518
1646514967283 0.9162615674943773 1519
1646514967400 0.9163625778436558 1520
1646514967439 0.9164635134592082 1521
1646514967471 0.9165643738800254 1522
1646514967539 0.9166651586454421 1523
1646514967590 0.9167658672951382 1524
1646514967655 0.9168664993691414 1525
1646514967726 0.9169670544078293 1526
1646514967901 0.9170675319519311 1527
1646514967940 0.9171679315425301 1528
1646514967987 0.9172682527210654 1529
1646514968025 0.9173684950293345 1530
1646514968071 0.9174686580094951 1531
1646514968127 0.9175687412040671 1532
1646514968156 0.9176687441559349 1533
1646514968310 0.9177686664083494 1534
1646514968341 0.91786850750493 1535
1646514968372 0.9179682669896668 1536
1646514968413 0.9180679444069227 1537
1646514968441 0.9181675393014356 1538
1646514968486 0.9182670512183198 1539
1646514968520 0.918366479703069 1540
1646514968642 0.9184658243015578 1541
1646514968681 0.9185650845600442 1542
1646514968728 0.918664260025171 1543
1646514968765 0.9187633502439687 1544
1646514968857 0.9188623547638568 1545
1646514968920 0.9189612731326464 1546
1646514968964 0.9190601048985421 1547
1646514969128 0.9191588496101438 1548
1646514969150 0.9192575068164495 1549
1646514969195 0.9193560760668563 1550
1646514969233 0.9194545569111635 1551
1646514969264 0.919552948899574 1552
1646514969299 0.9196512515826961 1553
1646514969331 0.9197494645115469 1554
1646514969438 0.9198475872375527 1555
1646514969465 0.919945619312552 1556
1646514969496 0.9200435602887975 1557
1646514969538 0.9201414097189579 1558
1646514969565 0.9202391671561196 1559
1646514969608 0.9203368321537899 1560
1646514969639 0.920434404265898 1561
1646514969739 0.9205318830467969 1562
1646514969765 0.9206292680512664 1563
1646514969812 0.9207265588345147 1564
1646514969840 0.9208237549521799 1565
1646514969865 0.9209208559603327 1566
1646514969911 0.9210178614154783 1567
1646514969942 0.921114770874558 1568
1646514970047 0.9212115838949518 1569
1646514970083 0.9213083000344803 1570
1646514970115 0.9214049188514062 1571
1646514970145 0.9215014399044371 1572
1646514970181 0.9215978627527268 1573
1646514970224 0.9216941869558779 1574
1646514970266 0.9217904120739433 1575
1646514970370 0.9218865376674287 1576
1646514970406 0.9219825632972941 1577
1646514970438 0.9220784885249563 1578
1646514970466 0.9221743129122907 1579
1646514970502 0.9222700360216329 1580
1646514970538 0.9223656574157816 1581
1646514970582 0.9224611766579996 1582
1646514970697 0.9225565933120167 1583
1646514970729 0.9226519069420308 1584
1646514970767 0.9227471171127106 1585
1646514970806 0.9228422233891975 1586
1646514970852 0.9229372253371071 1587
1646514970887 0.9230321225225315 1588
1646514970934 0.9231269145120418 1589
1646514971055 0.9232216008726887 1590
1646514971093 0.9233161811720062 1591
1646514971140 0.9234106549780122 1592
1646514971198 0.9235050218592112 1593
1646514971267 0.9235992813845961 1594
1646514971361 0.9236934331236499 1595
1646514971422 0.9237874766463481 1596
1646514971604 0.9238814115231604 1597
1646514971665 0.9239752373250526 1598
1646514971714 0.9240689536234891 1599
1646514971785 0.924162559990434 1600
1646514971835 0.9242560559983536 1601
1646514971886 0.9243494412202183 1602
1646514971929 0.9244427152295046 1603
1646514972058 0.9245358776001968 1604
1646514972097 0.9246289279067892 1605
1646514972154 0.9247218657242878 1606
1646514972199 0.9248146906282124 1607
1646514972239 0.9249074021945988 1608
1646514972270 0.9249999999999999 1609
1646514972317 0.9250924836214889 1610
1646514972460 0.9251848526366597 1611
1646514972497 0.9252771066236304 1612
1646514972539 0.925369245161044 1613
1646514972642 0.9254612678280711 1614
1646514972702 0.9255531742044112 1615
1646514972761 0.9256449638702953 1616
1646514972845 0.9257366364064871 1617
1646514972982 0.9258281913942854 1618
1646514973005 0.9259196284155262 1619
1646514973052 0.9260109470525838 1620
1646514973087 0.9261021468883736 1621
1646514973134 0.9261932275063532 1622
1646514973180 0.9262841884905252 1623
1646514973227 0.9263750294254381 1624
1646514973353 0.9264657498961894 1625
1646514973383 0.9265563494884258 1626
1646514973414 0.9266468277883471 1627
1646514973445 0.9267371843827065 1628
1646514973481 0.9268274188588131 1629
1646514973513 0.9269175308045341 1630
1646514973529 0.927007519808296 1631
1646514973650 0.9270973854590869 1632
1646514973685 0.9271871273464585 1633
1646514973722 0.9272767450605274 1634
1646514973754 0.9273662381919777 1635
1646514973788 0.9274556063320623 1636
1646514973820 0.927544849072605 1637
1646514973856 0.9276339660060027 1638
1646514973962 0.9277229567252261 1639
1646514973987 0.9278118208238232 1640
1646514974018 0.9279005578959199 1641
1646514974065 0.9279891675362223 1642
1646514974096 0.9280776493400187 1643
1646514974134 0.9281660029031811 1644
1646514974165 0.9282542278221672 1645
1646514974289 0.9283423236940225 1646
1646514974324 0.9284302901163816 1647
1646514974355 0.9285181266874706 1648
1646514974389 0.9286058330061084 1649
1646514974420 0.9286934086717092 1650
1646514974458 0.9287808532842836 1651
1646514974480 0.9288681664444409 1652
1646514974603 0.9289553477533908 1653
1646514974640 0.9290423968129451 1654
1646514974665 0.9291293132255197 1655
1646514974706 0.9292160965941365 1656
1646514974737 0.9293027465224248 1657
1646514974765 0.9293892626146236 1658
1646514974797 0.929475644475583 1659
1646514974922 0.9295618917107661 1660
1646514974966 0.9296480039262512 1661
1646514975028 0.9297339807287331 1662
1646514975097 0.9298198217255251 1663
1646514975172 0.9299055265245607 1664
1646514975236 0.9299910947343957 1665
1646514975289 0.9300765259642093 1666
1646514975456 0.9301618198238067 1667
1646514975499 0.9302469759236207 1668
1646514975530 0.9303319938747128 1669
1646514975565 0.9304168732887756 1670
1646514975599 0.9305016137781348 1671
1646514975646 0.9305862149557503 1672
1646514975683 0.9306706764352183 1673
1646514975798 0.9307549978307732 1674
1646514975826 0.930839178757289 1675
1646514975857 0.9309232188302815 1676
1646514975899 0.9310071176659098 1677
1646514975946 0.9310908748809779 1678
1646514975999 0.9311744900929366 1679
1646514976030 0.9312579629198857 1680
1646514976159 0.9313412929805749 1681
1646514976246 0.9314244798944061 1682
1646514976298 0.931507523281435 1683
1646514976362 0.931590422762373 1684
1646514976433 0.9316731779585884 1685
1646514976482 0.9317557884921089 1686
1646514976511 0.9318382539856226 1687
1646514976623 0.9319205740624802 1688
1646514976660 0.9320027483466967 1689
1646514976691 0.9320847764629527 1690
1646514976723 0.9321666580365967 1691
1646514976755 0.9322483926936462 1692
1646514976790 0.9323299800607899 1693
1646514976808 0.9324114197653893 1694
1646514976940 0.9324927114354803 1695
1646514976992 0.9325738546997747 1696
1646514977024 0.9326548491876624 1697
1646514977059 0.9327356945292126 1698
1646514977092 0.9328163903551758 1699
1646514977121 0.9328969362969856 1700
1646514977153 0.9329773319867597 1701
1646514977293 0.9330575770573025 1702
1646514977318 0.9331376711421061 1703
1646514977365 0.9332176138753523 1704
1646514977393 0.933297404891914 1705
1646514977424 0.9333770438273573 1706
1646514977467 0.9334565303179428 1707
1646514977509 0.9335358640006274 1708
1646514977637 0.9336150445130658 1709
1646514977668 0.9336940714936124 1710
1646514977709 0.9337729445813228 1711
1646514977746 0.9338516634159554 1712
1646514977784 0.9339302276379734 1713
1646514977825 0.934008636888546 1714
1646514977858 0.9340868908095499 1715
1646514977976 0.9341649890435719 1716
1646514978022 0.9342429312339093 1717
1646514978068 0.9343207170245724 1718
1646514978110 0.9343983460602859 1719
1646514978141 0.93447581798649 1720
1646514978194 0.9345531324493432 1721
1646514978232 0.9346302890957224 1722
1646514978387 0.934707287573226 1723
1646514978416 0.9347841275301743 1724
1646514978463 0.9348608086156118 1725
1646514978514 0.9349373304793089 1726
1646514978545 0.9350136927717627 1727
1646514978595 0.9350898951441995 1728
1646514978626 0.935165937248576 1729
1646514978842 0.9352418187375805 1730
1646514978916 0.9353175392646356 1731
1646514978957 0.9353930984838983 1732
1646514978987 0.9354684960502628 1733
1646514979034 0.9355437316193617 1734
1646514979080 0.9356188048475672 1735
1646514979123 0.9356937153919931 1736
1646514979248 0.9357684629104963 1737
1646514979270 0.9358430470616782 1738
1646514979319 0.9359174675048864 1739
1646514979349 0.9359917239002161 1740
1646514979388 0.936065815908512 1741
1646514979430 0.9361397431913695 1742
1646514979477 0.9362135054111363 1743
1646514979601 0.936287102230914 1744
1646514979640 0.9363605333145598 1745
1646514979689 0.9364337983266877 1746
1646514979720 0.9365068969326702 1747
1646514979767 0.93657982879864 1748
1646514979789 0.9366525935914912 1749
1646514979820 0.9367251909788812 1750
1646514979998 0.9367976206292317 1751
1646514980077 0.9368698822117307 1752
1646514980152 0.9369419753963338 1753
1646514980212 0.9370138998537657 1754
1646514980252 0.9370856552555219 1755
1646514980283 0.9371572412738697 1756
1646514980305 0.9372286575818503 1757
1646514980425 0.93729990385328 1758
1646514980452 0.9373709797627517 1759
1646514980483 0.9374418849856364 1760
1646514980519 0.9375126191980845 1761
1646514980552 0.9375831820770278 1762
1646514980589 0.9376535733001805 1763
1646514980621 0.9377237925460407 1764
1646514980740 0.9377938394938921 1765
1646514980771 0.9378637138238052 1766
1646514980802 0.9379334152166392 1767
1646514980835 0.938002943354043 1768
1646514980868 0.9380722979184567 1769
1646514980902 0.9381414785931133 1770
1646514980934 0.93821048506204 1771
1646514981049 0.9382793170100597 1772
1646514981072 0.9383479741227924 1773
1646514981104 0.9384164560866564 1774
1646514981144 0.9384847625888703 1775
1646514981184 0.9385528933174538 1776
1646514981226 0.9386208479612299 1777
1646514981253 0.9386886262098253 1778
1646514981376 0.9387562277536725 1779
1646514981411 0.9388236522840113 1780
1646514981443 0.9388908994928898 1781
1646514981476 0.938957969073166 1782
1646514981508 0.9390248607185092 1783
1646514981543 0.9390915741234015 1784
1646514981569 0.9391581089831388 1785
1646514981678 0.9392244649938328 1786
1646514981716 0.9392906418524121 1787
1646514981753 0.9393566392566232 1788
1646514981785 0.9394224569050323 1789
1646514981816 0.9394880944970271 1790
1646514981853 0.939553551732817 1791
1646514981884 0.9396188283134357 1792
1646514982008 0.9396839239407415 1793
1646514982031 0.9397488383174198 1794
1646514982069 0.9398135711469834 1795
1646514982103 0.9398781221337742 1796
1646514982134 0.939942490982965 1797
1646514982171 0.9400066774005603 1798
1646514982218 0.9400706810933978 1799
1646514982353 0.9401345017691499 1800
1646514982405 0.9401981391363247 1801
1646514982453 0.9402615929042678 1802
1646514982525 0.9403248627831631 1803
1646514982596 0.9403879484840346 1804
1646514982667 0.9404508497187474 1805
1646514982711 0.940513566200009 1806
1646514982844 0.9405760976413711 1807
1646514982882 0.94063844375723 1808
1646514982927 0.9407006042628292 1809
1646514982961 0.9407625788742592 1810
1646514982996 0.9408243673084599 1811
1646514983043 0.9408859692832215 1812
1646514983089 0.9409473845171858 1813
1646514983216 0.9410086127298477 1814
1646514983264 0.941069653641556 1815
1646514983297 0.9411305069735151 1816
1646514983342 0.941191172447786 1817
1646514983373 0.9412516497872881 1818
1646514983421 0.9413119387157997 1819
1646514983468 0.9413720389579597 1820
1646514983628 0.9414319502392691 1821
1646514983691 0.9414916722860915 1822
1646514983747 0.9415512048256551 1823
1646514983859 0.9416105475860537 1824
1646514983905 0.9416697002962474 1825
1646514983936 0.941728662686065 1826
1646514983978 0.9417874344862043 1827
1646514984095 0.9418460154282332 1828
1646514984134 0.941904405244592 1829
1646514984166 0.9419626036685933 1830
1646514984209 0.9420206104344244 1831
1646514984240 0.9420784252771476 1832
1646514984290 0.9421360479327019 1833
1646514984321 0.9421934781379041 1834
1646514984445 0.94225071563045 1835
1646514984477 0.9423077601489156 1836
1646514984507 0.9423646114327581 1837
1646514984543 0.9424212692223176 1838
1646514984574 0.9424777332588177 1839
1646514984607 0.942534003284367 1840
1646514984638 0.9425900790419601 1841
1646514984766 0.9426459602754794 1842
1646514984790 0.942701646729695 1843
1646514984837 0.9427571381502673 1844
1646514984868 0.942812434283747 1845
1646514984890 0.942867534877577 1846
1646514984935 0.9429224396800933 1847
1646514984966 0.942977148440526 1848
1646514985092 0.9430316609090008 1849
1646514985126 0.9430859768365397 1850
1646514985157 0.9431400959750627 1851
1646514985206 0.9431940180773881 1852
1646514985237 0.9432477428972347 1853
1646514985291 0.9433012701892219 1854
1646514985338 0.9433545997088716 1855
1646514985462 0.9434077312126089 1856
1646514985491 0.9434606644577631 1857
1646514985529 0.9435133992025695 1858
1646514985567 0.9435659352061694 1859
1646514985607 0.9436182722286124 1860
1646514985642 0.9436704100308564 1861
1646514985674 0.9437223483747698 1862
1646514985792 0.9437740870231314 1863
1646514985831 0.9438256257396324 1864
1646514985878 0.9438769642888771 1865
1646514985916 0.9439281024363841 1866
1646514985963 0.9439790399485873 1867
1646514986024 0.9440297765928368 1868
1646514986086 0.9440803121374004 1869
1646514986328 0.9441306463514642 1870
1646514986384 0.9441807790051338 1871
1646514986426 0.9442307098694355 1872
1646514986485 0.9442804387163174 1873
1646514986538 0.94432996531865 1874
1646514986600 0.9443792894502276 1875
1646514986654 0.9444284108857696 1876
1646514986779 0.9444773294009206 1877
1646514986818 0.9445260447722523 1878
1646514986854 0.9445745567772644 1879
1646514986894 0.9446228651943852 1880
1646514986925 0.944670969802973 1881
1646514986965 0.9447188703833168 1882
1646514987012 0.9447665667166376 1883
1646514987193 0.9448140585850893 1884
1646514987227 0.9448613457717595 1885
1646514987270 0.9449084280606709 1886
1646514987354 0.9449553052367818 1887
1646514987417 0.9450019770859874 1888
1646514987472 0.945048443395121 1889
1646514987522 0.9450947039519539 1890
1646514987676 0.9451407585451981 1891
1646514987702 0.9451866069645056 1892
1646514987733 0.9452322490004704 1893
1646514987778 0.9452776844446291 1894
1646514987801 0.9453229130894618 1895
1646514987843 0.9453679347283932 1896
1646514987875 0.9454127491557933 1897
1646514988002 0.9454573561669787 1898
1646514988049 0.9455017555582133 1899
1646514988104 0.9455459471267093 1900
1646514988145 0.9455899306706278 1901
1646514988185 0.9456337059890806 1902
1646514988236 0.94567727288213 1903
1646514988276 0.9457206311507905 1904
1646514988388 0.9457637805970296 1905
1646514988418 0.9458067210237683 1906
1646514988465 0.9458494522348823 1907
1646514988495 0.9458919740352029 1908
1646514988528 0.9459342862305179 1909
1646514988566 0.9459763886275725 1910
1646514988595 0.94601828103407 1911
1646514988704 0.9460599632586728 1912
1646514988739 0.9461014351110035 1913
1646514988793 0.9461426964016452 1914
1646514988827 0.9461837469421428 1915
1646514988864 0.9462245865450041 1916
1646514988895 0.9462652150236998 1917
1646514988929 0.9463056321926654 1918
1646514989047 0.9463458378673011 1919
1646514989083 0.9463858318639733 1920
1646514989127 0.9464256140000151 1921
1646514989154 0.9464651840937276 1922
1646514989196 0.9465045419643797 1923
1646514989239 0.9465436874322102 1924
1646514989270 0.9465826203184277 1925
1646514989387 0.9466213404452118 1926
1646514989414 0.946659847635714 1927
1646514989445 0.9466981417140581 1928
1646514989482 0.9467362225053415 1929
1646514989512 0.9467740898356356 1930
1646514989547 0.9468117435319868 1931
1646514989588 0.9468491834224173 1932
1646514989696 0.9468864093359257 1933
1646514989734 0.946923421102488 1934
1646514989781 0.9469602185530582 1935
1646514989832 0.9469968015195694 1936
1646514989912 0.9470331698349341 1937
1646514989975 0.9470693233330452 1938
1646514990037 0.9471052618487766 1939
1646514990212 0.9471409852179846 1940
1646514990257 0.9471764932775076 1941
1646514990289 0.9472117858651679 1942
1646514990323 0.9472468628197714 1943
1646514990367 0.9472817239811093 1944
1646514990414 0.9473163691899582 1945
1646514990439 0.947350798288081 1946
1646514990575 0.9473850111182279 1947
1646514990599 0.9474190075241365 1948
1646514990639 0.9474527873505334 1949
1646514990686 0.9474863504431338 1950
1646514990717 0.9475196966486432 1951
1646514990757 0.9475528258147576 1952
1646514990788 0.9475857377901643 1953
1646514990904 0.9476184324245426 1954
1646514990939 0.9476509095685643 1955
1646514990997 0.9476831690738948 1956
1646514991040 0.9477152107931935 1957
1646514991110 0.9477470345801144 1958
1646514991183 0.947778640289307 1959
1646514991235 0.9478100277764165 1960
1646514991427 0.9478411968980854 1961
1646514991452 0.9478721475119529 1962
1646514991483 0.9479028794766567 1963
1646514991522 0.947933392651833 1964
1646514991550 0.947963686898117 1965
1646514991590 0.9479937620771444 1966
1646514991621 0.9480236180515509 1967
1646514991727 0.9480532546849737 1968
1646514991766 0.9480826718420517 1969
1646514991797 0.9481118693884264 1970
1646514991833 0.948140847190742 1971
1646514991866 0.9481696051166466 1972
1646514991898 0.9481981430347927 1973
1646514991930 0.9482264608148371 1974
1646514992037 0.9482545583274427 1975
1646514992069 0.9482824354442779 1976
1646514992101 0.9483100920380182 1977
1646514992135 0.9483375279823459 1978
1646514992166 0.9483647431519514 1979
1646514992206 0.9483917374225332 1980
1646514992237 0.9484185106707991 1981
1646514992351 0.9484450627744657 1982
1646514992390 0.9484713936122604 1983
1646514992421 0.9484975030639208 1984
1646514992451 0.9485233910101957 1985
1646514992482 0.9485490573328457 1986
1646514992517 0.9485745019146433 1987
1646514992548 0.9485997246393744 1988
1646514992652 0.9486247253918375 1989
1646514992689 0.9486495040578454 1990
1646514992720 0.9486740605242252 1991
1646514992752 0.9486983946788186 1992
1646514992783 0.9487225064104828 1993
1646514992824 0.9487463956090911 1994
1646514992852 0.948770062165533 1995
1646514992990 0.9487935059717147 1996
1646514993014 0.9488167269205602 1997
1646514993052 0.948839724906011 1998
1646514993099 0.9488624998230272 1999
1646514993130 0.9488850515675875 2000
1646514993180 0.9489073800366903 2001
1646514993243 0.9489294851283532 2002
1646514993371 0.9489513667416146 2003
1646514993421 0.9489730247765333 2004
1646514993468 0.9489944591341893 2005
1646514993520 0.9490156697166843 2006
1646514993600 0.949036656427142 2007
1646514993666 0.9490574191697085 2008
1646514993757 0.9490779578495532 2009
1646514993978 0.9490982723728685 2010
1646514994021 0.9491183626468706 2011
1646514994080 0.9491382285798001 2012
1646514994141 0.9491578700809225 2013
1646514994204 0.9491772870605276 2014
1646514994254 0.9491964794299315 2015
1646514994295 0.9492154471014755 2016
1646514994450 0.9492341899885278 2017
1646514994502 0.9492527080054828 2018
1646514994538 0.9492710010677621 2019
1646514994581 0.9492890690918148 2020
1646514994616 0.9493069119951177 2021
1646514994660 0.949324529696176 2022
1646514994700 0.9493419221145234 2023
1646514994833 0.9493590891707224 2024
1646514994884 0.9493760307863651 2025
1646514994916 0.949392746884073 2026
1646514994973 0.9494092373874977 2027
1646514995077 0.9494255022213213 2028
1646514995125 0.9494415413112564 2029
1646514995176 0.9494573545840468 2030
1646514995344 0.9494729419674676 2031
1646514995367 0.9494883033903257 2032
1646514995399 0.94950343878246 2033
1646514995434 0.9495183480747419 2034
1646514995467 0.9495330311990751 2035
1646514995508 0.9495474880883967 2036
1646514995540 0.9495617186766769 2037
1646514995647 0.9495757228989194 2038
1646514995669 0.9495895006911622 2039
1646514995715 0.9496030519904771 2040
1646514995743 0.9496163767349703 2041
1646514995768 0.9496294748637832 2042
1646514995807 0.9496423463170919 2043
1646514995838 0.9496549910361077 2044
1646514995948 0.9496674089630779 2045
1646514995986 0.9496796000412853 2046
1646514996017 0.9496915642150489 2047
1646514996053 0.9497033014297239 2048
1646514996084 0.9497148116317027 2049
1646514996114 0.9497260947684136 2050
1646514996145 0.9497371507883229 2051
1646514996269 0.9497479796409335 2052
1646514996292 0.9497585812767863 2053
1646514996323 0.9497689556474599 2054
1646514996369 0.9497791027055708 2055
1646514996400 0.9497890224047737 2056
1646514996436 0.949798714699762 2057
1646514996469 0.9498081795462672 2058
1646514996569 0.9498174169010603 2059
1646514996606 0.9498264267219508 2060
1646514996637 0.9498352089677878 2061
1646514996669 0.9498437635984596 2062
1646514996716 0.9498520905748941 2063
1646514996747 0.949860189859059 2064
1646514996769 0.949868061413962 2065
1646514996895 0.9498757052036509 2066
1646514996930 0.9498831211932139 2067
1646514996969 0.9498903093487795 2068
1646514997001 0.9498972696375168 2069
1646514997036 0.9499040020276356 2070
1646514997069 0.9499105064883867 2071
1646514997089 0.949916782990062 2072
1646514997225 0.9499228315039944 2073
1646514997256 0.9499286520025583 2074
1646514997285 0.9499342444591692 2075
1646514997340 0.9499396088482844 2076
1646514997401 0.9499447451454031 2077
1646514997461 0.9499496533270657 2078
1646514997517 0.9499543333708549 2079
1646514997715 0.9499587852553952 2080
1646514997748 0.9499630089603534 2081
1646514997795 0.9499670044664381 2082
1646514997833 0.9499707717554007 2083
1646514997878 0.9499743108100344 2084
1646514997909 0.9499776216141751 2085
1646514997949 0.9499807041527013 2086
1646514998075 0.9499835584115339 2087
1646514998115 0.9499861843776365 2088
1646514998133 0.9499885820390154 2089
1646514998182 0.9499907513847194 2090
1646514998249 0.9499926924048406 2091
1646514998296 0.9499944050905136 2092
1646514998333 0.9499958894339159 2093
1646514998456 0.949997145428268 2094
1646514998491 0.9499981730678333 2095
1646514998533 0.9499989723479183 2096
1646514998575 0.9499995432648722 2097
1646514998621 0.9499998858160876 2098
1646514998708 0.95 2099
1646514998766 0.9499998858160876 2100
