1646513858697 0.375 0
1646513859035 0.42129629850387573 1
1646513859551 0.3611111044883728 2
1646513859971 0.42592594027519226 3
1646513860326 0.4444444477558136 4
1646513860873 0.49537035822868347 5
1646513861190 0.5 6
1646513861603 0.4444444477558136 7
1646513861935 0.5324074029922485 8
1646513862247 0.6111111044883728 9
1646513862549 0.5694444179534912 10
1646513863123 0.6064814925193787 11
1646513863556 0.5925925970077515 12
1646513863909 0.6388888955116272 13
1646513864399 0.6574074029922485 14
1646513864769 0.6574074029922485 15
1646513865100 0.6620370149612427 16
1646513865464 0.6851851940155029 17
1646513865812 0.6990740895271301 18
1646513866134 0.6990740895271301 19
1646513866453 0.7268518805503845 20
1646513866976 0.7222222089767456 21
1646513867350 0.7129629850387573 22
1646513867716 0.7222222089767456 23
1646513868203 0.7268518805503845 24
1646513868507 0.7638888955116272 25
1646513868829 0.7083333134651184 26
1646513869180 0.7685185074806213 27
1646513869483 0.75 28
1646513869802 0.7777777910232544 29
1646513870158 0.7638888955116272 30
1646513870687 0.7962962985038757 31
1646513871082 0.8055555820465088 32
1646513871439 0.8148148059844971 33
1646513871935 0.8101851940155029 34
1646513872236 0.7638888955116272 35
1646513872541 0.8009259104728699 36
1646513872887 0.8101851940155029 37
1646513873294 0.8287037014961243 38
1646513873650 0.8287037014961243 39
1646513874077 0.8194444179534912 40
1646513874671 0.8425925970077515 41
1646513875042 0.8287037014961243 42
1646513875437 0.875 43
1646513875847 0.8518518805503845 44
1646513876163 0.875 45
1646513876471 0.8333333134651184 46
1646513876780 0.8055555820465088 47
1646513877097 0.8333333134651184 48
1646513877410 0.8425925970077515 49
1646513877728 0.8472222089767456 50
1646513878250 0.8981481194496155 51
1646513878651 0.8611111044883728 52
1646513879010 0.8425925970077515 53
1646513879492 0.8518518805503845 54
1646513879787 0.8564814925193787 55
1646513880118 0.875 56
1646513880415 0.8657407164573669 57
1646513880715 0.8796296119689941 58
1646513881037 0.8796296119689941 59
1646513881349 0.8194444179534912 60
1646513881780 0.8425925970077515 61
1646513882255 0.8796296119689941 62
1646513882628 0.9027777910232544 63
1646513883079 0.8981481194496155 64
1646513883462 0.9120370149612427 65
1646513883820 0.9166666865348816 66
1646513884190 0.8935185074806213 67
1646513884538 0.9259259104728699 68
1646513884903 0.8935185074806213 69
1646513885237 0.9074074029922485 70
1646513885839 0.8981481194496155 71
1646513886270 0.875 72
1646513886641 0.9166666865348816 73
1646513887130 0.9351851940155029 74
1646513887490 0.9120370149612427 75
1646513887825 0.9305555820465088 76
1646513888197 0.9120370149612427 77
1646513888586 0.9212962985038757 78
1646513889031 0.9444444179534912 79
1646513889754 0.9351851940155029 80
1646513890232 0.9074074029922485 81
1646513890669 0.9351851940155029 82
1646513891247 0.9351851940155029 83
1646513891669 0.9398148059844971 84
1646513892020 0.9537037014961243 85
1646513892361 0.9629629850387573 86
1646513893077 0.9490740895271301 87
1646513893763 0.9629629850387573 88
1646513894238 0.8981481194496155 89
1646513894781 0.9398148059844971 90
1646513895249 0.9490740895271301 91
1646513895653 0.9444444179534912 92
1646513896058 0.9351851940155029 93
1646513896566 0.9444444179534912 94
1646513897118 0.9444444179534912 95
1646513897527 0.9305555820465088 96
1646513897889 0.8981481194496155 97
1646513898509 0.9675925970077515 98
1646513898825 0.9537037014961243 99
1646513899134 0.9537037014961243 100
1646513899498 0.9722222089767456 101
1646513899848 0.9583333134651184 102
1646513900181 0.9583333134651184 103
1646513900497 0.9398148059844971 104
1646513901030 0.9629629850387573 105
1646513901390 0.9675925970077515 106
1646513901740 0.9814814925193787 107
1646513902228 0.9675925970077515 108
1646513902638 0.9675925970077515 109
1646513902975 0.9675925970077515 110
1646513903286 0.9583333134651184 111
1646513903590 0.9490740895271301 112
1646513903971 0.9629629850387573 113
1646513904445 0.9583333134651184 114
1646513904970 0.9722222089767456 115
1646513905447 0.9675925970077515 116
1646513906052 0.9768518805503845 117
1646513906469 0.9629629850387573 118
1646513906880 0.9675925970077515 119
1646513907262 0.9444444179534912 120
1646513907643 0.9768518805503845 121
1646513907982 0.9814814925193787 122
1646513908489 0.9583333134651184 123
1646513908882 0.9814814925193787 124
1646513909305 0.9814814925193787 125
1646513909771 0.9675925970077515 126
1646513910096 0.9675925970077515 127
1646513910398 0.9907407164573669 128
1646513910706 0.9675925970077515 129
1646513911147 0.9629629850387573 130
1646513911572 0.9675925970077515 131
1646513912814 0.9675925970077515 132
1646513913401 0.9537037014961243 133
1646513914034 0.9675925970077515 134
1646513914437 0.9768518805503845 135
1646513914820 0.9953703880310059 136
1646513915209 0.9814814925193787 137
1646513915620 0.9768518805503845 138
1646513916258 0.9861111044883728 139
1646513916825 0.9861111044883728 140
1646513917301 0.9814814925193787 141
1646513917862 0.9768518805503845 142
1646513918232 0.9629629850387573 143
1646513918612 0.9861111044883728 144
1646513919089 0.9722222089767456 145
1646513919504 0.9583333134651184 146
1646513920301 0.9768518805503845 147
1646513921114 0.9583333134651184 148
1646513921908 0.9861111044883728 149
1646513922626 0.9768518805503845 150
1646513923204 0.9814814925193787 151
1646513923703 0.9861111044883728 152
1646513924244 0.9861111044883728 153
1646513925037 0.9768518805503845 154
1646513925424 0.9861111044883728 155
1646513925840 0.9953703880310059 156
1646513926219 0.9861111044883728 157
1646513926745 0.9953703880310059 158
1646513927314 0.9861111044883728 159
1646513927791 0.9861111044883728 160
1646513928189 0.9814814925193787 161
1646513928605 0.9768518805503845 162
1646513928990 1.0 163
1646513929630 0.9907407164573669 164
1646513930094 0.9768518805503845 165
1646513930529 0.9861111044883728 166
1646513930937 0.9953703880310059 167
1646513931252 0.9907407164573669 168
1646513931588 0.9814814925193787 169
1646513931918 0.9907407164573669 170
1646513932248 0.9953703880310059 171
1646513932562 0.9907407164573669 172
1646513933081 0.9814814925193787 173
1646513933452 0.9768518805503845 174
1646513933816 0.9861111044883728 175
1646513934317 0.9861111044883728 176
1646513934629 0.9814814925193787 177
1646513934936 0.9861111044883728 178
1646513935251 0.9907407164573669 179
1646513935556 0.9907407164573669 180
1646513935866 0.9907407164573669 181
1646513936189 0.9861111044883728 182
1646513936600 0.9907407164573669 183
1646513937134 0.9953703880310059 184
1646513937556 1.0 185
1646513938125 0.9907407164573669 186
1646513938552 0.9814814925193787 187
1646513938892 0.9907407164573669 188
1646513939194 0.9861111044883728 189
1646513939509 0.9907407164573669 190
1646513939842 0.9814814925193787 191
1646513940227 0.9814814925193787 192
1646513940724 0.9907407164573669 193
1646513941095 0.9953703880310059 194
1646513941519 1.0 195
1646513941975 0.9953703880310059 196
1646513942286 1.0 197
1646513942603 0.9768518805503845 198
1646513942915 1.0 199
1646513943228 0.9907407164573669 200
1646513943573 0.9907407164573669 201
1646513944136 0.9953703880310059 202
1646513944599 0.9953703880310059 203
1646513944992 0.9861111044883728 204
1646513945634 1.0 205
1646513945968 0.9907407164573669 206
1646513946352 0.9814814925193787 207
1646513946738 0.9953703880310059 208
1646513947100 0.9953703880310059 209
1646513947420 0.9907407164573669 210
1646513947906 0.9907407164573669 211
1646513948323 0.9953703880310059 212
1646513948704 0.9953703880310059 213
1646513949232 0.9861111044883728 214
1646513949536 0.9907407164573669 215
1646513949833 1.0 216
1646513950154 1.0 217
1646513950462 0.9953703880310059 218
1646513950770 0.9953703880310059 219
1646513951118 0.9953703880310059 220
1646513951585 0.9953703880310059 221
1646513952078 1.0 222
1646513952543 1.0 223
1646513953028 0.9814814925193787 224
1646513953450 0.9953703880310059 225
1646513953796 0.9907407164573669 226
1646513954201 0.9953703880310059 227
1646513954573 0.9953703880310059 228
1646513954925 1.0 229
1646513955394 0.9953703880310059 230
1646513955834 1.0 231
1646513956242 0.9907407164573669 232
1646513956735 0.9861111044883728 233
1646513957148 1.0 234
1646513957467 1.0 235
1646513957792 0.9907407164573669 236
1646513958125 0.9953703880310059 237
1646513958453 0.9907407164573669 238
1646513958776 1.0 239
1646513959334 0.9907407164573669 240
1646513959868 0.9907407164573669 241
1646513960320 0.9953703880310059 242
1646513960860 1.0 243
1646513961233 0.9953703880310059 244
1646513961588 0.9907407164573669 245
1646513961976 0.9953703880310059 246
1646513962336 0.9907407164573669 247
1646513962844 0.9907407164573669 248
1646513963387 0.9861111044883728 249
1646513963826 1.0 250
1646513964435 0.9953703880310059 251
1646513964843 1.0 252
1646513965226 0.9861111044883728 253
1646513965576 0.9953703880310059 254
1646513966002 0.9907407164573669 255
1646513966312 0.9953703880310059 256
1646513966902 0.9953703880310059 257
1646513967352 0.9953703880310059 258
1646513967786 0.9953703880310059 259
1646513968344 0.9953703880310059 260
1646513968715 0.9953703880310059 261
1646513969157 1.0 262
1646513969559 0.9814814925193787 263
1646513970126 1.0 264
1646513970934 1.0 265
1646513971495 0.9953703880310059 266
1646513971881 1.0 267
1646513972324 0.9907407164573669 268
1646513972835 0.9953703880310059 269
1646513973319 0.9953703880310059 270
1646513973652 0.9861111044883728 271
1646513974012 0.9953703880310059 272
1646513974359 0.9953703880310059 273
1646513974700 1.0 274
1646513975110 1.0 275
1646513975625 1.0 276
1646513976013 1.0 277
1646513976427 0.9953703880310059 278
1646513976881 0.9953703880310059 279
1646513977193 0.9907407164573669 280
1646513977519 0.9907407164573669 281
1646513977870 1.0 282
1646513978200 0.9953703880310059 283
1646513978522 0.9953703880310059 284
1646513979031 0.9953703880310059 285
1646513979450 1.0 286
1646513979858 1.0 287
1646513980435 0.9953703880310059 288
1646513980738 0.9861111044883728 289
1646513981079 0.9953703880310059 290
1646513981385 1.0 291
1646513981700 0.9953703880310059 292
1646513982023 1.0 293
1646513982328 0.9861111044883728 294
1646513982784 1.0 295
1646513983194 0.9953703880310059 296
1646513983574 0.9907407164573669 297
1646513984085 0.9861111044883728 298
1646513984397 0.9953703880310059 299
