1646513858697 1.346968650817871 0
1646513859035 1.327327847480774 1
1646513859551 1.3537652492523193 2
1646513859971 1.3139833211898804 3
1646513860326 1.274907112121582 4
1646513860873 1.2308660745620728 5
1646513861190 1.2301634550094604 6
1646513861603 1.2473454475402832 7
1646513861935 1.1752562522888184 8
1646513862247 1.139522671699524 9
1646513862549 1.1104309558868408 10
1646513863123 1.0833094120025635 11
1646513863556 1.0779881477355957 12
1646513863909 1.0064436197280884 13
1646513864399 0.9849681258201599 14
1646513864769 0.9510393738746643 15
1646513865100 0.9089652299880981 16
1646513865464 0.8372099995613098 17
1646513865812 0.8067935109138489 18
1646513866134 0.7763472199440002 19
1646513866453 0.759541392326355 20
1646513866976 0.7029201984405518 21
1646513867350 0.7008154392242432 22
1646513867716 0.6786291599273682 23
1646513868203 0.6811514496803284 24
1646513868507 0.6004130840301514 25
1646513868829 0.673921525478363 26
1646513869180 0.634684681892395 27
1646513869483 0.6071872115135193 28
1646513869802 0.5596890449523926 29
1646513870158 0.5573030114173889 30
1646513870687 0.5539321303367615 31
1646513871082 0.498370885848999 32
1646513871439 0.49490535259246826 33
1646513871935 0.4962674379348755 34
1646513872236 0.55475252866745 35
1646513872541 0.4855976402759552 36
1646513872887 0.5015023946762085 37
1646513873294 0.5276821851730347 38
1646513873650 0.44121572375297546 39
1646513874077 0.43204838037490845 40
1646513874671 0.45413321256637573 41
1646513875042 0.4382306933403015 42
1646513875437 0.3586921989917755 43
1646513875847 0.3866398334503174 44
1646513876163 0.37921255826950073 45
1646513876471 0.38734591007232666 46
1646513876780 0.4160556197166443 47
1646513877097 0.3757520318031311 48
1646513877410 0.38449928164482117 49
1646513877728 0.3881984353065491 50
1646513878250 0.344064861536026 51
1646513878651 0.40371403098106384 52
1646513879010 0.3974665105342865 53
1646513879492 0.37199974060058594 54
1646513879787 0.33438679575920105 55
1646513880118 0.3175676763057709 56
1646513880415 0.3699401319026947 57
1646513880715 0.31738007068634033 58
1646513881037 0.3019809126853943 59
1646513881349 0.3673951327800751 60
1646513881780 0.3404693901538849 61
1646513882255 0.29333359003067017 62
1646513882628 0.27346229553222656 63
1646513883079 0.25186699628829956 64
1646513883462 0.2526678144931793 65
1646513883820 0.2995750904083252 66
1646513884190 0.32151302695274353 67
1646513884538 0.21264766156673431 68
1646513884903 0.29256725311279297 69
1646513885237 0.26036304235458374 70
1646513885839 0.2694009244441986 71
1646513886270 0.3044448494911194 72
1646513886641 0.25270822644233704 73
1646513887130 0.18903207778930664 74
1646513887490 0.28407424688339233 75
1646513887825 0.2253408282995224 76
1646513888197 0.20130151510238647 77
1646513888586 0.209054097533226 78
1646513889031 0.17364327609539032 79
1646513889754 0.18600209057331085 80
1646513890232 0.24416162073612213 81
1646513890669 0.16642560064792633 82
1646513891247 0.17390277981758118 83
1646513891669 0.1935708373785019 84
1646513892020 0.15421555936336517 85
1646513892361 0.1250050812959671 86
1646513893077 0.13370664417743683 87
1646513893763 0.1152743324637413 88
1646513894238 0.3507685363292694 89
1646513894781 0.17315781116485596 90
1646513895249 0.1612241119146347 91
1646513895653 0.14230725169181824 92
1646513896058 0.17550772428512573 93
1646513896566 0.14933404326438904 94
1646513897118 0.1350899040699005 95
1646513897527 0.18611565232276917 96
1646513897889 0.24509279429912567 97
1646513898509 0.10516487807035446 98
1646513898825 0.155403733253479 99
1646513899134 0.13026459515094757 100
1646513899498 0.09313780069351196 101
1646513899848 0.1454378366470337 102
1646513900181 0.1077626645565033 103
1646513900497 0.1611289232969284 104
1646513901030 0.08800533413887024 105
1646513901390 0.09836209565401077 106
1646513901740 0.07205551862716675 107
1646513902228 0.09127883613109589 108
1646513902638 0.08112125843763351 109
1646513902975 0.09468232095241547 110
1646513903286 0.0997231975197792 111
1646513903590 0.13633094727993011 112
1646513903971 0.08569688349962234 113
1646513904445 0.08541460335254669 114
1646513904970 0.0835968554019928 115
1646513905447 0.09530991315841675 116
1646513906052 0.09083018451929092 117
1646513906469 0.10084523260593414 118
1646513906880 0.07930826395750046 119
1646513907262 0.15955550968647003 120
1646513907643 0.09522061794996262 121
1646513907982 0.05886220186948776 122
1646513908489 0.0854915976524353 123
1646513908882 0.05400668829679489 124
1646513909305 0.05647583678364754 125
1646513909771 0.07640146464109421 126
1646513910096 0.08556293696165085 127
1646513910398 0.0424276664853096 128
1646513910706 0.10994547605514526 129
1646513911147 0.10200569033622742 130
1646513911572 0.06919676065444946 131
1646513912814 0.08092503994703293 132
1646513913401 0.10783380270004272 133
1646513914034 0.07859111577272415 134
1646513914437 0.050546471029520035 135
1646513914820 0.03384252265095711 136
1646513915209 0.058650754392147064 137
1646513915620 0.06241507828235626 138
1646513916258 0.043325312435626984 139
1646513916825 0.05610033497214317 140
1646513917301 0.044132255017757416 141
1646513917862 0.047033071517944336 142
1646513918232 0.0961286723613739 143
1646513918612 0.054595042020082474 144
1646513919089 0.06212792918086052 145
1646513919504 0.10277993232011795 146
1646513920301 0.047530416399240494 147
1646513921114 0.09953707456588745 148
1646513921908 0.058477453887462616 149
1646513922626 0.05289952829480171 150
1646513923204 0.038347531110048294 151
1646513923703 0.06750033050775528 152
1646513924244 0.04583857208490372 153
1646513925037 0.049668554216623306 154
1646513925424 0.04465005174279213 155
1646513925840 0.020370803773403168 156
1646513926219 0.04546981304883957 157
1646513926745 0.03898974135518074 158
1646513927314 0.045784275978803635 159
1646513927791 0.0426013320684433 160
1646513928189 0.052108146250247955 161
1646513928605 0.05364425107836723 162
1646513928990 0.017430970445275307 163
1646513929630 0.03168083727359772 164
1646513930094 0.07167237997055054 165
1646513930529 0.03593587130308151 166
1646513930937 0.02297399751842022 167
1646513931252 0.02582288719713688 168
1646513931588 0.03563977777957916 169
1646513931918 0.021672388538718224 170
1646513932248 0.02099846862256527 171
1646513932562 0.02369999885559082 172
1646513933081 0.050418756902217865 173
1646513933452 0.05715407803654671 174
1646513933816 0.0407191663980484 175
1646513934317 0.05200367048382759 176
1646513934629 0.062186624854803085 177
1646513934936 0.03127993643283844 178
1646513935251 0.025061560794711113 179
1646513935556 0.03457498922944069 180
1646513935866 0.020026715472340584 181
1646513936189 0.03575783595442772 182
1646513936600 0.036840878427028656 183
1646513937134 0.024713648483157158 184
1646513937556 0.018423959612846375 185
1646513938125 0.017460528761148453 186
1646513938552 0.03506184369325638 187
1646513938892 0.02131030336022377 188
1646513939194 0.0336587093770504 189
1646513939509 0.016739236190915108 190
1646513939842 0.050950147211551666 191
1646513940227 0.03661075234413147 192
1646513940724 0.030267825350165367 193
1646513941095 0.022238047793507576 194
1646513941519 0.009195387363433838 195
1646513941975 0.01575412042438984 196
1646513942286 0.013805306516587734 197
1646513942603 0.04552541673183441 198
1646513942915 0.015049105510115623 199
1646513943228 0.02666519768536091 200
1646513943573 0.024594061076641083 201
1646513944136 0.021924206987023354 202
1646513944599 0.0218189749866724 203
1646513944992 0.026205778121948242 204
1646513945634 0.010716747492551804 205
1646513945968 0.017074141651391983 206
1646513946352 0.043083637952804565 207
1646513946738 0.01560650859028101 208
1646513947100 0.013478868640959263 209
1646513947420 0.02204289101064205 210
1646513947906 0.024440214037895203 211
1646513948323 0.020462019369006157 212
1646513948704 0.017255740240216255 213
1646513949232 0.044549014419317245 214
1646513949536 0.03226922079920769 215
1646513949833 0.009327900595963001 216
1646513950154 0.009130435064435005 217
1646513950462 0.0166982002556324 218
1646513950770 0.01756327413022518 219
1646513951118 0.030086981132626534 220
1646513951585 0.03904510289430618 221
1646513952078 0.005445715971291065 222
1646513952543 0.012484665028750896 223
1646513953028 0.03138507902622223 224
1646513953450 0.0113490866497159 225
1646513953796 0.028048738837242126 226
1646513954201 0.01526994165033102 227
1646513954573 0.014430634677410126 228
1646513954925 0.007392981089651585 229
1646513955394 0.013226947747170925 230
1646513955834 0.00993866566568613 231
1646513956242 0.02416849136352539 232
1646513956735 0.026409205049276352 233
1646513957148 0.011480974964797497 234
1646513957467 0.008417005650699139 235
1646513957792 0.01742994412779808 236
1646513958125 0.011919061653316021 237
1646513958453 0.026459798216819763 238
1646513958776 0.009717936627566814 239
1646513959334 0.020434701815247536 240
1646513959868 0.01959419995546341 241
1646513960320 0.019530074670910835 242
1646513960860 0.015541767701506615 243
1646513961233 0.01290763821452856 244
1646513961588 0.0209231898188591 245
1646513961976 0.019649384543299675 246
1646513962336 0.022990252822637558 247
1646513962844 0.03373238071799278 248
1646513963387 0.022976107895374298 249
1646513963826 0.009298908524215221 250
1646513964435 0.01864166557788849 251
1646513964843 0.01062039751559496 252
1646513965226 0.030169455334544182 253
1646513965576 0.008180485107004642 254
1646513966002 0.01947062835097313 255
1646513966312 0.010931286960840225 256
1646513966902 0.01613590493798256 257
1646513967352 0.018820956349372864 258
1646513967786 0.015062659047544003 259
1646513968344 0.013034544885158539 260
1646513968715 0.016184760257601738 261
1646513969157 0.010341178625822067 262
1646513969559 0.03400798514485359 263
1646513970126 0.0083675067871809 264
1646513970934 0.00897541455924511 265
1646513971495 0.013806038536131382 266
1646513971881 0.004854170605540276 267
1646513972324 0.01915731281042099 268
1646513972835 0.01926867663860321 269
1646513973319 0.01598954387009144 270
1646513973652 0.040002062916755676 271
1646513974012 0.020721295848488808 272
1646513974359 0.008287453092634678 273
1646513974700 0.010484297759830952 274
1646513975110 0.008089456707239151 275
1646513975625 0.005703737959265709 276
1646513976013 0.012491029687225819 277
1646513976427 0.01989511027932167 278
1646513976881 0.010230230167508125 279
1646513977193 0.012834480963647366 280
1646513977519 0.01956411637365818 281
1646513977870 0.007157977670431137 282
1646513978200 0.01685652881860733 283
1646513978522 0.02324359305202961 284
1646513979031 0.0192975252866745 285
1646513979450 0.003985683899372816 286
1646513979858 0.009764478541910648 287
1646513980435 0.01590518094599247 288
1646513980738 0.023320922628045082 289
1646513981079 0.016041086986660957 290
1646513981385 0.008612502366304398 291
1646513981700 0.011410027742385864 292
1646513982023 0.005476478021591902 293
1646513982328 0.0311267152428627 294
1646513982784 0.00794354546815157 295
1646513983194 0.012846069410443306 296
1646513983574 0.014526431448757648 297
1646513984085 0.022213974967598915 298
1646513984397 0.010588117875158787 299
