1646513856260 0.95 0
1646513857987 0.9499993783330846 1
1646513858062 0.9499975133477971 2
1646513858098 0.9499944050905136 3
1646513858135 0.9499900536385262 4
1646513858178 0.9499844591000408 5
1646513858214 0.9499776216141751 6
1646513858246 0.9499695413509548 7
1646513858742 0.949960218511309 8
1646513858776 0.9499496533270657 9
1646513858809 0.9499378460609461 10
1646513858850 0.9499247970065575 11
1646513858886 0.9499105064883867 12
1646513858920 0.9498949748617913 13
1646513858951 0.9498782025129912 14
1646513859115 0.949860189859059 15
1646513859181 0.9498409373479095 16
1646513859252 0.9498204454582888 17
1646513859304 0.949798714699762 18
1646513859362 0.9497757456127007 19
1646513859416 0.94975153876827 20
1646513859462 0.9497260947684136 21
1646513859602 0.9496994142458393 22
1646513859639 0.9496714978640027 23
1646513859676 0.9496423463170918 24
1646513859722 0.9496119603300086 25
1646513859767 0.9495803406583515 26
1646513859823 0.9495474880883967 27
1646513859875 0.9495134034370785 28
1646513860020 0.9494780875519688 29
1646513860062 0.9494415413112564 30
1646513860100 0.9494037656237247 31
1646513860137 0.9493647614287297 32
1646513860179 0.949324529696176 33
1646513860218 0.9492830714264932 34
1646513860255 0.9492403876506104 35
1646513860417 0.9491964794299315 36
1646513860470 0.9491513478563078 37
1646513860562 0.9491049940520119 38
1646513860684 0.9490574191697085 39
1646513860723 0.9490086243924272 40
1646513860763 0.9489586109335315 41
1646513860798 0.9489073800366903 42
1646513860919 0.9488549329758454 43
1646513860953 0.9488012710551812 44
1646513860986 0.9487463956090911 45
1646513861019 0.9486903080021453 46
1646513861053 0.948633009629056 47
1646513861089 0.9485745019146433 48
1646513861117 0.9485147863137998 49
1646513861248 0.9484538643114538 50
1646513861290 0.9483917374225332 51
1646513861331 0.9483284071919273 52
1646513861379 0.9482638751944483 53
1646513861433 0.9481981430347927 54
1646513861480 0.9481312123475005 55
1646513861522 0.9480630847969159 56
1646513861648 0.9479937620771444 57
1646513861681 0.9479232459120117 58
1646513861714 0.9478515380550205 59
1646513861748 0.947778640289307 60
1646513861781 0.9477045544275962 61
1646513861819 0.9476292823121573 62
1646513861858 0.9475528258147576 63
1646513861976 0.9474751868366162 64
1646513862009 0.9473963673083565 65
1646513862043 0.9473163691899582 66
1646513862078 0.9472351944707085 67
1646513862112 0.947152845169153 68
1646513862147 0.9470693233330452 69
1646513862177 0.9469846310392954 70
1646513862289 0.9468987703939197 71
1646513862322 0.9468117435319868 72
1646513862352 0.9467235526175657 73
1646513862386 0.9466341998436714 74
1646513862418 0.9465436874322102 75
1646513862452 0.9464520176339251 76
1646513862481 0.9463591927283393 77
1646513862597 0.9462652150236998 78
1646513862631 0.9461700868569197 79
1646513862670 0.9460738105935204 80
1646513862719 0.9459763886275725 81
1646513862774 0.9458778233816366 82
1646513862838 0.9457781173067029 83
1646513862908 0.94567727288213 84
1646513863194 0.9455752926155836 85
1646513863247 0.9454721790429741 86
1646513863298 0.9453679347283932 87
1646513863342 0.9452625622640507 88
1646513863388 0.9451560642702095 89
1646513863435 0.945048443395121 90
1646513863474 0.9449397023149583 91
1646513863603 0.944829843733751 92
1646513863640 0.9447188703833168 93
1646513863675 0.9446067850231942 94
1646513863711 0.9444935904405733 95
1646513863749 0.9443792894502276 96
1646513863785 0.9442638848944427 97
1646513863820 0.9441473796429463 98
1646513863961 0.9440297765928368 99
1646513864002 0.9439110786685114 100
1646513864034 0.9437912888215928 101
1646513864125 0.9436704100308564 102
1646513864179 0.9435484453021562 103
1646513864234 0.9434253976683494 104
1646513864304 0.9433012701892219 105
1646513864440 0.9431760659514115 106
1646513864472 0.9430497880683315 107
1646513864504 0.9429224396800933 108
1646513864541 0.9427940239534279 109
1646513864585 0.9426645440816077 110
1646513864633 0.942534003284367 111
1646513864673 0.9424024048078212 112
1646513864825 0.9422697519243874 113
1646513864864 0.9421360479327019 114
1646513864902 0.9420012961575386 115
1646513864934 0.9418654999497261 116
1646513864967 0.941728662686065 117
1646513865001 0.9415907877692434 118
1646513865032 0.941451878627752 119
1646513865163 0.9413119387157997 120
1646513865203 0.9411709715132269 121
1646513865240 0.9410289805254195 122
1646513865287 0.9408859692832215 123
1646513865330 0.9407419413428472 124
1646513865362 0.9405969002857928 125
1646513865390 0.9404508497187474 126
1646513865508 0.9403037932735031 127
1646513865554 0.9401557346068651 128
1646513865592 0.9400066774005603 129
1646513865635 0.9398566253611461 130
1646513865674 0.9397055822199181 131
1646513865712 0.9395535517328171 132
1646513865742 0.939400537680336 133
1646513865859 0.9392465438674261 134
1646513865902 0.9390915741234015 135
1646513865933 0.9389356323018446 136
1646513865968 0.9387787222805106 137
1646513866000 0.9386208479612299 138
1646513866034 0.9384620132698124 139
1646513866065 0.9383022221559488 140
1646513866183 0.9381414785931133 141
1646513866218 0.9379797865784638 142
1646513866249 0.9378171501327436 143
1646513866282 0.9376535733001805 144
1646513866315 0.9374890601483866 145
1646513866346 0.9373236147682574 146
1646513866376 0.9371572412738697 147
1646513866513 0.9369899438023792 148
1646513866560 0.936821726513918 149
1646513866645 0.9366525935914912 150
1646513866710 0.9364825492408725 151
1646513866767 0.9363115976904997 152
1646513866831 0.9361397431913695 153
1646513866879 0.9359669900169325 154
1646513867027 0.9357933424629858 155
1646513867066 0.9356188048475672 156
1646513867102 0.9354433815108469 157
1646513867146 0.9352670768150204 158
1646513867186 0.9350898951441995 159
1646513867230 0.9349118409043036 160
1646513867268 0.9347329185229498 161
1646513867400 0.9345531324493432 162
1646513867436 0.9343724871541659 163
1646513867480 0.9341909871294659 164
1646513867515 0.934008636888546 165
1646513867553 0.9338254409658502 166
1646513867594 0.9336414039168526 167
1646513867632 0.9334565303179428 168
1646513867758 0.9332708247663131 169
1646513867830 0.933084291879843 170
1646513867886 0.9328969362969856 171
1646513867937 0.9327087626766517 172
1646513867995 0.9325197756980937 173
1646513868048 0.9323299800607899 174
1646513868117 0.9321393804843269 175
1646513868244 0.9319479817082827 176
1646513868278 0.9317557884921089 177
1646513868309 0.9315628056150119 178
1646513868343 0.9313690378758346 179
1646513868373 0.9311744900929366 180
1646513868406 0.9309791671040749 181
1646513868435 0.9307830737662829 182
1646513868554 0.9305862149557502 183
1646513868586 0.9303885955677015 184
1646513868617 0.9301902205162739 185
1646513868649 0.9299910947343957 186
1646513868681 0.9297912231736634 187
1646513868717 0.9295906108042183 188
1646513868752 0.9293892626146236 189
1646513868901 0.9291871836117395 190
1646513868944 0.9289843788205991 191
1646513868983 0.9287808532842836 192
1646513869015 0.9285766120637968 193
1646513869048 0.928371660237939 194
1646513869081 0.9281660029031811 195
1646513869108 0.9279596451735372 196
1646513869223 0.9277525921804387 197
1646513869256 0.927544849072605 198
1646513869286 0.9273364210159172 199
1646513869319 0.9271273131932879 200
1646513869349 0.9269175308045341 201
1646513869381 0.9267070790662464 202
1646513869409 0.9264959632116602 203
1646513869527 0.9262841884905252 204
1646513869561 0.9260717601689749 205
1646513869591 0.9258586835293956 206
1646513869625 0.9256449638702953 207
1646513869659 0.9254306065061715 208
1646513869693 0.9252156167673797 209
1646513869723 0.9249999999999999 210
1646513869860 0.9247837615657049 211
1646513869911 0.9245669068416256 212
1646513869950 0.9243494412202183 213
1646513869987 0.9241313701091305 214
1646513870022 0.9239126989310659 215
1646513870058 0.9236934331236499 216
1646513870087 0.9234735781392945 217
1646513870222 0.9232531394450625 218
1646513870288 0.9230321225225315 219
1646513870351 0.9228105328676581 220
1646513870411 0.9225883759906404 221
1646513870473 0.9223656574157816 222
1646513870531 0.9221423826813525 223
1646513870573 0.9219185573394538 224
1646513870745 0.9216941869558779 225
1646513870789 0.9214692771099704 226
1646513870832 0.9212438333944919 227
1646513870883 0.9210178614154783 228
1646513870927 0.9207913667921016 229
1646513870975 0.9205643551565306 230
1646513871008 0.9203368321537899 231
1646513871130 0.9201088034416208 232
1646513871164 0.9198802746903394 233
1646513871202 0.9196512515826961 234
1646513871241 0.9194217398137348 235
1646513871275 0.9191917450906499 236
1646513871312 0.9189612731326464 237
1646513871349 0.9187303296707956 238
1646513871481 0.9184989204478939 239
1646513871571 0.9182670512183198 240
1646513871633 0.9180347277478902 241
1646513871699 0.9178019558137178 242
1646513871782 0.9175687412040671 243
1646513871820 0.9173350897182103 244
1646513871858 0.9171010071662834 245
1646513871976 0.9168664993691414 246
1646513872008 0.9166315721582141 247
1646513872040 0.9163962313753602 248
1646513872072 0.916160482872723 249
1646513872102 0.9159243325125842 250
1646513872134 0.9156877861672185 251
1646513872163 0.9154508497187474 252
1646513872282 0.9152135290589928 253
1646513872313 0.9149758300893309 254
1646513872345 0.9147377587205452 255
1646513872376 0.9144993208726793 256
1646513872410 0.9142605224748901 257
1646513872441 0.9140213694653001 258
1646513872470 0.9137818677908499 259
1646513872585 0.9135420234071502 260
1646513872618 0.9133018422783337 261
1646513872651 0.9130613303769068 262
1646513872691 0.9128204936836014 263
1646513872727 0.9125793381872254 264
1646513872766 0.9123378698845146 265
1646513872799 0.9120960947799833 266
1646513872937 0.9118540188857749 267
1646513872974 0.9116116482215121 268
1646513873021 0.9113689888141481 269
1646513873065 0.9111260466978157 270
1646513873100 0.910882827913678 271
1646513873145 0.9106393385097781 272
1646513873190 0.910395584540888 273
1646513873347 0.9101515720683587 274
1646513873384 0.9099073071599698 275
1646513873419 0.9096627958897776 276
1646513873460 0.9094180443379648 277
1646513873499 0.9091730585906891 278
1646513873540 0.9089278447399318 279
1646513873574 0.9086824088833465 280
1646513873708 0.9084367571241072 281
1646513873745 0.9081908955707568 282
1646513873782 0.9079448303370551 283
1646513873821 0.9076985675418267 284
1646513873859 0.9074521133088087 285
1646513873906 0.907205473766499 286
1646513873947 0.9069586550480032 287
1646513874160 0.9067116632908827 288
1646513874217 0.9064645046370017 289
1646513874293 0.9062171852323743 290
1646513874366 0.9059697112270122 291
1646513874432 0.9057220887747716 292
1646513874486 0.9054743240331998 293
1646513874541 0.9052264231633826 294
1646513874729 0.9049783923297908 295
1646513874769 0.9047302377001268 296
1646513874803 0.9044819654451717 297
1646513874838 0.9042335817386311 298
1646513874885 0.9039850927569826 299
1646513874925 0.9037365046793212 300
1646513874959 0.9034878236872063 301
1646513875089 0.9032390559645076 302
1646513875127 0.9029902076972517 303
1646513875159 0.902741285073468 304
1646513875193 0.9024922942830348 305
1646513875233 0.9022432415175257 306
1646513875270 0.9019941329700553 307
1646513875308 0.9017449748351251 308
1646513875503 0.9014957733084699 309
1646513875585 0.9012465345869036 310
1646513875655 0.9009972648681649 311
1646513875687 0.9007479703507631 312
1646513875718 0.9004986572338246 313
1646513875749 0.9002493317169379 314
1646513875779 0.8999999999999999 315
1646513875897 0.899750668283062 316
1646513875930 0.8995013427661753 317
1646513875962 0.8992520296492368 318
1646513875998 0.899002735131835 319
1646513876031 0.8987534654130963 320
1646513876065 0.8985042266915301 321
1646513876095 0.8982550251648749 322
1646513876204 0.8980058670299448 323
1646513876235 0.8977567584824743 324
1646513876270 0.8975077057169651 325
1646513876304 0.897258714926532 326
1646513876340 0.8970097923027482 327
1646513876373 0.8967609440354923 328
1646513876403 0.8965121763127937 329
1646513876513 0.8962634953206787 330
1646513876546 0.8960149072430174 331
1646513876578 0.8957664182613688 332
1646513876609 0.8955180345548283 333
1646513876642 0.8952697622998731 334
1646513876677 0.8950216076702091 335
1646513876709 0.8947735768366173 336
1646513876821 0.8945256759668001 337
1646513876859 0.8942779112252284 338
1646513876899 0.8940302887729877 339
1646513876932 0.8937828147676257 340
1646513876963 0.8935354953629984 341
1646513876996 0.8932883367091172 342
1646513877028 0.8930413449519967 343
1646513877144 0.892794526233501 344
1646513877179 0.8925478866911912 345
1646513877212 0.8923014324581733 346
1646513877244 0.8920551696629448 347
1646513877276 0.8918091044292431 348
1646513877312 0.8915632428758927 349
1646513877342 0.8913175911166534 350
1646513877455 0.8910721552600681 351
1646513877489 0.8908269414093108 352
1646513877522 0.8905819556620351 353
1646513877557 0.8903372041102223 354
1646513877590 0.8900926928400301 355
1646513877624 0.8898484279316412 356
1646513877657 0.8896044154591121 357
1646513877781 0.8893606614902219 358
1646513877830 0.8891171720863219 359
1646513877891 0.8888739533021842 360
1646513877951 0.8886310111858519 361
1646513878017 0.8883883517784879 362
1646513878079 0.8881459811142252 363
1646513878127 0.8879039052200166 364
1646513878316 0.8876621301154852 365
1646513878363 0.8874206618127746 366
1646513878399 0.8871795063163985 367
1646513878446 0.8869386696230931 368
1646513878486 0.8866981577216662 369
1646513878521 0.8864579765928498 370
1646513878563 0.88621813220915 371
1646513878696 0.8859786305346998 372
1646513878733 0.8857394775251098 373
1646513878767 0.8855006791273207 374
1646513878803 0.8852622412794547 375
1646513878845 0.885024169910669 376
1646513878890 0.8847864709410072 377
1646513878931 0.8845491502812526 378
1646513879060 0.8843122138327815 379
1646513879093 0.8840756674874157 380
1646513879143 0.8838395171272769 381
1646513879224 0.8836037686246397 382
1646513879278 0.8833684278417859 383
1646513879331 0.8831335006308585 384
1646513879418 0.8828989928337165 385
1646513879534 0.8826649102817896 386
1646513879564 0.8824312587959329 387
1646513879594 0.8821980441862821 388
1646513879627 0.8819652722521097 389
1646513879660 0.8817329487816802 390
1646513879691 0.881501079552106 391
1646513879720 0.8812696703292043 392
1646513879833 0.8810387268673535 393
1646513879872 0.88080825490935 394
1646513879910 0.8805782601862653 395
1646513879941 0.8803487484173038 396
1646513879974 0.8801197253096605 397
1646513880006 0.8798911965583791 398
1646513880047 0.87966316784621 399
1646513880160 0.8794356448434694 400
1646513880190 0.8792086332078983 401
1646513880222 0.8789821385845217 402
1646513880254 0.878756166605508 403
1646513880285 0.8785307228900295 404
1646513880319 0.878305813044122 405
1646513880349 0.8780814426605461 406
1646513880461 0.8778576173186474 407
1646513880492 0.8776343425842184 408
1646513880523 0.8774116240093596 409
1646513880555 0.8771894671323418 410
1646513880587 0.8769678774774684 411
1646513880619 0.8767468605549374 412
1646513880647 0.8765264218607054 413
1646513880759 0.87630656687635 414
1646513880792 0.8760873010689341 415
1646513880823 0.8758686298908694 416
1646513880864 0.8756505587797816 417
1646513880907 0.8754330931583744 418
1646513880939 0.8752162384342951 419
1646513880972 0.875 420
1646513881080 0.8747843832326203 421
1646513881111 0.8745693934938285 422
1646513881144 0.8743550361297047 423
1646513881174 0.8741413164706043 424
1646513881208 0.8739282398310251 425
1646513881244 0.8737158115094747 426
1646513881278 0.8735040367883398 427
1646513881392 0.8732929209337535 428
1646513881424 0.8730824691954658 429
1646513881458 0.872872686806712 430
1646513881492 0.8726635789840828 431
1646513881532 0.8724551509273949 432
1646513881582 0.8722474078195612 433
1646513881626 0.8720403548264626 434
1646513881854 0.8718339970968189 435
1646513881911 0.8716283397620609 436
1646513881958 0.8714233879362031 437
1646513882003 0.8712191467157163 438
1646513882060 0.8710156211794009 439
1646513882110 0.8708128163882605 440
1646513882151 0.8706107373853763 441
1646513882312 0.8704093891957816 442
1646513882356 0.8702087768263366 443
1646513882398 0.8700089052656043 444
1646513882435 0.8698097794837261 445
1646513882474 0.8696114044322985 446
1646513882517 0.8694137850442496 447
1646513882551 0.869216926233717 448
1646513882674 0.869020832895925 449
1646513882716 0.8688255099070633 450
1646513882749 0.8686309621241654 451
1646513882784 0.868437194384988 452
1646513882825 0.868244211507891 453
1646513882872 0.8680520182917172 454
1646513882921 0.8678606195156731 455
1646513883156 0.86767001993921 456
1646513883214 0.8674802243019062 457
1646513883244 0.8672912373233482 458
1646513883279 0.8671030637030144 459
1646513883316 0.8669157081201571 460
1646513883350 0.866729175233687 461
1646513883380 0.8665434696820571 462
1646513883506 0.8663585960831474 463
1646513883543 0.8661745590341497 464
1646513883582 0.865991363111454 465
1646513883622 0.865809012870534 466
1646513883659 0.8656275128458341 467
1646513883691 0.8654468675506567 468
1646513883732 0.8652670814770501 469
1646513883874 0.8650881590956964 470
1646513883916 0.8649101048558004 471
1646513883955 0.8647329231849795 472
1646513883991 0.864556618489153 473
1646513884025 0.8643811951524327 474
1646513884069 0.8642066575370141 475
1646513884106 0.8640330099830674 476
1646513884235 0.8638602568086304 477
1646513884276 0.8636884023095003 478
1646513884312 0.8635174507591274 479
1646513884351 0.8633474064085087 480
1646513884395 0.8631782734860819 481
1646513884432 0.8630100561976208 482
1646513884467 0.8628427587261303 483
1646513884583 0.8626763852317425 484
1646513884615 0.8625109398516133 485
1646513884651 0.8623464266998194 486
1646513884696 0.8621828498672562 487
1646513884730 0.8620202134215361 488
1646513884768 0.8618585214068867 489
1646513884811 0.8616977778440511 490
1646513884947 0.8615379867301876 491
1646513884981 0.86137915203877 492
1646513885017 0.8612212777194893 493
1646513885055 0.8610643676981553 494
1646513885095 0.8609084258765984 495
1646513885131 0.8607534561325738 496
1646513885160 0.8605994623196639 497
1646513885314 0.860446448267183 498
1646513885391 0.860294417780082 499
1646513885455 0.8601433746388538 500
1646513885543 0.8599933225994396 501
1646513885614 0.8598442653931349 502
1646513885670 0.8596962067264968 503
1646513885718 0.8595491502812526 504
1646513885918 0.8594030997142071 505
1646513885968 0.8592580586571528 506
1646513886004 0.8591140307167784 507
1646513886052 0.8589710194745804 508
1646513886094 0.858829028486773 509
1646513886135 0.8586880612842003 510
1646513886173 0.8585481213722479 511
1646513886318 0.8584092122307565 512
1646513886362 0.8582713373139349 513
1646513886397 0.8581345000502738 514
1646513886434 0.8579987038424614 515
1646513886470 0.857863952067298 516
1646513886510 0.8577302480756125 517
1646513886551 0.8575975951921787 518
1646513886734 0.857465996715633 519
1646513886802 0.8573354559183922 520
1646513886919 0.857205976046572 521
1646513886965 0.8570775603199067 522
1646513886996 0.8569502119316684 523
1646513887029 0.8568239340485885 524
1646513887057 0.856698729810778 525
1646513887174 0.8565746023316505 526
1646513887210 0.8564515546978437 527
1646513887248 0.8563295899691435 528
1646513887282 0.8562087111784071 529
1646513887322 0.8560889213314885 530
1646513887365 0.8559702234071631 531
1646513887410 0.8558526203570537 532
1646513887543 0.8557361151055572 533
1646513887590 0.8556207105497723 534
1646513887628 0.8555064095594266 535
1646513887660 0.8553932149768058 536
1646513887693 0.8552811296166831 537
1646513887724 0.8551701562662489 538
1646513887753 0.8550602976850417 539
1646513887874 0.854951556604879 540
1646513887914 0.8548439357297904 541
1646513887954 0.8547374377359492 542
1646513887998 0.8546320652716067 543
1646513888036 0.8545278209570258 544
1646513888084 0.8544247073844163 545
1646513888117 0.8543227271178699 546
1646513888244 0.854221882693297 547
1646513888279 0.8541221766183633 548
1646513888315 0.8540236113724274 549
1646513888355 0.8539261894064796 550
1646513888415 0.8538299131430802 551
1646513888453 0.8537347849763002 552
1646513888494 0.8536408072716606 553
1646513888646 0.8535479823660749 554
1646513888696 0.8534563125677898 555
1646513888752 0.8533658001563286 556
1646513888803 0.8532764473824342 557
1646513888858 0.8531882564680131 558
1646513888905 0.8531012296060803 559
1646513888945 0.8530153689607045 560
1646513889106 0.8529306766669548 561
1646513889173 0.8528471548308469 562
1646513889264 0.8527648055292915 563
1646513889356 0.8526836308100417 564
1646513889468 0.8526036326916434 565
1646513889521 0.8525248131633837 566
1646513889571 0.8524471741852423 567
1646513889832 0.8523707176878427 568
1646513889910 0.8522954455724038 569
1646513889969 0.8522213597106929 570
1646513890020 0.8521484619449794 571
1646513890057 0.8520767540879882 572
1646513890103 0.8520062379228556 573
1646513890144 0.851936915203084 574
1646513890293 0.8518687876524994 575
1646513890338 0.8518018569652073 576
1646513890381 0.8517361248055516 577
1646513890430 0.8516715928080726 578
1646513890471 0.8516082625774667 579
1646513890525 0.8515461356885461 580
1646513890578 0.8514852136862001 581
1646513890806 0.8514254980853566 582
1646513890866 0.851366990370944 583
1646513890919 0.8513096919978547 584
1646513890970 0.8512536043909088 585
1646513891051 0.8511987289448187 586
1646513891115 0.8511450670241545 587
1646513891161 0.8510926199633096 588
1646513891294 0.8510413890664684 589
1646513891337 0.8509913756075728 590
1646513891368 0.8509425808302914 591
1646513891403 0.8508950059479881 592
1646513891435 0.8508486521436921 593
1646513891471 0.8508035205700685 594
1646513891515 0.8507596123493896 595
1646513891713 0.8507169285735068 596
1646513891757 0.850675470303824 597
1646513891792 0.8506352385712702 598
1646513891825 0.8505962343762752 599
1646513891869 0.8505584586887436 600
1646513891913 0.8505219124480311 601
1646513891945 0.8504865965629215 602
1646513892069 0.8504525119116032 603
1646513892107 0.8504196593416484 604
1646513892144 0.8503880396699913 605
1646513892180 0.850357653682908 606
1646513892214 0.8503285021359972 607
1646513892250 0.8503005857541607 608
1646513892282 0.8502739052315863 609
1646513892450 0.8502484612317299 610
1646513892519 0.8502242543872992 611
1646513892577 0.850201285300238 612
1646513892639 0.8501795545417112 613
1646513892716 0.8501590626520904 614
1646513892772 0.850139810140941 615
1646513892849 0.8501217974870088 616
1646513893173 0.8501050251382086 617
1646513893232 0.8500894935116132 618
1646513893290 0.8500752029934424 619
1646513893398 0.8500621539390538 620
1646513893470 0.8500503466729342 621
1646513893547 0.850039781488691 622
1646513893616 0.8500304586490451 623
1646513893821 0.8500223783858248 624
1646513893882 0.8500155408999591 625
1646513893937 0.8500099463614738 626
1646513893987 0.8500055949094864 627
1646513894047 0.8500024866522028 628
1646513894092 0.8500006216669154 629
1646513894147 0.8500001141839123 630
1646513894293 0.8500004567351277 631
1646513894330 0.8500010276520816 632
1646513894382 0.8500018269321666 633
1646513894423 0.850002854571732 634
1646513894480 0.850004110566084 635
1646513894563 0.8500055949094864 636
1646513894627 0.8500073075951593 637
1646513894864 0.8500092486152805 638
1646513894916 0.8500114179609846 639
1646513894963 0.8500138156223634 640
1646513895004 0.850016441588466 641
1646513895058 0.8500192958472986 642
1646513895109 0.8500223783858248 643
1646513895160 0.8500256891899656 644
1646513895305 0.8500292282445993 645
1646513895360 0.8500329955335618 646
1646513895408 0.8500369910396466 647
1646513895462 0.8500412147446047 648
1646513895511 0.850045666629145 649
1646513895545 0.8500503466729342 650
1646513895577 0.8500552548545969 651
1646513895698 0.8500603911517155 652
1646513895735 0.8500657555408307 653
1646513895794 0.8500713479974417 654
1646513895833 0.8500771684960056 655
1646513895878 0.8500832170099379 656
1646513895920 0.8500894935116132 657
1646513895955 0.8500959979723643 658
1646513896123 0.8501027303624832 659
1646513896182 0.8501096906512204 660
1646513896229 0.850116878806786 661
1646513896269 0.850124294796349 662
1646513896331 0.850131938586038 663
1646513896399 0.850139810140941 664
1646513896446 0.8501479094251059 665
1646513896624 0.8501562364015404 666
1646513896688 0.8501647910322121 667
1646513896732 0.8501735732780491 668
1646513896799 0.8501825830989397 669
1646513896866 0.8501918204537328 670
1646513896941 0.850201285300238 671
1646513896999 0.8502109775952262 672
1646513897182 0.8502208972944292 673
1646513897230 0.85023104435254 674
1646513897272 0.8502414187232137 675
1646513897309 0.8502520203590664 676
1646513897355 0.850262849211677 677
1646513897401 0.8502739052315863 678
1646513897444 0.8502851883682973 679
1646513897570 0.850296698570276 680
1646513897608 0.8503084357849511 681
1646513897641 0.8503203999587147 682
1646513897682 0.850332591036922 683
1646513897714 0.8503450089638922 684
1646513897757 0.850357653682908 685
1646513897804 0.8503705251362167 686
1646513897937 0.8503836232650296 687
1646513897964 0.8503969480095228 688
1646513898011 0.8504104993088377 689
1646513898044 0.8504242771010805 690
1646513898239 0.850438281323323 691
1646513898317 0.8504525119116032 692
1646513898379 0.8504669688009249 693
1646513898560 0.850481651925258 694
1646513898577 0.8504965612175399 695
1646513898609 0.8505116966096742 696
1646513898654 0.8505270580325324 697
1646513898691 0.8505426454159531 698
1646513898732 0.8505584586887436 699
1646513898763 0.8505744977786787 700
1646513898874 0.8505907626125022 701
1646513898899 0.8506072531159269 702
1646513898930 0.8506239692136348 703
1646513898969 0.8506409108292775 704
1646513898990 0.8506580778854765 705
1646513899031 0.850675470303824 706
1646513899062 0.8506930880048822 707
1646513899177 0.8507109309081852 708
1646513899201 0.8507289989322379 709
1646513899245 0.8507472919945172 710
1646513899284 0.8507658100114721 711
1646513899320 0.8507845528985244 712
1646513899359 0.8508035205700685 713
1646513899410 0.8508227129394723 714
1646513899551 0.8508421299190775 715
1646513899596 0.8508617714201998 716
1646513899624 0.8508816373531294 717
1646513899666 0.8509017276271315 718
1646513899691 0.8509220421504468 719
1646513899738 0.8509425808302914 720
1646513899775 0.850963343572858 721
1646513899900 0.8509843302833157 722
1646513899933 0.8510055408658106 723
1646513899965 0.8510269752234666 724
1646513899999 0.8510486332583853 725
1646513900036 0.8510705148716468 726
1646513900072 0.8510926199633096 727
1646513900107 0.8511149484324124 728
1646513900229 0.8511375001769728 729
1646513900263 0.851160275093989 730
1646513900292 0.8511832730794398 731
1646513900324 0.8512064940282852 732
1646513900355 0.851229937834467 733
1646513900391 0.8512536043909088 734
1646513900406 0.8512774935895171 735
1646513900575 0.8513016053211814 736
1646513900638 0.8513259394757747 737
1646513900713 0.8513504959421545 738
1646513900758 0.8513752746081624 739
1646513900819 0.8514002753606256 740
1646513900879 0.8514254980853566 741
1646513900930 0.8514509426671544 742
1646513901071 0.8514766089898043 743
1646513901095 0.8515024969360792 744
1646513901126 0.8515286063877395 745
1646513901186 0.8515549372255342 746
1646513901236 0.8515814893292009 747
1646513901276 0.8516082625774667 748
1646513901312 0.8516352568480485 749
1646513901445 0.851662472017654 750
1646513901487 0.8516899079619817 751
1646513901518 0.851717564555722 752
1646513901570 0.8517454416725573 753
1646513901601 0.8517735391851629 754
1646513901637 0.8518018569652073 755
1646513901662 0.8518303948833533 756
1646513901833 0.851859152809258 757
1646513901883 0.8518881306115735 758
1646513901994 0.8519173281579482 759
1646513902054 0.8519467453150262 760
1646513902095 0.851976381948449 761
1646513902126 0.8520062379228556 762
1646513902160 0.8520363131018829 763
1646513902285 0.852066607348167 764
1646513902322 0.8520971205233432 765
1646513902369 0.852127852488047 766
1646513902437 0.8521588031019145 767
1646513902483 0.8521899722235834 768
1646513902536 0.8522213597106929 769
1646513902573 0.8522529654198855 770
1646513902678 0.8522847892068064 771
1646513902703 0.8523168309261051 772
1646513902765 0.8523490904314356 773
1646513902804 0.8523815675754574 774
1646513902838 0.8524142622098356 775
1646513902875 0.8524471741852423 776
1646513902896 0.8524803033513567 777
1646513903019 0.8525136495568661 778
1646513903045 0.8525472126494665 779
1646513903076 0.8525809924758634 780
1646513903116 0.852614988881772 781
1646513903147 0.8526492017119189 782
1646513903186 0.8526836308100417 783
1646513903212 0.8527182760188906 784
1646513903332 0.8527531371802285 785
1646513903357 0.8527882141348321 786
1646513903388 0.8528235067224923 787
1646513903423 0.8528590147820153 788
1646513903455 0.8528947381512233 789
1646513903485 0.8529306766669548 790
1646513903513 0.8529668301650658 791
1646513903634 0.8530031984804305 792
1646513903654 0.8530397814469417 793
1646513903708 0.853076578897512 794
1646513903759 0.8531135906640742 795
1646513903796 0.8531508165775826 796
1646513903839 0.8531882564680131 797
1646513903883 0.8532259101643643 798
1646513904015 0.8532637774946584 799
1646513904039 0.8533018582859418 800
1646513904070 0.853340152364286 801
1646513904113 0.8533786595547881 802
1646513904144 0.8534173796815723 803
1646513904185 0.8534563125677898 804
1646513904270 0.8534954580356202 805
1646513904548 0.8535348159062723 806
1646513904605 0.8535743859999848 807
1646513904639 0.8536141681360266 808
1646513904702 0.8536541621326988 809
1646513904772 0.8536943678073345 810
1646513904812 0.8537347849763002 811
1646513904865 0.8537754134549959 812
1646513905023 0.8538162530578571 813
1646513905083 0.8538573035983548 814
1646513905126 0.8538985648889964 815
1646513905166 0.8539400367413271 816
1646513905207 0.8539817189659299 817
1646513905269 0.8540236113724274 818
1646513905321 0.854065713769482 819
1646513905501 0.8541080259647971 820
1646513905539 0.8541505477651177 821
1646513905581 0.8541932789762317 822
1646513905622 0.8542362194029703 823
1646513905750 0.8542793688492094 824
1646513905794 0.8543227271178699 825
1646513905847 0.8543662940109193 826
1646513906107 0.8544100693293721 827
1646513906154 0.8544540528732907 828
1646513906202 0.8544982444417867 829
1646513906245 0.8545426438330213 830
1646513906294 0.8545872508442066 831
1646513906336 0.8546320652716067 832
1646513906377 0.8546770869105381 833
1646513906522 0.8547223155553707 834
1646513906550 0.8547677509995295 835
1646513906596 0.8548133930354943 836
1646513906656 0.8548592414548019 837
1646513906701 0.854905296048046 838
1646513906744 0.854951556604879 839
1646513906781 0.8549980229140125 840
1646513906936 0.8550446947632181 841
1646513906981 0.855091571939329 842
1646513907028 0.8551386542282404 843
1646513907065 0.8551859414149107 844
1646513907096 0.8552334332833623 845
1646513907140 0.8552811296166831 846
1646513907165 0.8553290301970269 847
1646513907306 0.8553771348056147 848
1646513907344 0.8554254432227355 849
1646513907397 0.8554739552277476 850
1646513907437 0.8555226705990794 851
1646513907481 0.8555715891142304 852
1646513907521 0.8556207105497723 853
1646513907552 0.85567003468135 854
1646513907694 0.8557195612836825 855
1646513907724 0.8557692901305645 856
1646513907766 0.8558192209948662 857
1646513907798 0.8558693536485358 858
1646513907814 0.8559196878625995 859
1646513907866 0.8559702234071631 860
1646513907897 0.8560209600514126 861
1646513908066 0.8560718975636158 862
1646513908144 0.8561230357111228 863
1646513908213 0.8561743742603676 864
1646513908265 0.8562259129768686 865
1646513908330 0.8562776516252302 866
1646513908370 0.8563295899691434 867
1646513908419 0.8563817277713875 868
1646513908542 0.8564340647938306 869
1646513908581 0.8564866007974304 870
1646513908620 0.8565393355422368 871
1646513908650 0.856592268787391 872
1646513908688 0.8566454002911283 873
1646513908739 0.856698729810778 874
1646513908783 0.8567522571027653 875
1646513908931 0.8568059819226118 876
1646513908970 0.8568599040249373 877
1646513909020 0.8569140231634602 878
1646513909063 0.8569683390909991 879
1646513909104 0.857022851559474 880
1646513909148 0.8570775603199067 881
1646513909179 0.8571324651224229 882
1646513909367 0.857187565716253 883
1646513909412 0.8572428618497326 884
1646513909537 0.8572983532703049 885
1646513909583 0.8573540397245205 886
1646513909616 0.8574099209580398 887
1646513909663 0.857465996715633 888
1646513909700 0.8575222667411823 889
1646513909814 0.8575787307776823 890
1646513909840 0.8576353885672419 891
1646513909887 0.8576922398510843 892
1646513909930 0.8577492843695499 893
1646513909962 0.8578065218620958 894
1646513909996 0.857863952067298 895
1646513910030 0.8579215747228524 896
1646513910136 0.8579793895655755 897
1646513910172 0.8580373963314065 898
1646513910203 0.858095594755408 899
1646513910231 0.8581539845717667 900
1646513910262 0.8582125655137957 901
1646513910302 0.8582713373139348 902
1646513910331 0.8583302997037525 903
1646513910447 0.8583894524139463 904
1646513910470 0.8584487951743448 905
1646513910503 0.8585083277139084 906
1646513910531 0.8585680497607309 907
1646513910562 0.8586279610420402 908
1646513910604 0.8586880612842003 909
1646513910631 0.8587483502127118 910
1646513910751 0.8588088275522139 911
1646513910776 0.8588694930264849 912
1646513910823 0.8589303463584439 913
1646513910851 0.8589913872701522 914
1646513910897 0.8590526154828141 915
1646513910976 0.8591140307167784 916
1646513911027 0.8591756326915401 917
1646513911214 0.8592374211257408 918
1646513911266 0.8592993957371707 919
1646513911310 0.8593615562427699 920
1646513911353 0.8594239023586289 921
1646513911390 0.8594864337999909 922
1646513911426 0.8595491502812526 923
1646513911470 0.8596120515159653 924
1646513911681 0.8596751372168369 925
1646513911955 0.8597384070957321 926
1646513912314 0.8598018608636753 927
1646513912413 0.8598654982308501 928
1646513912525 0.8599293189066022 929
1646513912596 0.8599933225994396 930
1646513912669 0.8600575090170349 931
1646513912898 0.8601218778662257 932
1646513912981 0.8601864288530165 933
1646513913033 0.8602511616825801 934
1646513913094 0.8603160760592583 935
1646513913163 0.8603811716865643 936
1646513913219 0.8604464482671829 937
1646513913269 0.8605119055029729 938
1646513913517 0.8605775430949676 939
1646513913577 0.8606433607433768 940
1646513913694 0.8607093581475879 941
1646513913768 0.8607755350061671 942
1646513913825 0.8608418910168611 943
1646513913886 0.8609084258765984 944
1646513913914 0.8609751392814907 945
1646513914091 0.861042030926834 946
1646513914148 0.8611091005071101 947
1646513914203 0.8611763477159886 948
1646513914241 0.8612437722463274 949
1646513914285 0.8613113737901746 950
1646513914325 0.86137915203877 951
1646513914362 0.8614471066825461 952
1646513914490 0.8615152374111297 953
1646513914533 0.8615835439133436 954
1646513914573 0.8616520258772076 955
1646513914617 0.8617206829899402 956
1646513914659 0.86178951493796 957
1646513914704 0.8618585214068867 958
1646513914738 0.8619277020815432 959
1646513914885 0.8619970566459569 960
1646513914931 0.8620665847833607 961
1646513914970 0.8621362861761948 962
1646513915012 0.8622061605061079 963
1646513915049 0.8622762074539593 964
1646513915093 0.8623464266998194 965
1646513915131 0.8624168179229721 966
1646513915274 0.8624873808019154 967
1646513915323 0.8625581150143635 968
1646513915359 0.8626290202372482 969
1646513915399 0.8627000961467199 970
1646513915437 0.8627713424181496 971
1646513915483 0.8628427587261303 972
1646513915540 0.862914344744478 973
1646513915685 0.8629861001462342 974
1646513915734 0.8630580246036661 975
1646513915780 0.8631301177882692 976
1646513915852 0.8632023793707683 977
1646513915945 0.8632748090211187 978
1646513916019 0.8633474064085087 979
1646513916095 0.8634201712013599 980
1646513916345 0.8634931030673297 981
1646513916415 0.8635662016733122 982
1646513916479 0.8636394666854401 983
1646513916541 0.8637128977690859 984
1646513916594 0.8637864945888636 985
1646513916653 0.8638602568086304 986
1646513916709 0.8639341840914879 987
1646513916894 0.8640082760997838 988
1646513916947 0.8640825324951136 989
1646513916993 0.8641569529383217 990
1646513917050 0.8642315370895036 991
1646513917103 0.8643062846080068 992
1646513917149 0.8643811951524327 993
1646513917204 0.8644562683806383 994
1646513917360 0.8645315039497371 995
1646513917435 0.8646069015161016 996
1646513917519 0.8646824607353644 997
1646513917583 0.8647581812624194 998
1646513917655 0.864834062751424 999
1646513917723 0.8649101048558004 1000
1646513917782 0.8649863072282372 1001
1646513917926 0.8650626695206911 1002
1646513917970 0.8651391913843881 1003
1646513918003 0.8652158724698257 1004
1646513918044 0.865292712426774 1005
1646513918080 0.8653697109042775 1006
1646513918123 0.8654468675506567 1007
1646513918152 0.8655241820135098 1008
1646513918290 0.865601653939714 1009
1646513918336 0.8656792829754274 1010
1646513918371 0.8657570687660906 1011
1646513918414 0.865835010956428 1012
1646513918447 0.86591310919045 1013
1646513918489 0.865991363111454 1014
1646513918523 0.8660697723620265 1015
1646513918752 0.8661483365840446 1016
1646513918814 0.8662270554186772 1017
1646513918854 0.8663059285063875 1018
1646513918896 0.8663849554869342 1019
1646513918936 0.8664641359993726 1020
1646513918975 0.8665434696820571 1021
1646513919010 0.8666229561726426 1022
1646513919132 0.8667025951080859 1023
1646513919168 0.8667823861246476 1024
1646513919209 0.8668623288578938 1025
1646513919250 0.8669424229426974 1026
1646513919291 0.8670226680132402 1027
1646513919338 0.8671030637030144 1028
1646513919387 0.8671836096448241 1029
1646513919583 0.8672643054707874 1030
1646513919668 0.8673451508123375 1031
1646513919757 0.8674261453002252 1032
1646513919831 0.8675072885645196 1033
1646513919947 0.8675885802346106 1034
1646513920059 0.86767001993921 1035
1646513920117 0.8677516073063538 1036
1646513920386 0.8678333419634032 1037
1646513920506 0.8679152235370472 1038
1646513920593 0.8679972516533032 1039
1646513920686 0.8680794259375197 1040
1646513920797 0.8681617460143773 1041
1646513920918 0.868244211507891 1042
1646513920997 0.8683268220414114 1043
1646513921186 0.8684095772376269 1044
1646513921250 0.8684924767185649 1045
1646513921316 0.8685755201055938 1046
1646513921383 0.868658707019425 1047
1646513921460 0.8687420370801142 1048
1646513921531 0.8688255099070633 1049
1646513921600 0.8689091251190221 1050
1646513922009 0.8689928823340901 1051
1646513922083 0.8690767811697184 1052
1646513922148 0.8691608212427109 1053
1646513922220 0.8692450021692267 1054
1646513922272 0.8693293235647817 1055
1646513922327 0.8694137850442496 1056
1646513922457 0.8694983862218651 1057
1646513922713 0.8695831267112243 1058
1646513922769 0.8696680061252872 1059
1646513922862 0.8697530240763792 1060
1646513922912 0.8698381801761932 1061
1646513922968 0.8699234740357906 1062
1646513923032 0.8700089052656043 1063
1646513923084 0.8700944734754392 1064
1646513923262 0.8701801782744748 1065
1646513923309 0.8702660192712668 1066
1646513923361 0.8703519960737487 1067
1646513923416 0.8704381082892338 1068
1646513923466 0.870524355524417 1069
1646513923525 0.8706107373853763 1070
1646513923592 0.8706972534775751 1071
1646513923779 0.8707839034058633 1072
1646513923842 0.8708706867744802 1073
1646513923897 0.8709576031870548 1074
1646513923951 0.8710446522466091 1075
1646513924010 0.871131833555559 1076
1646513924071 0.8712191467157163 1077
1646513924111 0.8713065913282907 1078
1646513924332 0.8713941669938915 1079
1646513924412 0.8714818733125294 1080
1646513924500 0.8715697098836184 1081
1646513924617 0.8716576763059775 1082
1646513924701 0.8717457721778328 1083
1646513924770 0.8718339970968189 1084
1646513924863 0.8719223506599812 1085
1646513925129 0.8720108324637776 1086
1646513925183 0.8720994421040801 1087
1646513925224 0.8721881791761767 1088
1646513925255 0.8722770432747738 1089
1646513925295 0.8723660339939974 1090
1646513925311 0.8724551509273948 1091
1646513925341 0.8725443936679376 1092
1646513925484 0.8726337618080222 1093
1646513925543 0.8727232549394726 1094
1646513925593 0.8728128726535415 1095
1646513925635 0.872902614540913 1096
1646513925681 0.872992480191704 1097
1646513925721 0.8730824691954658 1098
1646513925764 0.8731725811411868 1099
1646513925900 0.8732628156172935 1100
1646513925938 0.8733531722116529 1101
1646513925981 0.8734436505115741 1102
1646513926025 0.8735342501038106 1103
1646513926065 0.8736249705745618 1104
1646513926104 0.8737158115094747 1105
1646513926139 0.8738067724936467 1106
1646513926266 0.8738978531116264 1107
1646513926329 0.8739890529474161 1108
1646513926369 0.8740803715844737 1109
1646513926432 0.8741718086057144 1110
1646513926478 0.8742633635935129 1111
1646513926523 0.8743550361297047 1112
1646513926560 0.8744468257955886 1113
1646513926820 0.8745387321719288 1114
1646513926947 0.8746307548389558 1115
1646513927016 0.8747228933763695 1116
1646513927065 0.8748151473633402 1117
1646513927116 0.874907516378511 1118
1646513927164 0.875 1119
1646513927216 0.8750925978054012 1120
1646513927363 0.8751853093717874 1121
1646513927390 0.8752781342757121 1122
1646513927459 0.8753710720932107 1123
1646513927519 0.8754641223998031 1124
1646513927599 0.8755572847704953 1125
1646513927651 0.8756505587797816 1126
1646513927683 0.8757439440016463 1127
1646513927853 0.875837440009566 1128
1646513927903 0.8759310463765109 1129
1646513927950 0.8760247626749473 1130
1646513927995 0.8761185884768397 1131
1646513928023 0.8762125233536519 1132
1646513928081 0.87630656687635 1133
1646513928118 0.8764007186154038 1134
1646513928272 0.8764949781407887 1135
1646513928329 0.8765893450219877 1136
1646513928390 0.8766838188279937 1137
1646513928437 0.8767783991273113 1138
1646513928474 0.8768730854879582 1139
1646513928507 0.8769678774774683 1140
1646513928545 0.8770627746628928 1141
1646513928659 0.8771577766108024 1142
1646513928698 0.8772528828872892 1143
1646513928729 0.8773480930579691 1144
1646513928774 0.8774434066879833 1145
1646513928805 0.8775388233420003 1146
1646513928847 0.8776343425842184 1147
1646513928890 0.877729963978367 1148
1646513929074 0.8778256870877092 1149
1646513929168 0.8779215114750436 1150
1646513929258 0.8780174367027058 1151
1646513929339 0.8781134623325713 1152
1646513929393 0.8782095879260566 1153
1646513929452 0.878305813044122 1154
1646513929512 0.8784021372472731 1155
1646513929697 0.8784985600955628 1156
1646513929739 0.8785950811485936 1157
1646513929816 0.8786916999655197 1158
1646513929883 0.8787884161050481 1159
1646513929931 0.878885229125442 1160
1646513929972 0.8789821385845217 1161
1646513930008 0.8790791440396672 1162
1646513930139 0.87917624504782 1163
1646513930170 0.8792734411654852 1164
1646513930212 0.8793707319487334 1165
1646513930248 0.879468116953203 1166
1646513930294 0.879565595734102 1167
1646513930344 0.8796631678462099 1168
1646513930387 0.8797608328438803 1169
1646513930606 0.8798585902810421 1170
1646513930681 0.8799564397112024 1171
1646513930727 0.8800543806874479 1172
1646513930761 0.8801524127624473 1173
1646513930799 0.880250535488453 1174
1646513930836 0.8803487484173038 1175
1646513930872 0.8804470511004261 1176
1646513930980 0.8805454430888364 1177
1646513931017 0.8806439239331436 1178
1646513931049 0.8807424931835505 1179
1646513931085 0.8808411503898561 1180
1646513931120 0.8809398951014579 1181
1646513931152 0.8810387268673535 1182
1646513931184 0.8811376452361431 1183
1646513931298 0.8812366497560312 1184
1646513931332 0.881335739974829 1185
1646513931365 0.8814349154399558 1186
1646513931398 0.8815341756984422 1187
1646513931430 0.881633520296931 1188
1646513931469 0.8817329487816802 1189
1646513931503 0.8818324606985644 1190
1646513931640 0.8819320555930772 1191
1646513931676 0.8820317330103331 1192
1646513931716 0.88213149249507 1193
1646513931748 0.8822313335916505 1194
1646513931783 0.882331255844065 1195
1646513931818 0.8824312587959329 1196
1646513931849 0.8825313419905049 1197
1646513931958 0.8826315049706654 1198
1646513931996 0.8827317472789346 1199
1646513932041 0.8828320684574699 1200
1646513932079 0.8829324680480688 1201
1646513932111 0.8830329455921706 1202
1646513932145 0.8831335006308585 1203
1646513932177 0.8832341327048617 1204
1646513932292 0.8833348413545579 1205
1646513932327 0.8834356261199745 1206
1646513932362 0.8835364865407918 1207
1646513932394 0.8836374221563441 1208
1646513932428 0.8837384325056226 1209
1646513932462 0.8838395171272769 1210
1646513932494 0.8839406755596176 1211
1646513932609 0.8840419073406182 1212
1646513932648 0.8841432120079168 1213
1646513932700 0.8842445890988189 1214
1646513932770 0.8843460381502993 1215
1646513932830 0.8844475586990042 1216
1646513932887 0.8845491502812526 1217
1646513932946 0.8846508124330399 1218
1646513933139 0.8847525446900386 1219
1646513933190 0.8848543465876013 1220
1646513933226 0.8849562176607626 1221
1646513933268 0.8850581574442407 1222
1646513933303 0.8851601654724405 1223
1646513933346 0.8852622412794547 1224
1646513933379 0.8853643843990671 1225
1646513933505 0.8854665943647533 1226
1646513933542 0.885568870709684 1227
1646513933582 0.885671212966727 1228
1646513933624 0.8857736206684483 1229
1646513933661 0.8858760933471157 1230
1646513933700 0.8859786305346998 1231
1646513933731 0.8860812317628768 1232
1646513933863 0.8861838965630302 1233
1646513933902 0.8862866244662535 1234
1646513933938 0.8863894150033514 1235
1646513933977 0.8864922677048431 1236
1646513934071 0.8865951821009637 1237
1646513934127 0.8866981577216662 1238
1646513934179 0.8868011940966245 1239
1646513934362 0.8869042907552346 1240
1646513934398 0.8870074472266173 1241
1646513934429 0.8871106630396203 1242
1646513934461 0.8872139377228202 1243
1646513934496 0.8873172708045246 1244
1646513934528 0.8874206618127746 1245
1646513934560 0.8875241102753464 1246
1646513934673 0.8876276157197542 1247
1646513934706 0.8877311776732517 1248
1646513934738 0.8878347956628345 1249
1646513934772 0.8879384692152423 1250
1646513934804 0.888042197856961 1251
1646513934839 0.888145981114225 1252
1646513934868 0.8882498185130192 1253
1646513934983 0.888353709579081 1254
1646513935016 0.888457653837903 1255
1646513935051 0.8885616508147347 1256
1646513935088 0.8886657000345848 1257
1646513935119 0.8887698010222234 1258
1646513935151 0.8888739533021842 1259
1646513935183 0.8889781563987667 1260
1646513935298 0.8890824098360381 1261
1646513935332 0.8891867131378358 1262
1646513935365 0.8892910658277694 1263
1646513935398 0.8893954674292232 1264
1646513935428 0.8894999174653575 1265
1646513935460 0.8896044154591121 1266
1646513935489 0.8897089609332071 1267
1646513935598 0.8898135534101462 1268
1646513935630 0.8899181924122183 1269
1646513935661 0.8900228774614998 1270
1646513935695 0.8901276080798566 1271
1646513935732 0.8902323837889468 1272
1646513935767 0.8903372041102223 1273
1646513935799 0.8904420685649314 1274
1646513935909 0.8905469766741205 1275
1646513935944 0.8906519279586373 1276
1646513935975 0.8907569219391316 1277
1646513936010 0.8908619581360584 1278
1646513936046 0.89096703606968 1279
1646513936082 0.8910721552600681 1280
1646513936117 0.8911773152271059 1281
1646513936231 0.8912825154904902 1282
1646513936265 0.891387755569734 1283
1646513936296 0.8914930349841683 1284
1646513936328 0.8915983532529446 1285
1646513936360 0.8917037098950366 1286
1646513936404 0.8918091044292431 1287
1646513936448 0.8919145363741896 1288
1646513936676 0.892020005248331 1289
1646513936742 0.8921255105699532 1290
1646513936818 0.8922310518571758 1291
1646513936869 0.8923366286279542 1292
1646513936928 0.8924422404000816 1293
1646513936987 0.8925478866911912 1294
1646513937030 0.8926535670187591 1295
1646513937186 0.8927592809001053 1296
1646513937232 0.8928650278523969 1297
1646513937285 0.8929708073926498 1298
1646513937331 0.8930766190377313 1299
1646513937378 0.8931824623043617 1300
1646513937422 0.8932883367091172 1301
1646513937459 0.8933942417684316 1302
1646513937612 0.8935001769985987 1303
1646513937661 0.8936061419157747 1304
1646513937714 0.8937121360359799 1305
1646513937764 0.8938181588751013 1306
1646513937813 0.893924209948895 1307
1646513937884 0.8940302887729877 1308
1646513937988 0.8941363948628799 1309
1646513938212 0.894242527733947 1310
1646513938257 0.8943486869014424 1311
1646513938299 0.8944548718804994 1312
1646513938343 0.8945610821861334 1313
1646513938378 0.894667317333244 1314
1646513938422 0.8947735768366173 1315
1646513938459 0.8948798602109284 1316
1646513938605 0.8949861669707432 1317
1646513938640 0.8950924966305208 1318
1646513938673 0.8951988487046159 1319
1646513938708 0.8953052227072804 1320
1646513938748 0.8954116181526666 1321
1646513938783 0.8955180345548283 1322
1646513938821 0.895624471427724 1323
1646513938935 0.8957309282852185 1324
1646513938967 0.8958374046410855 1325
1646513938998 0.8959439000090094 1326
1646513939030 0.8960504139025879 1327
1646513939063 0.8961569458353341 1328
1646513939094 0.8962634953206787 1329
1646513939124 0.8963700618719723 1330
1646513939241 0.8964766450024872 1331
1646513939272 0.8965832442254206 1332
1646513939306 0.8966898590538956 1333
1646513939338 0.8967964890009643 1334
1646513939368 0.8969031335796098 1335
1646513939403 0.8970097923027482 1336
1646513939438 0.8971164646832313 1337
1646513939555 0.8972231502338479 1338
1646513939589 0.8973298484673276 1339
1646513939624 0.897436558896341 1340
1646513939663 0.8975432810335039 1341
1646513939698 0.897650014391378 1342
1646513939732 0.8977567584824742 1343
1646513939764 0.8978635128192541 1344
1646513939884 0.8979702769141327 1345
1646513939923 0.89807705027948 1346
1646513939953 0.8981838324276243 1347
1646513939988 0.8982906228708534 1348
1646513940030 0.8983974211214172 1349
1646513940068 0.8985042266915301 1350
1646513940100 0.8986110390933728 1351
1646513940310 0.8987178578390952 1352
1646513940376 0.8988246824408179 1353
1646513940433 0.8989315124106348 1354
1646513940497 0.8990383472606156 1355
1646513940544 0.8991451865028072 1356
1646513940596 0.8992520296492368 1357
1646513940637 0.8993588762119136 1358
1646513940772 0.8994657257028313 1359
1646513940815 0.8995725776339702 1360
1646513940851 0.8996794315172995 1361
1646513940886 0.8997862868647791 1362
1646513940935 0.899893143188363 1363
1646513940980 0.8999999999999999 1364
1646513941016 0.9001068568116369 1365
1646513941148 0.9002137131352208 1366
1646513941195 0.9003205684827005 1367
1646513941233 0.9004274223660297 1368
1646513941272 0.9005342742971686 1369
1646513941310 0.9006411237880864 1370
1646513941348 0.9007479703507631 1371
1646513941385 0.9008548134971928 1372
1646513941592 0.9009616527393843 1373
1646513941678 0.9010684875893651 1374
1646513941730 0.901175317559182 1375
1646513941771 0.9012821421609047 1376
1646513941813 0.9013889609066271 1377
1646513941855 0.9014957733084699 1378
1646513941896 0.9016025788785827 1379
1646513942018 0.9017093771291464 1380
1646513942051 0.9018161675723756 1381
1646513942083 0.9019229497205199 1382
1646513942114 0.9020297230858673 1383
1646513942145 0.9021364871807458 1384
1646513942181 0.9022432415175257 1385
1646513942215 0.9023499856086219 1386
1646513942327 0.902456718966496 1387
1646513942359 0.9025634411036589 1388
1646513942392 0.9026701515326724 1389
1646513942423 0.9027768497661519 1390
1646513942457 0.9028835353167687 1391
1646513942494 0.9029902076972517 1392
1646513942529 0.9030968664203901 1393
1646513942645 0.9032035109990356 1394
1646513942676 0.9033101409461043 1395
1646513942707 0.9034167557745794 1396
1646513942738 0.9035233549975127 1397
1646513942775 0.9036299381280276 1398
1646513942806 0.9037365046793212 1399
1646513942837 0.9038430541646658 1400
1646513942956 0.903949586097412 1401
1646513942988 0.9040560999909906 1402
1646513943019 0.9041625953589144 1403
1646513943054 0.9042690717147814 1404
1646513943084 0.9043755285722759 1405
1646513943124 0.9044819654451717 1406
1646513943157 0.9045883818473334 1407
1646513943279 0.9046947772927195 1408
1646513943317 0.9048011512953841 1409
1646513943352 0.9049075033694791 1410
1646513943386 0.9050138330292568 1411
1646513943422 0.9051201397890716 1412
1646513943457 0.9052264231633826 1413
1646513943488 0.9053326826667559 1414
1646513943614 0.9054389178138665 1415
1646513943650 0.9055451281195005 1416
1646513943683 0.9056513130985575 1417
1646513943724 0.905757472266053 1418
1646513943768 0.90586360513712 1419
1646513943853 0.9059697112270122 1420
1646513943948 0.906075790051105 1421
1646513944228 0.9061818411248986 1422
1646513944276 0.9062878639640201 1423
1646513944324 0.9063938580842252 1424
1646513944384 0.9064998230014012 1425
1646513944430 0.9066057582315683 1426
1646513944465 0.9067116632908827 1427
1646513944514 0.9068175376956382 1428
1646513944651 0.9069233809622687 1429
1646513944688 0.9070291926073502 1430
1646513944725 0.9071349721476031 1431
1646513944761 0.9072407190998947 1432
1646513944806 0.9073464329812408 1433
1646513944847 0.9074521133088087 1434
1646513944891 0.9075577595999184 1435
1646513945087 0.9076633713720458 1436
1646513945139 0.9077689481428242 1437
1646513945192 0.9078744894300468 1438
1646513945244 0.9079799947516689 1439
1646513945286 0.9080854636258103 1440
1646513945329 0.9081908955707568 1441
1646513945455 0.9082962901049634 1442
1646513945676 0.9084016467470554 1443
1646513945703 0.9085069650158316 1444
1646513945735 0.9086122444302659 1445
1646513945769 0.9087174845095097 1446
1646513945803 0.9088226847728941 1447
1646513945835 0.9089278447399318 1448
1646513945866 0.9090329639303198 1449
1646513946017 0.9091380418639415 1450
1646513946062 0.9092430780608685 1451
1646513946104 0.9093480720413626 1452
1646513946158 0.9094530233258793 1453
1646513946194 0.9095579314350686 1454
1646513946241 0.9096627958897776 1455
1646513946281 0.9097676162110532 1456
1646513946407 0.9098723919201434 1457
1646513946458 0.9099771225385002 1458
1646513946507 0.9100818075877816 1459
1646513946545 0.9101864465898537 1460
1646513946596 0.9102910390667929 1461
1646513946638 0.910395584540888 1462
1646513946668 0.9105000825346424 1463
1646513946781 0.9106045325707768 1464
1646513946818 0.9107089341722305 1465
1646513946852 0.9108132868621641 1466
1646513946888 0.9109175901639618 1467
1646513946936 0.9110218436012333 1468
1646513946981 0.9111260466978157 1469
1646513947016 0.9112301989777765 1470
1646513947158 0.9113342999654152 1471
1646513947187 0.9114383491852652 1472
1646513947220 0.911542346162097 1473
1646513947265 0.9116462904209188 1474
1646513947281 0.9117501814869807 1475
1646513947323 0.9118540188857749 1476
1646513947354 0.9119578021430388 1477
1646513947467 0.9120615307847576 1478
1646513947490 0.9121652043371654 1479
1646513947532 0.9122688223267482 1480
1646513947563 0.9123723842802457 1481
1646513947636 0.9124758897246535 1482
1646513947689 0.9125793381872254 1483
1646513947752 0.9126827291954753 1484
1646513947970 0.9127860622771797 1485
1646513948010 0.9128893369603795 1486
1646513948051 0.9129925527733826 1487
1646513948099 0.9130957092447654 1488
1646513948151 0.9131988059033754 1489
1646513948186 0.9133018422783337 1490
1646513948232 0.9134048178990363 1491
1646513948372 0.9135077322951568 1492
1646513948404 0.9136105849966485 1493
1646513948451 0.9137133755337464 1494
1646513948488 0.9138161034369696 1495
1646513948520 0.9139187682371231 1496
1646513948563 0.9140213694653001 1497
1646513948595 0.9141239066528842 1498
1646513948757 0.9142263793315516 1499
1646513948799 0.9143287870332729 1500
1646513948836 0.9144311292903158 1501
1646513948879 0.9145334056352467 1502
1646513948920 0.9146356156009329 1503
1646513949003 0.9147377587205452 1504
1646513949051 0.9148398345275595 1505
1646513949272 0.9149418425557593 1506
1646513949301 0.9150437823392373 1507
1646513949333 0.9151456534123985 1508
1646513949369 0.9152474553099613 1509
1646513949402 0.91534918756696 1510
1646513949440 0.9154508497187474 1511
1646513949471 0.9155524413009958 1512
1646513949577 0.9156539618497005 1513
1646513949605 0.915755410901181 1514
1646513949636 0.9158567879920831 1515
1646513949676 0.9159580926593818 1516
1646513949702 0.9160593244403822 1517
1646513949741 0.916160482872723 1518
1646513949773 0.9162615674943773 1519
1646513949889 0.9163625778436558 1520
1646513949923 0.9164635134592082 1521
1646513949954 0.9165643738800254 1522
1646513949993 0.9166651586454421 1523
1646513950021 0.9167658672951382 1524
1646513950059 0.9168664993691414 1525
1646513950087 0.9169670544078293 1526
1646513950204 0.9170675319519311 1527
1646513950226 0.9171679315425301 1528
1646513950257 0.9172682527210654 1529
1646513950303 0.9173684950293345 1530
1646513950334 0.9174686580094951 1531
1646513950369 0.9175687412040671 1532
1646513950400 0.9176687441559349 1533
1646513950503 0.9177686664083494 1534
1646513950541 0.91786850750493 1535
1646513950557 0.9179682669896668 1536
1646513950603 0.9180679444069227 1537
1646513950634 0.9181675393014356 1538
1646513950669 0.9182670512183198 1539
1646513950703 0.918366479703069 1540
1646513950826 0.9184658243015578 1541
1646513950861 0.9185650845600442 1542
1646513950892 0.918664260025171 1543
1646513950935 0.9187633502439687 1544
1646513950967 0.9188623547638568 1545
1646513951003 0.9189612731326464 1546
1646513951035 0.9190601048985421 1547
1646513951168 0.9191588496101438 1548
1646513951209 0.9192575068164495 1549
1646513951244 0.9193560760668563 1550
1646513951282 0.9194545569111635 1551
1646513951335 0.919552948899574 1552
1646513951392 0.9196512515826961 1553
1646513951436 0.9197494645115469 1554
1646513951666 0.9198475872375527 1555
1646513951733 0.919945619312552 1556
1646513951797 0.9200435602887975 1557
1646513951838 0.9201414097189579 1558
1646513951881 0.9202391671561196 1559
1646513951935 0.9203368321537899 1560
1646513951987 0.920434404265898 1561
1646513952148 0.9205318830467969 1562
1646513952198 0.9206292680512664 1563
1646513952251 0.9207265588345147 1564
1646513952301 0.9208237549521799 1565
1646513952342 0.9209208559603327 1566
1646513952392 0.9210178614154783 1567
1646513952433 0.921114770874558 1568
1646513952587 0.9212115838949518 1569
1646513952625 0.9213083000344803 1570
1646513952663 0.9214049188514062 1571
1646513952710 0.9215014399044371 1572
1646513952757 0.9215978627527268 1573
1646513952804 0.9216941869558779 1574
1646513952906 0.9217904120739433 1575
1646513953089 0.9218865376674287 1576
1646513953170 0.9219825632972941 1577
1646513953221 0.9220784885249563 1578
1646513953261 0.9221743129122907 1579
1646513953299 0.9222700360216329 1580
1646513953345 0.9223656574157816 1581
1646513953377 0.9224611766579996 1582
1646513953493 0.9225565933120167 1583
1646513953530 0.9226519069420308 1584
1646513953572 0.9227471171127106 1585
1646513953603 0.9228422233891975 1586
1646513953648 0.9229372253371071 1587
1646513953679 0.9230321225225315 1588
1646513953719 0.9231269145120418 1589
1646513953858 0.9232216008726887 1590
1646513953907 0.9233161811720062 1591
1646513953955 0.9234106549780122 1592
1646513953990 0.9235050218592112 1593
1646513954031 0.9235992813845961 1594
1646513954070 0.9236934331236499 1595
1646513954110 0.9237874766463481 1596
1646513954250 0.9238814115231604 1597
1646513954291 0.9239752373250526 1598
1646513954332 0.9240689536234891 1599
1646513954372 0.924162559990434 1600
1646513954414 0.9242560559983536 1601
1646513954454 0.9243494412202183 1602
1646513954493 0.9244427152295046 1603
1646513954632 0.9245358776001968 1604
1646513954673 0.9246289279067892 1605
1646513954704 0.9247218657242878 1606
1646513954732 0.9248146906282124 1607
1646513954763 0.9249074021945988 1608
1646513954810 0.9249999999999999 1609
1646513954847 0.9250924836214889 1610
1646513954968 0.9251848526366597 1611
1646513955003 0.9252771066236304 1612
1646513955033 0.925369245161044 1613
1646513955063 0.9254612678280711 1614
1646513955094 0.9255531742044112 1615
1646513955148 0.9256449638702953 1616
1646513955207 0.9257366364064871 1617
1646513955465 0.9258281913942854 1618
1646513955542 0.9259196284155262 1619
1646513955590 0.9260109470525838 1620
1646513955634 0.9261021468883736 1621
1646513955679 0.9261932275063532 1622
1646513955722 0.9262841884905252 1623
1646513955762 0.9263750294254381 1624
1646513955886 0.9264657498961894 1625
1646513955934 0.9265563494884258 1626
1646513955979 0.9266468277883471 1627
1646513956025 0.9267371843827065 1628
1646513956053 0.9268274188588131 1629
1646513956114 0.9269175308045341 1630
1646513956156 0.927007519808296 1631
1646513956296 0.9270973854590869 1632
1646513956338 0.9271871273464585 1633
1646513956376 0.9272767450605274 1634
1646513956417 0.9273662381919777 1635
1646513956474 0.9274556063320623 1636
1646513956519 0.927544849072605 1637
1646513956590 0.9276339660060027 1638
1646513956850 0.9277229567252261 1639
1646513956889 0.9278118208238232 1640
1646513956934 0.9279005578959199 1641
1646513956966 0.9279891675362223 1642
1646513957004 0.9280776493400187 1643
1646513957040 0.9281660029031811 1644
1646513957077 0.9282542278221672 1645
1646513957192 0.9283423236940225 1646
1646513957232 0.9284302901163816 1647
1646513957252 0.9285181266874706 1648
1646513957298 0.9286058330061084 1649
1646513957329 0.9286934086717092 1650
1646513957367 0.9287808532842836 1651
1646513957397 0.9288681664444409 1652
1646513957509 0.9289553477533908 1653
1646513957532 0.9290423968129451 1654
1646513957567 0.9291293132255197 1655
1646513957610 0.9292160965941365 1656
1646513957642 0.9293027465224248 1657
1646513957686 0.9293892626146236 1658
1646513957715 0.929475644475583 1659
1646513957835 0.9295618917107661 1660
1646513957871 0.9296480039262512 1661
1646513957909 0.9297339807287331 1662
1646513957938 0.9298198217255251 1663
1646513957986 0.9299055265245607 1664
1646513958014 0.9299910947343957 1665
1646513958049 0.9300765259642093 1666
1646513958176 0.9301618198238067 1667
1646513958203 0.9302469759236207 1668
1646513958244 0.9303319938747128 1669
1646513958268 0.9304168732887756 1670
1646513958300 0.9305016137781348 1671
1646513958348 0.9305862149557503 1672
1646513958368 0.9306706764352183 1673
1646513958503 0.9307549978307732 1674
1646513958540 0.930839178757289 1675
1646513958575 0.9309232188302815 1676
1646513958603 0.9310071176659098 1677
1646513958634 0.9310908748809779 1678
1646513958675 0.9311744900929366 1679
1646513958705 0.9312579629198857 1680
1646513958834 0.9313412929805749 1681
1646513958883 0.9314244798944061 1682
1646513958953 0.931507523281435 1683
1646513959036 0.931590422762373 1684
1646513959115 0.9316731779585884 1685
1646513959174 0.9317557884921089 1686
1646513959235 0.9318382539856226 1687
1646513959396 0.9319205740624802 1688
1646513959452 0.9320027483466967 1689
1646513959483 0.9320847764629527 1690
1646513959524 0.9321666580365967 1691
1646513959556 0.9322483926936462 1692
1646513959662 0.9323299800607899 1693
1646513959732 0.9324114197653893 1694
1646513959931 0.9324927114354803 1695
1646513959975 0.9325738546997747 1696
1646513960028 0.9326548491876624 1697
1646513960087 0.9327356945292126 1698
1646513960127 0.9328163903551758 1699
1646513960174 0.9328969362969856 1700
1646513960223 0.9329773319867597 1701
1646513960380 0.9330575770573025 1702
1646513960474 0.9331376711421061 1703
1646513960557 0.9332176138753523 1704
1646513960631 0.933297404891914 1705
1646513960706 0.9333770438273573 1706
1646513960754 0.9334565303179428 1707
1646513960785 0.9335358640006274 1708
1646513960915 0.9336150445130658 1709
1646513960954 0.9336940714936124 1710
1646513960986 0.9337729445813228 1711
1646513961020 0.9338516634159554 1712
1646513961050 0.9339302276379734 1713
1646513961088 0.934008636888546 1714
1646513961127 0.9340868908095499 1715
1646513961290 0.9341649890435719 1716
1646513961329 0.9342429312339093 1717
1646513961364 0.9343207170245724 1718
1646513961399 0.9343983460602859 1719
1646513961433 0.93447581798649 1720
1646513961473 0.9345531324493432 1721
1646513961510 0.9346302890957224 1722
1646513961632 0.934707287573226 1723
1646513961664 0.9347841275301743 1724
1646513961699 0.9348608086156118 1725
1646513961746 0.9349373304793089 1726
1646513961782 0.9350136927717627 1727
1646513961840 0.9350898951441995 1728
1646513961878 0.935165937248576 1729
1646513962028 0.9352418187375805 1730
1646513962067 0.9353175392646356 1731
1646513962108 0.9353930984838983 1732
1646513962149 0.9354684960502628 1733
1646513962193 0.9355437316193617 1734
1646513962230 0.9356188048475672 1735
1646513962264 0.9356937153919931 1736
1646513962392 0.9357684629104963 1737
1646513962429 0.9358430470616782 1738
1646513962467 0.9359174675048864 1739
1646513962502 0.9359917239002161 1740
1646513962545 0.936065815908512 1741
1646513962589 0.9361397431913695 1742
1646513962648 0.9362135054111363 1743
1646513962925 0.936287102230914 1744
1646513963000 0.9363605333145598 1745
1646513963074 0.9364337983266877 1746
1646513963127 0.9365068969326702 1747
1646513963190 0.93657982879864 1748
1646513963260 0.9366525935914912 1749
1646513963295 0.9367251909788812 1750
1646513963436 0.9367976206292317 1751
1646513963479 0.9368698822117307 1752
1646513963523 0.9369419753963338 1753
1646513963567 0.9370138998537657 1754
1646513963622 0.9370856552555219 1755
1646513963669 0.9371572412738697 1756
1646513963715 0.9372286575818503 1757
1646513963884 0.93729990385328 1758
1646513963939 0.9373709797627517 1759
1646513963988 0.9374418849856364 1760
1646513964031 0.9375126191980845 1761
1646513964081 0.9375831820770278 1762
1646513964179 0.9376535733001805 1763
1646513964249 0.9377237925460407 1764
1646513964485 0.9377938394938921 1765
1646513964532 0.9378637138238052 1766
1646513964575 0.9379334152166392 1767
1646513964623 0.938002943354043 1768
1646513964659 0.9380722979184567 1769
1646513964699 0.9381414785931133 1770
1646513964738 0.93821048506204 1771
1646513964892 0.9382793170100597 1772
1646513964938 0.9383479741227924 1773
1646513964976 0.9384164560866564 1774
1646513965019 0.9384847625888703 1775
1646513965058 0.9385528933174538 1776
1646513965096 0.9386208479612299 1777
1646513965138 0.9386886262098253 1778
1646513965274 0.9387562277536725 1779
1646513965310 0.9388236522840113 1780
1646513965360 0.9388908994928898 1781
1646513965408 0.938957969073166 1782
1646513965441 0.9390248607185092 1783
1646513965470 0.9390915741234015 1784
1646513965496 0.9391581089831388 1785
1646513965627 0.9392244649938328 1786
1646513965663 0.9392906418524121 1787
1646513965713 0.9393566392566232 1788
1646513965753 0.9394224569050323 1789
1646513965797 0.9394880944970271 1790
1646513965858 0.939553551732817 1791
1646513965915 0.9396188283134357 1792
1646513966062 0.9396839239407415 1793
1646513966097 0.9397488383174198 1794
1646513966119 0.9398135711469834 1795
1646513966157 0.9398781221337742 1796
1646513966188 0.939942490982965 1797
1646513966222 0.9400066774005603 1798
1646513966253 0.9400706810933978 1799
1646513966366 0.9401345017691499 1800
1646513966413 0.9401981391363247 1801
1646513966468 0.9402615929042678 1802
1646513966557 0.9403248627831631 1803
1646513966625 0.9403879484840346 1804
1646513966709 0.9404508497187474 1805
1646513966798 0.940513566200009 1806
1646513966979 0.9405760976413711 1807
1646513967017 0.94063844375723 1808
1646513967048 0.9407006042628292 1809
1646513967089 0.9407625788742592 1810
1646513967149 0.9408243673084599 1811
1646513967201 0.9408859692832215 1812
1646513967246 0.9409473845171858 1813
1646513967398 0.9410086127298477 1814
1646513967438 0.941069653641556 1815
1646513967469 0.9411305069735151 1816
1646513967517 0.941191172447786 1817
1646513967572 0.9412516497872881 1818
1646513967627 0.9413119387157997 1819
1646513967678 0.9413720389579597 1820
1646513967849 0.9414319502392691 1821
1646513967920 0.9414916722860915 1822
1646513967982 0.9415512048256551 1823
1646513968089 0.9416105475860537 1824
1646513968147 0.9416697002962474 1825
1646513968192 0.941728662686065 1826
1646513968232 0.9417874344862043 1827
1646513968396 0.9418460154282332 1828
1646513968437 0.941904405244592 1829
1646513968480 0.9419626036685933 1830
1646513968517 0.9420206104344244 1831
1646513968556 0.9420784252771476 1832
1646513968597 0.9421360479327019 1833
1646513968634 0.9421934781379041 1834
1646513968767 0.94225071563045 1835
1646513968807 0.9423077601489156 1836
1646513968850 0.9423646114327581 1837
1646513968895 0.9424212692223176 1838
1646513968949 0.9424777332588177 1839
1646513969016 0.942534003284367 1840
1646513969065 0.9425900790419601 1841
1646513969204 0.9426459602754794 1842
1646513969241 0.942701646729695 1843
1646513969277 0.9427571381502673 1844
1646513969323 0.942812434283747 1845
1646513969377 0.942867534877577 1846
1646513969422 0.9429224396800933 1847
1646513969459 0.942977148440526 1848
1646513969615 0.9430316609090008 1849
1646513969658 0.9430859768365397 1850
1646513969725 0.9431400959750627 1851
1646513969782 0.9431940180773881 1852
1646513969848 0.9432477428972347 1853
1646513969925 0.9433012701892219 1854
1646513970000 0.9433545997088716 1855
1646513970192 0.9434077312126089 1856
1646513970244 0.9434606644577631 1857
1646513970298 0.9435133992025695 1858
1646513970369 0.9435659352061694 1859
1646513970481 0.9436182722286124 1860
1646513970637 0.9436704100308564 1861
1646513970769 0.9437223483747698 1862
1646513971025 0.9437740870231314 1863
1646513971099 0.9438256257396324 1864
1646513971192 0.9438769642888771 1865
1646513971274 0.9439281024363841 1866
1646513971322 0.9439790399485873 1867
1646513971383 0.9440297765928368 1868
1646513971425 0.9440803121374004 1869
1646513971541 0.9441306463514642 1870
1646513971581 0.9441807790051338 1871
1646513971617 0.9442307098694355 1872
1646513971654 0.9442804387163174 1873
1646513971694 0.94432996531865 1874
1646513971744 0.9443792894502276 1875
1646513971793 0.9444284108857696 1876
1646513971941 0.9444773294009206 1877
1646513971989 0.9445260447722523 1878
1646513972036 0.9445745567772644 1879
1646513972082 0.9446228651943852 1880
1646513972132 0.944670969802973 1881
1646513972181 0.9447188703833168 1882
1646513972226 0.9447665667166376 1883
1646513972384 0.9448140585850893 1884
1646513972433 0.9448613457717595 1885
1646513972479 0.9449084280606709 1886
1646513972519 0.9449553052367818 1887
1646513972572 0.9450019770859874 1888
1646513972653 0.945048443395121 1889
1646513972685 0.9450947039519539 1890
1646513972906 0.9451407585451981 1891
1646513972990 0.9451866069645056 1892
1646513973062 0.9452322490004704 1893
1646513973109 0.9452776844446291 1894
1646513973151 0.9453229130894618 1895
1646513973202 0.9453679347283932 1896
1646513973238 0.9454127491557933 1897
1646513973366 0.9454573561669787 1898
1646513973407 0.9455017555582133 1899
1646513973438 0.9455459471267093 1900
1646513973471 0.9455899306706278 1901
1646513973496 0.9456337059890806 1902
1646513973539 0.94567727288213 1903
1646513973574 0.9457206311507905 1904
1646513973711 0.9457637805970296 1905
1646513973751 0.9458067210237683 1906
1646513973795 0.9458494522348823 1907
1646513973834 0.9458919740352029 1908
1646513973872 0.9459342862305179 1909
1646513973902 0.9459763886275725 1910
1646513973933 0.94601828103407 1911
1646513974064 0.9460599632586728 1912
1646513974100 0.9461014351110035 1913
1646513974136 0.9461426964016452 1914
1646513974172 0.9461837469421428 1915
1646513974202 0.9462245865450041 1916
1646513974248 0.9462652150236998 1917
1646513974286 0.9463056321926654 1918
1646513974400 0.9463458378673011 1919
1646513974439 0.9463858318639733 1920
1646513974469 0.9464256140000151 1921
1646513974513 0.9464651840937276 1922
1646513974554 0.9465045419643797 1923
1646513974593 0.9465436874322102 1924
1646513974625 0.9465826203184277 1925
1646513974742 0.9466213404452118 1926
1646513974775 0.946659847635714 1927
1646513974809 0.9466981417140581 1928
1646513974837 0.9467362225053415 1929
1646513974868 0.9467740898356356 1930
1646513974921 0.9468117435319868 1931
1646513974962 0.9468491834224173 1932
1646513975186 0.9468864093359257 1933
1646513975245 0.946923421102488 1934
1646513975301 0.9469602185530582 1935
1646513975374 0.9469968015195694 1936
1646513975432 0.9470331698349341 1937
1646513975472 0.9470693233330452 1938
1646513975533 0.9471052618487766 1939
1646513975681 0.9471409852179846 1940
1646513975725 0.9471764932775076 1941
1646513975767 0.9472117858651679 1942
1646513975810 0.9472468628197714 1943
1646513975857 0.9472817239811093 1944
1646513975900 0.9473163691899582 1945
1646513975932 0.947350798288081 1946
1646513976053 0.9473850111182279 1947
1646513976080 0.9474190075241365 1948
1646513976127 0.9474527873505334 1949
1646513976180 0.9474863504431338 1950
1646513976211 0.9475196966486432 1951
1646513976259 0.9475528258147576 1952
1646513976295 0.9475857377901643 1953
1646513976545 0.9476184324245426 1954
1646513976623 0.9476509095685643 1955
1646513976661 0.9476831690738948 1956
1646513976704 0.9477152107931935 1957
1646513976746 0.9477470345801144 1958
1646513976781 0.947778640289307 1959
1646513976802 0.9478100277764165 1960
1646513976924 0.9478411968980854 1961
1646513976953 0.9478721475119529 1962
1646513976985 0.9479028794766567 1963
1646513977031 0.947933392651833 1964
1646513977063 0.947963686898117 1965
1646513977102 0.9479937620771444 1966
1646513977117 0.9480236180515509 1967
1646513977237 0.9480532546849737 1968
1646513977273 0.9480826718420517 1969
1646513977312 0.9481118693884264 1970
1646513977349 0.948140847190742 1971
1646513977386 0.9481696051166466 1972
1646513977424 0.9481981430347927 1973
1646513977452 0.9482264608148371 1974
1646513977567 0.9482545583274427 1975
1646513977599 0.9482824354442779 1976
1646513977634 0.9483100920380182 1977
1646513977652 0.9483375279823459 1978
1646513977702 0.9483647431519514 1979
1646513977756 0.9483917374225332 1980
1646513977793 0.9484185106707991 1981
1646513977919 0.9484450627744657 1982
1646513977958 0.9484713936122604 1983
1646513977991 0.9484975030639208 1984
1646513978026 0.9485233910101957 1985
1646513978066 0.9485490573328457 1986
1646513978104 0.9485745019146433 1987
1646513978139 0.9485997246393744 1988
1646513978251 0.9486247253918375 1989
1646513978277 0.9486495040578454 1990
1646513978308 0.9486740605242252 1991
1646513978356 0.9486983946788186 1992
1646513978387 0.9487225064104828 1993
1646513978419 0.9487463956090911 1994
1646513978449 0.948770062165533 1995
1646513978575 0.9487935059717147 1996
1646513978611 0.9488167269205602 1997
1646513978647 0.948839724906011 1998
1646513978682 0.9488624998230272 1999
1646513978752 0.9488850515675875 2000
1646513978814 0.9489073800366903 2001
1646513978865 0.9489294851283532 2002
1646513979100 0.9489513667416146 2003
1646513979144 0.9489730247765333 2004
1646513979190 0.9489944591341893 2005
1646513979239 0.9490156697166843 2006
1646513979281 0.949036656427142 2007
1646513979323 0.9490574191697085 2008
1646513979364 0.9490779578495532 2009
1646513979503 0.9490982723728685 2010
1646513979554 0.9491183626468706 2011
1646513979595 0.9491382285798001 2012
1646513979642 0.9491578700809225 2013
1646513979688 0.9491772870605276 2014
1646513979736 0.9491964794299315 2015
1646513979778 0.9492154471014755 2016
1646513979926 0.9492341899885278 2017
1646513979971 0.9492527080054828 2018
1646513980005 0.9492710010677621 2019
1646513980047 0.9492890690918148 2020
1646513980089 0.9493069119951177 2021
1646513980167 0.949324529696176 2022
1646513980230 0.9493419221145234 2023
1646513980475 0.9493590891707224 2024
1646513980497 0.9493760307863651 2025
1646513980542 0.949392746884073 2026
1646513980578 0.9494092373874977 2027
1646513980609 0.9494255022213213 2028
1646513980642 0.9494415413112564 2029
1646513980658 0.9494573545840468 2030
1646513980793 0.9494729419674676 2031
1646513980832 0.9494883033903257 2032
1646513980872 0.94950343878246 2033
1646513980924 0.9495183480747419 2034
1646513980951 0.9495330311990751 2035
1646513980983 0.9495474880883967 2036
1646513981014 0.9495617186766769 2037
1646513981120 0.9495757228989194 2038
1646513981148 0.9495895006911622 2039
1646513981179 0.9496030519904771 2040
1646513981219 0.9496163767349703 2041
1646513981259 0.9496294748637832 2042
1646513981290 0.9496423463170919 2043
1646513981319 0.9496549910361077 2044
1646513981428 0.9496674089630779 2045
1646513981462 0.9496796000412853 2046
1646513981496 0.9496915642150489 2047
1646513981528 0.9497033014297239 2048
1646513981559 0.9497148116317027 2049
1646513981601 0.9497260947684136 2050
1646513981628 0.9497371507883229 2051
1646513981748 0.9497479796409335 2052
1646513981771 0.9497585812767863 2053
1646513981802 0.9497689556474599 2054
1646513981847 0.9497791027055708 2055
1646513981878 0.9497890224047737 2056
1646513981915 0.949798714699762 2057
1646513981944 0.9498081795462672 2058
1646513982071 0.9498174169010603 2059
1646513982107 0.9498264267219508 2060
1646513982128 0.9498352089677878 2061
1646513982171 0.9498437635984596 2062
1646513982202 0.9498520905748941 2063
1646513982228 0.949860189859059 2064
1646513982260 0.949868061413962 2065
1646513982374 0.9498757052036509 2066
1646513982397 0.9498831211932139 2067
1646513982429 0.9498903093487795 2068
1646513982490 0.9498972696375168 2069
1646513982548 0.9499040020276356 2070
1646513982611 0.9499105064883867 2071
1646513982662 0.949916782990062 2072
1646513982855 0.9499228315039944 2073
1646513982889 0.9499286520025583 2074
1646513982952 0.9499342444591692 2075
1646513982990 0.9499396088482844 2076
1646513983021 0.9499447451454031 2077
1646513983073 0.9499496533270657 2078
1646513983104 0.9499543333708549 2079
1646513983248 0.9499587852553952 2080
1646513983291 0.9499630089603534 2081
1646513983323 0.9499670044664381 2082
1646513983362 0.9499707717554007 2083
1646513983389 0.9499743108100344 2084
1646513983445 0.9499776216141751 2085
1646513983490 0.9499807041527013 2086
1646513983625 0.9499835584115339 2087
1646513983661 0.9499861843776365 2088
1646513983702 0.9499885820390154 2089
1646513983773 0.9499907513847194 2090
1646513983836 0.9499926924048406 2091
1646513983886 0.9499944050905136 2092
1646513983987 0.9499958894339159 2093
1646513984130 0.949997145428268 2094
1646513984152 0.9499981730678333 2095
1646513984199 0.9499989723479183 2096
1646513984227 0.9499995432648722 2097
1646513984262 0.9499998858160876 2098
1646513984299 0.95 2099
1646513984315 0.9499998858160876 2100
