1646513589837 0.18981482088565826 0
1646513590649 0.25462964177131653 1
1646513591327 0.23148147761821747 2
1646513591748 0.24074074625968933 3
1646513592323 0.3194444477558136 4
1646513593001 0.33796295523643494 5
1646513593475 0.39814814925193787 6
1646513593887 0.4166666567325592 7
1646513594416 0.46296295523643494 8
1646513594786 0.5231481194496155 9
1646513595116 0.5601851940155029 10
1646513595508 0.5787037014961243 11
1646513595819 0.6064814925193787 12
1646513596131 0.6342592835426331 13
1646513596569 0.6388888955116272 14
1646513596997 0.7129629850387573 15
1646513597337 0.7314814925193787 16
1646513597768 0.7037037014961243 17
1646513598150 0.7222222089767456 18
1646513598450 0.7268518805503845 19
1646513598817 0.7268518805503845 20
1646513599113 0.7129629850387573 21
1646513599406 0.7268518805503845 22
1646513599732 0.7407407164573669 23
1646513600042 0.7546296119689941 24
1646513600556 0.7546296119689941 25
1646513600967 0.7592592835426331 26
1646513601383 0.7638888955116272 27
1646513601952 0.7546296119689941 28
1646513602313 0.7592592835426331 29
1646513602672 0.7962962985038757 30
1646513602962 0.7638888955116272 31
1646513603278 0.7592592835426331 32
1646513603583 0.7824074029922485 33
1646513603884 0.8055555820465088 34
1646513604403 0.7916666865348816 35
1646513604833 0.8101851940155029 36
1646513605215 0.7962962985038757 37
1646513605703 0.8101851940155029 38
1646513606013 0.8148148059844971 39
1646513606315 0.8333333134651184 40
1646513606614 0.8425925970077515 41
1646513606923 0.8564814925193787 42
1646513607232 0.8472222089767456 43
1646513607555 0.8472222089767456 44
1646513608107 0.8518518805503845 45
1646513608503 0.8333333134651184 46
1646513608898 0.8287037014961243 47
1646513609379 0.8425925970077515 48
1646513609690 0.8888888955116272 49
1646513610008 0.8611111044883728 50
1646513610308 0.8657407164573669 51
1646513610610 0.8379629850387573 52
1646513610927 0.8611111044883728 53
1646513611256 0.8611111044883728 54
1646513611755 0.8703703880310059 55
1646513612152 0.8518518805503845 56
1646513612501 0.8981481194496155 57
1646513613017 0.8981481194496155 58
1646513613318 0.8888888955116272 59
1646513613653 0.8796296119689941 60
1646513614036 0.8888888955116272 61
1646513614384 0.9074074029922485 62
1646513614705 0.8981481194496155 63
1646513615056 0.8935185074806213 64
1646513615634 0.8611111044883728 65
1646513615985 0.9074074029922485 66
1646513616364 0.9027777910232544 67
1646513616873 0.9212962985038757 68
1646513617234 0.9074074029922485 69
1646513617587 0.8981481194496155 70
1646513617937 0.9166666865348816 71
1646513618310 0.9074074029922485 72
1646513618623 0.9305555820465088 73
1646513619102 0.9212962985038757 74
1646513619548 0.8657407164573669 75
1646513619917 0.9166666865348816 76
1646513620433 0.9212962985038757 77
1646513620773 0.9537037014961243 78
1646513621108 0.9351851940155029 79
1646513621444 0.9398148059844971 80
1646513621889 0.9212962985038757 81
1646513622245 0.9212962985038757 82
1646513622645 0.9583333134651184 83
1646513623212 0.9583333134651184 84
1646513623679 0.9351851940155029 85
1646513624161 0.9259259104728699 86
1646513624505 0.9490740895271301 87
1646513624848 0.9722222089767456 88
1646513625194 0.9583333134651184 89
1646513625507 0.9212962985038757 90
1646513625831 0.9490740895271301 91
1646513626147 0.9768518805503845 92
1646513626679 0.9675925970077515 93
1646513627072 0.9768518805503845 94
1646513627593 0.9537037014961243 95
1646513627897 0.9537037014961243 96
1646513628193 0.9166666865348816 97
1646513628513 0.9675925970077515 98
1646513628823 0.9490740895271301 99
1646513629115 0.9398148059844971 100
1646513629423 0.9675925970077515 101
1646513629739 0.9861111044883728 102
1646513630265 0.9675925970077515 103
1646513630642 0.9212962985038757 104
1646513631018 0.9490740895271301 105
1646513631490 0.9675925970077515 106
1646513631793 0.9490740895271301 107
1646513632092 0.9537037014961243 108
1646513632398 0.9768518805503845 109
1646513632720 0.9629629850387573 110
1646513633072 0.9861111044883728 111
1646513633461 0.9675925970077515 112
1646513634092 0.9675925970077515 113
1646513634524 0.9629629850387573 114
1646513634855 0.9768518805503845 115
1646513635224 0.9675925970077515 116
1646513635758 0.9768518805503845 117
1646513636229 0.9722222089767456 118
1646513636604 0.9768518805503845 119
1646513636992 0.9629629850387573 120
1646513637409 0.9814814925193787 121
1646513637805 0.9722222089767456 122
1646513638458 0.9768518805503845 123
1646513639086 0.9675925970077515 124
1646513639677 0.9768518805503845 125
1646513640051 0.9768518805503845 126
1646513640352 0.9861111044883728 127
1646513640668 0.9953703880310059 128
1646513640984 0.9814814925193787 129
1646513641296 0.9768518805503845 130
1646513641622 0.9907407164573669 131
1646513642157 0.9814814925193787 132
1646513642549 0.9907407164573669 133
1646513642981 0.9722222089767456 134
1646513643414 1.0 135
1646513643724 0.9768518805503845 136
1646513644106 0.9907407164573669 137
1646513644453 0.9722222089767456 138
1646513644822 0.9953703880310059 139
1646513645253 0.9768518805503845 140
1646513645865 0.9953703880310059 141
1646513646318 0.9907407164573669 142
1646513646678 0.9814814925193787 143
1646513647157 1.0 144
1646513647459 0.9861111044883728 145
1646513647774 0.9861111044883728 146
1646513648078 0.9768518805503845 147
1646513648375 0.9953703880310059 148
1646513648706 0.9861111044883728 149
1646513649078 0.9953703880310059 150
1646513649760 0.9861111044883728 151
1646513650371 0.9861111044883728 152
1646513650840 0.9861111044883728 153
1646513651565 0.9861111044883728 154
1646513651967 0.9907407164573669 155
1646513652489 0.9722222089767456 156
1646513652842 0.9722222089767456 157
1646513653174 0.9722222089767456 158
1646513653643 0.9722222089767456 159
1646513653960 0.9907407164573669 160
1646513654599 0.9907407164573669 161
1646513655134 0.9861111044883728 162
1646513655550 0.9768518805503845 163
1646513656129 0.9768518805503845 164
1646513656452 0.9953703880310059 165
1646513656779 1.0 166
1646513657095 0.9907407164573669 167
1646513657411 0.9814814925193787 168
1646513657735 0.9907407164573669 169
1646513658045 1.0 170
1646513658539 0.9907407164573669 171
1646513658902 0.9861111044883728 172
1646513659272 0.9953703880310059 173
1646513659799 0.9861111044883728 174
1646513660099 0.9907407164573669 175
1646513660418 0.9953703880310059 176
1646513660752 0.9953703880310059 177
1646513661069 0.9907407164573669 178
1646513661416 0.9953703880310059 179
1646513661749 0.9953703880310059 180
1646513662277 0.9814814925193787 181
1646513662643 0.9907407164573669 182
1646513663009 0.9953703880310059 183
1646513663510 1.0 184
1646513663849 0.9861111044883728 185
1646513664148 1.0 186
1646513664467 0.9953703880310059 187
1646513664827 0.9953703880310059 188
1646513665218 1.0 189
1646513665601 1.0 190
1646513666189 0.9953703880310059 191
1646513666664 0.9953703880310059 192
1646513667052 0.9768518805503845 193
1646513667495 0.9953703880310059 194
1646513667809 1.0 195
1646513668127 0.9953703880310059 196
1646513668432 1.0 197
1646513668751 0.9907407164573669 198
1646513669063 0.9907407164573669 199
1646513669379 0.9953703880310059 200
1646513669917 0.9953703880310059 201
1646513670276 1.0 202
1646513670624 0.9907407164573669 203
1646513671132 0.9953703880310059 204
1646513671422 1.0 205
1646513671720 0.9861111044883728 206
1646513672027 0.9953703880310059 207
1646513672325 0.9907407164573669 208
1646513672632 1.0 209
1646513672954 0.9953703880310059 210
1646513673401 0.9953703880310059 211
1646513673801 0.9953703880310059 212
1646513674133 0.9953703880310059 213
1646513674507 0.9953703880310059 214
1646513674965 0.9907407164573669 215
1646513675272 0.9861111044883728 216
1646513675592 1.0 217
1646513675909 0.9861111044883728 218
1646513676262 1.0 219
1646513676576 0.9907407164573669 220
1646513676916 1.0 221
1646513677408 1.0 222
1646513677760 1.0 223
1646513678125 0.9907407164573669 224
1646513678590 1.0 225
1646513678906 0.9953703880310059 226
1646513679207 0.9953703880310059 227
1646513679504 0.9907407164573669 228
1646513679823 0.9953703880310059 229
1646513680137 0.9953703880310059 230
1646513680431 0.9953703880310059 231
1646513681090 0.9953703880310059 232
1646513681556 1.0 233
1646513681978 0.9768518805503845 234
1646513682501 1.0 235
1646513682858 0.9953703880310059 236
1646513683150 1.0 237
1646513683456 1.0 238
1646513683766 0.9861111044883728 239
1646513684086 1.0 240
1646513684527 1.0 241
1646513684935 0.9953703880310059 242
1646513685301 0.9953703880310059 243
1646513685773 1.0 244
1646513686163 1.0 245
1646513686483 0.9953703880310059 246
1646513686780 1.0 247
1646513687083 0.9953703880310059 248
1646513687384 1.0 249
1646513687698 1.0 250
1646513688018 1.0 251
1646513688530 1.0 252
1646513688910 1.0 253
1646513689280 0.9953703880310059 254
1646513689739 0.9953703880310059 255
1646513690040 0.9953703880310059 256
1646513690342 0.9953703880310059 257
1646513690639 1.0 258
1646513690958 1.0 259
1646513691268 1.0 260
1646513691579 1.0 261
1646513691994 1.0 262
1646513692409 1.0 263
1646513692748 0.9953703880310059 264
1646513693148 1.0 265
1646513693531 0.9953703880310059 266
1646513693847 1.0 267
1646513694165 0.9953703880310059 268
1646513694466 1.0 269
1646513694785 0.9907407164573669 270
1646513695091 0.9907407164573669 271
1646513695396 0.9953703880310059 272
1646513695911 0.9953703880310059 273
1646513696289 1.0 274
1646513696631 0.9953703880310059 275
1646513697207 0.9953703880310059 276
1646513697573 0.9907407164573669 277
1646513697938 0.9907407164573669 278
1646513698285 0.9861111044883728 279
1646513698628 0.9907407164573669 280
1646513698941 0.9953703880310059 281
1646513699370 1.0 282
1646513699772 1.0 283
1646513700160 1.0 284
1646513700635 0.9907407164573669 285
1646513701004 0.9953703880310059 286
1646513701304 0.9953703880310059 287
1646513701623 0.9907407164573669 288
1646513701920 0.9953703880310059 289
1646513702223 0.9861111044883728 290
1646513702536 0.9953703880310059 291
1646513702837 1.0 292
1646513703354 1.0 293
1646513703740 0.9907407164573669 294
1646513704186 1.0 295
1646513704581 1.0 296
1646513704882 1.0 297
1646513705182 1.0 298
1646513705482 1.0 299
