1646513586935 0.004 0
1646513588921 0.004000596800238801 1
1646513588986 0.004002387186114745 2
1646513589022 0.004005371113106879 3
1646513589061 0.004009548507014876 4
1646513589107 0.004014919263960817 5
1646513589132 0.004021483250391852 6
1646513589159 0.004029240303083395 7
1646513589901 0.004038190229143396 8
1646513589973 0.004048332806016894 9
1646513590060 0.004059667781491735 10
1646513590127 0.004072194873704721 11
1646513590195 0.004085913771148725 12
1646513590282 0.004100824132680342 13
1646513590355 0.004116925587528436 14
1646513590733 0.004134217735303369 15
1646513590792 0.004152700146006827 16
1646513590858 0.004172372360042753 17
1646513590929 0.004193233888228523 18
1646513591007 0.00421528421180728 19
1646513591106 0.00423852278246073 20
1646513591166 0.004262949022322882 21
1646513591393 0.004288562323994313 22
1646513591449 0.004315362050557339 23
1646513591498 0.004343347535591804 24
1646513591540 0.004372518083191737 25
1646513591582 0.004402872967982557 26
1646513591615 0.004434411435139132 27
1646513591642 0.004467132700404622 28
1646513591784 0.004501035950109908 29
1646513591832 0.004536120341193842 30
1646513591879 0.004572385001224186 31
1646513591927 0.0046098290284194154 32
1646513591958 0.00464845149167098 33
1646513591986 0.004688251430566573 34
1646513592074 0.00472922785541402 35
1646513592384 0.004771379747265783 36
1646513592434 0.004814706057944401 37
1646513592546 0.004859205710068537 38
1646513592607 0.004904877597079721 39
1646513592697 0.004951720583269897 40
1646513592775 0.004999733503809695 41
1646513592828 0.005048915164777332 42
1646513593056 0.005099264343188359 43
1646513593102 0.005150779787026036 44
1646513593173 0.0052034602152724735 45
1646513593214 0.0052573043179405116 46
1646513593266 0.005312310756106234 47
1646513593315 0.005368478161942372 48
1646513593363 0.005425805138752182 49
1646513593513 0.005484290261004263 50
1646513593567 0.005543932074367999 51
1646513593614 0.005604729095749744 52
1646513593655 0.005666679813329564 53
1646513593702 0.005729782686599044 54
1646513593753 0.005794036146399437 55
1646513593795 0.0058594385949607 56
1646513593956 0.005925988405941329 57
1646513594018 0.005993683924468696 58
1646513594076 0.006062523467180211 59
1646513594119 0.006132505322265253 60
1646513594230 0.00620362774950764 61
1646513594293 0.006275888980328992 62
1646513594330 0.006349287217832622 63
1646513594469 0.006423820636848349 64
1646513594501 0.006499487383977681 65
1646513594533 0.006576285577640131 66
1646513594570 0.006654213308119827 67
1646513594605 0.006733268637613102 68
1646513594652 0.006813449600276647 69
1646513594684 0.006894754202276393 70
1646513594825 0.006977180421837106 71
1646513594850 0.007060726209292614 72
1646513594886 0.007145389487136861 73
1646513594916 0.007231168150075476 74
1646513594947 0.007318060065078194 75
1646513594986 0.007406063071431879 76
1646513595017 0.007495174980794203 77
1646513595145 0.007585393577248162 78
1646513595187 0.007676716617357068 79
1646513595234 0.007769141830220441 80
1646513595278 0.007862666917530362 81
1646513595325 0.007957289553628788 82
1646513595367 0.008053007385565164 83
1646513595396 0.008149818033155162 84
1646513595535 0.008247719089039693 85
1646513595576 0.00834670811874487 86
1646513595607 0.008446782660742488 87
1646513595636 0.008547940226511286 88
1646513595673 0.008650178300598804 89
1646513595699 0.008753494340683884 90
1646513595730 0.00885788577763999 91
1646513595846 0.008963350015599003 92
1646513595892 0.009069884432015826 93
1646513595925 0.009177486377733593 94
1646513595948 0.009286153177049505 95
1646513595988 0.009395882127781405 96
1646513596014 0.009506670501334968 97
1646513596047 0.009618515542771502 98
1646513596154 0.009731414470876582 99
1646513596196 0.009845364478229035 100
1646513596228 0.009960362731270891 101
1646513596252 0.01007640637037778 102
1646513596289 0.010193492509930055 103
1646513596323 0.010311618238384529 104
1646513596389 0.010430780618346944 105
1646513596626 0.010550976686644925 106
1646513596696 0.010672203454401688 107
1646513596736 0.010794457907110436 108
1646513596767 0.010917737004709188 109
1646513596822 0.011042037681656541 110
1646513596851 0.011167356847007703 111
1646513596892 0.011293691384491558 112
1646513597036 0.011421038152587992 113
1646513597074 0.011549393984606124 114
1646513597106 0.011678755688762962 115
1646513597150 0.011809120048262886 116
1646513597181 0.011940483821377482 117
1646513597237 0.012072843741526285 118
1646513597268 0.012206196517358006 119
1646513597391 0.012340538832832246 120
1646513597416 0.01247586734730212 121
1646513597468 0.012612178695597207 122
1646513597509 0.012749469488107304 123
1646513597537 0.012887736310866635 124
1646513597579 0.013026975725638892 125
1646513597610 0.013167184270002533 126
1646513597831 0.013308358457437025 127
1646513597919 0.013450494777409519 128
1646513597934 0.013593589695462094 129
1646513597969 0.01373763965329973 130
1646513598000 0.013882641068878668 131
1646513598043 0.014028590336495617 132
1646513598064 0.01417548382687736 133
1646513598180 0.014323317887270925 134
1646513598222 0.014472088841534572 135
1646513598239 0.014621792990229088 136
1646513598276 0.014772426610709821 137
1646513598307 0.014923985957219221 138
1646513598334 0.015076467260980053 139
1646513598373 0.01522986673028906 140
1646513598499 0.01538418055061122 141
1646513598541 0.01553940488467466 142
1646513598585 0.015695535872566085 143
1646513598626 0.01585256963182667 144
1646513598667 0.016010502257548756 145
1646513598704 0.016169329822472794 146
1646513598729 0.016329048377085084 147
1646513598836 0.016489653949715966 148
1646513598879 0.016651142546638617 149
1646513598910 0.01681351015216835 150
1646513598934 0.016976752728762368 151
1646513598971 0.01714086621712034 152
1646513598995 0.01730584653628521 153
1646513599026 0.017471689583744746 154
1646513599146 0.017638391235533513 155
1646513599171 0.017805947346335463 156
1646513599206 0.017974353749586933 157
1646513599230 0.01814360625758038 158
1646513599271 0.018313700661568413 159
1646513599294 0.01848463273186851 160
1646513599325 0.018656398217968134 161
1646513599438 0.018828992848630502 162
1646513599477 0.019002412332000743 163
1646513599508 0.019176652355712642 164
1646513599535 0.019351708586995878 165
1646513599587 0.01952757667278375 166
1646513599614 0.019704252239821474 167
1646513599645 0.01988173089477481 168
1646513599771 0.020060008224339468 169
1646513599811 0.02023907979535075 170
1646513599842 0.020418941154893788 171
1646513599871 0.02059958783041435 172
1646513599903 0.02078101532982994 173
1646513599933 0.020963219141641634 174
1646513599964 0.021146194735046114 175
1646513600071 0.02132993756004853 176
1646513600113 0.021514443047575424 177
1646513600171 0.02169970660958853 178
1646513600245 0.02188572363919876 179
1646513600304 0.022072489510780793 180
1646513600363 0.02225999958008809 181
1646513600423 0.022448249184368413 182
1646513600584 0.0226372336424797 183
1646513600641 0.022826948255006557 184
1646513600666 0.023017388304377093 185
1646513600713 0.02320854905498014 186
1646513600776 0.023400425753283174 187
1646513600822 0.023593013627950354 188
1646513600854 0.023786307889961292 189
1646513601014 0.02398030373273008 190
1646513601061 0.02417499633222485 191
1646513601099 0.024370380847087675 192
1646513601150 0.024566452418755005 193
1646513601183 0.024763206171578483 194
1646513601239 0.024960637212946155 195
1646513601267 0.02515874063340416 196
1646513601428 0.0253575115067788 197
1646513601468 0.025556944890299083 198
1646513601507 0.025757035824719512 199
1646513601615 0.025957779334443556 200
1646513601671 0.026159170427647246 201
1646513601721 0.026361204096403426 202
1646513601782 0.026563875316806165 203
1646513601981 0.026767179049095785 204
1646513602019 0.026971110237784104 205
1646513602066 0.0271756638117802 206
1646513602098 0.027380834684516506 207
1646513602144 0.027586617754075282 208
1646513602182 0.027793007903315486 209
1646513602212 0.027999999999999997 210
1646513602334 0.02820758889692332 211
1646513602388 0.028415769432039453 212
1646513602429 0.028624536428590378 213
1646513602458 0.02883388469523468 214
1646513602508 0.02904380902617673 215
1646513602547 0.029254304201296072 216
1646513602578 0.029465364986277248 217
1646513602696 0.029676986132739974 218
1646513602738 0.029889162378369652 219
1646513602769 0.030101888447048183 220
1646513602799 0.0303151590489852 221
1646513602829 0.030528968880849647 222
1646513602860 0.030743312625901534 223
1646513602892 0.030958184954124293 224
1646513602999 0.03117358052235722 225
1646513603037 0.03138949397442836 226
1646513603069 0.03160591994128775 227
1646513603103 0.03182285304114085 228
1646513603129 0.03204028787958242 229
1646513603163 0.03225821904973064 230
1646513603195 0.03247664113236158 231
1646513603314 0.03269554869604396 232
1646513603337 0.03291493629727417 233
1646513603372 0.03313479848061167 234
1646513603399 0.03335512977881465 235
1646513603430 0.03357592471297598 236
1646513603484 0.033797177792659436 237
1646513603497 0.034018883516036214 238
1646513603615 0.03424103637002181 239
1646513603656 0.034463630830413025 240
1646513603673 0.03468666136202542 241
1646513603715 0.034910122418830875 242
1646513603746 0.035134008444095546 243
1646513603776 0.03535831387051806 244
1646513603815 0.035583033120367896 245
1646513603955 0.035808160605624154 246
1646513604016 0.036033690728114465 247
1646513604077 0.03625961787965419 248
1646513604148 0.03648593644218592 249
1646513604219 0.03671264078791915 250
1646513604267 0.03693972527947022 251
1646513604299 0.037167184270002526 252
1646513604446 0.03739501210336689 253
1646513604473 0.037623203114242276 254
1646513604531 0.0378517516282766 255
1646513604568 0.03808065196222787 256
1646513604617 0.038309898424105496 257
1646513604666 0.038539485313311875 258
1646513604705 0.038769406920784046 259
1646513604882 0.038999657529135756 260
1646513604924 0.039230231412799604 261
1646513604974 0.03946112283816936 262
1646513605010 0.03969232606374264 263
1646513605043 0.03992383534026359 264
1646513605094 0.040155644910865915 265
1646513605127 0.04038774901121596 266
1646513605300 0.04062014186965612 267
1646513605347 0.04085281770734836 268
1646513605430 0.041085770738417855 269
1646513605514 0.04131899517009691 270
1646513605552 0.04155248520286901 271
1646513605587 0.041786235030613024 272
1646513605628 0.04202023884074756 273
1646513605731 0.04225449081437555 274
1646513605780 0.042488985126428916 275
1646513605811 0.042723715945813444 276
1646513605836 0.04295867743555375 277
1646513605868 0.04319386375293845 278
1646513605900 0.043429269049665445 279
1646513605931 0.04366488747198734 280
1646513606052 0.04390071316085705 281
1646513606071 0.0441367402520734 282
1646513606105 0.044372962876427044 283
1646513606150 0.0446093751598464 284
1646513606179 0.04484597122354363 285
1646513606203 0.04508274518416096 286
1646513606235 0.04531969115391687 287
1646513606353 0.04555680324075254 288
1646513606371 0.045794075548478405 289
1646513606405 0.04603150217692071 290
1646513606439 0.046269077222068286 291
1646513606468 0.046506794776219273 292
1646513606505 0.04674464892812815 293
1646513606536 0.046982633763152634 294
1646513606653 0.0472207433634008 295
1646513606692 0.04745897180787822 296
1646513606713 0.047697313172635196 297
1646513606753 0.047935761530914084 298
1646513606784 0.048174310953296676 299
1646513606815 0.048412955507851636 300
1646513606853 0.048651689260281995 301
1646513606953 0.04889050627407272 302
1646513606994 0.04912940061063836 303
1646513607025 0.04936836632947072 304
1646513607053 0.04960739748828654 305
1646513607085 0.049846488143175285 306
1646513607113 0.05008563234874696 307
1646513607145 0.05032482415827995 308
1646513607257 0.050564057623868876 309
1646513607297 0.050803326796572505 310
1646513607329 0.051042625726561694 311
1646513607354 0.05128194846326735 312
1646513607385 0.05152128905552836 313
1646513607430 0.051760641551739615 314
1646513607470 0.052000000000000005 315
1646513607586 0.05223935844826039 316
1646513607630 0.052478710944471645 317
1646513607670 0.052718051536732646 318
1646513607749 0.0529573742734383 319
1646513607796 0.0531966732034275 320
1646513607858 0.05343594237613112 321
1646513607918 0.05367517584172004 322
1646513608132 0.05391436765125303 323
1646513608184 0.0541535118568247 324
1646513608215 0.054392602511713475 325
1646513608260 0.05463163367052929 326
1646513608304 0.054870599389361646 327
1646513608327 0.0551094937259273 328
1646513608376 0.05534831073971802 329
1646513608552 0.055587044492148366 330
1646513608593 0.05582568904670332 331
1646513608635 0.05606423846908592 332
1646513608676 0.056302686827364806 333
1646513608714 0.056541028192121784 334
1646513608745 0.0567792566365992 335
1646513608792 0.05701736623684736 336
1646513608924 0.05725535107187185 337
1646513608968 0.05749320522378073 338
1646513609015 0.05773092277793172 339
1646513609091 0.05796849782307928 340
1646513609146 0.05820592445152159 341
1646513609217 0.05844319675924745 342
1646513609297 0.058680308846083135 343
1646513609416 0.05891725481583904 344
1646513609456 0.05915402877645638 345
1646513609487 0.05939062484015362 346
1646513609510 0.059627037123572965 347
1646513609541 0.05986325974792661 348
1646513609575 0.060099286839142965 349
1646513609607 0.06033511252801266 350
1646513609723 0.06057073095033456 351
1646513609762 0.060806136247061555 352
1646513609794 0.06104132256444625 353
1646513609823 0.06127628405418655 354
1646513609854 0.06151101487357108 355
1646513609895 0.06174550918562445 356
1646513609913 0.061979761159252446 357
1646513610032 0.06221376496938698 358
1646513610074 0.06244751479713099 359
1646513610105 0.0626810048299031 360
1646513610128 0.06291422926158215 361
1646513610159 0.06314718229265165 362
1646513610191 0.06337985813034389 363
1646513610224 0.06361225098878405 364
1646513610331 0.06384435508913411 365
1646513610373 0.06407616465973642 366
1646513610409 0.06430767393625736 367
1646513610441 0.06453887716183064 368
1646513610461 0.0647697685872004 369
1646513610497 0.06500034247086425 370
1646513610524 0.06523059307921597 371
1646513610639 0.06546051468668813 372
1646513610677 0.0656901015758945 373
1646513610709 0.06591934803777214 374
1646513610736 0.06614824837172341 375
1646513610783 0.06637679688575773 376
1646513610809 0.0666049878966331 377
1646513610840 0.06683281572999747 378
1646513610966 0.06706027472052978 379
1646513610986 0.06728735921208084 380
1646513611025 0.06751406355781409 381
1646513611054 0.0677403821203458 382
1646513611086 0.06796630927188553 383
1646513611125 0.06819183939437584 384
1646513611156 0.0684169668796321 385
1646513611284 0.06864168612948196 386
1646513611325 0.06886599155590446 387
1646513611362 0.06908987758116913 388
1646513611425 0.06931333863797458 389
1646513611472 0.06953636916958697 390
1646513611563 0.06975896362997819 391
1646513611621 0.06998111648396378 392
1646513611807 0.07020282220734056 393
1646513611838 0.07042407528702402 394
1646513611869 0.07064487022118535 395
1646513611914 0.07086520151938834 396
1646513611961 0.07108506370272583 397
1646513611989 0.07130445130395605 398
1646513612029 0.07152335886763841 399
1646513612180 0.07174178095026935 400
1646513612226 0.07195971212041757 401
1646513612273 0.07217714695885914 402
1646513612314 0.07239408005871224 403
1646513612345 0.07261050602557165 404
1646513612379 0.07282641947764279 405
1646513612414 0.07304181504587573 406
1646513612543 0.07325668737409848 407
1646513612589 0.07347103111915038 408
1646513612615 0.0736848409510148 409
1646513612661 0.07389811155295183 410
1646513612701 0.07411083762163034 411
1646513612792 0.07432301386726002 412
1646513612837 0.07453463501372275 413
1646513613049 0.07474569579870394 414
1646513613098 0.07495619097382326 415
1646513613133 0.07516611530476532 416
1646513613162 0.07537546357140963 417
1646513613194 0.07558423056796054 418
1646513613219 0.07579241110307669 419
1646513613250 0.076 420
1646513613363 0.07620699209668452 421
1646513613388 0.07641338224592471 422
1646513613418 0.07661916531548349 423
1646513613457 0.07682433618821982 424
1646513613488 0.0770288897622159 425
1646513613518 0.07723282095090424 426
1646513613550 0.07743612468319383 427
1646513613697 0.07763879590359658 428
1646513613741 0.07784082957235275 429
1646513613782 0.07804222066555645 430
1646513613818 0.0782429641752805 431
1646513613859 0.07844305510970093 432
1646513613890 0.0786424884932212 433
1646513613930 0.07884125936659585 434
1646513614059 0.07903936278705387 435
1646513614102 0.07923679382842153 436
1646513614134 0.079433547581245 437
1646513614172 0.07962961915291233 438
1646513614220 0.07982500366777515 439
1646513614244 0.0800196962672699 440
1646513614285 0.0802136921100387 441
1646513614421 0.08040698637204964 442
1646513614454 0.08059957424671685 443
1646513614485 0.08079145094501985 444
1646513614524 0.08098261169562293 445
1646513614571 0.08117305174499345 446
1646513614595 0.08136276635752032 447
1646513614619 0.0815517508156316 448
1646513614755 0.08174000041991192 449
1646513614793 0.08192751048921922 450
1646513614819 0.08211427636080125 451
1646513614858 0.08230029339041146 452
1646513614889 0.08248555695242459 453
1646513614924 0.08267006243995148 454
1646513614955 0.0828538052649539 455
1646513615102 0.08303678085835839 456
1646513615167 0.08321898467017007 457
1646513615250 0.08340041216958566 458
1646513615313 0.08358105884510621 459
1646513615374 0.08376092020464924 460
1646513615445 0.08393999177566053 461
1646513615496 0.08411826910522519 462
1646513615658 0.08429574776017855 463
1646513615704 0.08447242332721626 464
1646513615735 0.08464829141300415 465
1646513615779 0.08482334764428737 466
1646513615827 0.08499758766799928 467
1646513615854 0.08517100715136951 468
1646513615885 0.08534360178203187 469
1646513616018 0.0855153672681315 470
1646513616063 0.0856862993384316 471
1646513616095 0.08585639374241963 472
1646513616134 0.08602564625041308 473
1646513616185 0.08619405265366455 474
1646513616223 0.0863616087644665 475
1646513616254 0.08652831041625525 476
1646513616441 0.0866941534637148 477
1646513616494 0.08685913378287967 478
1646513616543 0.08702324727123764 479
1646513616641 0.08718648984783166 480
1646513616687 0.08734885745336138 481
1646513616750 0.08751034605028403 482
1646513616776 0.08767095162291494 483
1646513616912 0.08783067017752721 484
1646513616951 0.08798949774245125 485
1646513616983 0.08814743036817332 486
1646513617011 0.08830446412743394 487
1646513617058 0.08846059511532535 488
1646513617089 0.0886158194493888 489
1646513617136 0.08877013326971095 490
1646513617258 0.08892353273901994 491
1646513617308 0.08907601404278077 492
1646513617339 0.08922757338929019 493
1646513617372 0.08937820700977092 494
1646513617418 0.08952791115846542 495
1646513617461 0.08967668211272907 496
1646513617487 0.08982451617312266 497
1646513617639 0.08997140966350438 498
1646513617673 0.09011735893112133 499
1646513617703 0.09026236034670027 500
1646513617733 0.0904064103045379 501
1646513617780 0.09054950522259048 502
1646513617809 0.09069164154256298 503
1646513617856 0.09083281572999748 504
1646513617980 0.09097302427436112 505
1646513618020 0.09111226368913336 506
1646513618051 0.0912505305118927 507
1646513618088 0.09138782130440279 508
1646513618131 0.09152413265269789 509
1646513618163 0.09165946116716775 510
1646513618209 0.091793803482642 511
1646513618337 0.09192715625847371 512
1646513618378 0.09205951617862253 513
1646513618404 0.09219087995173712 514
1646513618435 0.09232124431123703 515
1646513618466 0.09245060601539389 516
1646513618513 0.092578961847412 517
1646513618545 0.09270630861550845 518
1646513618654 0.0928326431529923 519
1646513618689 0.09295796231834347 520
1646513618721 0.09308226299529081 521
1646513618768 0.09320554209288957 522
1646513618838 0.09332779654559832 523
1646513618869 0.09344902331335508 524
1646513618952 0.09356921938165307 525
1646513619138 0.09368838176161547 526
1646513619192 0.09380650749006995 527
1646513619246 0.09392359362962223 528
1646513619289 0.09403963726872912 529
1646513619331 0.09415463552177097 530
1646513619381 0.09426858552912343 531
1646513619431 0.0943814844572285 532
1646513619576 0.09449332949866504 533
1646513619628 0.0946041178722186 534
1646513619648 0.09471384682295049 535
1646513619691 0.0948225136222664 536
1646513619733 0.09493011556798417 537
1646513619771 0.095036649984401 538
1646513619818 0.09514211422236002 539
1646513619956 0.09524650565931612 540
1646513619997 0.0953498216994012 541
1646513620033 0.09545205977348871 542
1646513620063 0.09555321733925752 543
1646513620094 0.09565329188125515 544
1646513620162 0.09575228091096032 545
1646513620233 0.09585018196684485 546
1646513620453 0.09594699261443485 547
1646513620491 0.09604271044637124 548
1646513620545 0.09613733308246963 549
1646513620582 0.09623085816977958 550
1646513620624 0.09632328338264294 551
1646513620664 0.09641460642275185 552
1646513620694 0.09650482501920579 553
1646513620814 0.09659393692856813 554
1646513620848 0.0966819399349218 555
1646513620881 0.09676883184992453 556
1646513620916 0.09685461051286315 557
1646513620944 0.0969392737907074 558
1646513620986 0.0970228195781629 559
1646513621028 0.0971052457977236 560
1646513621142 0.09718655039972335 561
1646513621178 0.09726673136238691 562
1646513621217 0.0973457866918802 563
1646513621251 0.09742371442235989 564
1646513621286 0.09750051261602233 565
1646513621324 0.09757617936315167 566
1646513621360 0.09765071278216737 567
1646513621487 0.09772411101967103 568
1646513621532 0.09779637225049237 569
1646513621638 0.09786749467773476 570
1646513621710 0.0979374765328198 571
1646513621744 0.09800631607553131 572
1646513621771 0.09807401159405868 573
1646513621818 0.09814056140503931 574
1646513621928 0.09820596385360059 575
1646513621947 0.09827021731340096 576
1646513621997 0.09833332018667043 577
1646513622029 0.09839527090425026 578
1646513622060 0.098456067925632 579
1646513622090 0.09851570973899575 580
1646513622129 0.09857419486124784 581
1646513622271 0.09863152183805765 582
1646513622315 0.09868768924389378 583
1646513622345 0.09874269568205951 584
1646513622375 0.09879653978472754 585
1646513622406 0.09884922021297397 586
1646513622438 0.09890073565681165 587
1646513622487 0.09895108483522268 588
1646513622843 0.09900026649619031 589
1646513622894 0.09904827941673011 590
1646513622927 0.09909512240292029 591
1646513622975 0.09914079428993147 592
1646513623036 0.0991852939420556 593
1646513623073 0.09922862025273423 594
1646513623112 0.09927077214458599 595
1646513623240 0.09931174856943342 596
1646513623289 0.09935154850832903 597
1646513623328 0.0993901709715806 598
1646513623380 0.09942761499877581 599
1646513623445 0.09946387965880618 600
1646513623522 0.0994989640498901 601
1646513623579 0.09953286729959539 602
1646513623732 0.09956558856486088 603
1646513623803 0.09959712703201745 604
1646513623871 0.09962748191680826 605
1646513623964 0.0996566524644082 606
1646513624027 0.09968463794944267 607
1646513624061 0.0997114376760057 608
1646513624087 0.09973705097767713 609
1646513624196 0.09976147721753928 610
1646513624238 0.09978471578819273 611
1646513624261 0.09980676611177149 612
1646513624295 0.09982762763995724 613
1646513624326 0.09984729985399317 614
1646513624360 0.09986578226469665 615
1646513624392 0.09988307441247157 616
1646513624574 0.09989917586731967 617
1646513624600 0.0999140862288513 618
1646513624631 0.09992780512629529 619
1646513624671 0.09994033221850827 620
1646513624703 0.0999516671939831 621
1646513624746 0.09996180977085661 622
1646513624777 0.0999707596969166 623
1646513624880 0.09997851674960817 624
1646513624923 0.09998508073603919 625
1646513624961 0.09999045149298513 626
1646513624986 0.09999462888689313 627
1646513625017 0.09999761281388526 628
1646513625047 0.09999940319976121 629
1646513625094 0.09999988581654443 630
1646513625225 0.09999954326669921 631
1646513625270 0.09999897235202891 632
1646513625301 0.0999981730751411 633
1646513625332 0.09999714543968634 634
1646513625363 0.09999588945035823 635
1646513625393 0.09999440511289331 636
1646513625424 0.09999269243407109 637
1646513625530 0.09999075142171397 638
1646513625572 0.09998858208468725 639
1646513625603 0.09998618443289907 640
1646513625647 0.09998355847730035 641
1646513625678 0.09998070422988478 642
1646513625708 0.09997762170368871 643
1646513625747 0.09997431091279116 644
1646513625858 0.09997077187231367 645
1646513625898 0.0999670045984203 646
1646513625929 0.09996300910831754 647
1646513625961 0.09995878542025423 648
1646513625992 0.09995433355352143 649
1646513626029 0.09994965352845243 650
1646513626063 0.09994474536642255 651
1646513626191 0.09993960908984914 652
1646513626247 0.09993424472219138 653
1646513626327 0.09992865228795028 654
1646513626415 0.09992283181266845 655
1646513626487 0.0999167833229301 656
1646513626538 0.09991050684636081 657
1646513626579 0.09990400241162752 658
1646513626723 0.09989727004843828 659
1646513626748 0.0998903097875422 660
1646513626792 0.09988312166072927 661
1646513626838 0.09987570570083022 662
1646513626880 0.0998680619417164 663
1646513626921 0.09986019041829958 664
1646513626952 0.09985209116653179 665
1646513627099 0.09984376422340524 666
1646513627143 0.09983520962695201 667
1646513627196 0.09982642741624403 668
1646513627253 0.09981741763139274 669
1646513627280 0.09980818031354909 670
1646513627316 0.09979871550490317 671
1646513627360 0.09978902324868413 672
1646513627631 0.09977910358915996 673
1646513627665 0.09976895657163733 674
1646513627696 0.09975858224246123 675
1646513627724 0.09974798064901494 676
1646513627756 0.09973715183971972 677
1646513627791 0.0997260958640346 678
1646513627821 0.09971481277245615 679
1646513627927 0.0997033026165183 680
1646513627968 0.09969156544879201 681
1646513627999 0.09967960132288511 682
1646513628022 0.09966741029344206 683
1646513628053 0.09965499241614359 684
1646513628086 0.09964234774770661 685
1646513628122 0.0996294763458838 686
1646513628233 0.09961637826946346 687
1646513628273 0.09960305357826917 688
1646513628304 0.09958950233315954 689
1646513628338 0.09957572459602795 690
1646513628369 0.09956172042980223 691
1646513628396 0.09954748989844439 692
1646513628422 0.09953303306695035 693
1646513628537 0.0995183500013496 694
1646513628578 0.09950344076870497 695
1646513628611 0.0994883054371122 696
1646513628632 0.09947294407569977 697
1646513628664 0.09945735675462848 698
1646513628697 0.09944154354509119 699
1646513628723 0.09942550451931245 700
1646513628845 0.09940923975054825 701
1646513628886 0.09939274931308553 702
1646513628917 0.09937603328224204 703
1646513628941 0.09935909173436584 704
1646513628972 0.099341924746835 705
1646513629001 0.09932453239805729 706
1646513629039 0.09930691476746976 707
1646513629141 0.09928907193553844 708
1646513629181 0.09927100398375785 709
1646513629212 0.09925271099465081 710
1646513629240 0.09923419305176792 711
1646513629287 0.09921545023968721 712
1646513629307 0.09919648264401378 713
1646513629344 0.0991772903513794 714
1646513629451 0.09915787344944213 715
1646513629491 0.09913823202688588 716
1646513629523 0.09911836617342003 717
1646513629550 0.099098275979779 718
1646513629581 0.09907796153772187 719
1646513629623 0.09905742294003195 720
1646513629654 0.09903666028051634 721
1646513629765 0.0990156736540055 722
1646513629807 0.09899446315635282 723
1646513629846 0.09897302888443424 724
1646513629909 0.09895137093614768 725
1646513630002 0.09892948941041274 726
1646513630087 0.09890738440717015 727
1646513630158 0.09888505602738132 728
1646513630308 0.0988625043730279 729
1646513630354 0.09883972954711141 730
1646513630386 0.09881673165365253 731
1646513630439 0.09879351079769086 732
1646513630471 0.09877006708528434 733
1646513630504 0.09874640062350874 734
1646513630535 0.09872251152045726 735
1646513630686 0.09869839988523992 736
1646513630729 0.09867406582798315 737
1646513630761 0.09864950945982928 738
1646513630800 0.098624730892936 739
1646513630831 0.09859973024047584 740
1646513630870 0.0985745076166357 741
1646513630918 0.09854906313661634 742
1646513631087 0.0985233969166317 743
1646513631150 0.0984975090739086 744
1646513631208 0.09847139972668602 745
1646513631319 0.09844506899421467 746
1646513631348 0.0984185169967564 747
1646513631380 0.09839174385558365 748
1646513631413 0.09836474969297887 749
1646513631524 0.09833753463223405 750
1646513631558 0.09831009879765007 751
1646513631597 0.09828244231453617 752
1646513631621 0.09825456530920935 753
1646513631655 0.09822646790899386 754
1646513631682 0.09819815024222053 755
1646513631713 0.09816961243822624 756
1646513631820 0.0981408546273533 757
1646513631863 0.09811187694094889 758
1646513631895 0.09808267951136446 759
1646513631926 0.09805326247195503 760
1646513631955 0.09802362595707877 761
1646513631984 0.09799377010209614 762
1646513632016 0.09796369504336953 763
1646513632128 0.09793340091826243 764
1646513632156 0.09790288786513891 765
1646513632187 0.09787215602336295 766
1646513632222 0.09784120553329785 767
1646513632256 0.09781003653630553 768
1646513632290 0.0977786491747459 769
1646513632321 0.09774704359197621 770
1646513632440 0.09771521993235047 771
1646513632462 0.09768317834121862 772
1646513632496 0.09765091896492609 773
1646513632524 0.09761844195081291 774
1646513632556 0.09758574744721321 775
1646513632591 0.09755283560345443 776
1646513632622 0.09751970656985669 777
1646513632764 0.09748636049773209 778
1646513632791 0.09745279753938403 779
1646513632823 0.09741901784810654 780
1646513632866 0.09738502157818346 781
1646513632913 0.09735080888488792 782
1646513632942 0.09731637992448146 783
1646513632989 0.09728173485421342 784
1646513633094 0.09724687383232018 785
1646513633141 0.09721179701802449 786
1646513633172 0.09717650457153462 787
1646513633214 0.09714099665404377 788
1646513633256 0.09710527342772927 789
1646513633303 0.09706933505575184 790
1646513633363 0.09703318170225479 791
1646513633500 0.09699681353236342 792
1646513633552 0.09696023071218408 793
1646513633622 0.0969234334088036 794
1646513633704 0.09688642179028838 795
1646513633808 0.09684919602568365 796
1646513633910 0.09681175628501273 797
1646513633964 0.09677410273927631 798
1646513634139 0.09673623556045154 799
1646513634208 0.09669815492149131 800
1646513634265 0.09665986099632348 801
1646513634315 0.09662135395985007 802
1646513634376 0.09658263398794643 803
1646513634405 0.09654370125746049 804
1646513634436 0.09650455594621189 805
1646513634561 0.09646519823299123 806
1646513634605 0.09642562829755921 807
1646513634636 0.09638584632064587 808
1646513634670 0.09634585248394963 809
1646513634705 0.09630564697013662 810
1646513634733 0.09626522996283975 811
1646513634764 0.0962246016466579 812
1646513634895 0.09618376220715508 813
1646513634927 0.09614271183085958 814
1646513634958 0.09610145070526309 815
1646513635005 0.09605997901881987 816
1646513635052 0.09601829696094591 817
1646513635082 0.09597640472201803 818
1646513635121 0.095934302493373 819
1646513635278 0.09589199046730673 820
1646513635312 0.09584946883707332 821
1646513635359 0.09580673779688421 822
1646513635406 0.0957637975419073 823
1646513635453 0.09572064826826603 824
1646513635508 0.09567729017303851 825
1646513635539 0.09563372345425666 826
1646513635801 0.09558994831090517 827
1646513635871 0.09554596494292075 828
1646513635912 0.0955017735511911 829
1646513635963 0.09545737433755408 830
1646513636034 0.09541276750479673 831
1646513636094 0.09536795325665434 832
1646513636143 0.09532293179780955 833
1646513636268 0.09527770333389145 834
1646513636304 0.09523226807147452 835
1646513636334 0.09518662621807782 836
1646513636377 0.09514077798216396 837
1646513636424 0.09509472357313818 838
1646513636458 0.09504846320134738 839
1646513636511 0.09500199707807919 840
1646513636635 0.09495532541556093 841
1646513636669 0.09490844842695872 842
1646513636717 0.0948613663263765 843
1646513636761 0.094814079328855 844
1646513636808 0.0947665876503708 845
1646513636855 0.09471889150783531 846
1646513636896 0.09467099111909384 847
1646513637031 0.09462288670292453 848
1646513637087 0.09457457847903737 849
1646513637141 0.09452606666807328 850
1646513637191 0.094477351491603 851
1646513637222 0.09442843317212607 852
1646513637280 0.09437931193306992 853
1646513637319 0.09432998799878874 854
1646513637452 0.09428046159456253 855
1646513637493 0.09423073294659605 856
1646513637540 0.09418080228201775 857
1646513637588 0.09413066982887877 858
1646513637635 0.0940803358161519 859
1646513637665 0.09402980047373054 860
1646513637704 0.09397906403242758 861
1646513637843 0.09392812672397445 862
1646513637897 0.09387698878102001 863
1646513637928 0.09382565043712943 864
1646513637968 0.09377411192678328 865
1646513638022 0.09372237348537629 866
1646513638080 0.09367043534921637 867
1646513638204 0.0936182977555235 868
1646513638522 0.09356596094242865 869
1646513638605 0.0935134251489727 870
1646513638679 0.09346069061510538 871
1646513638756 0.09340775758168408 872
1646513638816 0.09335462629047282 873
1646513638868 0.09330129698414119 874
1646513638908 0.09324776990626309 875
1646513639134 0.09319404530131581 876
1646513639175 0.09314012341467875 877
1646513639223 0.09308600449263241 878
1646513639278 0.09303168878235718 879
1646513639327 0.09297717653193228 880
1646513639369 0.09292246799033459 881
1646513639450 0.09286756340743753 882
1646513639737 0.09281246303400989 883
1646513639789 0.09275716712171472 884
1646513639825 0.09270167592310816 885
1646513639867 0.09264598969163833 886
1646513639898 0.09259010868164405 887
1646513639933 0.09253403314835384 888
1646513639949 0.09247776334788467 889
1646513640075 0.09242129953724074 890
1646513640117 0.09236464197431243 891
1646513640149 0.092307790917875 892
1646513640173 0.09225074662758755 893
1646513640205 0.09219350936399162 894
1646513640234 0.09213607938851023 895
1646513640265 0.09207845696344655 896
1646513640376 0.09202064235198275 897
1646513640415 0.09196263581817875 898
1646513640450 0.09190443762697105 899
1646513640483 0.09184604804417158 900
1646513640516 0.09178746733646638 901
1646513640543 0.09172869577141439 902
1646513640574 0.09166973361744632 903
1646513640694 0.09161058114386335 904
1646513640735 0.0915512386208359 905
1646513640766 0.09149170631940244 906
1646513640803 0.09143198451146821 907
1646513640834 0.091372073469804 908
1646513640873 0.09131197346804489 909
1646513640904 0.091251684780689 910
1646513641013 0.0911912076830963 911
1646513641056 0.09113054245148722 912
1646513641072 0.09106968936294149 913
1646513641111 0.09100864869539688 914
1646513641150 0.09094742072764787 915
1646513641177 0.09088600573934444 916
1646513641208 0.0908244040109907 917
1646513641335 0.09076261582394374 918
1646513641374 0.09070064146041219 919
1646513641405 0.0906384812034551 920
1646513641436 0.09057613533698053 921
1646513641467 0.09051360414574423 922
1646513641507 0.0904508879153485 923
1646513641551 0.09038798693224069 924
1646513641649 0.09032490148371201 925
1646513641687 0.0902616318578962 926
1646513641735 0.09019817834376821 927
1646513641782 0.09013454123114283 928
1646513641870 0.09007072081067347 929
1646513641989 0.09000671737385073 930
1646513642040 0.0899425312130011 931
1646513642227 0.0898781626212857 932
1646513642281 0.0898136118926988 933
1646513642318 0.08974887932206663 934
1646513642365 0.08968396520504587 935
1646513642391 0.08961886983812245 936
1646513642438 0.08955359351861014 937
1646513642465 0.08948813654464913 938
1646513642578 0.08942249921520477 939
1646513642619 0.08935668183006615 940
1646513642681 0.08929068468984472 941
1646513642712 0.08922450809597293 942
1646513642761 0.08915815235070293 943
1646513642808 0.089091617757105 944
1646513642850 0.08902490461906638 945
1646513643036 0.08895801324128978 946
1646513643096 0.0888909439292919 947
1646513643202 0.08882369698940226 948
1646513643236 0.08875627272876158 949
1646513643264 0.0886886714553205 950
1646513643295 0.08862089347783814 951
1646513643333 0.08855293910588066 952
1646513643438 0.08848480864981995 953
1646513643483 0.08841650242083204 954
1646513643517 0.08834802073089587 955
1646513643552 0.0882793638927917 956
1646513643585 0.08821053222009981 957
1646513643620 0.08814152602719895 958
1646513643642 0.08807234562926505 959
1646513643781 0.08800299134226963 960
1646513643822 0.08793346348297842 961
1646513643853 0.08786376236894998 962
1646513643882 0.08779388831853412 963
1646513643922 0.08772384165087055 964
1646513643961 0.08765362268588736 965
1646513644008 0.08758323174429958 966
1646513644152 0.08751266914760779 967
1646513644174 0.08744193521809647 968
1646513644222 0.08737103027883272 969
1646513644250 0.08729995465366468 970
1646513644297 0.08722870866722003 971
1646513644335 0.08715729264490463 972
1646513644366 0.08708570691290088 973
1646513644474 0.08701395179816636 974
1646513644522 0.08694202762843227 975
1646513644553 0.0868699347322019 976
1646513644581 0.08679767343874924 977
1646513644622 0.08672524407811735 978
1646513644680 0.08665264698111695 979
1646513644722 0.08657988247932488 980
1646513644847 0.08650695090508254 981
1646513644886 0.08643385259149444 982
1646513644930 0.0863605878724266 983
1646513644977 0.08628715708250519 984
1646513645045 0.08621356055711472 985
1646513645119 0.08613979863239682 986
1646513645164 0.08606587164524845 987
1646513645297 0.08599177993332055 988
1646513645341 0.08591752383501637 989
1646513645387 0.08584310368948996 990
1646513645439 0.0857685198366447 991
1646513645487 0.08569377261713158 992
1646513645571 0.08561886237234785 993
1646513645692 0.08554378944443528 994
1646513645914 0.08546855417627869 995
1646513645968 0.08539315691150438 996
1646513646036 0.08531759799447851 997
1646513646079 0.08524187777030565 998
1646513646129 0.08516599658482699 999
1646513646170 0.085089954784619 1000
1646513646217 0.08501375271699167 1001
1646513646359 0.084937390729987 1002
1646513646383 0.08486086917237745 1003
1646513646414 0.08478418839366421 1004
1646513646462 0.08470734874407575 1005
1646513646511 0.08463035057456612 1006
1646513646541 0.08455319423681344 1007
1646513646572 0.0844758800832182 1008
1646513646705 0.08439840846690169 1009
1646513646757 0.08432077974170443 1010
1646513646819 0.08424299426218444 1011
1646513646886 0.08416505238361578 1012
1646513646925 0.08408695446198675 1013
1646513646988 0.08400870085399842 1014
1646513647086 0.08393029191706292 1015
1646513647196 0.08385172800930181 1016
1646513647217 0.08377300948954447 1017
1646513647258 0.08369413671732644 1018
1646513647283 0.0836151100528878 1019
1646513647314 0.08353592985717145 1020
1646513647358 0.08345659649182165 1021
1646513647389 0.08337711031918209 1022
1646513647488 0.0832974717022945 1023
1646513647528 0.0832176810048968 1024
1646513647558 0.08313773859142158 1025
1646513647589 0.08305764482699435 1026
1646513647620 0.08297740007743183 1027
1646513647658 0.08289700470924045 1028
1646513647690 0.08281645908961449 1029
1646513647799 0.08273576358643453 1030
1646513647840 0.08265491856826568 1031
1646513647874 0.08257392440435597 1032
1646513647898 0.08249278146463462 1033
1646513647929 0.08241149011971037 1034
1646513647965 0.08233005074086974 1035
1646513647996 0.08224846370007544 1036
1646513648113 0.08216672936996457 1037
1646513648135 0.08208484812384692 1038
1646513648174 0.08200282033570337 1039
1646513648202 0.08192064638018404 1040
1646513648233 0.08183832663260669 1041
1646513648278 0.08175586146895497 1042
1646513648308 0.08167325126587667 1043
1646513648412 0.08159049640068203 1044
1646513648453 0.08150759725134202 1045
1646513648475 0.0814245541964866 1046
1646513648511 0.08134136761540303 1047
1646513648542 0.08125803788803408 1048
1646513648576 0.0811745653949763 1049
1646513648607 0.08109095051747836 1050
1646513648751 0.08100719363743916 1051
1646513648781 0.08092329513740626 1052
1646513648826 0.08083925540057403 1053
1646513648860 0.08075507481078188 1054
1646513648907 0.0806707537525126 1055
1646513648946 0.0805862926108905 1056
1646513648976 0.08050169177167975 1057
1646513649122 0.08041695162128251 1058
1646513649180 0.08033207254673727 1059
1646513649251 0.08024705493571704 1060
1646513649353 0.08016189917652754 1061
1646513649415 0.08007660565810545 1062
1646513649506 0.07999117477001676 1063
1646513649605 0.0799056069024547 1064
1646513649920 0.07981990244623828 1065
1646513650001 0.07973406179281028 1066
1646513650064 0.07964808533423559 1067
1646513650125 0.07956197346319932 1068
1646513650183 0.0794757265730051 1069
1646513650240 0.0793893450575732 1070
1646513650272 0.07930282931143882 1071
1646513650397 0.07921617972975023 1072
1646513650442 0.07912939670826691 1073
1646513650485 0.07904248064335789 1074
1646513650523 0.07895543193199983 1075
1646513650570 0.0788682509717752 1076
1646513650601 0.07878093816087055 1077
1646513650632 0.07869349389807459 1078
1646513650942 0.07860591858277646 1079
1646513651007 0.07851821261496385 1080
1646513651078 0.07843037639522116 1081
1646513651160 0.07834241032472773 1082
1646513651271 0.07825431480525596 1083
1646513651347 0.07816609023916948 1084
1646513651402 0.07807773702942139 1085
1646513651607 0.07798925557955222 1086
1646513651638 0.07790064629368836 1087
1646513651691 0.07781190957653995 1088
1646513651738 0.07772304583339924 1089
1646513651771 0.07763405547013864 1090
1646513651823 0.07754493889320883 1091
1646513651855 0.07745569650963702 1092
1646513651994 0.07736632872702497 1093
1646513652037 0.07727683595354719 1094
1646513652084 0.07718721859794911 1095
1646513652119 0.07709747706954512 1096
1646513652219 0.07700761177821679 1097
1646513652271 0.0769176231344109 1098
1646513652334 0.07682751154913771 1099
1646513652524 0.07673727743396895 1100
1646513652563 0.07664692120103597 1101
1646513652595 0.07655644326302792 1102
1646513652630 0.07646584403318979 1103
1646513652673 0.07637512392532053 1104
1646513652700 0.07628428335377127 1105
1646513652742 0.07619332273344324 1106
1646513652879 0.07610224247978606 1107
1646513652920 0.07601104300879569 1108
1646513652958 0.07591972473701261 1109
1646513652990 0.07582828808151994 1110
1646513653037 0.07573673345994147 1111
1646513653059 0.07564506129043984 1112
1646513653090 0.07555327199171448 1113
1646513653208 0.07546136598299985 1114
1646513653248 0.07536934368406346 1115
1646513653297 0.07527720551520398 1116
1646513653335 0.07518495189724923 1117
1646513653358 0.07509258325155439 1118
1646513653415 0.0750001 1119
1646513653543 0.07490750256499003 1120
1646513653665 0.07481479136945 1121
1646513653711 0.07472196683682494 1122
1646513653744 0.07462902939107763 1123
1646513653778 0.0745359794566865 1124
1646513653809 0.07444281745864377 1125
1646513653845 0.07434954382245348 1126
1646513653877 0.07425615897412961 1127
1646513654044 0.07416266334019404 1128
1646513654129 0.07406905734767466 1129
1646513654222 0.0739753414241034 1130
1646513654279 0.07388151599751429 1131
1646513654340 0.07378758149644153 1132
1646513654388 0.07369353834991745 1133
1646513654416 0.07359938698747061 1134
1646513654680 0.07350512783912388 1135
1646513654748 0.07341076133539239 1136
1646513654806 0.07331628790728158 1137
1646513654870 0.07322170798628527 1138
1646513654923 0.07312702200438372 1139
1646513654984 0.07303223039404153 1140
1646513655045 0.0729373335882058 1141
1646513655174 0.07284233202030403 1142
1646513655208 0.07274722612424228 1143
1646513655250 0.07265201633440309 1144
1646513655305 0.07255670308564348 1145
1646513655354 0.07246128681329309 1146
1646513655385 0.07236576795315197 1147
1646513655434 0.07227014694148887 1148
1646513655597 0.07217442421503903 1149
1646513655639 0.07207860021100225 1150
1646513655686 0.07198267536704092 1151
1646513655735 0.07188665012127801 1152
1646513655782 0.07179052491229503 1153
1646513655835 0.07169430017913009 1154
1646513655886 0.07159797636127585 1155
1646513656179 0.07150155389867752 1156
1646513656219 0.07140503323173088 1157
1646513656250 0.07130841480128018 1158
1646513656279 0.07121169904861628 1159
1646513656310 0.0711148864154745 1160
1646513656344 0.07101797734403262 1161
1646513656379 0.07092097227690894 1162
1646513656484 0.07082387165716014 1163
1646513656523 0.07072667592827944 1164
1646513656562 0.07062938553419432 1165
1646513656595 0.07053200091926472 1166
1646513656631 0.07043452252828089 1167
1646513656678 0.0703369508064614 1168
1646513656706 0.07023928619945106 1169
1646513656811 0.07014152915331899 1170
1646513656853 0.07004368011455644 1171
1646513656879 0.06994573953007484 1172
1646513656906 0.06984770784720377 1173
1646513656937 0.06974958551368889 1174
1646513656979 0.06965137297768985 1175
1646513657011 0.06955307068777833 1176
1646513657118 0.06945467909293594 1177
1646513657158 0.06935619864255214 1178
1646513657195 0.06925762978642228 1179
1646513657221 0.06915897297474545 1180
1646513657253 0.06906022865812249 1181
1646513657287 0.0689613972875539 1182
1646513657318 0.06886247931443776 1183
1646513657439 0.06876347519056775 1184
1646513657480 0.06866438536813095 1185
1646513657513 0.06856521029970594 1186
1646513657543 0.06846595043826062 1187
1646513657580 0.06836660623715013 1188
1646513657614 0.06826717815011489 1189
1646513657645 0.06816766663127838 1190
1646513657766 0.0680680721351452 1191
1646513657807 0.06796839511659894 1192
1646513657838 0.06786863603090004 1193
1646513657866 0.06776879533368381 1194
1646513657896 0.06766887348095833 1195
1646513657930 0.06756887092910233 1196
1646513657962 0.06746878813486307 1197
1646513658081 0.0673686255553544 1198
1646513658121 0.0672683836480545 1199
1646513658153 0.06716806287080392 1200
1646513658245 0.06706766368180335 1201
1646513658297 0.06696718653961176 1202
1646513658359 0.06686663190314403 1203
1646513658404 0.06676600023166905 1204
1646513658584 0.06666529198480751 1205
1646513658623 0.06656450762252991 1206
1646513658655 0.06646364760515434 1207
1646513658695 0.06636271239334447 1208
1646513658739 0.06626170244810739 1209
1646513658784 0.06616061823079152 1210
1646513658824 0.06605946020308452 1211
1646513658940 0.06595822882701116 1212
1646513658983 0.06585692456493124 1213
1646513659014 0.06575554787953744 1214
1646513659049 0.0656540992338532 1215
1646513659096 0.06555257909123066 1216
1646513659140 0.0654509879153485 1217
1646513659187 0.06534932617020985 1218
1646513659310 0.06524759432014013 1219
1646513659354 0.06514579282978496 1220
1646513659385 0.06504392216410806 1221
1646513659427 0.06494198278838906 1222
1646513659525 0.06483997516822142 1223
1646513659588 0.06473789976951033 1224
1646513659638 0.06463575705847052 1225
1646513659826 0.06453354750162416 1226
1646513659867 0.06443127156579871 1227
1646513659899 0.06432892971812486 1228
1646513659924 0.0642265224260343 1229
1646513659955 0.06412405015725764 1230
1646513659986 0.06402151337982227 1231
1646513660017 0.06391891256205022 1232
1646513660129 0.06381624817255596 1233
1646513660171 0.06371352068024438 1234
1646513660202 0.06361073055430858 1235
1646513660233 0.06350787826422767 1236
1646513660268 0.06340496427976475 1237
1646513660300 0.06330198907096464 1238
1646513660331 0.06319895310815188 1239
1646513660468 0.06309585686192841 1240
1646513660497 0.06299270080317156 1241
1646513660528 0.06288948540303181 1242
1646513660568 0.06278621113293069 1243
1646513660599 0.06268287846455858 1244
1646513660627 0.06257948786987269 1245
1646513660668 0.06247603982109465 1246
1646513660783 0.0623725347907086 1247
1646513660822 0.062268973251458935 1248
1646513660854 0.06216535567634809 1249
1646513660895 0.062061682538634484 1250
1646513660926 0.06195795431183031 1251
1646513660969 0.061854171469699334 1252
1646513661000 0.06175033448625481 1253
1646513661103 0.06164644383575726 1254
1646513661146 0.06154249999271228 1255
1646513661169 0.06143850343186853 1256
1646513661213 0.061334454628215324 1257
1646513661244 0.06123035405698065 1258
1646513661280 0.06112620219362893 1259
1646513661312 0.06102199951385886 1260
1646513661454 0.060917746493601224 1261
1646513661489 0.06081344360901673 1262
1646513661521 0.06070909133649383 1263
1646513661569 0.060604690152646565 1264
1646513661600 0.06050024053431233 1265
1646513661630 0.0603957429585498 1266
1646513661669 0.060291197902636665 1267
1646513661777 0.060186605844067424 1268
1646513661821 0.06008196726055132 1269
1646513661854 0.059977282630010065 1270
1646513661927 0.059872552430575675 1271
1646513662001 0.05976777714058832 1272
1646513662082 0.059662957238594105 1273
1646513662133 0.059558093203342884 1274
1646513662330 0.05945318551378608 1275
1646513662364 0.0593482346490745 1276
1646513662411 0.0592432410885562 1277
1646513662447 0.05913820531177416 1278
1646513662478 0.05903312779846423 1279
1646513662511 0.05892800902855288 1280
1646513662559 0.05882284948215499 1281
1646513662676 0.05871764963957172 1282
1646513662718 0.05861240998128823 1283
1646513662759 0.05850713098797158 1284
1646513662802 0.05840181314046844 1285
1646513662843 0.05829645691980298 1286
1646513662878 0.05819106280717461 1287
1646513662919 0.058085631283955816 1288
1646513663044 0.057980162831689955 1289
1646513663086 0.057874657932089055 1290
1646513663118 0.05776911706703158 1291
1646513663206 0.05766354071856031 1292
1646513663266 0.057557929368880045 1293
1646513663325 0.057452283500355486 1294
1646513663429 0.05734660359550898 1295
1646513663547 0.0572408901370183 1296
1646513663590 0.05713514360771452 1297
1646513663622 0.057029364490579715 1298
1646513663650 0.056923553268744854 1299
1646513663681 0.056817710425487486 1300
1646513663716 0.05671183644422961 1301
1646513663753 0.05660593180853546 1302
1646513663873 0.056499997002109226 1303
1646513663912 0.05639403250879297 1304
1646513663948 0.05628803881256428 1305
1646513663971 0.05618201639753418 1306
1646513664002 0.05607596574794482 1307
1646513664030 0.0559698873481673 1308
1646513664063 0.05586378168269955 1309
1646513664185 0.055757649236163914 1310
1646513664218 0.05565149049330513 1311
1646513664248 0.05554530593898801 1312
1646513664279 0.055439096058195296 1313
1646513664311 0.055332861336025344 1314
1646513664350 0.05522660225769002 1315
1646513664382 0.05512031930851241 1316
1646513664497 0.05501401297392465 1317
1646513664538 0.05490768373946564 1318
1646513664564 0.054801332090778906 1319
1646513664595 0.054694958513610364 1320
1646513664642 0.054588563493806024 1321
1646513664675 0.0544821475173099 1322
1646513664722 0.05437571107016168 1323
1646513664860 0.054269254638494566 1324
1646513664913 0.05416277870853303 1325
1646513664949 0.05405628376659061 1326
1646513664989 0.053949770299067674 1327
1646513665049 0.053843238792449184 1328
1646513665080 0.0537366897333025 1329
1646513665110 0.053630123608275175 1330
1646513665267 0.053523540904092705 1331
1646513665319 0.05341694210755628 1332
1646513665349 0.053310327705540596 1333
1646513665389 0.05320369818499166 1334
1646513665421 0.05309705403292447 1335
1646513665462 0.05299039573642093 1336
1646513665508 0.05288372378262746 1337
1646513665665 0.05277703865875294 1338
1646513665728 0.05267034085206632 1339
1646513665793 0.052563630849894544 1340
1646513665854 0.052456909139620256 1341
1646513665915 0.052350176208679516 1342
1646513665986 0.05224343254455968 1343
1646513666042 0.052136678634797116 1344
1646513666239 0.05202991496697501 1345
1646513666300 0.05192314202872104 1346
1646513666351 0.05181636030770532 1347
1646513666412 0.051709570291638036 1348
1646513666453 0.051602772468267256 1349
1646513666502 0.051495967325376694 1350
1646513666542 0.05138915535078352 1351
1646513666707 0.05128233703233613 1352
1646513666751 0.05117551285791184 1353
1646513666786 0.05106868331541472 1354
1646513666826 0.0509618488927734 1355
1646513666868 0.05085501007793878 1356
1646513666896 0.05074816735888178 1357
1646513666936 0.05064132122359121 1358
1646513667107 0.05053447216007148 1359
1646513667168 0.05042762065634031 1360
1646513667278 0.05032076720042663 1361
1646513667324 0.05021391228036826 1362
1646513667349 0.05010705638420974 1363
1646513667377 0.0500002 1364
1646513667411 0.049893343615790266 1365
1646513667521 0.04978648771963174 1366
1646513667561 0.049679632799573374 1367
1646513667593 0.04957277934365971 1368
1646513667624 0.04946592783992853 1369
1646513667655 0.049359078776408785 1370
1646513667684 0.049252232641118235 1371
1646513667715 0.049145389922061224 1372
1646513667842 0.0490385511072266 1373
1646513667883 0.048931716684585284 1374
1646513667914 0.048824887142088165 1375
1646513667946 0.04871806296766387 1376
1646513667978 0.04861124464921647 1377
1646513668008 0.04850443267462332 1378
1646513668039 0.048397627531732754 1379
1646513668153 0.04829082970836198 1380
1646513668178 0.048184039692294685 1381
1646513668213 0.04807725797127896 1382
1646513668255 0.047970485033025013 1383
1646513668293 0.047863721365202894 1384
1646513668321 0.04775696745544034 1385
1646513668353 0.047650223791320494 1386
1646513668458 0.047543490860379754 1387
1646513668499 0.04743676915010546 1388
1646513668530 0.04733005914793368 1389
1646513668555 0.047223361341247085 1390
1646513668594 0.047116676217372554 1391
1646513668630 0.047010004263579076 1392
1646513668677 0.04690334596707554 1393
1646513668785 0.046796701815008356 1394
1646513668824 0.04669007229445942 1395
1646513668856 0.04658345789244373 1396
1646513668882 0.04647685909590729 1397
1646513668913 0.046370276391724835 1398
1646513668947 0.046263710266697504 1399
1646513668979 0.04615716120755084 1400
1646513669094 0.046050629700932336 1401
1646513669134 0.04594411623340938 1402
1646513669165 0.04583762129146698 1403
1646513669201 0.04573114536150543 1404
1646513669232 0.04562468892983833 1405
1646513669279 0.04551825248269011 1406
1646513669310 0.04541183650619397 1407
1646513669408 0.04530544148638965 1408
1646513669453 0.0451990679092211 1409
1646513669495 0.04509271626053438 1410
1646513669555 0.04498638702607535 1411
1646513669627 0.04488008069148759 1412
1646513669680 0.04477379774230999 1413
1646513669763 0.04466753866397466 1414
1646513669947 0.044561303941804714 1415
1646513669991 0.044455094061012 1416
1646513670024 0.0443489095066949 1417
1646513670062 0.0442427507638361 1418
1646513670109 0.04413661831730046 1419
1646513670151 0.0440305126518327 1420
1646513670182 0.04392443425205519 1421
1646513670324 0.04381838360246583 1422
1646513670351 0.043712361187435725 1423
1646513670383 0.04360636749120703 1424
1646513670424 0.04350040299789078 1425
1646513670471 0.04339446819146456 1426
1646513670503 0.043288563555770404 1427
1646513670551 0.04318268957451252 1428
1646513670662 0.04307684673125514 1429
1646513670709 0.042971035509420295 1430
1646513670740 0.042865256392285486 1431
1646513670825 0.042759509862981715 1432
1646513670907 0.04265379640449103 1433
1646513670998 0.04254811649964451 1434
1646513671051 0.04244247063111996 1435
1646513671153 0.04233685928143969 1436
1646513671187 0.04223128293296843 1437
1646513671218 0.042125742067910955 1438
1646513671249 0.042020237168310055 1439
1646513671283 0.04191476871604419 1440
1646513671311 0.041809337192825397 1441
1646513671343 0.041703943080197044 1442
1646513671452 0.041598586859531564 1443
1646513671496 0.04149326901202844 1444
1646513671528 0.04138799001871178 1445
1646513671549 0.041282750360428284 1446
1646513671583 0.04117755051784502 1447
1646513671608 0.04107239097144713 1448
1646513671639 0.04096727220153579 1449
1646513671749 0.04086219468822585 1450
1646513671790 0.040757158911443804 1451
1646513671822 0.04065216535092551 1452
1646513671868 0.04054721448621393 1453
1646513671884 0.04044230679665713 1454
1646513671919 0.040337442761405905 1455
1646513671950 0.04023262285941167 1456
1646513672055 0.04012784756942433 1457
1646513672095 0.04002311736998995 1458
1646513672127 0.0399184327394487 1459
1646513672155 0.039813794155932586 1460
1646513672184 0.03970920209736335 1461
1646513672217 0.039604657041450206 1462
1646513672248 0.03950015946568767 1463
1646513672352 0.03939570984735346 1464
1646513672391 0.03929130866350617 1465
1646513672422 0.039186956390983275 1466
1646513672458 0.039082653506398786 1467
1646513672503 0.03897840048614113 1468
1646513672523 0.03887419780637107 1469
1646513672554 0.03877004594301936 1470
1646513672673 0.0386659453717847 1471
1646513672694 0.03856189656813148 1472
1646513672725 0.03845790000728771 1473
1646513672770 0.03835395616424277 1474
1646513672801 0.03825006551374519 1475
1646513672835 0.038146228530300676 1476
1646513672869 0.0380424456881697 1477
1646513672987 0.03793871746136551 1478
1646513673031 0.037835044323651916 1479
1646513673046 0.037731426748541075 1480
1646513673084 0.037627865209291414 1481
1646513673115 0.03752436017890536 1482
1646513673150 0.037420912130127326 1483
1646513673193 0.03731752153544142 1484
1646513673470 0.03721418886706933 1485
1646513673504 0.03711091459696821 1486
1646513673551 0.037007699196828454 1487
1646513673592 0.03690454313807158 1488
1646513673634 0.036801446891848125 1489
1646513673670 0.03669841092903536 1490
1646513673704 0.036595435720235284 1491
1646513673830 0.036492521735772346 1492
1646513673870 0.036389669445691435 1493
1646513673901 0.036286879319755626 1494
1646513673947 0.03618415182744404 1495
1646513673986 0.0360814874379498 1496
1646513674022 0.03597888662017773 1497
1646513674059 0.03587634984274237 1498
1646513674176 0.035773877573965704 1499
1646513674219 0.03567147028187514 1500
1646513674251 0.035569128434201305 1501
1646513674295 0.03546685249837586 1502
1646513674326 0.0353646429415295 1503
1646513674371 0.03526250023048967 1504
1646513674402 0.03516042483177858 1505
1646513674587 0.03505841721161096 1506
1646513674672 0.034956477835891946 1507
1646513674734 0.034854607170215046 1508
1646513674796 0.03475280567985989 1509
1646513674814 0.03465107382979015 1510
1646513674853 0.03454941208465151 1511
1646513674884 0.03444782090876935 1512
1646513674989 0.03434630076614682 1513
1646513675033 0.03424485212046257 1514
1646513675066 0.03414347543506876 1515
1646513675096 0.03404217117298885 1516
1646513675130 0.03394093979691549 1517
1646513675158 0.0338397817692085 1518
1646513675189 0.03373869755189263 1519
1646513675302 0.03363768760665553 1520
1646513675343 0.033536752394845666 1521
1646513675374 0.033435892377470106 1522
1646513675400 0.0333351080151925 1523
1646513675446 0.033234399768330966 1524
1646513675469 0.03313376809685598 1525
1646513675500 0.03303321346038826 1526
1646513675618 0.03293273631819665 1527
1646513675661 0.032832337129196115 1528
1646513675693 0.03273201635194551 1529
1646513675730 0.03263177444464562 1530
1646513675762 0.03253161186513693 1531
1646513675802 0.03243152907089768 1532
1646513675830 0.03233152651904167 1533
1646513675931 0.032231604666316194 1534
1646513675978 0.03213176396909999 1535
1646513676030 0.03203200488340108 1536
1646513676062 0.031932327864854795 1537
1646513676108 0.03183273336872164 1538
1646513676146 0.03173322184988512 1539
1646513676175 0.031633793762849874 1540
1646513676284 0.0315344495617394 1541
1646513676321 0.031435189700294054 1542
1646513676353 0.03133601463186906 1543
1646513676388 0.031236924809432277 1544
1646513676431 0.031137920685562263 1545
1646513676457 0.03103900271244612 1546
1646513676488 0.03094017134187751 1547
1646513676615 0.030841427025254563 1548
1646513676654 0.030742770213577728 1549
1646513676686 0.030644201357447873 1550
1646513676716 0.030545720907064082 1551
1646513676747 0.030447329312221667 1552
1646513676792 0.030349027022310158 1553
1646513676832 0.030250814486311124 1554
1646513676947 0.030152692152796243 1555
1646513677015 0.030054660469925172 1556
1646513677068 0.02995671988544359 1557
1646513677138 0.02985887084668103 1558
1646513677197 0.029761113800548935 1559
1646513677250 0.02966344919353861 1560
1646513677316 0.029565877471719113 1561
1646513677438 0.029468399080735296 1562
1646513677481 0.02937101446580569 1563
1646513677524 0.029273724071720568 1564
1646513677560 0.02917652834283987 1565
1646513677608 0.02907942772309107 1566
1646513677640 0.0289824226559674 1567
1646513677674 0.02888551358452552 1568
1646513677798 0.028788700951383705 1569
1646513677844 0.028691985198719825 1570
1646513677880 0.028595366768269147 1571
1646513677909 0.02849884610132249 1572
1646513677956 0.028402423638724167 1573
1646513677985 0.028306099820869922 1574
1646513678025 0.028209875087704988 1575
1646513678148 0.02811374987872201 1576
1646513678197 0.028017724632959092 1577
1646513678272 0.027921799788997764 1578
1646513678320 0.02782597578496098 1579
1646513678383 0.02773025305851113 1580
1646513678472 0.027634632046848028 1581
1646513678507 0.027539113186706952 1582
1646513678613 0.027443696914356514 1583
1646513678655 0.02734838366559692 1584
1646513678687 0.027253173875757743 1585
1646513678716 0.027158067979695975 1586
1646513678747 0.027063066411794238 1587
1646513678794 0.02696816960595849 1588
1646513678825 0.026873377995616298 1589
1646513678931 0.026778692013714737 1590
1646513678973 0.026684112092718447 1591
1646513679004 0.026589638664607635 1592
1646513679032 0.02649527216087613 1593
1646513679063 0.02640101301252939 1594
1646513679097 0.026306861650082565 1595
1646513679128 0.026212818503558485 1596
1646513679232 0.02611888400248571 1597
1646513679273 0.026025058575896615 1598
1646513679304 0.02593134265232537 1599
1646513679337 0.02583773665980597 1600
1646513679373 0.025744241025870387 1601
1646513679398 0.02565085617754652 1602
1646513679430 0.02555758254135624 1603
1646513679539 0.025464420543313528 1604
1646513679580 0.025371370608922368 1605
1646513679611 0.025278433163175056 1606
1646513679641 0.025185608630550027 1607
1646513679673 0.02509289743500996 1608
1646513679703 0.025000300000000013 1609
1646513679734 0.024907816748445624 1610
1646513679850 0.024815448102750767 1611
1646513679889 0.02472319448479604 1612
1646513679925 0.024631056315936546 1613
1646513679961 0.02453903401700016 1614
1646513680005 0.024447128008285544 1615
1646513680027 0.024355338709560182 1616
1646513680059 0.024263666540058532 1617
1646513680175 0.02417211191848008 1618
1646513680198 0.024080675262987412 1619
1646513680229 0.023989356991204337 1620
1646513680259 0.023898157520213972 1621
1646513680290 0.023807077266556752 1622
1646513680323 0.023716116646228726 1623
1646513680354 0.023625276074679475 1624
1646513680474 0.023534555966810214 1625
1646513680513 0.0234439567369721 1626
1646513680529 0.02335347879896404 1627
1646513680575 0.02326312256603105 1628
1646513680621 0.023172888450862305 1629
1646513680753 0.023082776865589114 1630
1646513680838 0.02299278822178324 1631
1646513681146 0.022902922930454896 1632
1646513681200 0.022813181402050887 1633
1646513681243 0.022723564046452822 1634
1646513681292 0.022634071272975044 1635
1646513681334 0.02254470349036299 1636
1646513681396 0.022455461106791173 1637
1646513681437 0.02236634452986137 1638
1646513681602 0.02227735416660076 1639
1646513681633 0.022188490423460064 1640
1646513681687 0.02209975370631166 1641
1646513681734 0.022011144420447784 1642
1646513681765 0.021922662970578623 1643
1646513681826 0.021834309760830513 1644
1646513681875 0.02174608519474405 1645
1646513682041 0.0216579896752723 1646
1646513682113 0.02157002360477885 1647
1646513682163 0.02148218738503618 1648
1646513682204 0.021394481417223554 1649
1646513682326 0.02130690610192541 1650
1646513682390 0.02121946183912947 1651
1646513682418 0.021132149028224818 1652
1646513682535 0.02104496806800019 1653
1646513682589 0.020957919356642124 1654
1646513682621 0.020871003291733102 1655
1646513682665 0.020784220270249794 1656
1646513682696 0.020697570688561186 1657
1646513682740 0.02061105494242681 1658
1646513682775 0.02052467342699492 1659
1646513682886 0.020438426536800693 1660
1646513682927 0.02035231466576442 1661
1646513682943 0.020266338207189722 1662
1646513682980 0.02018049755376174 1663
1646513683011 0.0200947930975453 1664
1646513683039 0.020009225229983257 1665
1646513683081 0.01992379434189454 1666
1646513683183 0.019838500823472473 1667
1646513683217 0.019753345064282987 1668
1646513683248 0.019668327453262732 1669
1646513683284 0.019583448378717498 1670
1646513683316 0.019498708228320283 1671
1646513683348 0.0194141073891095 1672
1646513683382 0.01932964624748742 1673
1646513683485 0.019245325189218135 1674
1646513683527 0.01916114459942599 1675
1646513683559 0.01907710486259375 1676
1646513683582 0.018993206362560855 1677
1646513683613 0.018909449482521663 1678
1646513683643 0.0188258346050237 1679
1646513683682 0.018742362111965925 1680
1646513683801 0.018659032384596968 1681
1646513683842 0.0185758458035134 1682
1646513683867 0.018492802748657992 1683
1646513683905 0.018409903599317986 1684
1646513683937 0.01832714873412336 1685
1646513683970 0.018244538531045032 1686
1646513684001 0.018162073367393308 1687
1646513684128 0.01807975361981598 1688
1646513684167 0.017997579664296638 1689
1646513684199 0.017915551876153096 1690
1646513684234 0.017833670630035454 1691
1646513684267 0.017751936299924557 1692
1646513684314 0.01767034925913027 1693
1646513684345 0.017588909880289653 1694
1646513684599 0.01750761853536539 1695
1646513684641 0.017426475595644038 1696
1646513684684 0.017345481431734314 1697
1646513684733 0.01726463641356548 1698
1646513684784 0.01718394091038552 1699
1646513684815 0.017103395290759566 1700
1646513684852 0.017022999922568182 1701
1646513684984 0.016942755173005676 1702
1646513685021 0.016862661408578426 1703
1646513685069 0.0167827189951032 1704
1646513685100 0.016702928297705515 1705
1646513685130 0.01662328968081792 1706
1646513685169 0.01654380350817838 1707
1646513685210 0.016464470142828543 1708
1646513685362 0.016385289947112216 1709
1646513685398 0.016306263282673573 1710
1646513685430 0.016227390510455526 1711
1646513685471 0.016148671990698204 1712
1646513685518 0.016070108082937094 1713
1646513685571 0.015991699146001584 1714
1646513685603 0.01591344553801327 1715
1646513685823 0.015835347616384245 1716
1646513685925 0.01575740573781557 1717
1646513685974 0.015679620258295588 1718
1646513686005 0.015601991533098313 1719
1646513686038 0.015524519916781809 1720
1646513686063 0.015447205763186572 1721
1646513686099 0.01537004942543389 1722
1646513686202 0.015293051255924268 1723
1646513686244 0.015216211606335801 1724
1646513686263 0.015139530827622559 1725
1646513686301 0.015063009270012992 1726
1646513686332 0.014986647283008355 1727
1646513686368 0.01491044521538101 1728
1646513686399 0.01483440341517301 1729
1646513686507 0.014758522229694374 1730
1646513686547 0.01468280200552148 1731
1646513686580 0.014607243088495642 1732
1646513686603 0.014531845823721313 1733
1646513686634 0.014456610555564738 1734
1646513686666 0.01438153762765216 1735
1646513686697 0.014306627382868404 1736
1646513686807 0.01423188016335532 1737
1646513686847 0.014157296310510046 1738
1646513686880 0.014082876164983646 1739
1646513686901 0.014008620066679458 1740
1646513686933 0.013934528354751551 1741
1646513686968 0.013860601367603195 1742
1646513686999 0.01378683944288528 1743
1646513687108 0.013713242917494827 1744
1646513687150 0.01363981212757339 1745
1646513687181 0.013566547408505575 1746
1646513687208 0.013493449094917467 1747
1646513687240 0.013420517520675126 1748
1646513687268 0.013347753018883066 1749
1646513687300 0.013275155921882654 1750
1646513687408 0.01320272656125077 1751
1646513687449 0.013130465267798111 1752
1646513687481 0.013058372371567737 1753
1646513687513 0.012986448201833646 1754
1646513687544 0.012914693087099135 1755
1646513687587 0.012843107355095378 1756
1646513687618 0.012771691332779984 1757
1646513687743 0.012700445346335344 1758
1646513687778 0.012629369721167285 1759
1646513687809 0.01255846478190354 1760
1646513687836 0.012487730852392225 1761
1646513687866 0.012417168255700415 1762
1646513687900 0.012346777314112658 1763
1646513687932 0.012276558349129467 1764
1646513688066 0.012206511681465887 1765
1646513688125 0.012136637631050039 1766
1646513688182 0.012066936517021579 1767
1646513688244 0.011997408657730383 1768
1646513688309 0.011928054370734954 1769
1646513688378 0.011858873972801047 1770
1646513688431 0.011789867779900215 1771
1646513688559 0.011721036107208302 1772
1646513688609 0.011652379269104136 1773
1646513688645 0.011583897579167966 1774
1646513688690 0.011515591350180054 1775
1646513688723 0.01144746089411934 1776
1646513688773 0.01137950652216188 1777
1646513688820 0.011311728544679496 1778
1646513688944 0.01124412727123843 1779
1646513688986 0.011176703010597746 1780
1646513689017 0.011109456070708103 1781
1646513689063 0.011042386758710243 1782
1646513689095 0.010975495380933621 1783
1646513689134 0.010908782242895008 1784
1646513689176 0.010842247649297088 1785
1646513689360 0.010775891904027068 1786
1646513689407 0.010709715310155294 1787
1646513689463 0.010643718169933855 1788
1646513689554 0.010577900784795232 1789
1646513689594 0.010512263455350872 1790
1646513689625 0.010446806481389882 1791
1646513689659 0.010381530161877548 1792
1646513689766 0.010316434794954152 1793
1646513689810 0.010251520677933394 1794
1646513689843 0.010186788107301193 1795
1646513689867 0.010122237378714316 1796
1646513689907 0.010057868786998908 1797
1646513689930 0.009993682626149294 1798
1646513689962 0.009929679189326548 1799
1646513690077 0.009865858768857165 1800
1646513690100 0.009802221656231812 1801
1646513690132 0.00973876814210381 1802
1646513690167 0.009675498516288003 1803
1646513690192 0.009612413067759323 1804
1646513690230 0.009549512084651508 1805
1646513690261 0.009486795854255768 1806
1646513690364 0.009424264663019481 1807
1646513690392 0.009361918796544893 1808
1646513690442 0.009299758539587808 1809
1646513690462 0.009237784176056271 1810
1646513690492 0.009175995989009299 1811
1646513690525 0.009114394260655564 1812
1646513690556 0.009052979272352138 1813
1646513690664 0.008991751304603121 1814
1646513690692 0.008930710637058518 1815
1646513690742 0.008869857548512808 1816
1646513690792 0.008809192316903707 1817
1646513690824 0.008748715219311002 1818
1646513690849 0.008688426531955128 1819
1646513690880 0.008628326530196014 1820
1646513690997 0.008568415488531796 1821
1646513691018 0.00850869368059757 1822
1646513691049 0.008449161379164107 1823
1646513691093 0.008389818856136658 1824
1646513691124 0.008330666382553682 1825
1646513691157 0.008271704228585617 1826
1646513691193 0.008212932663533628 1827
1646513691299 0.008154351955828412 1828
1646513691345 0.008095962373028948 1829
1646513691376 0.00803776418182128 1830
1646513691402 0.00797975764801726 1831
1646513691434 0.007921943036553452 1832
1646513691464 0.007864320611489771 1833
1646513691493 0.007806890636008386 1834
1646513691605 0.0077496533724124754 1835
1646513691647 0.007692609082124989 1836
1646513691678 0.007635758025687573 1837
1646513691702 0.007579100462759275 1838
1646513691734 0.00752263665211534 1839
1646513691793 0.007466366851646166 1840
1646513691836 0.007410291318355963 1841
1646513692070 0.00735441030836168 1842
1646513692103 0.00729872407689185 1843
1646513692150 0.007243232878285297 1844
1646513692194 0.007187936965990127 1845
1646513692236 0.007132836592562487 1846
1646513692267 0.007077932009665416 1847
1646513692312 0.007023223468067726 1848
1646513692435 0.006968711217642824 1849
1646513692476 0.006914395507367594 1850
1646513692510 0.006860276585321247 1851
1646513692550 0.006806354698684202 1852
1646513692594 0.006752630093736909 1853
1646513692630 0.006699103015858823 1854
1646513692661 0.006645773709527192 1855
1646513692783 0.006592642418315927 1856
1646513692820 0.006539709384894633 1857
1646513692851 0.006486974851027303 1858
1646513692895 0.006434439057571355 1859
1646513692942 0.006382102244476517 1860
1646513692976 0.006329964650783642 1861
1646513693010 0.0062780265146237186 1862
1646513693206 0.0062262880732167295 1863
1646513693267 0.006174749562870569 1864
1646513693315 0.006123411218980016 1865
1646513693362 0.006072273276025566 1866
1646513693395 0.006021335967572434 1867
1646513693431 0.005970599526269472 1868
1646513693459 0.005920064183848099 1869
1646513693567 0.005869730171121236 1870
1646513693605 0.005819597717982258 1871
1646513693631 0.005769667053403953 1872
1646513693667 0.005719938405437472 1873
1646513693714 0.00567041200121127 1874
1646513693736 0.005621088066930097 1875
1646513693774 0.00557196682787394 1876
1646513693878 0.00552304850839702 1877
1646513693916 0.005474333331926713 1878
1646513693947 0.005425821520962636 1879
1646513693982 0.005377513297075492 1880
1646513694016 0.005329408880906164 1881
1646513694055 0.0052815084921647 1882
1646513694087 0.005233812349629216 1883
1646513694189 0.005186320671145013 1884
1646513694216 0.005139033673623512 1885
1646513694250 0.0050919515730412914 1886
1646513694291 0.005045074584439097 1887
1646513694332 0.004998402921920835 1888
1646513694356 0.004951936798652629 1889
1646513694388 0.004905676426861829 1890
1646513694488 0.004859622017836047 1891
1646513694531 0.004813773781922187 1892
1646513694550 0.0047681319285254875 1893
1646513694590 0.004722696666108572 1894
1646513694632 0.004677468202190451 1895
1646513694661 0.00463244674334567 1896
1646513694692 0.004587632495203288 1897
1646513694816 0.004543025662445922 1898
1646513694840 0.004498626448808909 1899
1646513694871 0.004454435057079256 1900
1646513694900 0.004410451689094834 1901
1646513694932 0.004366676545743354 1902
1646513694971 0.0043231098269614805 1903
1646513695002 0.004279751731733984 1904
1646513695125 0.004236602458092715 1905
1646513695164 0.0041936622031157915 1906
1646513695195 0.004150931162926686 1907
1646513695222 0.004108409532693276 1908
1646513695253 0.0040660975066270045 1909
1646513695285 0.004023995277981982 1910
1646513695317 0.003982103039054096 1911
1646513695444 0.003940420981180137 1912
1646513695504 0.0038989492947369194 1913
1646513695548 0.003857688169140423 1914
1646513695610 0.003816637792844913 1915
1646513695680 0.00377579835334211 1916
1646513695729 0.00373517003716026 1917
1646513695802 0.0036947530298633907 1918
1646513695959 0.0036545475160503875 1919
1646513695987 0.0036145536793541415 1920
1646513696027 0.003574771702440786 1921
1646513696063 0.003535201767008779 1922
1646513696111 0.00349584405378811 1923
1646513696142 0.0034566987425395223 1924
1646513696188 0.0034177660120535704 1925
1646513696312 0.0033790460401499356 1926
1646513696349 0.003340539003676524 1927
1646513696380 0.0033022450785087005 1928
1646513696421 0.00326416443954847 1929
1646513696452 0.003226297260723691 1930
1646513696499 0.003188643714987268 1931
1646513696527 0.0031512039743163667 1932
1646513696679 0.0031139782097116277 1933
1646513696713 0.003076966591196388 1934
1646513696760 0.0030401692878159097 1935
1646513696859 0.0030035864676365917 1936
1646513696914 0.0029672182977452154 1937
1646513696965 0.0029310649442481776 1938
1646513697014 0.0028951265722707256 1939
1646513697237 0.0028594033459562232 1940
1646513697282 0.0028238954284653906 1941
1646513697313 0.0027886029819755172 1942
1646513697349 0.0027535261676798223 1943
1646513697396 0.002718665145786594 1944
1646513697437 0.002684020075518547 1945
1646513697468 0.0026495911151120937 1946
1646513697600 0.0026153784218165463 1947
1646513697644 0.002581382151893477 1948
1646513697691 0.0025476024606159702 1949
1646513697717 0.0025140395022679213 1950
1646513697769 0.0024806934301433276 1951
1646513697799 0.0024475643965455826 1952
1646513697847 0.002414652552786793 1953
1646513697961 0.0023819580491870867 1954
1646513698003 0.002349481035073915 1955
1646513698038 0.00231722165878138 1956
1646513698070 0.0022851800676495487 1957
1646513698117 0.0022533564080238037 1958
1646513698156 0.002221750825254118 1959
1646513698187 0.0021903634636944807 1960
1646513698326 0.0021591944667021562 1961
1646513698371 0.0021282439766370474 1962
1646513698402 0.0020975121348611055 1963
1646513698440 0.0020669990817375784 1964
1646513698487 0.0020367049566304674 1965
1646513698517 0.0020066298979038613 1966
1646513698555 0.0019767740429212414 1967
1646513698658 0.0019471375280449726 1968
1646513698699 0.0019177204886355577 1969
1646513698730 0.0018885230590511169 1970
1646513698762 0.0018595453726467156 1971
1646513698793 0.0018307875617737757 1972
1646513698839 0.0018022497577794773 1973
1646513698855 0.0017739320910061408 1974
1646513698973 0.001745834690790645 1975
1646513699011 0.0017179576854638337 1976
1646513699040 0.0016903012023499315 1977
1646513699073 0.0016628653677659558 1978
1646513699104 0.0016356503070211353 1979
1646513699145 0.0016086561444163695 1980
1646513699192 0.0015818830032436025 1981
1646513699433 0.0015553310057853343 1982
1646513699472 0.0015290002733139942 1983
1646513699519 0.001502890926091412 1984
1646513699553 0.0014770030833683087 1985
1646513699603 0.001451336863383674 1986
1646513699637 0.0014258923833642832 1987
1646513699679 0.0014006697595241656 1988
1646513699812 0.0013756691070640143 1989
1646513699854 0.001350890540170732 1990
1646513699903 0.0013263341720168647 1991
1646513699944 0.001302000114760097 1992
1646513699972 0.0012778884795427512 1993
1646513700019 0.0012539993764912555 1994
1646513700067 0.0012303329147156609 1995
1646513700197 0.0012068892023091413 1996
1646513700242 0.0011836683463474773 1997
1646513700288 0.0011606704528886013 1998
1646513700323 0.0011378956269720922 1999
1646513700373 0.001115343972618703 2000
1646513700404 0.0010930155928298624 2001
1646513700443 0.0010709105895872686 2002
1646513700710 0.0010490290638523229 2003
1646513700754 0.0010273711155657703 2004
1646513700803 0.0010059368436471814 2005
1646513700831 0.0009847263459945043 2006
1646513700862 0.000963739719483664 2007
1646513700893 0.0009429770599680519 2008
1646513700919 0.0009224384622781263 2009
1646513701040 0.0009021240202210126 2010
1646513701081 0.0008820338265799817 2011
1646513701104 0.0008621679731141276 2012
1646513701136 0.0008425265505578737 2013
1646513701167 0.0008231096486206064 2014
1646513701204 0.0008039173559862364 2015
1646513701235 0.0007849497603128103 2016
1646513701341 0.0007662069482320886 2017
1646513701382 0.000747689005349185 2018
1646513701404 0.0007293960162421442 2019
1646513701443 0.0007113280644615651 2020
1646513701474 0.0006934852325302335 2021
1646513701504 0.0006758676019427177 2022
1646513701535 0.0006584752531650071 2023
1646513701651 0.0006413082656341742 2024
1646513701694 0.000624366717757974 2025
1646513701720 0.0006076506869144732 2026
1646513701752 0.0005911602494517659 2027
1646513701784 0.0005748954806875473 2028
1646513701818 0.0005588564549088189 2029
1646513701850 0.0005430432453715275 2030
1646513701954 0.000527455924300238 2031
1646513701994 0.0005120945628878062 2032
1646513702020 0.0004969592312950392 2033
1646513702051 0.00048204999865039655 2034
1646513702082 0.00046736693304965705 2035
1646513702112 0.0004529101015556186 2036
1646513702143 0.00043867957019777656 2037
1646513702247 0.0004246754039720515 2038
1646513702287 0.00041089766684046205 2039
1646513702320 0.00039734642173083583 2040
1646513702350 0.00038402173053654333 2041
1646513702381 0.0003709236541162035 2042
1646513702422 0.00035805225229340067 2043
1646513702453 0.00034540758385641823 2044
1646513702560 0.0003329897065579498 2045
1646513702601 0.0003207986771148884 2046
1646513702636 0.000308834551207999 2047
1646513702659 0.0002970973834817017 2048
1646513702690 0.00028558722754385015 2049
1646513702725 0.0002743041359654092 2050
1646513702757 0.000263248160280283 2051
1646513702906 0.0002524193509850653 2052
1646513702968 0.00024181775753877825 2053
1646513703037 0.00023144342836267835 2054
1646513703084 0.00022129641084003433 2055
1646513703149 0.00021137675131588292 2056
1646513703208 0.00020168449509684564 2057
1646513703247 0.00019221968645092346 2058
1646513703383 0.00018298236860725802 2059
1646513703426 0.00017397258375597622 2060
1646513703470 0.00016519037304798495 2061
1646513703511 0.00015663577659475998 2062
1646513703555 0.00014830883346820726 2063
1646513703586 0.0001402095817004298 2064
1646513703632 0.00013233805828360547 2065
1646513703771 0.0001246942991697873 2066
1646513703821 0.00011727833927074226 2067
1646513703866 0.00011009021245781277 2068
1646513703897 0.00010312995156173331 2069
1646513703941 9.639758837249167e-05 2070
1646513704004 8.989315363919581e-05 2071
1646513704040 8.361667706991835e-05 2072
1646513704217 7.756818733155786e-05 2073
1646513704334 7.174771204972772e-05 2074
1646513704377 6.61552778086175e-05 2075
1646513704409 6.0790910150865196e-05 2076
1646513704438 5.565463357745169e-05 2077
1646513704478 5.07464715475788e-05 2078
1646513704502 4.606644647856922e-05 2079
1646513704603 4.161457974577774e-05 2080
1646513704645 3.7390891682458074e-05 2081
1646513704678 3.339540157970169e-05 2082
1646513704703 2.9628127686337992e-05 2083
1646513704734 2.6089087208845458e-05 2084
1646513704767 2.2778296311290572e-05 2085
1646513704798 1.9695770115227916e-05 2086
1646513704916 1.6841522699655765e-05 2087
1646513704955 1.4215567100938363e-05 2088
1646513704978 1.181791531276152e-05 2089
1646513705013 9.64857828603824e-06 2090
1646513705044 7.707565928919825e-06 2091
1646513705074 5.9948871066904034e-06 2092
1646513705105 4.51054964177248e-06 2093
1646513705207 3.2545603136603254e-06 2094
1646513705251 2.226924858908874e-06 2095
1646513705279 1.427647971089312e-06 2096
1646513705312 8.567333007890797e-07 2097
1646513705344 5.141834555785649e-07 2098
1646513705373 4.0000000000000003e-07 2099
1646513705404 5.141834555785649e-07 2100
