1646513589837 1.4387794733047485 0
1646513590649 1.3940505981445312 1
1646513591327 1.3739961385726929 2
1646513591748 1.3717635869979858 3
1646513592323 1.3447648286819458 4
1646513593001 1.338031530380249 5
1646513593475 1.3144587278366089 6
1646513593887 1.2971700429916382 7
1646513594416 1.2867659330368042 8
1646513594786 1.256010890007019 9
1646513595116 1.2486989498138428 10
1646513595508 1.2034722566604614 11
1646513595819 1.153723120689392 12
1646513596131 1.1489757299423218 13
1646513596569 1.0875911712646484 14
1646513596997 1.0352858304977417 15
1646513597337 0.9674396514892578 16
1646513597768 0.9317303895950317 17
1646513598150 0.8656970262527466 18
1646513598450 0.8264666199684143 19
1646513598817 0.7881526350975037 20
1646513599113 0.7460089921951294 21
1646513599406 0.6999865770339966 22
1646513599732 0.6579570770263672 23
1646513600042 0.6581910252571106 24
1646513600556 0.6619237065315247 25
1646513600967 0.6115357875823975 26
1646513601383 0.5941269397735596 27
1646513601952 0.6134788990020752 28
1646513602313 0.5870459675788879 29
1646513602672 0.5263382792472839 30
1646513602962 0.5374057292938232 31
1646513603278 0.5615015625953674 32
1646513603583 0.5678963661193848 33
1646513603884 0.5024905204772949 34
1646513604403 0.5119550228118896 35
1646513604833 0.4623979330062866 36
1646513605215 0.47440168261528015 37
1646513605703 0.43266403675079346 38
1646513606013 0.4967808425426483 39
1646513606315 0.4291880130767822 40
1646513606614 0.43473154306411743 41
1646513606923 0.4055033028125763 42
1646513607232 0.36980000138282776 43
1646513607555 0.40637022256851196 44
1646513608107 0.3632950186729431 45
1646513608503 0.4024735689163208 46
1646513608898 0.3971547484397888 47
1646513609379 0.3700973093509674 48
1646513609690 0.30638185143470764 49
1646513610008 0.3510702848434448 50
1646513610308 0.35288378596305847 51
1646513610610 0.36288416385650635 52
1646513610927 0.34380799531936646 53
1646513611256 0.3471212685108185 54
1646513611755 0.32337456941604614 55
1646513612152 0.34023794531822205 56
1646513612501 0.26670119166374207 57
1646513613017 0.2860226035118103 58
1646513613318 0.3066864311695099 59
1646513613653 0.2672158181667328 60
1646513614036 0.2948315143585205 61
1646513614384 0.263353556394577 62
1646513614705 0.26432156562805176 63
1646513615056 0.25937581062316895 64
1646513615634 0.3566235899925232 65
1646513615985 0.2751728892326355 66
1646513616364 0.2448507398366928 67
1646513616873 0.2266349494457245 68
1646513617234 0.24627837538719177 69
1646513617587 0.2443268746137619 70
1646513617937 0.16613638401031494 71
1646513618310 0.23979303240776062 72
1646513618623 0.17183378338813782 73
1646513619102 0.23850876092910767 74
1646513619548 0.33152949810028076 75
1646513619917 0.21094873547554016 76
1646513620433 0.19237689673900604 77
1646513620773 0.13672690093517303 78
1646513621108 0.18963785469532013 79
1646513621444 0.18530213832855225 80
1646513621889 0.19849930703639984 81
1646513622245 0.18275126814842224 82
1646513622645 0.1404358595609665 83
1646513623212 0.1085689589381218 84
1646513623679 0.16037826240062714 85
1646513624161 0.15037663280963898 86
1646513624505 0.14511558413505554 87
1646513624848 0.12971080839633942 88
1646513625194 0.14187780022621155 89
1646513625507 0.15243461728096008 90
1646513625831 0.1504807472229004 91
1646513626147 0.08208490163087845 92
1646513626679 0.08162928372621536 93
1646513627072 0.12016982585191727 94
1646513627593 0.12019143253564835 95
1646513627897 0.10935122519731522 96
1646513628193 0.21801774203777313 97
1646513628513 0.11493199318647385 98
1646513628823 0.12945717573165894 99
1646513629115 0.1259218007326126 100
1646513629423 0.08005788922309875 101
1646513629739 0.05343993008136749 102
1646513630265 0.07895393669605255 103
1646513630642 0.17466169595718384 104
1646513631018 0.11779166758060455 105
1646513631490 0.13121530413627625 106
1646513631793 0.09858215600252151 107
1646513632092 0.10702958703041077 108
1646513632398 0.06428689509630203 109
1646513632720 0.08393057435750961 110
1646513633072 0.04418763518333435 111
1646513633461 0.08610015362501144 112
1646513634092 0.07971843332052231 113
1646513634524 0.08640941977500916 114
1646513634855 0.06820085644721985 115
1646513635224 0.10234402120113373 116
1646513635758 0.06405841559171677 117
1646513636229 0.08039446920156479 118
1646513636604 0.07156891375780106 119
1646513636992 0.12963087856769562 120
1646513637409 0.04868335276842117 121
1646513637805 0.06577590852975845 122
1646513638458 0.06569479405879974 123
1646513639086 0.05529971793293953 124
1646513639677 0.0541071891784668 125
1646513640051 0.07746002078056335 126
1646513640352 0.042125288397073746 127
1646513640668 0.02568237856030464 128
1646513640984 0.04586873948574066 129
1646513641296 0.05848436802625656 130
1646513641622 0.030705692246556282 131
1646513642157 0.05705277994275093 132
1646513642549 0.024041371420025826 133
1646513642981 0.07472079247236252 134
1646513643414 0.012570793740451336 135
1646513643724 0.06222562491893768 136
1646513644106 0.04107062146067619 137
1646513644453 0.06929291039705276 138
1646513644822 0.03353847935795784 139
1646513645253 0.10516123473644257 140
1646513645865 0.0523994006216526 141
1646513646318 0.028128063306212425 142
1646513646678 0.04378535971045494 143
1646513647157 0.012540041469037533 144
1646513647459 0.048524148762226105 145
1646513647774 0.04731012135744095 146
1646513648078 0.050598978996276855 147
1646513648375 0.02553495392203331 148
1646513648706 0.03475644439458847 149
1646513649078 0.018664589151740074 150
1646513649760 0.06270816922187805 151
1646513650371 0.04951132833957672 152
1646513650840 0.026380980387330055 153
1646513651565 0.03582902252674103 154
1646513651967 0.03952953219413757 155
1646513652489 0.06378301233053207 156
1646513652842 0.059542134404182434 157
1646513653174 0.1616712510585785 158
1646513653643 0.05425693467259407 159
1646513653960 0.02475951611995697 160
1646513654599 0.020061079412698746 161
1646513655134 0.03636336326599121 162
1646513655550 0.07902088761329651 163
1646513656129 0.06546817719936371 164
1646513656452 0.016265975311398506 165
1646513656779 0.01894523948431015 166
1646513657095 0.024106070399284363 167
1646513657411 0.05265457555651665 168
1646513657735 0.024820538237690926 169
1646513658045 0.020689593628048897 170
1646513658539 0.01588274911046028 171
1646513658902 0.055487822741270065 172
1646513659272 0.023345263674855232 173
1646513659799 0.040731556713581085 174
1646513660099 0.022402508184313774 175
1646513660418 0.02254481427371502 176
1646513660752 0.0252597164362669 177
1646513661069 0.022973300889134407 178
1646513661416 0.027810588479042053 179
1646513661749 0.03202645108103752 180
1646513662277 0.03614674508571625 181
1646513662643 0.01963421143591404 182
1646513663009 0.011125675402581692 183
1646513663510 0.010097377933561802 184
1646513663849 0.02951742894947529 185
1646513664148 0.011362308636307716 186
1646513664467 0.012809311971068382 187
1646513664827 0.013547204434871674 188
1646513665218 0.010656398721039295 189
1646513665601 0.008074565790593624 190
1646513666189 0.011023386381566525 191
1646513666664 0.03905916213989258 192
1646513667052 0.030951539054512978 193
1646513667495 0.019107647240161896 194
1646513667809 0.006162520032376051 195
1646513668127 0.012646334245800972 196
1646513668432 0.008416383527219296 197
1646513668751 0.01585732214152813 198
1646513669063 0.017135782167315483 199
1646513669379 0.020173363387584686 200
1646513669917 0.02332870103418827 201
1646513670276 0.005224134773015976 202
1646513670624 0.01822488382458687 203
1646513671132 0.00869271345436573 204
1646513671422 0.00904571358114481 205
1646513671720 0.029885470867156982 206
1646513672027 0.015317116864025593 207
1646513672325 0.015919271856546402 208
1646513672632 0.010570328682661057 209
1646513672954 0.00888360571116209 210
1646513673401 0.020512429997324944 211
1646513673801 0.009117573499679565 212
1646513674133 0.01561569981276989 213
1646513674507 0.01904885657131672 214
1646513674965 0.018074046820402145 215
1646513675272 0.05244474485516548 216
1646513675592 0.0050257849507033825 217
1646513675909 0.0429069809615612 218
1646513676262 0.00986812636256218 219
1646513676576 0.02699984237551689 220
1646513676916 0.01115327700972557 221
1646513677408 0.008909596130251884 222
1646513677760 0.007938467897474766 223
1646513678125 0.031037554144859314 224
1646513678590 0.009882181882858276 225
1646513678906 0.01268935389816761 226
1646513679207 0.02368406020104885 227
1646513679504 0.036822643131017685 228
1646513679823 0.009905452840030193 229
1646513680137 0.010614294558763504 230
1646513680431 0.011445810087025166 231
1646513681090 0.01767626591026783 232
1646513681556 0.010859177447855473 233
1646513681978 0.041223835200071335 234
1646513682501 0.003758455393835902 235
1646513682858 0.007901470176875591 236
1646513683150 0.006746848579496145 237
1646513683456 0.006259777583181858 238
1646513683766 0.023017337545752525 239
1646513684086 0.007939036935567856 240
1646513684527 0.00815288070589304 241
1646513684935 0.009123505093157291 242
1646513685301 0.011461131274700165 243
1646513685773 0.00342925894074142 244
1646513686163 0.010604272596538067 245
1646513686483 0.015117160975933075 246
1646513686780 0.007868190295994282 247
1646513687083 0.019069083034992218 248
1646513687384 0.0028011826798319817 249
1646513687698 0.005002849269658327 250
1646513688018 0.004770693834871054 251
1646513688530 0.005726845934987068 252
1646513688910 0.0033629010431468487 253
1646513689280 0.01452091708779335 254
1646513689739 0.016720417886972427 255
1646513690040 0.02128715068101883 256
1646513690342 0.01447721291333437 257
1646513690639 0.007541698403656483 258
1646513690958 0.005950464867055416 259
1646513691268 0.010387011803686619 260
1646513691579 0.00760652357712388 261
1646513691994 0.004844191018491983 262
1646513692409 0.012562353163957596 263
1646513692748 0.014181377366185188 264
1646513693148 0.004845114890486002 265
1646513693531 0.014437341131269932 266
1646513693847 0.002479291521012783 267
1646513694165 0.01290111429989338 268
1646513694466 0.004952636547386646 269
1646513694785 0.012761525809764862 270
1646513695091 0.019851278513669968 271
1646513695396 0.01039061788469553 272
1646513695911 0.01008010096848011 273
1646513696289 0.013831647112965584 274
1646513696631 0.010629394091665745 275
1646513697207 0.0143799539655447 276
1646513697573 0.024035619571805 277
1646513697938 0.016953129321336746 278
1646513698285 0.020534422248601913 279
1646513698628 0.023994652554392815 280
1646513698941 0.0069206515327095985 281
1646513699370 0.006296128500252962 282
1646513699772 0.0067375958897173405 283
1646513700160 0.0023600696586072445 284
1646513700635 0.027486704289913177 285
1646513701004 0.007369567174464464 286
1646513701304 0.009151139296591282 287
1646513701623 0.015903566032648087 288
1646513701920 0.01113898865878582 289
1646513702223 0.01783122681081295 290
1646513702536 0.014746884815394878 291
1646513702837 0.01005579438060522 292
1646513703354 0.004365137778222561 293
1646513703740 0.05269365757703781 294
1646513704186 0.00561889773234725 295
1646513704581 0.00399737386032939 296
1646513704882 0.004671616479754448 297
1646513705182 0.005437895655632019 298
1646513705482 0.0036782026290893555 299
