1646513586957 0.95 0
1646513588921 0.9499993783330846 1
1646513589006 0.9499975133477971 2
1646513589043 0.9499944050905136 3
1646513589076 0.9499900536385262 4
1646513589107 0.9499844591000408 5
1646513589143 0.9499776216141751 6
1646513589174 0.9499695413509548 7
1646513589918 0.949960218511309 8
1646513589994 0.9499496533270657 9
1646513590076 0.9499378460609461 10
1646513590145 0.9499247970065575 11
1646513590224 0.9499105064883867 12
1646513590305 0.9498949748617913 13
1646513590373 0.9498782025129912 14
1646513590752 0.949860189859059 15
1646513590811 0.9498409373479095 16
1646513590879 0.9498204454582888 17
1646513590953 0.949798714699762 18
1646513591044 0.9497757456127007 19
1646513591124 0.94975153876827 20
1646513591184 0.9497260947684136 21
1646513591410 0.9496994142458393 22
1646513591464 0.9496714978640027 23
1646513591512 0.9496423463170918 24
1646513591547 0.9496119603300086 25
1646513591591 0.9495803406583515 26
1646513591626 0.9495474880883967 27
1646513591658 0.9495134034370785 28
1646513591803 0.9494780875519688 29
1646513591847 0.9494415413112564 30
1646513591894 0.9494037656237247 31
1646513591927 0.9493647614287297 32
1646513591958 0.949324529696176 33
1646513592001 0.9492830714264932 34
1646513592090 0.9492403876506104 35
1646513592404 0.9491964794299315 36
1646513592463 0.9491513478563078 37
1646513592564 0.9491049940520119 38
1646513592650 0.9490574191697085 39
1646513592728 0.9490086243924272 40
1646513592797 0.9489586109335315 41
1646513592848 0.9489073800366903 42
1646513593070 0.9488549329758454 43
1646513593133 0.9488012710551812 44
1646513593191 0.9487463956090911 45
1646513593232 0.9486903080021453 46
1646513593281 0.948633009629056 47
1646513593337 0.9485745019146433 48
1646513593384 0.9485147863137998 49
1646513593534 0.9484538643114538 50
1646513593583 0.9483917374225332 51
1646513593630 0.9483284071919273 52
1646513593671 0.9482638751944483 53
1646513593718 0.9481981430347927 54
1646513593764 0.9481312123475005 55
1646513593811 0.9480630847969159 56
1646513593971 0.9479937620771444 57
1646513594034 0.9479232459120117 58
1646513594088 0.9478515380550205 59
1646513594159 0.947778640289307 60
1646513594251 0.9477045544275962 61
1646513594305 0.9476292823121573 62
1646513594346 0.9475528258147576 63
1646513594469 0.9474751868366162 64
1646513594501 0.9473963673083565 65
1646513594548 0.9473163691899582 66
1646513594585 0.9472351944707085 67
1646513594620 0.947152845169153 68
1646513594667 0.9470693233330452 69
1646513594684 0.9469846310392954 70
1646513594835 0.9468987703939197 71
1646513594865 0.9468117435319868 72
1646513594886 0.9467235526175657 73
1646513594931 0.9466341998436714 74
1646513594971 0.9465436874322102 75
1646513595001 0.9464520176339251 76
1646513595046 0.9463591927283393 77
1646513595171 0.9462652150236998 78
1646513595218 0.9461700868569197 79
1646513595249 0.9460738105935204 80
1646513595294 0.9459763886275725 81
1646513595325 0.9458778233816366 82
1646513595380 0.9457781173067029 83
1646513595427 0.94567727288213 84
1646513595554 0.9455752926155836 85
1646513595576 0.9454721790429741 86
1646513595607 0.9453679347283932 87
1646513595651 0.9452625622640507 88
1646513595673 0.9451560642702095 89
1646513595715 0.945048443395121 90
1646513595746 0.9449397023149583 91
1646513595864 0.944829843733751 92
1646513595902 0.9447188703833168 93
1646513595930 0.9446067850231942 94
1646513595964 0.9444935904405733 95
1646513595988 0.9443792894502276 96
1646513596031 0.9442638848944427 97
1646513596063 0.9441473796429463 98
1646513596173 0.9440297765928368 99
1646513596196 0.9439110786685114 100
1646513596228 0.9437912888215928 101
1646513596268 0.9436704100308564 102
1646513596289 0.9435484453021562 103
1646513596338 0.9434253976683494 104
1646513596389 0.9433012701892219 105
1646513596647 0.9431760659514115 106
1646513596705 0.9430497880683315 107
1646513596751 0.9429224396800933 108
1646513596782 0.9427940239534279 109
1646513596836 0.9426645440816077 110
1646513596867 0.942534003284367 111
1646513596908 0.9424024048078212 112
1646513597036 0.9422697519243874 113
1646513597075 0.9421360479327019 114
1646513597122 0.9420012961575386 115
1646513597165 0.9418654999497261 116
1646513597197 0.941728662686065 117
1646513597237 0.9415907877692434 118
1646513597268 0.941451878627752 119
1646513597391 0.9413119387157997 120
1646513597436 0.9411709715132269 121
1646513597468 0.9410289805254195 122
1646513597519 0.9408859692832215 123
1646513597552 0.9407419413428472 124
1646513597595 0.9405969002857928 125
1646513597626 0.9404508497187474 126
1646513597870 0.9403037932735031 127
1646513597919 0.9401557346068651 128
1646513597950 0.9400066774005603 129
1646513597985 0.9398566253611461 130
1646513598019 0.9397055822199181 131
1646513598052 0.9395535517328171 132
1646513598080 0.939400537680336 133
1646513598199 0.9392465438674261 134
1646513598223 0.9390915741234015 135
1646513598254 0.9389356323018446 136
1646513598292 0.9387787222805106 137
1646513598319 0.9386208479612299 138
1646513598350 0.9384620132698124 139
1646513598388 0.9383022221559488 140
1646513598512 0.9381414785931133 141
1646513598556 0.9379797865784638 142
1646513598598 0.9378171501327436 143
1646513598638 0.9376535733001805 144
1646513598676 0.9374890601483866 145
1646513598713 0.9373236147682574 146
1646513598729 0.9371572412738697 147
1646513598855 0.9369899438023792 148
1646513598879 0.936821726513918 149
1646513598910 0.9366525935914912 150
1646513598950 0.9364825492408725 151
1646513598971 0.9363115976904997 152
1646513599011 0.9361397431913695 153
1646513599026 0.9359669900169325 154
1646513599146 0.9357933424629858 155
1646513599188 0.9356188048475672 156
1646513599206 0.9354433815108469 157
1646513599246 0.9352670768150204 158
1646513599271 0.9350898951441995 159
1646513599310 0.9349118409043036 160
1646513599341 0.9347329185229498 161
1646513599456 0.9345531324493432 162
1646513599477 0.9343724871541659 163
1646513599508 0.9341909871294659 164
1646513599551 0.934008636888546 165
1646513599587 0.9338254409658502 166
1646513599630 0.9336414039168526 167
1646513599668 0.9334565303179428 168
1646513599789 0.9332708247663131 169
1646513599811 0.933084291879843 170
1646513599842 0.9328969362969856 171
1646513599871 0.9327087626766517 172
1646513599918 0.9325197756980937 173
1646513599949 0.9323299800607899 174
1646513599971 0.9321393804843269 175
1646513600091 0.9319479817082827 176
1646513600128 0.9317557884921089 177
1646513600201 0.9315628056150119 178
1646513600261 0.9313690378758346 179
1646513600322 0.9311744900929366 180
1646513600383 0.9309791671040749 181
1646513600436 0.9307830737662829 182
1646513600603 0.9305862149557502 183
1646513600642 0.9303885955677015 184
1646513600682 0.9301902205162739 185
1646513600728 0.9299910947343957 186
1646513600791 0.9297912231736634 187
1646513600822 0.9295906108042183 188
1646513600867 0.9293892626146236 189
1646513601015 0.9291871836117395 190
1646513601067 0.9289843788205991 191
1646513601114 0.9287808532842836 192
1646513601166 0.9285766120637968 193
1646513601199 0.928371660237939 194
1646513601241 0.9281660029031811 195
1646513601283 0.9279596451735372 196
1646513601428 0.9277525921804387 197
1646513601484 0.927544849072605 198
1646513601538 0.9273364210159172 199
1646513601631 0.9271273131932879 200
1646513601691 0.9269175308045341 201
1646513601739 0.9267070790662464 202
1646513601851 0.9264959632116602 203
1646513602000 0.9262841884905252 204
1646513602034 0.9260717601689749 205
1646513602081 0.9258586835293956 206
1646513602112 0.9256449638702953 207
1646513602159 0.9254306065061715 208
1646513602198 0.9252156167673797 209
1646513602228 0.9249999999999999 210
1646513602352 0.9247837615657049 211
1646513602398 0.9245669068416256 212
1646513602429 0.9243494412202183 213
1646513602474 0.9241313701091305 214
1646513602513 0.9239126989310659 215
1646513602547 0.9236934331236499 216
1646513602594 0.9234735781392945 217
1646513602714 0.9232531394450625 218
1646513602738 0.9230321225225315 219
1646513602769 0.9228105328676581 220
1646513602813 0.9225883759906404 221
1646513602844 0.9223656574157816 222
1646513602876 0.9221423826813525 223
1646513602892 0.9219185573394538 224
1646513603016 0.9216941869558779 225
1646513603037 0.9214692771099704 226
1646513603084 0.9212438333944919 227
1646513603114 0.9210178614154783 228
1646513603145 0.9207913667921016 229
1646513603179 0.9205643551565306 230
1646513603214 0.9203368321537899 231
1646513603314 0.9201088034416208 232
1646513603355 0.9198802746903394 233
1646513603372 0.9196512515826961 234
1646513603414 0.9194217398137348 235
1646513603445 0.9191917450906499 236
1646513603491 0.9189612731326464 237
1646513603514 0.9187303296707956 238
1646513603632 0.9184989204478939 239
1646513603657 0.9182670512183198 240
1646513603688 0.9180347277478902 241
1646513603715 0.9178019558137178 242
1646513603762 0.9175687412040671 243
1646513603791 0.9173350897182103 244
1646513603815 0.9171010071662834 245
1646513603955 0.9168664993691414 246
1646513604030 0.9166315721582141 247
1646513604093 0.9163962313753602 248
1646513604168 0.916160482872723 249
1646513604229 0.9159243325125842 250
1646513604267 0.9156877861672185 251
1646513604314 0.9154508497187474 252
1646513604447 0.9152135290589928 253
1646513604488 0.9149758300893309 254
1646513604540 0.9147377587205452 255
1646513604568 0.9144993208726793 256
1646513604635 0.9142605224748901 257
1646513604676 0.9140213694653001 258
1646513604722 0.9137818677908499 259
1646513604894 0.9135420234071502 260
1646513604930 0.9133018422783337 261
1646513604979 0.9130613303769068 262
1646513605026 0.9128204936836014 263
1646513605063 0.9125793381872254 264
1646513605111 0.9123378698845146 265
1646513605142 0.9120960947799833 266
1646513605316 0.9118540188857749 267
1646513605392 0.9116116482215121 268
1646513605443 0.9113689888141481 269
1646513605538 0.9111260466978157 270
1646513605568 0.910882827913678 271
1646513605602 0.9106393385097781 272
1646513605638 0.910395584540888 273
1646513605756 0.9101515720683587 274
1646513605780 0.9099073071599698 275
1646513605811 0.9096627958897776 276
1646513605852 0.9094180443379648 277
1646513605883 0.9091730585906891 278
1646513605916 0.9089278447399318 279
1646513605947 0.9086824088833465 280
1646513606052 0.9084367571241072 281
1646513606089 0.9081908955707568 282
1646513606120 0.9079448303370551 283
1646513606158 0.9076985675418267 284
1646513606179 0.9074521133088087 285
1646513606219 0.907205473766499 286
1646513606250 0.9069586550480032 287
1646513606353 0.9067116632908827 288
1646513606389 0.9064645046370017 289
1646513606421 0.9062171852323743 290
1646513606453 0.9059697112270122 291
1646513606484 0.9057220887747716 292
1646513606520 0.9054743240331998 293
1646513606536 0.9052264231633826 294
1646513606653 0.9049783923297908 295
1646513606701 0.9047302377001268 296
1646513606729 0.9044819654451717 297
1646513606769 0.9042335817386311 298
1646513606800 0.9039850927569826 299
1646513606831 0.9037365046793212 300
1646513606853 0.9034878236872063 301
1646513606971 0.9032390559645076 302
1646513606994 0.9029902076972517 303
1646513607025 0.902741285073468 304
1646513607069 0.9024922942830348 305
1646513607085 0.9022432415175257 306
1646513607129 0.9019941329700553 307
1646513607154 0.9017449748351251 308
1646513607275 0.9014957733084699 309
1646513607297 0.9012465345869036 310
1646513607329 0.9009972648681649 311
1646513607370 0.9007479703507631 312
1646513607401 0.9004986572338246 313
1646513607446 0.9002493317169379 314
1646513607470 0.8999999999999999 315
1646513607605 0.899750668283062 316
1646513607646 0.8995013427661753 317
1646513607686 0.8992520296492368 318
1646513607763 0.899002735131835 319
1646513607812 0.8987534654130963 320
1646513607878 0.8985042266915301 321
1646513607939 0.8982550251648749 322
1646513608151 0.8980058670299448 323
1646513608184 0.8977567584824743 324
1646513608231 0.8975077057169651 325
1646513608260 0.897258714926532 326
1646513608312 0.8970097923027482 327
1646513608343 0.8967609440354923 328
1646513608376 0.8965121763127937 329
1646513608564 0.8962634953206787 330
1646513608605 0.8960149072430174 331
1646513608645 0.8957664182613688 332
1646513608686 0.8955180345548283 333
1646513608714 0.8952697622998731 334
1646513608760 0.8950216076702091 335
1646513608807 0.8947735768366173 336
1646513608943 0.8945256759668001 337
1646513608984 0.8942779112252284 338
1646513609030 0.8940302887729877 339
1646513609115 0.8937828147676257 340
1646513609162 0.8935354953629984 341
1646513609238 0.8932883367091172 342
1646513609307 0.8930413449519967 343
1646513609434 0.892794526233501 344
1646513609456 0.8925478866911912 345
1646513609487 0.8923014324581733 346
1646513609526 0.8920551696629448 347
1646513609557 0.8918091044292431 348
1646513609590 0.8915632428758927 349
1646513609623 0.8913175911166534 350
1646513609743 0.8910721552600681 351
1646513609778 0.8908269414093108 352
1646513609794 0.8905819556620351 353
1646513609839 0.8903372041102223 354
1646513609870 0.8900926928400301 355
1646513609905 0.8898484279316412 356
1646513609929 0.8896044154591121 357
1646513610051 0.8893606614902219 358
1646513610074 0.8891171720863219 359
1646513610109 0.8888739533021842 360
1646513610144 0.8886310111858519 361
1646513610175 0.8883883517784879 362
1646513610209 0.8881459811142252 363
1646513610240 0.8879039052200166 364
1646513610349 0.8876621301154852 365
1646513610373 0.8874206618127746 366
1646513610418 0.8871795063163985 367
1646513610446 0.8869386696230931 368
1646513610477 0.8866981577216662 369
1646513610509 0.8864579765928498 370
1646513610540 0.88621813220915 371
1646513610657 0.8859786305346998 372
1646513610677 0.8857394775251098 373
1646513610709 0.8855006791273207 374
1646513610752 0.8852622412794547 375
1646513610783 0.885024169910669 376
1646513610809 0.8847864709410072 377
1646513610840 0.8845491502812526 378
1646513610974 0.8843122138327815 379
1646513611001 0.8840756674874157 380
1646513611040 0.8838395171272769 381
1646513611070 0.8836037686246397 382
1646513611109 0.8833684278417859 383
1646513611140 0.8831335006308585 384
1646513611172 0.8828989928337165 385
1646513611302 0.8826649102817896 386
1646513611331 0.8824312587959329 387
1646513611378 0.8821980441862821 388
1646513611440 0.8819652722521097 389
1646513611522 0.8817329487816802 390
1646513611581 0.881501079552106 391
1646513611634 0.8812696703292043 392
1646513611813 0.8810387268673535 393
1646513611853 0.88080825490935 394
1646513611885 0.8805782601862653 395
1646513611930 0.8803487484173038 396
1646513611977 0.8801197253096605 397
1646513612005 0.8798911965583791 398
1646513612053 0.87966316784621 399
1646513612199 0.8794356448434694 400
1646513612241 0.8792086332078983 401
1646513612273 0.8789821385845217 402
1646513612314 0.878756166605508 403
1646513612361 0.8785307228900295 404
1646513612394 0.878305813044122 405
1646513612429 0.8780814426605461 406
1646513612559 0.8778576173186474 407
1646513612599 0.8776343425842184 408
1646513612630 0.8774116240093596 409
1646513612677 0.8771894671323418 410
1646513612730 0.8769678774774684 411
1646513612808 0.8767468605549374 412
1646513612857 0.8765264218607054 413
1646513613068 0.87630656687635 414
1646513613099 0.8760873010689341 415
1646513613142 0.8758686298908694 416
1646513613162 0.8756505587797816 417
1646513613194 0.8754330931583744 418
1646513613234 0.8752162384342951 419
1646513613250 0.875 420
1646513613363 0.8747843832326203 421
1646513613404 0.8745693934938285 422
1646513613434 0.8743550361297047 423
1646513613472 0.8741413164706043 424
1646513613504 0.8739282398310251 425
1646513613534 0.8737158115094747 426
1646513613565 0.8735040367883398 427
1646513613697 0.8732929209337535 428
1646513613757 0.8730824691954658 429
1646513613798 0.872872686806712 430
1646513613834 0.8726635789840828 431
1646513613875 0.8724551509273949 432
1646513613906 0.8722474078195612 433
1646513613945 0.8720403548264626 434
1646513614078 0.8718339970968189 435
1646513614118 0.8716283397620609 436
1646513614150 0.8714233879362031 437
1646513614195 0.8712191467157163 438
1646513614229 0.8710156211794009 439
1646513614260 0.8708128163882605 440
1646513614301 0.8706107373853763 441
1646513614421 0.8704093891957816 442
1646513614469 0.8702087768263366 443
1646513614502 0.8700089052656043 444
1646513614539 0.8698097794837261 445
1646513614571 0.8696114044322985 446
1646513614610 0.8694137850442496 447
1646513614635 0.869216926233717 448
1646513614763 0.869020832895925 449
1646513614793 0.8688255099070633 450
1646513614835 0.8686309621241654 451
1646513614874 0.868437194384988 452
1646513614905 0.868244211507891 453
1646513614939 0.8680520182917172 454
1646513614970 0.8678606195156731 455
1646513615120 0.86767001993921 456
1646513615198 0.8674802243019062 457
1646513615274 0.8672912373233482 458
1646513615333 0.8671030637030144 459
1646513615394 0.8669157081201571 460
1646513615463 0.866729175233687 461
1646513615505 0.8665434696820571 462
1646513615677 0.8663585960831474 463
1646513615704 0.8661745590341497 464
1646513615754 0.865991363111454 465
1646513615795 0.865809012870534 466
1646513615835 0.8656275128458341 467
1646513615870 0.8654468675506567 468
1646513615901 0.8652670814770501 469
1646513616037 0.8650881590956964 470
1646513616079 0.8649101048558004 471
1646513616110 0.8647329231849795 472
1646513616154 0.864556618489153 473
1646513616201 0.8643811951524327 474
1646513616239 0.8642066575370141 475
1646513616270 0.8640330099830674 476
1646513616461 0.8638602568086304 477
1646513616508 0.8636884023095003 478
1646513616601 0.8635174507591274 479
1646513616655 0.8633474064085087 480
1646513616716 0.8631782734860819 481
1646513616758 0.8630100561976208 482
1646513616786 0.8628427587261303 483
1646513616912 0.8626763852317425 484
1646513616952 0.8625109398516133 485
1646513616987 0.8623464266998194 486
1646513617027 0.8621828498672562 487
1646513617058 0.8620202134215361 488
1646513617104 0.8618585214068867 489
1646513617136 0.8616977778440511 490
1646513617278 0.8615379867301876 491
1646513617308 0.86137915203877 492
1646513617355 0.8612212777194893 493
1646513617387 0.8610643676981553 494
1646513617437 0.8609084258765984 495
1646513617461 0.8607534561325738 496
1646513617503 0.8605994623196639 497
1646513617642 0.860446448267183 498
1646513617673 0.860294417780082 499
1646513617703 0.8601433746388538 500
1646513617749 0.8599933225994396 501
1646513617787 0.8598442653931349 502
1646513617825 0.8596962067264968 503
1646513617856 0.8595491502812526 504
1646513617994 0.8594030997142071 505
1646513618020 0.8592580586571528 506
1646513618051 0.8591140307167784 507
1646513618104 0.8589710194745804 508
1646513618147 0.858829028486773 509
1646513618188 0.8586880612842003 510
1646513618225 0.8585481213722479 511
1646513618355 0.8584092122307565 512
1646513618389 0.8582713373139349 513
1646513618420 0.8581345000502738 514
1646513618451 0.8579987038424614 515
1646513618482 0.857863952067298 516
1646513618524 0.8577302480756125 517
1646513618545 0.8575975951921787 518
1646513618672 0.857465996715633 519
1646513618705 0.8573354559183922 520
1646513618736 0.857205976046572 521
1646513618790 0.8570775603199067 522
1646513618838 0.8569502119316684 523
1646513618906 0.8568239340485885 524
1646513618968 0.856698729810778 525
1646513619158 0.8565746023316505 526
1646513619210 0.8564515546978437 527
1646513619259 0.8563295899691435 528
1646513619301 0.8562087111784071 529
1646513619348 0.8560889213314885 530
1646513619400 0.8559702234071631 531
1646513619447 0.8558526203570537 532
1646513619604 0.8557361151055572 533
1646513619632 0.8556207105497723 534
1646513619664 0.8555064095594266 535
1646513619707 0.8553932149768058 536
1646513619748 0.8552811296166831 537
1646513619787 0.8551701562662489 538
1646513619833 0.8550602976850417 539
1646513619974 0.854951556604879 540
1646513620013 0.8548439357297904 541
1646513620048 0.8547374377359492 542
1646513620079 0.8546320652716067 543
1646513620110 0.8545278209570258 544
1646513620193 0.8544247073844163 545
1646513620264 0.8543227271178699 546
1646513620471 0.854221882693297 547
1646513620508 0.8541221766183633 548
1646513620554 0.8540236113724274 549
1646513620595 0.8539261894064796 550
1646513620636 0.8538299131430802 551
1646513620672 0.8537347849763002 552
1646513620703 0.8536408072716606 553
1646513620823 0.8535479823660749 554
1646513620856 0.8534563125677898 555
1646513620890 0.8533658001563286 556
1646513620927 0.8532764473824342 557
1646513620959 0.8531882564680131 558
1646513621002 0.8531012296060803 559
1646513621037 0.8530153689607045 560
1646513621149 0.8529306766669548 561
1646513621186 0.8528471548308469 562
1646513621226 0.8527648055292915 563
1646513621259 0.8526836308100417 564
1646513621297 0.8526036326916434 565
1646513621329 0.8525248131633837 566
1646513621360 0.8524471741852423 567
1646513621496 0.8523707176878427 568
1646513621548 0.8522954455724038 569
1646513621648 0.8522213597106929 570
1646513621718 0.8521484619449794 571
1646513621744 0.8520767540879882 572
1646513621786 0.8520062379228556 573
1646513621818 0.851936915203084 574
1646513621928 0.8518687876524994 575
1646513621966 0.8518018569652073 576
1646513621997 0.8517361248055516 577
1646513622029 0.8516715928080726 578
1646513622076 0.8516082625774667 579
1646513622106 0.8515461356885461 580
1646513622145 0.8514852136862001 581
1646513622291 0.8514254980853566 582
1646513622315 0.851366990370944 583
1646513622345 0.8513096919978547 584
1646513622390 0.8512536043909088 585
1646513622422 0.8511987289448187 586
1646513622455 0.8511450670241545 587
1646513622487 0.8510926199633096 588
1646513622863 0.8510413890664684 589
1646513622902 0.8509913756075728 590
1646513622943 0.8509425808302914 591
1646513622991 0.8508950059479881 592
1646513623052 0.8508486521436921 593
1646513623089 0.8508035205700685 594
1646513623128 0.8507596123493896 595
1646513623260 0.8507169285735068 596
1646513623305 0.850675470303824 597
1646513623344 0.8506352385712702 598
1646513623396 0.8505962343762752 599
1646513623461 0.8505584586887436 600
1646513623522 0.8505219124480311 601
1646513623594 0.8504865965629215 602
1646513623740 0.8504525119116032 603
1646513623824 0.8504196593416484 604
1646513623886 0.8503880396699913 605
1646513623976 0.850357653682908 606
1646513624035 0.8503285021359972 607
1646513624061 0.8503005857541607 608
1646513624103 0.8502739052315863 609
1646513624214 0.8502484612317299 610
1646513624246 0.8502242543872992 611
1646513624277 0.850201285300238 612
1646513624310 0.8501795545417112 613
1646513624346 0.8501590626520904 614
1646513624376 0.850139810140941 615
1646513624407 0.8501217974870088 616
1646513624576 0.8501050251382086 617
1646513624616 0.8500894935116132 618
1646513624646 0.8500752029934424 619
1646513624687 0.8500621539390538 620
1646513624720 0.8500503466729342 621
1646513624746 0.850039781488691 622
1646513624777 0.8500304586490451 623
1646513624898 0.8500223783858248 624
1646513624923 0.8500155408999591 625
1646513624961 0.8500099463614738 626
1646513625001 0.8500055949094864 627
1646513625032 0.8500024866522028 628
1646513625062 0.8500006216669154 629
1646513625094 0.8500001141839123 630
1646513625247 0.8500004567351277 631
1646513625270 0.8500010276520816 632
1646513625317 0.8500018269321666 633
1646513625347 0.850002854571732 634
1646513625378 0.850004110566084 635
1646513625409 0.8500055949094864 636
1646513625440 0.8500073075951593 637
1646513625548 0.8500092486152805 638
1646513625572 0.8500114179609846 639
1646513625619 0.8500138156223634 640
1646513625647 0.850016441588466 641
1646513625678 0.8500192958472986 642
1646513625724 0.8500223783858248 643
1646513625762 0.8500256891899656 644
1646513625876 0.8500292282445993 645
1646513625898 0.8500329955335618 646
1646513625945 0.8500369910396466 647
1646513625976 0.8500412147446047 648
1646513626008 0.850045666629145 649
1646513626047 0.8500503466729342 650
1646513626079 0.8500552548545969 651
1646513626195 0.8500603911517155 652
1646513626263 0.8500657555408307 653
1646513626357 0.8500713479974417 654
1646513626439 0.8500771684960056 655
1646513626502 0.8500832170099379 656
1646513626551 0.8500894935116132 657
1646513626595 0.8500959979723643 658
1646513626724 0.8501027303624832 659
1646513626764 0.8501096906512204 660
1646513626807 0.850116878806786 661
1646513626854 0.850124294796349 662
1646513626895 0.850131938586038 663
1646513626937 0.850139810140941 664
1646513626980 0.8501479094251059 665
1646513627118 0.8501562364015404 666
1646513627158 0.8501647910322121 667
1646513627211 0.8501735732780491 668
1646513627253 0.8501825830989397 669
1646513627296 0.8501918204537328 670
1646513627332 0.850201285300238 671
1646513627380 0.8502109775952262 672
1646513627646 0.8502208972944292 673
1646513627681 0.85023104435254 674
1646513627712 0.8502414187232137 675
1646513627740 0.8502520203590664 676
1646513627771 0.850262849211677 677
1646513627806 0.8502739052315863 678
1646513627837 0.8502851883682973 679
1646513627945 0.850296698570276 680
1646513627968 0.8503084357849511 681
1646513627999 0.8503203999587147 682
1646513628038 0.850332591036922 683
1646513628069 0.8503450089638922 684
1646513628102 0.850357653682908 685
1646513628122 0.8503705251362167 686
1646513628251 0.8503836232650296 687
1646513628273 0.8503969480095228 688
1646513628304 0.8504104993088377 689
1646513628338 0.8504242771010805 690
1646513628369 0.850438281323323 691
1646513628412 0.8504525119116032 692
1646513628438 0.8504669688009249 693
1646513628556 0.850481651925258 694
1646513628580 0.8504965612175399 695
1646513628611 0.8505116966096742 696
1646513628648 0.8505270580325324 697
1646513628679 0.8505426454159531 698
1646513628713 0.8505584586887436 699
1646513628738 0.8505744977786787 700
1646513628864 0.8505907626125022 701
1646513628886 0.8506072531159269 702
1646513628923 0.8506239692136348 703
1646513628956 0.8506409108292775 704
1646513628988 0.8506580778854765 705
1646513629017 0.850675470303824 706
1646513629039 0.8506930880048822 707
1646513629159 0.8507109309081852 708
1646513629181 0.8507289989322379 709
1646513629223 0.8507472919945172 710
1646513629256 0.8507658100114721 711
1646513629287 0.8507845528985244 712
1646513629323 0.8508035205700685 713
1646513629359 0.8508227129394723 714
1646513629469 0.8508421299190775 715
1646513629491 0.8508617714201998 716
1646513629523 0.8508816373531294 717
1646513629565 0.8509017276271315 718
1646513629596 0.8509220421504468 719
1646513629623 0.8509425808302914 720
1646513629654 0.850963343572858 721
1646513629783 0.8509843302833157 722
1646513629823 0.8510055408658106 723
1646513629862 0.8510269752234666 724
1646513629923 0.8510486332583853 725
1646513630034 0.8510705148716468 726
1646513630107 0.8510926199633096 727
1646513630168 0.8511149484324124 728
1646513630308 0.8511375001769728 729
1646513630354 0.851160275093989 730
1646513630402 0.8511832730794398 731
1646513630439 0.8512064940282852 732
1646513630471 0.851229937834467 733
1646513630519 0.8512536043909088 734
1646513630550 0.8512774935895171 735
1646513630705 0.8513016053211814 736
1646513630729 0.8513259394757747 737
1646513630776 0.8513504959421545 738
1646513630815 0.8513752746081624 739
1646513630847 0.8514002753606256 740
1646513630887 0.8514254980853566 741
1646513630933 0.8514509426671544 742
1646513631103 0.8514766089898043 743
1646513631165 0.8515024969360792 744
1646513631220 0.8515286063877395 745
1646513631329 0.8515549372255342 746
1646513631364 0.8515814893292009 747
1646513631395 0.8516082625774667 748
1646513631428 0.8516352568480485 749
1646513631542 0.851662472017654 750
1646513631575 0.8516899079619817 751
1646513631597 0.851717564555722 752
1646513631639 0.8517454416725573 753
1646513631655 0.8517735391851629 754
1646513631697 0.8518018569652073 755
1646513631729 0.8518303948833533 756
1646513631840 0.851859152809258 757
1646513631863 0.8518881306115735 758
1646513631895 0.8519173281579482 759
1646513631940 0.8519467453150262 760
1646513631971 0.851976381948449 761
1646513632000 0.8520062379228556 762
1646513632031 0.8520363131018829 763
1646513632140 0.852066607348167 764
1646513632171 0.8520971205233432 765
1646513632203 0.852127852488047 766
1646513632240 0.8521588031019145 767
1646513632271 0.8521899722235834 768
1646513632305 0.8522213597106929 769
1646513632321 0.8522529654198855 770
1646513632440 0.8522847892068064 771
1646513632478 0.8523168309261051 772
1646513632511 0.8523490904314356 773
1646513632540 0.8523815675754574 774
1646513632572 0.8524142622098356 775
1646513632606 0.8524471741852423 776
1646513632622 0.8524803033513567 777
1646513632766 0.8525136495568661 778
1646513632807 0.8525472126494665 779
1646513632841 0.8525809924758634 780
1646513632882 0.852614988881772 781
1646513632913 0.8526492017119189 782
1646513632957 0.8526836308100417 783
1646513632989 0.8527182760188906 784
1646513633113 0.8527531371802285 785
1646513633156 0.8527882141348321 786
1646513633188 0.8528235067224923 787
1646513633229 0.8528590147820153 788
1646513633272 0.8528947381512233 789
1646513633319 0.8529306766669548 790
1646513633363 0.8529668301650658 791
1646513633501 0.8530031984804305 792
1646513633568 0.8530397814469417 793
1646513633636 0.853076578897512 794
1646513633729 0.8531135906640742 795
1646513633854 0.8531508165775826 796
1646513633925 0.8531882564680131 797
1646513633978 0.8532259101643643 798
1646513634170 0.8532637774946584 799
1646513634233 0.8533018582859418 800
1646513634280 0.853340152364286 801
1646513634335 0.8533786595547881 802
1646513634387 0.8534173796815723 803
1646513634405 0.8534563125677898 804
1646513634452 0.8534954580356202 805
1646513634579 0.8535348159062723 806
1646513634620 0.8535743859999848 807
1646513634652 0.8536141681360266 808
1646513634686 0.8536541621326988 809
1646513634721 0.8536943678073345 810
1646513634749 0.8537347849763002 811
1646513634780 0.8537754134549959 812
1646513634905 0.8538162530578571 813
1646513634942 0.8538573035983548 814
1646513634974 0.8538985648889964 815
1646513635021 0.8539400367413271 816
1646513635052 0.8539817189659299 817
1646513635105 0.8540236113724274 818
1646513635136 0.854065713769482 819
1646513635278 0.8541080259647971 820
1646513635328 0.8541505477651177 821
1646513635375 0.8541932789762317 822
1646513635421 0.8542362194029703 823
1646513635468 0.8542793688492094 824
1646513635508 0.8543227271178699 825
1646513635570 0.8543662940109193 826
1646513635819 0.8544100693293721 827
1646513635882 0.8544540528732907 828
1646513635930 0.8544982444417867 829
1646513635973 0.8545426438330213 830
1646513636064 0.8545872508442066 831
1646513636113 0.8546320652716067 832
1646513636155 0.8546770869105381 833
1646513636269 0.8547223155553707 834
1646513636320 0.8547677509995295 835
1646513636350 0.8548133930354943 836
1646513636393 0.8548592414548019 837
1646513636434 0.854905296048046 838
1646513636474 0.854951556604879 839
1646513636512 0.8549980229140125 840
1646513636653 0.8550446947632181 841
1646513636684 0.855091571939329 842
1646513636735 0.8551386542282404 843
1646513636777 0.8551859414149107 844
1646513636808 0.8552334332833623 845
1646513636867 0.8552811296166831 846
1646513636908 0.8553290301970269 847
1646513637051 0.8553771348056147 848
1646513637103 0.8554254432227355 849
1646513637156 0.8554739552277476 850
1646513637191 0.8555226705990794 851
1646513637238 0.8555715891142304 852
1646513637288 0.8556207105497723 853
1646513637319 0.85567003468135 854
1646513637470 0.8557195612836825 855
1646513637508 0.8557692901305645 856
1646513637555 0.8558192209948662 857
1646513637604 0.8558693536485358 858
1646513637635 0.8559196878625995 859
1646513637680 0.8559702234071631 860
1646513637720 0.8560209600514126 861
1646513637859 0.8560718975636158 862
1646513637897 0.8561230357111228 863
1646513637943 0.8561743742603676 864
1646513637984 0.8562259129768686 865
1646513638032 0.8562776516252302 866
1646513638113 0.8563295899691434 867
1646513638253 0.8563817277713875 868
1646513638547 0.8564340647938306 869
1646513638629 0.8564866007974304 870
1646513638706 0.8565393355422368 871
1646513638775 0.856592268787391 872
1646513638835 0.8566454002911283 873
1646513638876 0.856698729810778 874
1646513638917 0.8567522571027653 875
1646513639144 0.8568059819226118 876
1646513639188 0.8568599040249373 877
1646513639235 0.8569140231634602 878
1646513639297 0.8569683390909991 879
1646513639341 0.857022851559474 880
1646513639391 0.8570775603199067 881
1646513639460 0.8571324651224229 882
1646513639758 0.857187565716253 883
1646513639800 0.8572428618497326 884
1646513639833 0.8572983532703049 885
1646513639883 0.8573540397245205 886
1646513639898 0.8574099209580398 887
1646513639933 0.857465996715633 888
1646513639964 0.8575222667411823 889
1646513640094 0.8575787307776823 890
1646513640117 0.8576353885672419 891
1646513640149 0.8576922398510843 892
1646513640189 0.8577492843695499 893
1646513640220 0.8578065218620958 894
1646513640249 0.857863952067298 895
1646513640281 0.8579215747228524 896
1646513640395 0.8579793895655755 897
1646513640415 0.8580373963314065 898
1646513640465 0.858095594755408 899
1646513640500 0.8581539845717667 900
1646513640516 0.8582125655137957 901
1646513640559 0.8582713373139348 902
1646513640590 0.8583302997037525 903
1646513640713 0.8583894524139463 904
1646513640751 0.8584487951743448 905
1646513640782 0.8585083277139084 906
1646513640819 0.8585680497607309 907
1646513640850 0.8586279610420402 908
1646513640889 0.8586880612842003 909
1646513640920 0.8587483502127118 910
1646513641032 0.8588088275522139 911
1646513641056 0.8588694930264849 912
1646513641087 0.8589303463584439 913
1646513641126 0.8589913872701522 914
1646513641150 0.8590526154828141 915
1646513641193 0.8591140307167784 916
1646513641224 0.8591756326915401 917
1646513641353 0.8592374211257408 918
1646513641374 0.8592993957371707 919
1646513641405 0.8593615562427699 920
1646513641451 0.8594239023586289 921
1646513641483 0.8594864337999909 922
1646513641523 0.8595491502812526 923
1646513641551 0.8596120515159653 924
1646513641667 0.8596751372168369 925
1646513641703 0.8597384070957321 926
1646513641751 0.8598018608636753 927
1646513641813 0.8598654982308501 928
1646513641901 0.8599293189066022 929
1646513642010 0.8599933225994396 930
1646513642060 0.8600575090170349 931
1646513642236 0.8601218778662257 932
1646513642288 0.8601864288530165 933
1646513642333 0.8602511616825801 934
1646513642365 0.8603160760592583 935
1646513642406 0.8603811716865643 936
1646513642450 0.8604464482671829 937
1646513642481 0.8605119055029729 938
1646513642597 0.8605775430949676 939
1646513642635 0.8606433607433768 940
1646513642681 0.8607093581475879 941
1646513642728 0.8607755350061671 942
1646513642777 0.8608418910168611 943
1646513642824 0.8609084258765984 944
1646513642865 0.8609751392814907 945
1646513643054 0.861042030926834 946
1646513643162 0.8611091005071101 947
1646513643221 0.8611763477159886 948
1646513643252 0.8612437722463274 949
1646513643280 0.8613113737901746 950
1646513643311 0.86137915203877 951
1646513643333 0.8614471066825461 952
1646513643456 0.8615152374111297 953
1646513643492 0.8615835439133436 954
1646513643526 0.8616520258772076 955
1646513643561 0.8617206829899402 956
1646513643594 0.86178951493796 957
1646513643627 0.8618585214068867 958
1646513643658 0.8619277020815432 959
1646513643795 0.8619970566459569 960
1646513643822 0.8620665847833607 961
1646513643853 0.8621362861761948 962
1646513643897 0.8622061605061079 963
1646513643937 0.8622762074539593 964
1646513643977 0.8623464266998194 965
1646513644022 0.8624168179229721 966
1646513644153 0.8624873808019154 967
1646513644189 0.8625581150143635 968
1646513644222 0.8626290202372482 969
1646513644266 0.8627000961467199 970
1646513644297 0.8627713424181496 971
1646513644351 0.8628427587261303 972
1646513644382 0.862914344744478 973
1646513644492 0.8629861001462342 974
1646513644522 0.8630580246036661 975
1646513644553 0.8631301177882692 976
1646513644597 0.8632023793707683 977
1646513644638 0.8632748090211187 978
1646513644680 0.8633474064085087 979
1646513644722 0.8634201712013599 980
1646513644870 0.8634931030673297 981
1646513644907 0.8635662016733122 982
1646513644945 0.8636394666854401 983
1646513644992 0.8637128977690859 984
1646513645073 0.8637864945888636 985
1646513645133 0.8638602568086304 986
1646513645177 0.8639341840914879 987
1646513645311 0.8640082760997838 988
1646513645358 0.8640825324951136 989
1646513645400 0.8641569529383217 990
1646513645455 0.8642315370895036 991
1646513645527 0.8643062846080068 992
1646513645622 0.8643811951524327 993
1646513645718 0.8644562683806383 994
1646513645933 0.8645315039497371 995
1646513645988 0.8646069015161016 996
1646513646054 0.8646824607353644 997
1646513646094 0.8647581812624194 998
1646513646144 0.864834062751424 999
1646513646185 0.8649101048558004 1000
1646513646232 0.8649863072282372 1001
1646513646368 0.8650626695206911 1002
1646513646399 0.8651391913843881 1003
1646513646430 0.8652158724698257 1004
1646513646477 0.865292712426774 1005
1646513646527 0.8653697109042775 1006
1646513646556 0.8654468675506567 1007
1646513646588 0.8655241820135098 1008
1646513646723 0.865601653939714 1009
1646513646772 0.8656792829754274 1010
1646513646835 0.8657570687660906 1011
1646513646894 0.865835010956428 1012
1646513646957 0.86591310919045 1013
1646513647049 0.865991363111454 1014
1646513647086 0.8660697723620265 1015
1646513647204 0.8661483365840446 1016
1646513647233 0.8662270554186772 1017
1646513647258 0.8663059285063875 1018
1646513647298 0.8663849554869342 1019
1646513647330 0.8664641359993726 1020
1646513647358 0.8665434696820571 1021
1646513647389 0.8666229561726426 1022
1646513647506 0.8667025951080859 1023
1646513647543 0.8667823861246476 1024
1646513647574 0.8668623288578938 1025
1646513647605 0.8669424229426974 1026
1646513647636 0.8670226680132402 1027
1646513647658 0.8671030637030144 1028
1646513647690 0.8671836096448241 1029
1646513647817 0.8672643054707874 1030
1646513647840 0.8673451508123375 1031
1646513647874 0.8674261453002252 1032
1646513647914 0.8675072885645196 1033
1646513647945 0.8675885802346106 1034
1646513647981 0.86767001993921 1035
1646513647996 0.8677516073063538 1036
1646513648113 0.8678333419634032 1037
1646513648151 0.8679152235370472 1038
1646513648174 0.8679972516533032 1039
1646513648217 0.8680794259375197 1040
1646513648249 0.8681617460143773 1041
1646513648289 0.868244211507891 1042
1646513648324 0.8683268220414114 1043
1646513648430 0.8684095772376269 1044
1646513648459 0.8684924767185649 1045
1646513648492 0.8685755201055938 1046
1646513648526 0.868658707019425 1047
1646513648560 0.8687420370801142 1048
1646513648591 0.8688255099070633 1049
1646513648623 0.8689091251190221 1050
1646513648760 0.8689928823340901 1051
1646513648803 0.8690767811697184 1052
1646513648842 0.8691608212427109 1053
1646513648876 0.8692450021692267 1054
1646513648923 0.8693293235647817 1055
1646513648960 0.8694137850442496 1056
1646513648991 0.8694983862218651 1057
1646513649135 0.8695831267112243 1058
1646513649198 0.8696680061252872 1059
1646513649299 0.8697530240763792 1060
1646513649371 0.8698381801761932 1061
1646513649433 0.8699234740357906 1062
1646513649534 0.8700089052656043 1063
1646513649618 0.8700944734754392 1064
1646513649936 0.8701801782744748 1065
1646513650017 0.8702660192712668 1066
1646513650084 0.8703519960737487 1067
1646513650140 0.8704381082892338 1068
1646513650202 0.870524355524417 1069
1646513650252 0.8706107373853763 1070
1646513650284 0.8706972534775751 1071
1646513650416 0.8707839034058633 1072
1646513650457 0.8708706867744802 1073
1646513650502 0.8709576031870548 1074
1646513650538 0.8710446522466091 1075
1646513650570 0.871131833555559 1076
1646513650601 0.8712191467157163 1077
1646513650663 0.8713065913282907 1078
1646513650959 0.8713941669938915 1079
1646513651028 0.8714818733125294 1080
1646513651096 0.8715697098836184 1081
1646513651180 0.8716576763059775 1082
1646513651290 0.8717457721778328 1083
1646513651365 0.8718339970968189 1084
1646513651421 0.8719223506599812 1085
1646513651607 0.8720108324637776 1086
1646513651654 0.8720994421040801 1087
1646513651691 0.8721881791761767 1088
1646513651740 0.8722770432747738 1089
1646513651791 0.8723660339939974 1090
1646513651839 0.8724551509273948 1091
1646513651870 0.8725443936679376 1092
1646513652013 0.8726337618080222 1093
1646513652053 0.8727232549394726 1094
1646513652091 0.8728128726535415 1095
1646513652134 0.872902614540913 1096
1646513652233 0.872992480191704 1097
1646513652286 0.8730824691954658 1098
1646513652349 0.8731725811411868 1099
1646513652542 0.8732628156172935 1100
1646513652563 0.8733531722116529 1101
1646513652610 0.8734436505115741 1102
1646513652642 0.8735342501038106 1103
1646513652673 0.8736249705745618 1104
1646513652716 0.8737158115094747 1105
1646513652758 0.8738067724936467 1106
1646513652897 0.8738978531116264 1107
1646513652943 0.8739890529474161 1108
1646513652974 0.8740803715844737 1109
1646513653006 0.8741718086057144 1110
1646513653043 0.8742633635935129 1111
1646513653074 0.8743550361297047 1112
1646513653106 0.8744468257955886 1113
1646513653228 0.8745387321719288 1114
1646513653263 0.8746307548389558 1115
1646513653311 0.8747228933763695 1116
1646513653343 0.8748151473633402 1117
1646513653390 0.874907516378511 1118
1646513653477 0.875 1119
1646513653543 0.8750925978054012 1120
1646513653683 0.8751853093717874 1121
1646513653711 0.8752781342757121 1122
1646513653759 0.8753710720932107 1123
1646513653793 0.8754641223998031 1124
1646513653825 0.8755572847704953 1125
1646513653861 0.8756505587797816 1126
1646513653892 0.8757439440016463 1127
1646513654077 0.875837440009566 1128
1646513654154 0.8759310463765109 1129
1646513654239 0.8760247626749473 1130
1646513654297 0.8761185884768397 1131
1646513654355 0.8762125233536519 1132
1646513654398 0.87630656687635 1133
1646513654432 0.8764007186154038 1134
1646513654695 0.8764949781407887 1135
1646513654760 0.8765893450219877 1136
1646513654821 0.8766838188279937 1137
1646513654883 0.8767783991273113 1138
1646513654943 0.8768730854879582 1139
1646513655004 0.8769678774774683 1140
1646513655055 0.8770627746628928 1141
1646513655192 0.8771577766108024 1142
1646513655223 0.8772528828872892 1143
1646513655265 0.8773480930579691 1144
1646513655305 0.8774434066879833 1145
1646513655354 0.8775388233420003 1146
1646513655401 0.8776343425842184 1147
1646513655450 0.877729963978367 1148
1646513655602 0.8778256870877092 1149
1646513655639 0.8779215114750436 1150
1646513655702 0.8780174367027058 1151
1646513655751 0.8781134623325713 1152
1646513655798 0.8782095879260566 1153
1646513655851 0.878305813044122 1154
1646513655901 0.8784021372472731 1155
1646513656196 0.8784985600955628 1156
1646513656219 0.8785950811485936 1157
1646513656250 0.8786916999655197 1158
1646513656294 0.8787884161050481 1159
1646513656326 0.878885229125442 1160
1646513656360 0.8789821385845217 1161
1646513656379 0.8790791440396672 1162
1646513656503 0.87917624504782 1163
1646513656538 0.8792734411654852 1164
1646513656579 0.8793707319487334 1165
1646513656610 0.879468116953203 1166
1646513656647 0.879565595734102 1167
1646513656679 0.8796631678462099 1168
1646513656721 0.8797608328438803 1169
1646513656829 0.8798585902810421 1170
1646513656853 0.8799564397112024 1171
1646513656879 0.8800543806874479 1172
1646513656921 0.8801524127624473 1173
1646513656953 0.880250535488453 1174
1646513656979 0.8803487484173038 1175
1646513657011 0.8804470511004261 1176
1646513657136 0.8805454430888364 1177
1646513657174 0.8806439239331436 1178
1646513657195 0.8807424931835505 1179
1646513657237 0.8808411503898561 1180
1646513657268 0.8809398951014579 1181
1646513657302 0.8810387268673535 1182
1646513657334 0.8811376452361431 1183
1646513657457 0.8812366497560312 1184
1646513657481 0.881335739974829 1185
1646513657513 0.8814349154399558 1186
1646513657559 0.8815341756984422 1187
1646513657596 0.881633520296931 1188
1646513657630 0.8817329487816802 1189
1646513657661 0.8818324606985644 1190
1646513657783 0.8819320555930772 1191
1646513657807 0.8820317330103331 1192
1646513657838 0.88213149249507 1193
1646513657880 0.8822313335916505 1194
1646513657912 0.882331255844065 1195
1646513657946 0.8824312587959329 1196
1646513657981 0.8825313419905049 1197
1646513658097 0.8826315049706654 1198
1646513658122 0.8827317472789346 1199
1646513658169 0.8828320684574699 1200
1646513658247 0.8829324680480688 1201
1646513658312 0.8830329455921706 1202
1646513658359 0.8831335006308585 1203
1646513658414 0.8832341327048617 1204
1646513658585 0.8833348413545579 1205
1646513658623 0.8834356261199745 1206
1646513658670 0.8835364865407918 1207
1646513658710 0.8836374221563441 1208
1646513658755 0.8837384325056226 1209
1646513658800 0.8838395171272769 1210
1646513658824 0.8839406755596176 1211
1646513658958 0.8840419073406182 1212
1646513658998 0.8841432120079168 1213
1646513659024 0.8842445890988189 1214
1646513659064 0.8843460381502993 1215
1646513659111 0.8844475586990042 1216
1646513659155 0.8845491502812526 1217
1646513659202 0.8846508124330399 1218
1646513659325 0.8847525446900386 1219
1646513659370 0.8848543465876013 1220
1646513659401 0.8849562176607626 1221
1646513659474 0.8850581574442407 1222
1646513659541 0.8851601654724405 1223
1646513659603 0.8852622412794547 1224
1646513659656 0.8853643843990671 1225
1646513659845 0.8854665943647533 1226
1646513659867 0.885568870709684 1227
1646513659899 0.885671212966727 1228
1646513659940 0.8857736206684483 1229
1646513659967 0.8858760933471157 1230
1646513660002 0.8859786305346998 1231
1646513660033 0.8860812317628768 1232
1646513660147 0.8861838965630302 1233
1646513660171 0.8862866244662535 1234
1646513660218 0.8863894150033514 1235
1646513660249 0.8864922677048431 1236
1646513660283 0.8865951821009637 1237
1646513660316 0.8866981577216662 1238
1646513660347 0.8868011940966245 1239
1646513660468 0.8869042907552346 1240
1646513660513 0.8870074472266173 1241
1646513660544 0.8871106630396203 1242
1646513660568 0.8872139377228202 1243
1646513660615 0.8873172708045246 1244
1646513660643 0.8874206618127746 1245
1646513660668 0.8875241102753464 1246
1646513660802 0.8876276157197542 1247
1646513660838 0.8877311776732517 1248
1646513660869 0.8878347956628345 1249
1646513660911 0.8879384692152423 1250
1646513660942 0.888042197856961 1251
1646513660969 0.888145981114225 1252
1646513661000 0.8882498185130192 1253
1646513661121 0.888353709579081 1254
1646513661146 0.888457653837903 1255
1646513661184 0.8885616508147347 1256
1646513661213 0.8886657000345848 1257
1646513661260 0.8887698010222234 1258
1646513661296 0.8888739533021842 1259
1646513661327 0.8889781563987667 1260
1646513661469 0.8890824098360381 1261
1646513661505 0.8891867131378358 1262
1646513661536 0.8892910658277694 1263
1646513661569 0.8893954674292232 1264
1646513661600 0.8894999174653575 1265
1646513661645 0.8896044154591121 1266
1646513661669 0.8897089609332071 1267
1646513661795 0.8898135534101462 1268
1646513661823 0.8899181924122183 1269
1646513661869 0.8900228774614998 1270
1646513661943 0.8901276080798566 1271
1646513662016 0.8902323837889468 1272
1646513662102 0.8903372041102223 1273
1646513662153 0.8904420685649314 1274
1646513662332 0.8905469766741205 1275
1646513662380 0.8906519279586373 1276
1646513662411 0.8907569219391316 1277
1646513662463 0.8908619581360584 1278
1646513662495 0.89096703606968 1279
1646513662526 0.8910721552600681 1280
1646513662559 0.8911773152271059 1281
1646513662695 0.8912825154904902 1282
1646513662734 0.891387755569734 1283
1646513662774 0.8914930349841683 1284
1646513662818 0.8915983532529446 1285
1646513662859 0.8917037098950366 1286
1646513662894 0.8918091044292431 1287
1646513662935 0.8919145363741896 1288
1646513663044 0.892020005248331 1289
1646513663086 0.8921255105699532 1290
1646513663133 0.8922310518571758 1291
1646513663222 0.8923366286279542 1292
1646513663285 0.8924422404000816 1293
1646513663368 0.8925478866911912 1294
1646513663447 0.8926535670187591 1295
1646513663566 0.8927592809001053 1296
1646513663591 0.8928650278523969 1297
1646513663622 0.8929708073926498 1298
1646513663666 0.8930766190377313 1299
1646513663697 0.8931824623043617 1300
1646513663732 0.8932883367091172 1301
1646513663768 0.8933942417684316 1302
1646513663891 0.8935001769985987 1303
1646513663927 0.8936061419157747 1304
1646513663948 0.8937121360359799 1305
1646513663986 0.8938181588751013 1306
1646513664017 0.893924209948895 1307
1646513664048 0.8940302887729877 1308
1646513664079 0.8941363948628799 1309
1646513664203 0.894242527733947 1310
1646513664234 0.8943486869014424 1311
1646513664264 0.8944548718804994 1312
1646513664295 0.8945610821861334 1313
1646513664326 0.894667317333244 1314
1646513664350 0.8947735768366173 1315
1646513664382 0.8948798602109284 1316
1646513664515 0.8949861669707432 1317
1646513664538 0.8950924966305208 1318
1646513664580 0.8951988487046159 1319
1646513664611 0.8953052227072804 1320
1646513664648 0.8954116181526666 1321
1646513664691 0.8955180345548283 1322
1646513664738 0.895624471427724 1323
1646513664879 0.8957309282852185 1324
1646513664929 0.8958374046410855 1325
1646513664964 0.8959439000090094 1326
1646513665020 0.8960504139025879 1327
1646513665049 0.8961569458353341 1328
1646513665080 0.8962634953206787 1329
1646513665125 0.8963700618719723 1330
1646513665283 0.8964766450024872 1331
1646513665319 0.8965832442254206 1332
1646513665365 0.8966898590538956 1333
1646513665405 0.8967964890009643 1334
1646513665436 0.8969031335796098 1335
1646513665477 0.8970097923027482 1336
1646513665508 0.8971164646832313 1337
1646513665681 0.8972231502338479 1338
1646513665750 0.8973298484673276 1339
1646513665813 0.897436558896341 1340
1646513665864 0.8975432810335039 1341
1646513665935 0.897650014391378 1342
1646513665996 0.8977567584824742 1343
1646513666057 0.8978635128192541 1344
1646513666260 0.8979702769141327 1345
1646513666321 0.89807705027948 1346
1646513666372 0.8981838324276243 1347
1646513666422 0.8982906228708534 1348
1646513666473 0.8983974211214172 1349
1646513666524 0.8985042266915301 1350
1646513666564 0.8986110390933728 1351
1646513666722 0.8987178578390952 1352
1646513666758 0.8988246824408179 1353
1646513666798 0.8989315124106348 1354
1646513666837 0.8990383472606156 1355
1646513666868 0.8991451865028072 1356
1646513666911 0.8992520296492368 1357
1646513666952 0.8993588762119136 1358
1646513667122 0.8994657257028313 1359
1646513667184 0.8995725776339702 1360
1646513667293 0.8996794315172995 1361
1646513667324 0.8997862868647791 1362
1646513667364 0.899893143188363 1363
1646513667393 0.8999999999999999 1364
1646513667426 0.9001068568116369 1365
1646513667540 0.9002137131352208 1366
1646513667577 0.9003205684827005 1367
1646513667609 0.9004274223660297 1368
1646513667639 0.9005342742971686 1369
1646513667671 0.9006411237880864 1370
1646513667700 0.9007479703507631 1371
1646513667731 0.9008548134971928 1372
1646513667861 0.9009616527393843 1373
1646513667883 0.9010684875893651 1374
1646513667914 0.901175317559182 1375
1646513667962 0.9012821421609047 1376
1646513667993 0.9013889609066271 1377
1646513668023 0.9014957733084699 1378
1646513668054 0.9016025788785827 1379
1646513668171 0.9017093771291464 1380
1646513668197 0.9018161675723756 1381
1646513668228 0.9019229497205199 1382
1646513668271 0.9020297230858673 1383
1646513668293 0.9021364871807458 1384
1646513668337 0.9022432415175257 1385
1646513668368 0.9023499856086219 1386
1646513668476 0.902456718966496 1387
1646513668499 0.9025634411036589 1388
1646513668530 0.9026701515326724 1389
1646513668571 0.9027768497661519 1390
1646513668610 0.9028835353167687 1391
1646513668646 0.9029902076972517 1392
1646513668679 0.9030968664203901 1393
1646513668802 0.9032035109990356 1394
1646513668824 0.9033101409461043 1395
1646513668856 0.9034167557745794 1396
1646513668897 0.9035233549975127 1397
1646513668929 0.9036299381280276 1398
1646513668963 0.9037365046793212 1399
1646513668995 0.9038430541646658 1400
1646513669112 0.903949586097412 1401
1646513669134 0.9040560999909906 1402
1646513669179 0.9041625953589144 1403
1646513669216 0.9042690717147814 1404
1646513669248 0.9043755285722759 1405
1646513669279 0.9044819654451717 1406
1646513669310 0.9045883818473334 1407
1646513669427 0.9046947772927195 1408
1646513669469 0.9048011512953841 1409
1646513669511 0.9049075033694791 1410
1646513669571 0.9050138330292568 1411
1646513669642 0.9051201397890716 1412
1646513669711 0.9052264231633826 1413
1646513669784 0.9053326826667559 1414
1646513669966 0.9054389178138665 1415
1646513669991 0.9055451281195005 1416
1646513670039 0.9056513130985575 1417
1646513670078 0.905757472266053 1418
1646513670124 0.90586360513712 1419
1646513670166 0.9059697112270122 1420
1646513670197 0.906075790051105 1421
1646513670324 0.9061818411248986 1422
1646513670367 0.9062878639640201 1423
1646513670398 0.9063938580842252 1424
1646513670440 0.9064998230014012 1425
1646513670471 0.9066057582315683 1426
1646513670524 0.9067116632908827 1427
1646513670566 0.9068175376956382 1428
1646513670681 0.9069233809622687 1429
1646513670711 0.9070291926073502 1430
1646513670772 0.9071349721476031 1431
1646513670860 0.9072407190998947 1432
1646513670937 0.9073464329812408 1433
1646513671019 0.9074521133088087 1434
1646513671057 0.9075577595999184 1435
1646513671167 0.9076633713720458 1436
1646513671203 0.9077689481428242 1437
1646513671218 0.9078744894300468 1438
1646513671267 0.9079799947516689 1439
1646513671298 0.9080854636258103 1440
1646513671327 0.9081908955707568 1441
1646513671358 0.9082962901049634 1442
1646513671470 0.9084016467470554 1443
1646513671496 0.9085069650158316 1444
1646513671528 0.9086122444302659 1445
1646513671565 0.9087174845095097 1446
1646513671583 0.9088226847728941 1447
1646513671623 0.9089278447399318 1448
1646513671655 0.9090329639303198 1449
1646513671768 0.9091380418639415 1450
1646513671806 0.9092430780608685 1451
1646513671837 0.9093480720413626 1452
1646513671868 0.9094530233258793 1453
1646513671900 0.9095579314350686 1454
1646513671934 0.9096627958897776 1455
1646513671966 0.9097676162110532 1456
1646513672072 0.9098723919201434 1457
1646513672095 0.9099771225385002 1458
1646513672127 0.9100818075877816 1459
1646513672169 0.9101864465898537 1460
1646513672200 0.9102910390667929 1461
1646513672232 0.910395584540888 1462
1646513672264 0.9105000825346424 1463
1646513672370 0.9106045325707768 1464
1646513672407 0.9107089341722305 1465
1646513672438 0.9108132868621641 1466
1646513672469 0.9109175901639618 1467
1646513672503 0.9110218436012333 1468
1646513672539 0.9111260466978157 1469
1646513672569 0.9112301989777765 1470
1646513672673 0.9113342999654152 1471
1646513672709 0.9114383491852652 1472
1646513672741 0.911542346162097 1473
1646513672786 0.9116462904209188 1474
1646513672817 0.9117501814869807 1475
1646513672851 0.9118540188857749 1476
1646513672885 0.9119578021430388 1477
1646513673005 0.9120615307847576 1478
1646513673031 0.9121652043371654 1479
1646513673062 0.9122688223267482 1480
1646513673100 0.9123723842802457 1481
1646513673131 0.9124758897246535 1482
1646513673169 0.9125793381872254 1483
1646513673224 0.9126827291954753 1484
1646513673470 0.9127860622771797 1485
1646513673519 0.9128893369603795 1486
1646513673570 0.9129925527733826 1487
1646513673607 0.9130957092447654 1488
1646513673649 0.9131988059033754 1489
1646513673686 0.9133018422783337 1490
1646513673720 0.9134048178990363 1491
1646513673848 0.9135077322951568 1492
1646513673886 0.9136105849966485 1493
1646513673917 0.9137133755337464 1494
1646513673963 0.9138161034369696 1495
1646513674001 0.9139187682371231 1496
1646513674037 0.9140213694653001 1497
1646513674070 0.9141239066528842 1498
1646513674195 0.9142263793315516 1499
1646513674220 0.9143287870332729 1500
1646513674271 0.9144311292903158 1501
1646513674311 0.9145334056352467 1502
1646513674342 0.9146356156009329 1503
1646513674371 0.9147377587205452 1504
1646513674418 0.9148398345275595 1505
1646513674618 0.9149418425557593 1506
1646513674684 0.9150437823392373 1507
1646513674755 0.9151456534123985 1508
1646513674804 0.9152474553099613 1509
1646513674829 0.91534918756696 1510
1646513674869 0.9154508497187474 1511
1646513674900 0.9155524413009958 1512
1646513675009 0.9156539618497005 1513
1646513675035 0.915755410901181 1514
1646513675066 0.9158567879920831 1515
1646513675114 0.9159580926593818 1516
1646513675145 0.9160593244403822 1517
1646513675173 0.916160482872723 1518
1646513675205 0.9162615674943773 1519
1646513675317 0.9163625778436558 1520
1646513675343 0.9164635134592082 1521
1646513675374 0.9165643738800254 1522
1646513675414 0.9166651586454421 1523
1646513675446 0.9167658672951382 1524
1646513675484 0.9168664993691414 1525
1646513675514 0.9169670544078293 1526
1646513675636 0.9170675319519311 1527
1646513675661 0.9171679315425301 1528
1646513675708 0.9172682527210654 1529
1646513675746 0.9173684950293345 1530
1646513675777 0.9174686580094951 1531
1646513675814 0.9175687412040671 1532
1646513675846 0.9176687441559349 1533
1646513675947 0.9177686664083494 1534
1646513675994 0.91786850750493 1535
1646513676030 0.9179682669896668 1536
1646513676077 0.9180679444069227 1537
1646513676115 0.9181675393014356 1538
1646513676146 0.9182670512183198 1539
1646513676191 0.918366479703069 1540
1646513676302 0.9184658243015578 1541
1646513676337 0.9185650845600442 1542
1646513676368 0.918664260025171 1543
1646513676404 0.9187633502439687 1544
1646513676431 0.9188623547638568 1545
1646513676473 0.9189612731326464 1546
1646513676505 0.9190601048985421 1547
1646513676615 0.9191588496101438 1548
1646513676655 0.9192575068164495 1549
1646513676686 0.9193560760668563 1550
1646513676731 0.9194545569111635 1551
1646513676762 0.919552948899574 1552
1646513676808 0.9196512515826961 1553
1646513676832 0.9197494645115469 1554
1646513676965 0.9198475872375527 1555
1646513677029 0.919945619312552 1556
1646513677084 0.9200435602887975 1557
1646513677158 0.9201414097189579 1558
1646513677217 0.9202391671561196 1559
1646513677280 0.9203368321537899 1560
1646513677331 0.920434404265898 1561
1646513677458 0.9205318830467969 1562
1646513677496 0.9206292680512664 1563
1646513677540 0.9207265588345147 1564
1646513677576 0.9208237549521799 1565
1646513677624 0.9209208559603327 1566
1646513677655 0.9210178614154783 1567
1646513677690 0.921114770874558 1568
1646513677809 0.9212115838949518 1569
1646513677849 0.9213083000344803 1570
1646513677880 0.9214049188514062 1571
1646513677924 0.9215014399044371 1572
1646513677956 0.9215978627527268 1573
1646513678001 0.9216941869558779 1574
1646513678040 0.9217904120739433 1575
1646513678166 0.9218865376674287 1576
1646513678209 0.9219825632972941 1577
1646513678287 0.9220784885249563 1578
1646513678350 0.9221743129122907 1579
1646513678443 0.9222700360216329 1580
1646513678487 0.9223656574157816 1581
1646513678522 0.9224611766579996 1582
1646513678631 0.9225565933120167 1583
1646513678655 0.9226519069420308 1584
1646513678703 0.9227471171127106 1585
1646513678732 0.9228422233891975 1586
1646513678772 0.9229372253371071 1587
1646513678809 0.9230321225225315 1588
1646513678825 0.9231269145120418 1589
1646513678949 0.9232216008726887 1590
1646513678988 0.9233161811720062 1591
1646513679004 0.9234106549780122 1592
1646513679048 0.9235050218592112 1593
1646513679073 0.9235992813845961 1594
1646513679112 0.9236934331236499 1595
1646513679128 0.9237874766463481 1596
1646513679250 0.9238814115231604 1597
1646513679273 0.9239752373250526 1598
1646513679304 0.9240689536234891 1599
1646513679337 0.924162559990434 1600
1646513679373 0.9242560559983536 1601
1646513679414 0.9243494412202183 1602
1646513679445 0.9244427152295046 1603
1646513679557 0.9245358776001968 1604
1646513679580 0.9246289279067892 1605
1646513679611 0.9247218657242878 1606
1646513679657 0.9248146906282124 1607
1646513679689 0.9249074021945988 1608
1646513679719 0.9249999999999999 1609
1646513679750 0.9250924836214889 1610
1646513679869 0.9251848526366597 1611
1646513679894 0.9252771066236304 1612
1646513679941 0.925369245161044 1613
1646513679974 0.9254612678280711 1614
1646513680005 0.9255531742044112 1615
1646513680043 0.9256449638702953 1616
1646513680059 0.9257366364064871 1617
1646513680177 0.9258281913942854 1618
1646513680213 0.9259196284155262 1619
1646513680244 0.9260109470525838 1620
1646513680274 0.9261021468883736 1621
1646513680305 0.9261932275063532 1622
1646513680339 0.9262841884905252 1623
1646513680370 0.9263750294254381 1624
1646513680474 0.9264657498961894 1625
1646513680513 0.9265563494884258 1626
1646513680545 0.9266468277883471 1627
1646513680590 0.9267371843827065 1628
1646513680675 0.9268274188588131 1629
1646513680797 0.9269175308045341 1630
1646513680889 0.927007519808296 1631
1646513681160 0.9270973854590869 1632
1646513681216 0.9271871273464585 1633
1646513681254 0.9272767450605274 1634
1646513681304 0.9273662381919777 1635
1646513681355 0.9274556063320623 1636
1646513681413 0.927544849072605 1637
1646513681454 0.9276339660060027 1638
1646513681611 0.9277229567252261 1639
1646513681648 0.9278118208238232 1640
1646513681703 0.9279005578959199 1641
1646513681750 0.9279891675362223 1642
1646513681796 0.9280776493400187 1643
1646513681838 0.9281660029031811 1644
1646513681889 0.9282542278221672 1645
1646513682062 0.9283423236940225 1646
1646513682123 0.9284302901163816 1647
1646513682174 0.9285181266874706 1648
1646513682243 0.9286058330061084 1649
1646513682348 0.9286934086717092 1650
1646513682391 0.9287808532842836 1651
1646513682434 0.9288681664444409 1652
1646513682554 0.9289553477533908 1653
1646513682589 0.9290423968129451 1654
1646513682636 0.9291293132255197 1655
1646513682681 0.9292160965941365 1656
1646513682712 0.9293027465224248 1657
1646513682755 0.9293892626146236 1658
1646513682791 0.929475644475583 1659
1646513682904 0.9295618917107661 1660
1646513682927 0.9296480039262512 1661
1646513682965 0.9297339807287331 1662
1646513682995 0.9298198217255251 1663
1646513683011 0.9299055265245607 1664
1646513683054 0.9299910947343957 1665
1646513683081 0.9300765259642093 1666
1646513683201 0.9301618198238067 1667
1646513683232 0.9302469759236207 1668
1646513683266 0.9303319938747128 1669
1646513683300 0.9304168732887756 1670
1646513683331 0.9305016137781348 1671
1646513683366 0.9305862149557503 1672
1646513683382 0.9306706764352183 1673
1646513683503 0.9307549978307732 1674
1646513683527 0.930839178757289 1675
1646513683566 0.9309232188302815 1676
1646513683598 0.9310071176659098 1677
1646513683629 0.9310908748809779 1678
1646513683659 0.9311744900929366 1679
1646513683698 0.9312579629198857 1680
1646513683819 0.9313412929805749 1681
1646513683842 0.9314244798944061 1682
1646513683882 0.931507523281435 1683
1646513683921 0.931590422762373 1684
1646513683952 0.9316731779585884 1685
1646513683986 0.9317557884921089 1686
1646513684017 0.9318382539856226 1687
1646513684144 0.9319205740624802 1688
1646513684167 0.9320027483466967 1689
1646513684214 0.9320847764629527 1690
1646513684249 0.9321666580365967 1691
1646513684267 0.9322483926936462 1692
1646513684314 0.9323299800607899 1693
1646513684367 0.9324114197653893 1694
1646513684615 0.9324927114354803 1695
1646513684657 0.9325738546997747 1696
1646513684699 0.9326548491876624 1697
1646513684748 0.9327356945292126 1698
1646513684799 0.9328163903551758 1699
1646513684830 0.9328969362969856 1700
1646513684868 0.9329773319867597 1701
1646513684984 0.9330575770573025 1702
1646513685037 0.9331376711421061 1703
1646513685069 0.9332176138753523 1704
1646513685116 0.933297404891914 1705
1646513685146 0.9333770438273573 1706
1646513685185 0.9334565303179428 1707
1646513685225 0.9335358640006274 1708
1646513685370 0.9336150445130658 1709
1646513685414 0.9336940714936124 1710
1646513685445 0.9337729445813228 1711
1646513685487 0.9338516634159554 1712
1646513685533 0.9339302276379734 1713
1646513685587 0.934008636888546 1714
1646513685618 0.9340868908095499 1715
1646513685844 0.9341649890435719 1716
1646513685945 0.9342429312339093 1717
1646513685989 0.9343207170245724 1718
1646513686021 0.9343983460602859 1719
1646513686054 0.93447581798649 1720
1646513686079 0.9345531324493432 1721
1646513686099 0.9346302890957224 1722
1646513686220 0.934707287573226 1723
1646513686244 0.9347841275301743 1724
1646513686279 0.9348608086156118 1725
1646513686317 0.9349373304793089 1726
1646513686348 0.9350136927717627 1727
1646513686384 0.9350898951441995 1728
1646513686415 0.935165937248576 1729
1646513686526 0.9352418187375805 1730
1646513686547 0.9353175392646356 1731
1646513686580 0.9353930984838983 1732
1646513686619 0.9354684960502628 1733
1646513686650 0.9355437316193617 1734
1646513686681 0.9356188048475672 1735
1646513686697 0.9356937153919931 1736
1646513686825 0.9357684629104963 1737
1646513686847 0.9358430470616782 1738
1646513686880 0.9359174675048864 1739
1646513686917 0.9359917239002161 1740
1646513686948 0.936065815908512 1741
1646513686983 0.9361397431913695 1742
1646513687015 0.9362135054111363 1743
1646513687127 0.936287102230914 1744
1646513687150 0.9363605333145598 1745
1646513687181 0.9364337983266877 1746
1646513687224 0.9365068969326702 1747
1646513687255 0.93657982879864 1748
1646513687284 0.9366525935914912 1749
1646513687315 0.9367251909788812 1750
1646513687426 0.9367976206292317 1751
1646513687449 0.9368698822117307 1752
1646513687481 0.9369419753963338 1753
1646513687528 0.9370138998537657 1754
1646513687566 0.9370856552555219 1755
1646513687602 0.9371572412738697 1756
1646513687634 0.9372286575818503 1757
1646513687759 0.93729990385328 1758
1646513687794 0.9373709797627517 1759
1646513687809 0.9374418849856364 1760
1646513687852 0.9375126191980845 1761
1646513687882 0.9375831820770278 1762
1646513687916 0.9376535733001805 1763
1646513687947 0.9377237925460407 1764
1646513688089 0.9377938394938921 1765
1646513688125 0.9378637138238052 1766
1646513688197 0.9379334152166392 1767
1646513688267 0.938002943354043 1768
1646513688329 0.9380722979184567 1769
1646513688390 0.9381414785931133 1770
1646513688443 0.93821048506204 1771
1646513688578 0.9382793170100597 1772
1646513688616 0.9383479741227924 1773
1646513688659 0.9384164560866564 1774
1646513688706 0.9384847625888703 1775
1646513688739 0.9385528933174538 1776
1646513688789 0.9386208479612299 1777
1646513688836 0.9386886262098253 1778
1646513688962 0.9387562277536725 1779
1646513689001 0.9388236522840113 1780
1646513689033 0.9388908994928898 1781
1646513689079 0.938957969073166 1782
1646513689110 0.9390248607185092 1783
1646513689150 0.9390915741234015 1784
1646513689191 0.9391581089831388 1785
1646513689376 0.9392244649938328 1786
1646513689423 0.9392906418524121 1787
1646513689473 0.9393566392566232 1788
1646513689574 0.9394224569050323 1789
1646513689609 0.9394880944970271 1790
1646513689640 0.939553551732817 1791
1646513689674 0.9396188283134357 1792
1646513689785 0.9396839239407415 1793
1646513689811 0.9397488383174198 1794
1646513689843 0.9398135711469834 1795
1646513689883 0.9398781221337742 1796
1646513689907 0.939942490982965 1797
1646513689946 0.9400066774005603 1798
1646513689962 0.9400706810933978 1799
1646513690077 0.9401345017691499 1800
1646513690116 0.9401981391363247 1801
1646513690147 0.9402615929042678 1802
1646513690182 0.9403248627831631 1803
1646513690207 0.9403879484840346 1804
1646513690245 0.9404508497187474 1805
1646513690277 0.940513566200009 1806
1646513690382 0.9405760976413711 1807
1646513690410 0.94063844375723 1808
1646513690442 0.9407006042628292 1809
1646513690478 0.9407625788742592 1810
1646513690509 0.9408243673084599 1811
1646513690540 0.9408859692832215 1812
1646513690572 0.9409473845171858 1813
1646513690682 0.9410086127298477 1814
1646513690711 0.941069653641556 1815
1646513690758 0.9411305069735151 1816
1646513690792 0.941191172447786 1817
1646513690824 0.9412516497872881 1818
1646513690865 0.9413119387157997 1819
1646513690892 0.9413720389579597 1820
1646513690997 0.9414319502392691 1821
1646513691034 0.9414916722860915 1822
1646513691065 0.9415512048256551 1823
1646513691108 0.9416105475860537 1824
1646513691124 0.9416697002962474 1825
1646513691173 0.941728662686065 1826
1646513691193 0.9417874344862043 1827
1646513691317 0.9418460154282332 1828
1646513691345 0.941904405244592 1829
1646513691376 0.9419626036685933 1830
1646513691418 0.9420206104344244 1831
1646513691449 0.9420784252771476 1832
1646513691480 0.9421360479327019 1833
1646513691509 0.9421934781379041 1834
1646513691623 0.94225071563045 1835
1646513691647 0.9423077601489156 1836
1646513691678 0.9423646114327581 1837
1646513691718 0.9424212692223176 1838
1646513691749 0.9424777332588177 1839
1646513691809 0.942534003284367 1840
1646513691851 0.9425900790419601 1841
1646513692071 0.9426459602754794 1842
1646513692119 0.942701646729695 1843
1646513692166 0.9427571381502673 1844
1646513692209 0.942812434283747 1845
1646513692251 0.942867534877577 1846
1646513692283 0.9429224396800933 1847
1646513692327 0.942977148440526 1848
1646513692454 0.9430316609090008 1849
1646513692492 0.9430859768365397 1850
1646513692526 0.9431400959750627 1851
1646513692566 0.9431940180773881 1852
1646513692609 0.9432477428972347 1853
1646513692645 0.9433012701892219 1854
1646513692677 0.9433545997088716 1855
1646513692794 0.9434077312126089 1856
1646513692835 0.9434606644577631 1857
1646513692866 0.9435133992025695 1858
1646513692911 0.9435659352061694 1859
1646513692958 0.9436182722286124 1860
1646513692994 0.9436704100308564 1861
1646513693025 0.9437223483747698 1862
1646513693236 0.9437740870231314 1863
1646513693277 0.9438256257396324 1864
1646513693331 0.9438769642888771 1865
1646513693378 0.9439281024363841 1866
1646513693411 0.9439790399485873 1867
1646513693431 0.9440297765928368 1868
1646513693475 0.9440803121374004 1869
1646513693585 0.9441306463514642 1870
1646513693616 0.9441807790051338 1871
1646513693647 0.9442307098694355 1872
1646513693682 0.9442804387163174 1873
1646513693716 0.94432996531865 1874
1646513693752 0.9443792894502276 1875
1646513693790 0.9444284108857696 1876
1646513693896 0.9444773294009206 1877
1646513693931 0.9445260447722523 1878
1646513693963 0.9445745567772644 1879
1646513693998 0.9446228651943852 1880
1646513694031 0.944670969802973 1881
1646513694071 0.9447188703833168 1882
1646513694102 0.9447665667166376 1883
1646513694207 0.9448140585850893 1884
1646513694234 0.9448613457717595 1885
1646513694265 0.9449084280606709 1886
1646513694306 0.9449553052367818 1887
1646513694332 0.9450019770859874 1888
1646513694372 0.945048443395121 1889
1646513694388 0.9450947039519539 1890
1646513694506 0.9451407585451981 1891
1646513694535 0.9451866069645056 1892
1646513694566 0.9452322490004704 1893
1646513694606 0.9452776844446291 1894
1646513694647 0.9453229130894618 1895
1646513694676 0.9453679347283932 1896
1646513694707 0.9454127491557933 1897
1646513694818 0.9454573561669787 1898
1646513694840 0.9455017555582133 1899
1646513694871 0.9455459471267093 1900
1646513694916 0.9455899306706278 1901
1646513694948 0.9456337059890806 1902
1646513694986 0.94567727288213 1903
1646513695017 0.9457206311507905 1904
1646513695143 0.9457637805970296 1905
1646513695179 0.9458067210237683 1906
1646513695195 0.9458494522348823 1907
1646513695238 0.9458919740352029 1908
1646513695269 0.9459342862305179 1909
1646513695301 0.9459763886275725 1910
1646513695332 0.94601828103407 1911
1646513695448 0.9460599632586728 1912
1646513695504 0.9461014351110035 1913
1646513695563 0.9461426964016452 1914
1646513695629 0.9461837469421428 1915
1646513695690 0.9462245865450041 1916
1646513695741 0.9462652150236998 1917
1646513695820 0.9463056321926654 1918
1646513695961 0.9463458378673011 1919
1646513696003 0.9463858318639733 1920
1646513696042 0.9464256140000151 1921
1646513696078 0.9464651840937276 1922
1646513696111 0.9465045419643797 1923
1646513696158 0.9465436874322102 1924
1646513696203 0.9465826203184277 1925
1646513696333 0.9466213404452118 1926
1646513696365 0.946659847635714 1927
1646513696396 0.9466981417140581 1928
1646513696436 0.9467362225053415 1929
1646513696468 0.9467740898356356 1930
1646513696499 0.9468117435319868 1931
1646513696543 0.9468491834224173 1932
1646513696681 0.9468864093359257 1933
1646513696728 0.946923421102488 1934
1646513696775 0.9469602185530582 1935
1646513696875 0.9469968015195694 1936
1646513696925 0.9470331698349341 1937
1646513696975 0.9470693233330452 1938
1646513697034 0.9471052618487766 1939
1646513697253 0.9471409852179846 1940
1646513697282 0.9471764932775076 1941
1646513697329 0.9472117858651679 1942
1646513697365 0.9472468628197714 1943
1646513697396 0.9472817239811093 1944
1646513697437 0.9473163691899582 1945
1646513697484 0.947350798288081 1946
1646513697618 0.9473850111182279 1947
1646513697660 0.9474190075241365 1948
1646513697691 0.9474527873505334 1949
1646513697737 0.9474863504431338 1950
1646513697769 0.9475196966486432 1951
1646513697814 0.9475528258147576 1952
1646513697863 0.9475857377901643 1953
1646513697980 0.9476184324245426 1954
1646513698018 0.9476509095685643 1955
1646513698053 0.9476831690738948 1956
1646513698086 0.9477152107931935 1957
1646513698133 0.9477470345801144 1958
1646513698172 0.947778640289307 1959
1646513698203 0.9478100277764165 1960
1646513698330 0.9478411968980854 1961
1646513698371 0.9478721475119529 1962
1646513698418 0.9479028794766567 1963
1646513698455 0.947933392651833 1964
1646513698504 0.947963686898117 1965
1646513698533 0.9479937620771444 1966
1646513698555 0.9480236180515509 1967
1646513698676 0.9480532546849737 1968
1646513698699 0.9480826718420517 1969
1646513698739 0.9481118693884264 1970
1646513698777 0.948140847190742 1971
1646513698808 0.9481696051166466 1972
1646513698839 0.9481981430347927 1973
1646513698870 0.9482264608148371 1974
1646513698991 0.9482545583274427 1975
1646513699011 0.9482824354442779 1976
1646513699055 0.9483100920380182 1977
1646513699088 0.9483375279823459 1978
1646513699119 0.9483647431519514 1979
1646513699161 0.9483917374225332 1980
1646513699208 0.9484185106707991 1981
1646513699443 0.9484450627744657 1982
1646513699487 0.9484713936122604 1983
1646513699519 0.9484975030639208 1984
1646513699572 0.9485233910101957 1985
1646513699603 0.9485490573328457 1986
1646513699653 0.9485745019146433 1987
1646513699694 0.9485997246393744 1988
1646513699831 0.9486247253918375 1989
1646513699872 0.9486495040578454 1990
1646513699919 0.9486740605242252 1991
1646513699960 0.9486983946788186 1992
1646513699988 0.9487225064104828 1993
1646513700036 0.9487463956090911 1994
1646513700072 0.948770062165533 1995
1646513700217 0.9487935059717147 1996
1646513700258 0.9488167269205602 1997
1646513700304 0.948839724906011 1998
1646513700339 0.9488624998230272 1999
1646513700373 0.9488850515675875 2000
1646513700420 0.9489073800366903 2001
1646513700459 0.9489294851283532 2002
1646513700726 0.9489513667416146 2003
1646513700770 0.9489730247765333 2004
1646513700803 0.9489944591341893 2005
1646513700847 0.9490156697166843 2006
1646513700878 0.949036656427142 2007
1646513700904 0.9490574191697085 2008
1646513700935 0.9490779578495532 2009
1646513701058 0.9490982723728685 2010
1646513701081 0.9491183626468706 2011
1646513701119 0.9491382285798001 2012
1646513701151 0.9491578700809225 2013
1646513701182 0.9491772870605276 2014
1646513701204 0.9491964794299315 2015
1646513701235 0.9492154471014755 2016
1646513701360 0.9492341899885278 2017
1646513701382 0.9492527080054828 2018
1646513701420 0.9492710010677621 2019
1646513701458 0.9492890690918148 2020
1646513701490 0.9493069119951177 2021
1646513701520 0.949324529696176 2022
1646513701551 0.9493419221145234 2023
1646513701670 0.9493590891707224 2024
1646513701694 0.9493760307863651 2025
1646513701720 0.949392746884073 2026
1646513701768 0.9494092373874977 2027
1646513701804 0.9494255022213213 2028
1646513701834 0.9494415413112564 2029
1646513701865 0.9494573545840468 2030
1646513701972 0.9494729419674676 2031
1646513702005 0.9494883033903257 2032
1646513702036 0.94950343878246 2033
1646513702067 0.9495183480747419 2034
1646513702098 0.9495330311990751 2035
1646513702128 0.9495474880883967 2036
1646513702159 0.9495617186766769 2037
1646513702265 0.9495757228989194 2038
1646513702287 0.9495895006911622 2039
1646513702320 0.9496030519904771 2040
1646513702365 0.9496163767349703 2041
1646513702405 0.9496294748637832 2042
1646513702437 0.9496423463170919 2043
1646513702469 0.9496549910361077 2044
1646513702578 0.9496674089630779 2045
1646513702605 0.9496796000412853 2046
1646513702636 0.9496915642150489 2047
1646513702674 0.9497033014297239 2048
1646513702705 0.9497148116317027 2049
1646513702741 0.9497260947684136 2050
1646513702772 0.9497371507883229 2051
1646513702921 0.9497479796409335 2052
1646513702984 0.9497585812767863 2053
1646513703053 0.9497689556474599 2054
1646513703108 0.9497791027055708 2055
1646513703159 0.9497890224047737 2056
1646513703221 0.949798714699762 2057
1646513703263 0.9498081795462672 2058
1646513703402 0.9498174169010603 2059
1646513703439 0.9498264267219508 2060
1646513703486 0.9498352089677878 2061
1646513703527 0.9498437635984596 2062
1646513703555 0.9498520905748941 2063
1646513703601 0.949860189859059 2064
1646513703639 0.949868061413962 2065
1646513703790 0.9498757052036509 2066
1646513703840 0.9498831211932139 2067
1646513703881 0.9498903093487795 2068
1646513703912 0.9498972696375168 2069
1646513703957 0.9499040020276356 2070
1646513704004 0.9499105064883867 2071
1646513704040 0.949916782990062 2072
1646513704242 0.9499228315039944 2073
1646513704352 0.9499286520025583 2074
1646513704393 0.9499342444591692 2075
1646513704424 0.9499396088482844 2076
1646513704453 0.9499447451454031 2077
1646513704478 0.9499496533270657 2078
1646513704502 0.9499543333708549 2079
1646513704621 0.9499587852553952 2080
1646513704645 0.9499630089603534 2081
1646513704678 0.9499670044664381 2082
1646513704718 0.9499707717554007 2083
1646513704749 0.9499743108100344 2084
1646513704782 0.9499776216141751 2085
1646513704814 0.9499807041527013 2086
1646513704933 0.9499835584115339 2087
1646513704963 0.9499861843776365 2088
1646513704994 0.9499885820390154 2089
1646513705029 0.9499907513847194 2090
1646513705060 0.9499926924048406 2091
1646513705090 0.9499944050905136 2092
1646513705105 0.9499958894339159 2093
1646513705225 0.949997145428268 2094
1646513705263 0.9499981730678333 2095
1646513705295 0.9499989723479183 2096
1646513705328 0.9499995432648722 2097
1646513705359 0.9499998858160876 2098
1646513705389 0.95 2099
1646513705404 0.9499998858160876 2100
