1646497173470 0.6203703880310059 0
1646497174004 0.7129629850387573 1
1646497174414 0.7685185074806213 2
1646497174792 0.7824074029922485 3
1646497175253 0.8564814925193787 4
1646497175649 0.875 5
1646497176026 0.8657407164573669 6
1646497176390 0.875 7
1646497176894 0.8935185074806213 8
1646497177482 0.9074074029922485 9
1646497177997 0.9166666865348816 10
1646497178484 0.9490740895271301 11
1646497178843 0.9351851940155029 12
1646497179213 0.9583333134651184 13
1646497179576 0.9629629850387573 14
1646497179928 0.9629629850387573 15
1646497180269 0.9722222089767456 16
1646497180637 0.9953703880310059 17
1646497181040 0.9953703880310059 18
1646497181743 0.9953703880310059 19
1646497182316 0.9953703880310059 20
1646497182866 0.9907407164573669 21
1646497183464 1.0 22
1646497184039 1.0 23
1646497184515 0.9953703880310059 24
1646497184968 1.0 25
1646497185677 1.0 26
1646497186253 1.0 27
1646497186919 1.0 28
1646497187316 1.0 29
1646497187708 1.0 30
1646497188091 1.0 31
1646497188580 0.9953703880310059 32
1646497188987 1.0 33
1646497189367 0.9953703880310059 34
1646497189760 1.0 35
1646497190211 0.9953703880310059 36
1646497190744 1.0 37
1646497191202 0.9861111044883728 38
1646497191607 0.9814814925193787 39
1646497191988 0.9907407164573669 40
1646497192396 0.9861111044883728 41
1646497192781 0.9907407164573669 42
1646497193190 0.9953703880310059 43
1646497193647 1.0 44
1646497194030 0.9953703880310059 45
1646497194625 0.9953703880310059 46
1646497195089 1.0 47
1646497195527 1.0 48
1646497195930 1.0 49
1646497196329 1.0 50
1646497196707 1.0 51
1646497197076 1.0 52
1646497197443 1.0 53
1646497197834 1.0 54
1646497198221 1.0 55
1646497198972 1.0 56
1646497199507 1.0 57
1646497200124 1.0 58
1646497200567 1.0 59
1646497201009 1.0 60
1646497201420 1.0 61
1646497201841 1.0 62
1646497202577 1.0 63
1646497203171 1.0 64
1646497203642 1.0 65
1646497204088 1.0 66
1646497204457 1.0 67
1646497204827 1.0 68
1646497205206 1.0 69
1646497205585 1.0 70
1646497205966 1.0 71
1646497206384 1.0 72
1646497206986 1.0 73
1646497207527 0.9861111044883728 74
1646497208006 0.9953703880310059 75
1646497208381 0.9861111044883728 76
1646497208767 0.9814814925193787 77
1646497209153 0.9675925970077515 78
1646497209544 0.9583333134651184 79
1646497209930 0.9768518805503845 80
1646497210398 0.9814814925193787 81
1646497211014 0.9907407164573669 82
1646497211543 1.0 83
1646497212016 1.0 84
1646497212538 1.0 85
1646497212913 1.0 86
1646497213296 1.0 87
1646497213677 1.0 88
1646497214071 1.0 89
1646497214791 1.0 90
1646497215840 0.9953703880310059 91
1646497216453 1.0 92
1646497216980 1.0 93
1646497217675 1.0 94
1646497218101 1.0 95
1646497218517 1.0 96
1646497219221 1.0 97
1646497219689 1.0 98
1646497220115 1.0 99
1646497220531 1.0 100
1646497220954 1.0 101
1646497221360 1.0 102
1646497221720 1.0 103
1646497222095 1.0 104
1646497222457 0.9953703880310059 105
1646497222847 1.0 106
1646497223223 1.0 107
1646497223593 1.0 108
1646497223966 1.0 109
1646497224701 1.0 110
1646497225196 1.0 111
1646497225641 1.0 112
1646497225974 1.0 113
1646497226343 1.0 114
1646497226710 1.0 115
1646497227065 1.0 116
1646497227408 1.0 117
1646497227757 1.0 118
1646497228228 0.9953703880310059 119
1646497228734 1.0 120
1646497229192 1.0 121
1646497229596 1.0 122
1646497229967 1.0 123
1646497230320 1.0 124
1646497230736 1.0 125
1646497231117 1.0 126
1646497231491 1.0 127
1646497231883 1.0 128
1646497232338 1.0 129
1646497233061 1.0 130
1646497233652 1.0 131
1646497234205 1.0 132
1646497234662 1.0 133
1646497235040 1.0 134
1646497235427 1.0 135
1646497235814 1.0 136
1646497236176 1.0 137
1646497236768 1.0 138
1646497237321 1.0 139
1646497237786 1.0 140
1646497238158 1.0 141
1646497238537 1.0 142
1646497238893 1.0 143
1646497239268 1.0 144
1646497239745 1.0 145
1646497240110 1.0 146
1646497240709 1.0 147
1646497241224 1.0 148
1646497241724 1.0 149
1646497242097 1.0 150
1646497242464 1.0 151
1646497242843 1.0 152
1646497243236 1.0 153
1646497243615 1.0 154
1646497243986 1.0 155
1646497244370 1.0 156
1646497244907 1.0 157
1646497245439 1.0 158
1646497245888 1.0 159
1646497246275 1.0 160
1646497246688 1.0 161
1646497247108 1.0 162
1646497247517 1.0 163
1646497247933 1.0 164
1646497248343 1.0 165
1646497248998 1.0 166
1646497249626 1.0 167
1646497250357 1.0 168
1646497250751 1.0 169
1646497251104 1.0 170
1646497251476 1.0 171
1646497251855 1.0 172
1646497252200 1.0 173
1646497252621 1.0 174
1646497253132 1.0 175
1646497253641 1.0 176
1646497254162 1.0 177
1646497254614 1.0 178
1646497255036 1.0 179
1646497255382 1.0 180
1646497255739 1.0 181
1646497256100 1.0 182
1646497256462 1.0 183
1646497256880 1.0 184
