1646497173470 1.0722724199295044 0
1646497174004 0.6791058778762817 1
1646497174414 0.5648910999298096 2
1646497174792 0.4911278188228607 3
1646497175253 0.437259316444397 4
1646497175649 0.35060468316078186 5
1646497176026 0.32984983921051025 6
1646497176390 0.28195664286613464 7
1646497176894 0.2613544762134552 8
1646497177482 0.24853956699371338 9
1646497177997 0.21265316009521484 10
1646497178484 0.18192912638187408 11
1646497178843 0.1706482321023941 12
1646497179213 0.12925104796886444 13
1646497179576 0.10748353600502014 14
1646497179928 0.10587120801210403 15
1646497180269 0.06402352452278137 16
1646497180637 0.041190702468156815 17
1646497181040 0.026774941012263298 18
1646497181743 0.03441663086414337 19
1646497182316 0.03202643617987633 20
1646497182866 0.020761732012033463 21
1646497183464 0.01770860143005848 22
1646497184039 0.013509266078472137 23
1646497184515 0.010372056625783443 24
1646497184968 0.009939540177583694 25
1646497185677 0.007877501659095287 26
1646497186253 0.009090587496757507 27
1646497186919 0.007627094630151987 28
1646497187316 0.004158710595220327 29
1646497187708 0.008068380877375603 30
1646497188091 0.0038640578277409077 31
1646497188580 0.009359403513371944 32
1646497188987 0.0040999348275363445 33
1646497189367 0.011012422852218151 34
1646497189760 0.006147421430796385 35
1646497190211 0.016804639250040054 36
1646497190744 0.016253020614385605 37
1646497191202 0.030116915702819824 38
1646497191607 0.051556818187236786 39
1646497191988 0.02461320534348488 40
1646497192396 0.05240590125322342 41
1646497192781 0.016893019899725914 42
1646497193190 0.010357525199651718 43
1646497193647 0.009069191291928291 44
1646497194030 0.014175335876643658 45
1646497194625 0.017163259908556938 46
1646497195089 0.009061254560947418 47
1646497195527 0.00715184910222888 48
1646497195930 0.005879876669496298 49
1646497196329 0.006760078947991133 50
1646497196707 0.004469641484320164 51
1646497197076 0.003307798644527793 52
1646497197443 0.0012033535167574883 53
1646497197834 0.002116628224030137 54
1646497198221 0.0017179219285026193 55
1646497198972 0.001200896454975009 56
1646497199507 0.0008613218669779599 57
1646497200124 0.0011516377562656999 58
1646497200567 0.0008649241644889116 59
1646497201009 0.001180953229777515 60
1646497201420 0.001020468887872994 61
1646497201841 0.0007059729541651905 62
1646497202577 0.0036594823468476534 63
1646497203171 0.0028700674884021282 64
1646497203642 0.0009991413680836558 65
1646497204088 0.0017715009162202477 66
1646497204457 0.0004977356293238699 67
1646497204827 0.0005219594459049404 68
1646497205206 0.0023749691899865866 69
1646497205585 0.0006432108348235488 70
1646497205966 0.0025169742293655872 71
1646497206384 0.006961884442716837 72
1646497206986 0.004102115985006094 73
1646497207527 0.020527219399809837 74
1646497208006 0.021119581535458565 75
1646497208381 0.06614825129508972 76
1646497208767 0.050337161868810654 77
1646497209153 0.08935559540987015 78
1646497209544 0.104848213493824 79
1646497209930 0.05159160494804382 80
1646497210398 0.07816295325756073 81
1646497211014 0.022798283025622368 82
1646497211543 0.007826060988008976 83
1646497212016 0.007842371240258217 84
1646497212538 0.0027184973005205393 85
1646497212913 0.002476691035553813 86
1646497213296 0.0020300638861954212 87
1646497213677 0.003221900202333927 88
1646497214071 0.0010257808025926352 89
1646497214791 0.0018369480967521667 90
1646497215840 0.0038428399711847305 91
1646497216453 0.0006052628741599619 92
1646497216980 0.0015188170364126563 93
1646497217675 0.0007169097661972046 94
1646497218101 0.00027780450182035565 95
1646497218517 0.0012143900385126472 96
1646497219221 0.00033139006700366735 97
1646497219689 0.00041272156522609293 98
1646497220115 0.0004649234178941697 99
1646497220531 0.0014322028728201985 100
1646497220954 0.0010993259493261576 101
1646497221360 0.00027702131774276495 102
1646497221720 0.00028065271908417344 103
1646497222095 0.00028483758796937764 104
1646497222457 0.00662693427875638 105
1646497222847 0.0008704443462193012 106
1646497223223 0.00018101806927006692 107
1646497223593 0.0003735751670319587 108
1646497223966 0.0003006959450431168 109
1646497224701 0.00018343735428061336 110
1646497225196 0.00015203797374852002 111
1646497225641 6.90652450430207e-05 112
1646497225974 0.0002840303350239992 113
1646497226343 0.0005307666142471135 114
1646497226710 0.00014558692055288702 115
1646497227065 0.00017233466496691108 116
1646497227408 0.00028727916651405394 117
1646497227757 0.00025554749299772084 118
1646497228228 0.004630741197615862 119
1646497228734 5.86452370043844e-05 120
1646497229192 0.0001427124225301668 121
1646497229596 0.00011282302875770256 122
1646497229967 0.00011001764505635947 123
1646497230320 0.0014866521814838052 124
1646497230736 6.548581586685032e-05 125
1646497231117 0.00017796385509427637 126
1646497231491 7.19437884981744e-05 127
1646497231883 9.928095096256584e-05 128
1646497232338 0.00012780852557625622 129
1646497233061 0.0010643096175044775 130
1646497233652 0.00015150714898481965 131
1646497234205 0.0007963903481140733 132
1646497234662 8.162450103554875e-05 133
1646497235040 7.448978431057185e-05 134
1646497235427 0.00013157942157704383 135
1646497235814 0.00017456522618886083 136
1646497236176 0.00018820194236468524 137
1646497236768 0.00011571125651244074 138
1646497237321 4.676056414609775e-05 139
1646497237786 4.9408365157432854e-05 140
1646497238158 0.0001430170377716422 141
1646497238537 2.0564591977745295e-05 142
1646497238893 0.0005533164949156344 143
1646497239268 0.00020837537886109203 144
1646497239745 7.561632082797587e-05 145
1646497240110 0.0002171800151700154 146
1646497240709 0.0001400533801643178 147
1646497241224 5.734632577514276e-05 148
1646497241724 5.769696872448549e-05 149
1646497242097 7.430763071170077e-05 150
1646497242464 3.8312373362714425e-05 151
1646497242843 0.00029770261608064175 152
1646497243236 7.473611185560003e-05 153
1646497243615 0.00035083715920336545 154
1646497243986 0.00017571504577063024 155
1646497244370 3.82919934054371e-05 156
1646497244907 0.00012115687422920018 157
1646497245439 4.279834683984518e-05 158
1646497245888 0.00015936739509925246 159
1646497246275 0.0001010758860502392 160
1646497246688 0.00027293493621982634 161
1646497247108 5.184307156014256e-05 162
1646497247517 9.875738760456443e-05 163
1646497247933 9.71567897067871e-06 164
1646497248343 1.943471397680696e-05 165
1646497248998 7.548048597527668e-05 166
1646497249626 6.212342850631103e-05 167
1646497250357 7.783844193909317e-05 168
1646497250751 9.384151780977845e-05 169
1646497251104 0.0001703713642200455 170
1646497251476 5.3980755183147267e-05 171
1646497251855 3.763260247069411e-05 172
1646497252200 2.1662133804056793e-05 173
1646497252621 3.682265378301963e-05 174
1646497253132 1.054036692949012e-05 175
1646497253641 1.8659504348761402e-05 176
1646497254162 2.5782364900805987e-05 177
1646497254614 9.928347571985796e-05 178
1646497255036 0.00010637840023264289 179
1646497255382 1.162068838311825e-05 180
1646497255739 5.025834252592176e-05 181
1646497256100 4.346694186097011e-05 182
1646497256462 2.532913458708208e-05 183
1646497256880 0.00026114110369235277 184
