1646475757342 0.1805555522441864 0
1646475757706 0.2638888955116272 1
1646475758231 0.24537037312984467 2
1646475758684 0.21759259700775146 3
1646475759003 0.2777777910232544 4
1646475759336 0.25 5
1646475759710 0.28240740299224854 6
1646475760191 0.27314814925193787 7
1646475760543 0.31018519401550293 8
1646475760892 0.3055555522441864 9
1646475761324 0.3194444477558136 10
1646475761638 0.3333333432674408 11
1646475761967 0.35185185074806213 12
1646475762270 0.375 13
1646475762584 0.4444444477558136 14
1646475762898 0.37037035822868347 15
1646475763214 0.4027777910232544 16
1646475763706 0.40740740299224854 17
1646475764087 0.45370370149612427 18
1646475764454 0.43981480598449707 19
1646475764920 0.5092592835426331 20
1646475765214 0.49537035822868347 21
1646475765536 0.46759259700775146 22
1646475765852 0.46759259700775146 23
1646475766238 0.47685185074806213 24
1646475766565 0.5 25
1646475766905 0.4722222089767456 26
1646475767417 0.49074074625968933 27
1646475767806 0.5324074029922485 28
1646475768171 0.5324074029922485 29
1646475768635 0.5277777910232544 30
1646475768952 0.5370370149612427 31
1646475769251 0.5092592835426331 32
1646475769575 0.49074074625968933 33
1646475769884 0.5231481194496155 34
1646475770200 0.5648148059844971 35
1646475770517 0.5972222089767456 36
1646475770877 0.6296296119689941 37
1646475771347 0.5555555820465088 38
1646475771717 0.6574074029922485 39
1646475772068 0.6157407164573669 40
1646475772496 0.5462962985038757 41
1646475772836 0.6666666865348816 42
1646475773135 0.5925925970077515 43
1646475773450 0.6157407164573669 44
1646475773799 0.6712962985038757 45
1646475774116 0.6712962985038757 46
1646475774420 0.6574074029922485 47
1646475774938 0.6712962985038757 48
1646475775302 0.6759259104728699 49
1646475775686 0.6574074029922485 50
1646475776134 0.6944444179534912 51
1646475776452 0.6944444179534912 52
1646475776764 0.6990740895271301 53
1646475777088 0.6712962985038757 54
1646475777384 0.7175925970077515 55
1646475777718 0.6944444179534912 56
1646475778156 0.7268518805503845 57
1646475778820 0.7268518805503845 58
1646475779248 0.6898148059844971 59
1646475779612 0.7037037014961243 60
1646475780270 0.7268518805503845 61
1646475780761 0.7037037014961243 62
1646475781205 0.7222222089767456 63
1646475781549 0.7222222089767456 64
1646475781883 0.7592592835426331 65
1646475782200 0.7824074029922485 66
1646475782517 0.7129629850387573 67
1646475782850 0.7361111044883728 68
1646475783181 0.7453703880310059 69
1646475783500 0.8101851940155029 70
1646475783976 0.7361111044883728 71
1646475784372 0.7731481194496155 72
1646475784734 0.7916666865348816 73
1646475785189 0.7592592835426331 74
1646475785505 0.7731481194496155 75
1646475785816 0.7777777910232544 76
1646475786181 0.8101851940155029 77
1646475786499 0.8055555820465088 78
1646475786849 0.7129629850387573 79
1646475787200 0.8194444179534912 80
1646475787733 0.7916666865348816 81
1646475788179 0.7916666865348816 82
1646475788565 0.8287037014961243 83
1646475789086 0.7916666865348816 84
1646475789432 0.8148148059844971 85
1646475789783 0.7962962985038757 86
1646475790098 0.8657407164573669 87
1646475790400 0.8194444179534912 88
1646475790733 0.7870370149612427 89
1646475791049 0.8333333134651184 90
1646475791585 0.8055555820465088 91
1646475791967 0.7731481194496155 92
1646475792314 0.8240740895271301 93
1646475792777 0.8425925970077515 94
1646475793102 0.8657407164573669 95
1646475793414 0.8518518805503845 96
1646475793731 0.8333333134651184 97
1646475794043 0.8333333134651184 98
1646475794348 0.8611111044883728 99
1646475794685 0.875 100
1646475795131 0.8888888955116272 101
1646475795552 0.8287037014961243 102
1646475795922 0.8287037014961243 103
1646475796320 0.8194444179534912 104
1646475796714 0.8194444179534912 105
1646475797034 0.9166666865348816 106
1646475797332 0.8703703880310059 107
1646475797665 0.9027777910232544 108
1646475797983 0.8379629850387573 109
1646475798317 0.8888888955116272 110
1646475798634 0.8009259104728699 111
1646475799148 0.8703703880310059 112
1646475799512 0.875 113
1646475799914 0.8703703880310059 114
1646475800348 0.8981481194496155 115
1646475800684 0.8472222089767456 116
1646475800999 0.8888888955116272 117
1646475801316 0.8935185074806213 118
1646475801632 0.9027777910232544 119
1646475801966 0.8703703880310059 120
1646475802286 0.8796296119689941 121
1646475802819 0.8796296119689941 122
1646475803201 0.9166666865348816 123
1646475803582 0.8888888955116272 124
1646475804024 0.8935185074806213 125
1646475804332 0.8842592835426331 126
1646475804651 0.8564814925193787 127
1646475804965 0.9027777910232544 128
1646475805265 0.9074074029922485 129
1646475805582 0.8796296119689941 130
1646475805914 0.9074074029922485 131
1646475806480 0.9259259104728699 132
1646475806881 0.9120370149612427 133
1646475807233 0.9444444179534912 134
1646475807717 0.9074074029922485 135
1646475808031 0.9027777910232544 136
1646475808352 0.9074074029922485 137
1646475808668 0.9305555820465088 138
1646475808980 0.875 139
1646475809281 0.8981481194496155 140
1646475809614 0.9120370149612427 141
1646475810007 0.9166666865348816 142
1646475810497 0.9212962985038757 143
1646475810868 0.9166666865348816 144
1646475811270 0.9120370149612427 145
1646475811649 0.9212962985038757 146
1646475811965 0.9166666865348816 147
1646475812280 0.8935185074806213 148
1646475812581 0.9074074029922485 149
1646475812914 0.9351851940155029 150
1646475813246 0.9537037014961243 151
1646475813554 0.9351851940155029 152
1646475814078 0.8888888955116272 153
1646475814464 0.9074074029922485 154
1646475814831 0.9120370149612427 155
1646475815280 0.9351851940155029 156
1646475815597 0.9583333134651184 157
1646475815914 0.9259259104728699 158
1646475816237 0.9398148059844971 159
1646475816548 0.9444444179534912 160
1646475816883 0.9120370149612427 161
1646475817220 0.9120370149612427 162
1646475817699 0.9305555820465088 163
1646475818097 0.9259259104728699 164
1646475818466 0.9351851940155029 165
1646475818961 0.9490740895271301 166
1646475819263 0.9490740895271301 167
1646475819582 0.9120370149612427 168
1646475819927 0.9444444179534912 169
1646475820231 0.9398148059844971 170
1646475820562 0.9259259104728699 171
1646475820898 0.9398148059844971 172
1646475821247 0.9537037014961243 173
1646475821717 0.9444444179534912 174
1646475822081 0.9259259104728699 175
1646475822454 0.9490740895271301 176
1646475822903 0.9444444179534912 177
1646475823213 0.9166666865348816 178
1646475823530 0.9722222089767456 179
1646475823862 0.9398148059844971 180
1646475824180 0.9305555820465088 181
1646475824496 0.9398148059844971 182
1646475824841 0.9629629850387573 183
1646475825346 0.9166666865348816 184
1646475825766 0.9398148059844971 185
1646475826134 0.9490740895271301 186
1646475826597 0.9814814925193787 187
1646475827011 0.9351851940155029 188
1646475827326 0.9444444179534912 189
1646475827636 0.9722222089767456 190
1646475827979 0.9490740895271301 191
1646475828281 0.9675925970077515 192
1646475828612 0.9537037014961243 193
1646475829123 0.9212962985038757 194
1646475829503 0.9675925970077515 195
1646475829904 0.9490740895271301 196
1646475830398 0.9259259104728699 197
1646475830783 0.9675925970077515 198
1646475831117 0.9583333134651184 199
1646475831478 0.9629629850387573 200
1646475831820 0.9629629850387573 201
1646475832182 0.9583333134651184 202
1646475832606 0.9583333134651184 203
1646475833074 0.9675925970077515 204
1646475833466 0.9305555820465088 205
1646475833908 0.9305555820465088 206
1646475834293 0.9305555820465088 207
1646475834629 0.9675925970077515 208
1646475834945 0.9768518805503845 209
1646475835262 0.9675925970077515 210
1646475835586 0.9166666865348816 211
1646475835926 0.9398148059844971 212
1646475836396 0.9490740895271301 213
1646475836796 0.9490740895271301 214
1646475837166 0.9583333134651184 215
1646475837647 0.9722222089767456 216
1646475837962 0.9490740895271301 217
1646475838263 0.9490740895271301 218
1646475838584 0.9583333134651184 219
1646475838898 0.9722222089767456 220
1646475839215 0.9861111044883728 221
1646475839528 0.9583333134651184 222
1646475839920 0.9814814925193787 223
1646475840425 0.9583333134651184 224
1646475840813 0.9722222089767456 225
1646475841191 0.9537037014961243 226
1646475841558 0.9768518805503845 227
1646475841887 0.9490740895271301 228
1646475842178 0.9629629850387573 229
1646475842495 0.9351851940155029 230
1646475842839 0.9768518805503845 231
1646475843166 0.9583333134651184 232
1646475843478 0.9490740895271301 233
1646475844016 0.9583333134651184 234
1646475844405 0.9675925970077515 235
1646475844771 0.9583333134651184 236
1646475845191 0.9675925970077515 237
1646475845511 0.9675925970077515 238
1646475845845 0.9629629850387573 239
1646475846146 0.9675925970077515 240
1646475846462 0.9444444179534912 241
1646475846778 0.9537037014961243 242
1646475847178 0.9629629850387573 243
1646475847688 0.9814814925193787 244
1646475848079 0.9444444179534912 245
1646475848443 0.9629629850387573 246
1646475848909 0.9537037014961243 247
1646475849228 0.9861111044883728 248
1646475849528 0.9537037014961243 249
1646475849864 0.9675925970077515 250
1646475850177 0.9490740895271301 251
1646475850496 0.9629629850387573 252
1646475850828 0.9814814925193787 253
1646475851326 0.9768518805503845 254
1646475851714 0.9768518805503845 255
1646475852094 0.9490740895271301 256
1646475852580 0.9675925970077515 257
1646475852896 0.9814814925193787 258
1646475853216 0.9814814925193787 259
1646475853528 0.9398148059844971 260
1646475853848 0.9583333134651184 261
1646475854176 0.9768518805503845 262
1646475854511 0.9629629850387573 263
1646475854969 0.9629629850387573 264
1646475855379 0.9675925970077515 265
1646475855743 0.9722222089767456 266
1646475856227 0.9907407164573669 267
1646475856529 0.9907407164573669 268
1646475856846 0.9814814925193787 269
1646475857157 0.9537037014961243 270
1646475857466 0.9768518805503845 271
1646475857776 0.9629629850387573 272
1646475858109 0.9675925970077515 273
1646475858484 0.9537037014961243 274
1646475859000 0.9675925970077515 275
1646475859383 0.9629629850387573 276
1646475859809 0.9907407164573669 277
1646475860186 0.9768518805503845 278
1646475860487 0.9861111044883728 279
1646475860801 0.9953703880310059 280
1646475861146 0.9768518805503845 281
1646475861444 0.9629629850387573 282
1646475861788 0.9675925970077515 283
1646475862140 0.9768518805503845 284
1646475862626 0.9444444179534912 285
1646475863013 0.9398148059844971 286
1646475863398 0.9722222089767456 287
1646475863826 0.9861111044883728 288
1646475864145 0.9814814925193787 289
1646475864459 0.9675925970077515 290
1646475864776 0.9537037014961243 291
1646475865077 0.9490740895271301 292
1646475865412 0.9675925970077515 293
1646475865727 0.9398148059844971 294
1646475866255 0.9953703880310059 295
1646475866670 0.9583333134651184 296
1646475867037 0.9675925970077515 297
1646475867560 0.9629629850387573 298
1646475867911 0.9629629850387573 299
