1646475755833 0.004 0
1646475756688 0.004000596800238801 1
1646475756763 0.004002387186114745 2
1646475756797 0.004005371113106879 3
1646475756832 0.004009548507014876 4
1646475756866 0.004014919263960817 5
1646475756904 0.004021483250391852 6
1646475756946 0.004029240303083395 7
1646475757387 0.004038190229143396 8
1646475757427 0.004048332806016894 9
1646475757463 0.004059667781491735 10
1646475757498 0.004072194873704721 11
1646475757535 0.004085913771148725 12
1646475757578 0.004100824132680342 13
1646475757612 0.004116925587528436 14
1646475757761 0.004134217735303369 15
1646475757802 0.004152700146006827 16
1646475757834 0.004172372360042753 17
1646475757875 0.004193233888228523 18
1646475757902 0.00421528421180728 19
1646475757972 0.00423852278246073 20
1646475758067 0.004262949022322882 21
1646475758284 0.004288562323994313 22
1646475758354 0.004315362050557339 23
1646475758412 0.004343347535591804 24
1646475758475 0.004372518083191737 25
1646475758501 0.004402872967982557 26
1646475758559 0.004434411435139132 27
1646475758599 0.004467132700404622 28
1646475758729 0.004501035950109908 29
1646475758767 0.004536120341193842 30
1646475758802 0.004572385001224186 31
1646475758837 0.0046098290284194154 32
1646475758868 0.00464845149167098 33
1646475758884 0.004688251430566573 34
1646475758928 0.00472922785541402 35
1646475759045 0.004771379747265783 36
1646475759082 0.004814706057944401 37
1646475759121 0.004859205710068537 38
1646475759156 0.004904877597079721 39
1646475759193 0.004951720583269897 40
1646475759229 0.004999733503809695 41
1646475759258 0.005048915164777332 42
1646475759378 0.005099264343188359 43
1646475759418 0.005150779787026036 44
1646475759449 0.0052034602152724735 45
1646475759484 0.0052573043179405116 46
1646475759515 0.005312310756106234 47
1646475759553 0.005368478161942372 48
1646475759586 0.005425805138752182 49
1646475759782 0.005484290261004263 50
1646475759836 0.005543932074367999 51
1646475759895 0.005604729095749744 52
1646475759944 0.005666679813329564 53
1646475760004 0.005729782686599044 54
1646475760049 0.005794036146399437 55
1646475760084 0.0058594385949607 56
1646475760235 0.005925988405941329 57
1646475760278 0.005993683924468696 58
1646475760315 0.006062523467180211 59
1646475760357 0.006132505322265253 60
1646475760385 0.00620362774950764 61
1646475760432 0.006275888980328992 62
1646475760459 0.006349287217832622 63
1646475760580 0.006423820636848349 64
1646475760618 0.006499487383977681 65
1646475760656 0.006576285577640131 66
1646475760698 0.006654213308119827 67
1646475760733 0.006733268637613102 68
1646475760770 0.006813449600276647 69
1646475760802 0.006894754202276393 70
1646475760962 0.006977180421837106 71
1646475761038 0.007060726209292614 72
1646475761122 0.007145389487136861 73
1646475761150 0.007231168150075476 74
1646475761181 0.007318060065078194 75
1646475761215 0.007406063071431879 76
1646475761248 0.007495174980794203 77
1646475761363 0.007585393577248162 78
1646475761399 0.007676716617357068 79
1646475761436 0.007769141830220441 80
1646475761467 0.007862666917530362 81
1646475761497 0.007957289553628788 82
1646475761530 0.008053007385565164 83
1646475761557 0.008149818033155162 84
1646475761693 0.008247719089039693 85
1646475761736 0.00834670811874487 86
1646475761767 0.008446782660742488 87
1646475761798 0.008547940226511286 88
1646475761827 0.008650178300598804 89
1646475761859 0.008753494340683884 90
1646475761886 0.00885788577763999 91
1646475762002 0.008963350015599003 92
1646475762040 0.009069884432015826 93
1646475762073 0.009177486377733593 94
1646475762106 0.009286153177049505 95
1646475762135 0.009395882127781405 96
1646475762170 0.009506670501334968 97
1646475762196 0.009618515542771502 98
1646475762315 0.009731414470876582 99
1646475762356 0.009845364478229035 100
1646475762393 0.009960362731270891 101
1646475762425 0.01007640637037778 102
1646475762454 0.010193492509930055 103
1646475762486 0.010311618238384529 104
1646475762513 0.010430780618346944 105
1646475762627 0.010550976686644925 106
1646475762669 0.010672203454401688 107
1646475762701 0.010794457907110436 108
1646475762738 0.010917737004709188 109
1646475762769 0.011042037681656541 110
1646475762806 0.011167356847007703 111
1646475762833 0.011293691384491558 112
1646475762945 0.011421038152587992 113
1646475762981 0.011549393984606124 114
1646475763012 0.011678755688762962 115
1646475763045 0.011809120048262886 116
1646475763073 0.011940483821377482 117
1646475763106 0.012072843741526285 118
1646475763132 0.012206196517358006 119
1646475763265 0.012340538832832246 120
1646475763309 0.01247586734730212 121
1646475763350 0.012612178695597207 122
1646475763423 0.012749469488107304 123
1646475763480 0.012887736310866635 124
1646475763541 0.013026975725638892 125
1646475763591 0.013167184270002533 126
1646475763771 0.013308358457437025 127
1646475763824 0.013450494777409519 128
1646475763860 0.013593589695462094 129
1646475763901 0.01373763965329973 130
1646475763935 0.013882641068878668 131
1646475763978 0.014028590336495617 132
1646475764009 0.01417548382687736 133
1646475764139 0.014323317887270925 134
1646475764180 0.014472088841534572 135
1646475764213 0.014621792990229088 136
1646475764248 0.014772426610709821 137
1646475764291 0.014923985957219221 138
1646475764331 0.015076467260980053 139
1646475764362 0.01522986673028906 140
1646475764494 0.01538418055061122 141
1646475764542 0.01553940488467466 142
1646475764576 0.015695535872566085 143
1646475764610 0.01585256963182667 144
1646475764665 0.016010502257548756 145
1646475764726 0.016169329822472794 146
1646475764781 0.016329048377085084 147
1646475764956 0.016489653949715966 148
1646475764996 0.016651142546638617 149
1646475765028 0.01681351015216835 150
1646475765059 0.016976752728762368 151
1646475765089 0.01714086621712034 152
1646475765121 0.01730584653628521 153
1646475765150 0.017471689583744746 154
1646475765260 0.017638391235533513 155
1646475765296 0.017805947346335463 156
1646475765330 0.017974353749586933 157
1646475765367 0.01814360625758038 158
1646475765398 0.018313700661568413 159
1646475765431 0.01848463273186851 160
1646475765457 0.018656398217968134 161
1646475765578 0.018828992848630502 162
1646475765614 0.019002412332000743 163
1646475765649 0.019176652355712642 164
1646475765690 0.019351708586995878 165
1646475765718 0.01952757667278375 166
1646475765753 0.019704252239821474 167
1646475765778 0.01988173089477481 168
1646475765897 0.020060008224339468 169
1646475765933 0.02023907979535075 170
1646475765990 0.020418941154893788 171
1646475766032 0.02059958783041435 172
1646475766099 0.02078101532982994 173
1646475766128 0.020963219141641634 174
1646475766159 0.021146194735046114 175
1646475766286 0.02132993756004853 176
1646475766329 0.021514443047575424 177
1646475766361 0.02169970660958853 178
1646475766400 0.02188572363919876 179
1646475766430 0.022072489510780793 180
1646475766469 0.02225999958008809 181
1646475766500 0.022448249184368413 182
1646475766616 0.0226372336424797 183
1646475766655 0.022826948255006557 184
1646475766699 0.023017388304377093 185
1646475766736 0.02320854905498014 186
1646475766768 0.023400425753283174 187
1646475766811 0.023593013627950354 188
1646475766839 0.023786307889961292 189
1646475766969 0.02398030373273008 190
1646475767016 0.02417499633222485 191
1646475767050 0.024370380847087675 192
1646475767118 0.024566452418755005 193
1646475767177 0.024763206171578483 194
1646475767239 0.024960637212946155 195
1646475767293 0.02515874063340416 196
1646475767472 0.0253575115067788 197
1646475767515 0.025556944890299083 198
1646475767561 0.025757035824719512 199
1646475767603 0.025957779334443556 200
1646475767635 0.026159170427647246 201
1646475767671 0.026361204096403426 202
1646475767723 0.026563875316806165 203
1646475767853 0.026767179049095785 204
1646475767897 0.026971110237784104 205
1646475767933 0.0271756638117802 206
1646475767971 0.027380834684516506 207
1646475768001 0.027586617754075282 208
1646475768046 0.027793007903315486 209
1646475768084 0.027999999999999997 210
1646475768231 0.02820758889692332 211
1646475768277 0.028415769432039453 212
1646475768312 0.028624536428590378 213
1646475768386 0.02883388469523468 214
1646475768471 0.02904380902617673 215
1646475768524 0.029254304201296072 216
1646475768551 0.029465364986277248 217
1646475768678 0.029676986132739974 218
1646475768722 0.029889162378369652 219
1646475768750 0.030101888447048183 220
1646475768783 0.0303151590489852 221
1646475768812 0.030528968880849647 222
1646475768845 0.030743312625901534 223
1646475768873 0.030958184954124293 224
1646475768989 0.03117358052235722 225
1646475769030 0.03138949397442836 226
1646475769059 0.03160591994128775 227
1646475769091 0.03182285304114085 228
1646475769117 0.03204028787958242 229
1646475769151 0.03225821904973064 230
1646475769180 0.03247664113236158 231
1646475769296 0.03269554869604396 232
1646475769339 0.03291493629727417 233
1646475769375 0.03313479848061167 234
1646475769412 0.03335512977881465 235
1646475769440 0.03357592471297598 236
1646475769472 0.033797177792659436 237
1646475769501 0.034018883516036214 238
1646475769614 0.03424103637002181 239
1646475769657 0.034463630830413025 240
1646475769698 0.03468666136202542 241
1646475769734 0.034910122418830875 242
1646475769761 0.035134008444095546 243
1646475769794 0.03535831387051806 244
1646475769820 0.035583033120367896 245
1646475769934 0.035808160605624154 246
1646475769970 0.036033690728114465 247
1646475770006 0.03625961787965419 248
1646475770038 0.03648593644218592 249
1646475770065 0.03671264078791915 250
1646475770101 0.03693972527947022 251
1646475770127 0.037167184270002526 252
1646475770245 0.03739501210336689 253
1646475770280 0.037623203114242276 254
1646475770316 0.0378517516282766 255
1646475770345 0.03808065196222787 256
1646475770378 0.038309898424105496 257
1646475770415 0.038539485313311875 258
1646475770434 0.038769406920784046 259
1646475770561 0.038999657529135756 260
1646475770599 0.039230231412799604 261
1646475770630 0.03946112283816936 262
1646475770667 0.03969232606374264 263
1646475770700 0.03992383534026359 264
1646475770735 0.040155644910865915 265
1646475770767 0.04038774901121596 266
1646475770926 0.04062014186965612 267
1646475771018 0.04085281770734836 268
1646475771069 0.041085770738417855 269
1646475771129 0.04131899517009691 270
1646475771176 0.04155248520286901 271
1646475771216 0.041786235030613024 272
1646475771259 0.04202023884074756 273
1646475771389 0.04225449081437555 274
1646475771438 0.042488985126428916 275
1646475771466 0.042723715945813444 276
1646475771515 0.04295867743555375 277
1646475771551 0.04319386375293845 278
1646475771589 0.043429269049665445 279
1646475771623 0.04366488747198734 280
1646475771759 0.04390071316085705 281
1646475771800 0.0441367402520734 282
1646475771837 0.044372962876427044 283
1646475771873 0.0446093751598464 284
1646475771901 0.04484597122354363 285
1646475771953 0.04508274518416096 286
1646475771984 0.04531969115391687 287
1646475772143 0.04555680324075254 288
1646475772199 0.045794075548478405 289
1646475772263 0.04603150217692071 290
1646475772345 0.046269077222068286 291
1646475772374 0.046506794776219273 292
1646475772406 0.04674464892812815 293
1646475772432 0.046982633763152634 294
1646475772542 0.0472207433634008 295
1646475772583 0.04745897180787822 296
1646475772625 0.047697313172635196 297
1646475772660 0.047935761530914084 298
1646475772702 0.048174310953296676 299
1646475772733 0.048412955507851636 300
1646475772765 0.048651689260281995 301
1646475772875 0.04889050627407272 302
1646475772911 0.04912940061063836 303
1646475772944 0.04936836632947072 304
1646475772981 0.04960739748828654 305
1646475773009 0.049846488143175285 306
1646475773041 0.05008563234874696 307
1646475773069 0.05032482415827995 308
1646475773180 0.050564057623868876 309
1646475773215 0.050803326796572505 310
1646475773255 0.051042625726561694 311
1646475773288 0.05128194846326735 312
1646475773319 0.05152128905552836 313
1646475773354 0.051760641551739615 314
1646475773380 0.052000000000000005 315
1646475773491 0.05223935844826039 316
1646475773529 0.052478710944471645 317
1646475773567 0.052718051536732646 318
1646475773611 0.0529573742734383 319
1646475773633 0.0531966732034275 320
1646475773689 0.05343594237613112 321
1646475773719 0.05367517584172004 322
1646475773836 0.05391436765125303 323
1646475773872 0.0541535118568247 324
1646475773907 0.054392602511713475 325
1646475773943 0.05463163367052929 326
1646475773967 0.054870599389361646 327
1646475774010 0.0551094937259273 328
1646475774037 0.05534831073971802 329
1646475774152 0.055587044492148366 330
1646475774189 0.05582568904670332 331
1646475774222 0.05606423846908592 332
1646475774255 0.056302686827364806 333
1646475774284 0.056541028192121784 334
1646475774317 0.0567792566365992 335
1646475774344 0.05701736623684736 336
1646475774477 0.05725535107187185 337
1646475774524 0.05749320522378073 338
1646475774567 0.05773092277793172 339
1646475774638 0.05796849782307928 340
1646475774686 0.05820592445152159 341
1646475774749 0.05844319675924745 342
1646475774819 0.058680308846083135 343
1646475774994 0.05891725481583904 344
1646475775040 0.05915402877645638 345
1646475775079 0.05939062484015362 346
1646475775116 0.059627037123572965 347
1646475775151 0.05986325974792661 348
1646475775194 0.060099286839142965 349
1646475775224 0.06033511252801266 350
1646475775349 0.06057073095033456 351
1646475775396 0.060806136247061555 352
1646475775430 0.06104132256444625 353
1646475775468 0.06127628405418655 354
1646475775504 0.06151101487357108 355
1646475775534 0.06174550918562445 356
1646475775585 0.061979761159252446 357
1646475775731 0.06221376496938698 358
1646475775782 0.06244751479713099 359
1646475775816 0.0626810048299031 360
1646475775858 0.06291422926158215 361
1646475775925 0.06314718229265165 362
1646475775965 0.06337985813034389 363
1646475776057 0.06361225098878405 364
1646475776181 0.06384435508913411 365
1646475776216 0.06407616465973642 366
1646475776251 0.06430767393625736 367
1646475776284 0.06453887716183064 368
1646475776312 0.0647697685872004 369
1646475776346 0.06500034247086425 370
1646475776374 0.06523059307921597 371
1646475776489 0.06546051468668813 372
1646475776526 0.0656901015758945 373
1646475776559 0.06591934803777214 374
1646475776591 0.06614824837172341 375
1646475776617 0.06637679688575773 376
1646475776662 0.0666049878966331 377
1646475776702 0.06683281572999747 378
1646475776816 0.06706027472052978 379
1646475776855 0.06728735921208084 380
1646475776890 0.06751406355781409 381
1646475776921 0.0677403821203458 382
1646475776951 0.06796630927188553 383
1646475776985 0.06819183939437584 384
1646475777011 0.0684169668796321 385
1646475777125 0.06864168612948196 386
1646475777162 0.06886599155590446 387
1646475777194 0.06908987758116913 388
1646475777227 0.06931333863797458 389
1646475777256 0.06953636916958697 390
1646475777291 0.06975896362997819 391
1646475777316 0.06998111648396378 392
1646475777429 0.07020282220734056 393
1646475777465 0.07042407528702402 394
1646475777506 0.07064487022118535 395
1646475777536 0.07086520151938834 396
1646475777575 0.07108506370272583 397
1646475777607 0.07130445130395605 398
1646475777633 0.07152335886763841 399
1646475777760 0.07174178095026935 400
1646475777797 0.07195971212041757 401
1646475777827 0.07217714695885914 402
1646475777863 0.07239408005871224 403
1646475777883 0.07261050602557165 404
1646475777932 0.07282641947764279 405
1646475778020 0.07304181504587573 406
1646475778208 0.07325668737409848 407
1646475778271 0.07347103111915038 408
1646475778336 0.0736848409510148 409
1646475778464 0.07389811155295183 410
1646475778542 0.07411083762163034 411
1646475778612 0.07432301386726002 412
1646475778675 0.07453463501372275 413
1646475778878 0.07474569579870394 414
1646475778926 0.07495619097382326 415
1646475778988 0.07516611530476532 416
1646475779033 0.07537546357140963 417
1646475779072 0.07558423056796054 418
1646475779117 0.07579241110307669 419
1646475779153 0.076 420
1646475779293 0.07620699209668452 421
1646475779336 0.07641338224592471 422
1646475779366 0.07661916531548349 423
1646475779411 0.07682433618821982 424
1646475779445 0.0770288897622159 425
1646475779487 0.07723282095090424 426
1646475779524 0.07743612468319383 427
1646475779677 0.07763879590359658 428
1646475779749 0.07784082957235275 429
1646475779812 0.07804222066555645 430
1646475779873 0.0782429641752805 431
1646475779969 0.07844305510970093 432
1646475780042 0.0786424884932212 433
1646475780123 0.07884125936659585 434
1646475780321 0.07903936278705387 435
1646475780381 0.07923679382842153 436
1646475780452 0.079433547581245 437
1646475780503 0.07962961915291233 438
1646475780555 0.07982500366777515 439
1646475780591 0.0800196962672699 440
1646475780637 0.0802136921100387 441
1646475780814 0.08040698637204964 442
1646475780875 0.08059957424671685 443
1646475780923 0.08079145094501985 444
1646475780964 0.08098261169562293 445
1646475781005 0.08117305174499345 446
1646475781053 0.08136276635752032 447
1646475781098 0.0815517508156316 448
1646475781250 0.08174000041991192 449
1646475781291 0.08192751048921922 450
1646475781330 0.08211427636080125 451
1646475781354 0.08230029339041146 452
1646475781399 0.08248555695242459 453
1646475781443 0.08267006243995148 454
1646475781472 0.0828538052649539 455
1646475781594 0.08303678085835839 456
1646475781632 0.08321898467017007 457
1646475781684 0.08340041216958566 458
1646475781716 0.08358105884510621 459
1646475781754 0.08376092020464924 460
1646475781784 0.08393999177566053 461
1646475781820 0.08411826910522519 462
1646475781926 0.08429574776017855 463
1646475781966 0.08447242332721626 464
1646475781999 0.08464829141300415 465
1646475782036 0.08482334764428737 466
1646475782064 0.08499758766799928 467
1646475782099 0.08517100715136951 468
1646475782125 0.08534360178203187 469
1646475782245 0.0855153672681315 470
1646475782280 0.0856862993384316 471
1646475782318 0.08585639374241963 472
1646475782357 0.08602564625041308 473
1646475782390 0.08619405265366455 474
1646475782422 0.0863616087644665 475
1646475782450 0.08652831041625525 476
1646475782569 0.0866941534637148 477
1646475782612 0.08685913378287967 478
1646475782647 0.08702324727123764 479
1646475782693 0.08718648984783166 480
1646475782726 0.08734885745336138 481
1646475782757 0.08751034605028403 482
1646475782788 0.08767095162291494 483
1646475782891 0.08783067017752721 484
1646475782937 0.08798949774245125 485
1646475782971 0.08814743036817332 486
1646475783006 0.08830446412743394 487
1646475783033 0.08846059511532535 488
1646475783072 0.0886158194493888 489
1646475783099 0.08877013326971095 490
1646475783225 0.08892353273901994 491
1646475783262 0.08907601404278077 492
1646475783296 0.08922757338929019 493
1646475783333 0.08937820700977092 494
1646475783366 0.08952791115846542 495
1646475783397 0.08967668211272907 496
1646475783427 0.08982451617312266 497
1646475783538 0.08997140966350438 498
1646475783576 0.09011735893112133 499
1646475783617 0.09026236034670027 500
1646475783678 0.0904064103045379 501
1646475783730 0.09054950522259048 502
1646475783780 0.09069164154256298 503
1646475783838 0.09083281572999748 504
1646475784022 0.09097302427436112 505
1646475784072 0.09111226368913336 506
1646475784120 0.0912505305118927 507
1646475784160 0.09138782130440279 508
1646475784200 0.09152413265269789 509
1646475784232 0.09165946116716775 510
1646475784272 0.091793803482642 511
1646475784413 0.09192715625847371 512
1646475784453 0.09205951617862253 513
1646475784490 0.09219087995173712 514
1646475784521 0.09232124431123703 515
1646475784560 0.09245060601539389 516
1646475784602 0.092578961847412 517
1646475784647 0.09270630861550845 518
1646475784781 0.0928326431529923 519
1646475784829 0.09295796231834347 520
1646475784862 0.09308226299529081 521
1646475784905 0.09320554209288957 522
1646475784932 0.09332779654559832 523
1646475785009 0.09344902331335508 524
1646475785071 0.09356921938165307 525
1646475785236 0.09368838176161547 526
1646475785272 0.09380650749006995 527
1646475785302 0.09392359362962223 528
1646475785335 0.09403963726872912 529
1646475785363 0.09415463552177097 530
1646475785400 0.09426858552912343 531
1646475785428 0.0943814844572285 532
1646475785535 0.09449332949866504 533
1646475785574 0.0946041178722186 534
1646475785609 0.09471384682295049 535
1646475785632 0.0948225136222664 536
1646475785678 0.09493011556798417 537
1646475785713 0.095036649984401 538
1646475785743 0.09514211422236002 539
1646475785888 0.09524650565931612 540
1646475785929 0.0953498216994012 541
1646475786000 0.09545205977348871 542
1646475786030 0.09555321733925752 543
1646475786062 0.09565329188125515 544
1646475786091 0.09575228091096032 545
1646475786120 0.09585018196684485 546
1646475786232 0.09594699261443485 547
1646475786270 0.09604271044637124 548
1646475786305 0.09613733308246963 549
1646475786337 0.09623085816977958 550
1646475786366 0.09632328338264294 551
1646475786401 0.09641460642275185 552
1646475786426 0.09650482501920579 553
1646475786542 0.09659393692856813 554
1646475786580 0.0966819399349218 555
1646475786610 0.09676883184992453 556
1646475786644 0.09685461051286315 557
1646475786680 0.0969392737907074 558
1646475786722 0.0970228195781629 559
1646475786749 0.0971052457977236 560
1646475786894 0.09718655039972335 561
1646475786931 0.09726673136238691 562
1646475786974 0.0973457866918802 563
1646475787013 0.09742371442235989 564
1646475787049 0.09750051261602233 565
1646475787084 0.09757617936315167 566
1646475787116 0.09765071278216737 567
1646475787245 0.09772411101967103 568
1646475787290 0.09779637225049237 569
1646475787327 0.09786749467773476 570
1646475787376 0.0979374765328198 571
1646475787428 0.09800631607553131 572
1646475787503 0.09807401159405868 573
1646475787559 0.09814056140503931 574
1646475787788 0.09820596385360059 575
1646475787844 0.09827021731340096 576
1646475787884 0.09833332018667043 577
1646475787936 0.09839527090425026 578
1646475787997 0.098456067925632 579
1646475788050 0.09851570973899575 580
1646475788092 0.09857419486124784 581
1646475788220 0.09863152183805765 582
1646475788272 0.09868768924389378 583
1646475788310 0.09874269568205951 584
1646475788351 0.09879653978472754 585
1646475788395 0.09884922021297397 586
1646475788416 0.09890073565681165 587
1646475788468 0.09895108483522268 588
1646475788604 0.09900026649619031 589
1646475788659 0.09904827941673011 590
1646475788705 0.09909512240292029 591
1646475788747 0.09914079428993147 592
1646475788789 0.0991852939420556 593
1646475788827 0.09922862025273423 594
1646475788913 0.09927077214458599 595
1646475789126 0.09931174856943342 596
1646475789175 0.09935154850832903 597
1646475789211 0.0993901709715806 598
1646475789254 0.09942761499877581 599
1646475789282 0.09946387965880618 600
1646475789323 0.0994989640498901 601
1646475789349 0.09953286729959539 602
1646475789476 0.09956558856486088 603
1646475789533 0.09959712703201745 604
1646475789571 0.09962748191680826 605
1646475789609 0.0996566524644082 606
1646475789637 0.09968463794944267 607
1646475789678 0.0997114376760057 608
1646475789711 0.09973705097767713 609
1646475789823 0.09976147721753928 610
1646475789859 0.09978471578819273 611
1646475789894 0.09980676611177149 612
1646475789932 0.09982762763995724 613
1646475789960 0.09984729985399317 614
1646475789982 0.09986578226469665 615
1646475790022 0.09988307441247157 616
1646475790133 0.09989917586731967 617
1646475790170 0.0999140862288513 618
1646475790200 0.09992780512629529 619
1646475790238 0.09994033221850827 620
1646475790265 0.0999516671939831 621
1646475790304 0.09996180977085661 622
1646475790334 0.0999707596969166 623
1646475790447 0.09997851674960817 624
1646475790486 0.09998508073603919 625
1646475790519 0.09999045149298513 626
1646475790557 0.09999462888689313 627
1646475790585 0.09999761281388526 628
1646475790622 0.09999940319976121 629
1646475790649 0.09999988581654443 630
1646475790781 0.09999954326669921 631
1646475790828 0.09999897235202891 632
1646475790859 0.0999981730751411 633
1646475790883 0.09999714543968634 634
1646475790927 0.09999588945035823 635
1646475790958 0.09999440511289331 636
1646475790982 0.09999269243407109 637
1646475791100 0.09999075142171397 638
1646475791139 0.09998858208468725 639
1646475791170 0.09998618443289907 640
1646475791219 0.09998355847730035 641
1646475791289 0.09998070422988478 642
1646475791342 0.09997762170368871 643
1646475791408 0.09997431091279116 644
1646475791651 0.09997077187231367 645
1646475791699 0.0999670045984203 646
1646475791729 0.09996300910831754 647
1646475791769 0.09995878542025423 648
1646475791809 0.09995433355352143 649
1646475791838 0.09994965352845243 650
1646475791885 0.09994474536642255 651
1646475792013 0.09993960908984914 652
1646475792059 0.09993424472219138 653
1646475792103 0.09992865228795028 654
1646475792145 0.09992283181266845 655
1646475792182 0.0999167833229301 656
1646475792219 0.09991050684636081 657
1646475792250 0.09990400241162752 658
1646475792374 0.09989727004843828 659
1646475792414 0.0998903097875422 660
1646475792453 0.09988312166072927 661
1646475792495 0.09987570570083022 662
1646475792561 0.0998680619417164 663
1646475792609 0.09986019041829958 664
1646475792639 0.09985209116653179 665
1646475792827 0.09984376422340524 666
1646475792865 0.09983520962695201 667
1646475792897 0.09982642741624403 668
1646475792928 0.09981741763139274 669
1646475792949 0.09980818031354909 670
1646475792993 0.09979871550490317 671
1646475793016 0.09978902324868413 672
1646475793141 0.09977910358915996 673
1646475793178 0.09976895657163733 674
1646475793209 0.09975858224246123 675
1646475793244 0.09974798064901494 676
1646475793265 0.09973715183971972 677
1646475793310 0.0997260958640346 678
1646475793332 0.09971481277245615 679
1646475793454 0.0997033026165183 680
1646475793492 0.09969156544879201 681
1646475793523 0.09967960132288511 682
1646475793553 0.09966741029344206 683
1646475793585 0.09965499241614359 684
1646475793619 0.09964234774770661 685
1646475793646 0.0996294763458838 686
1646475793768 0.09961637826946346 687
1646475793804 0.09960305357826917 688
1646475793834 0.09958950233315954 689
1646475793872 0.09957572459602795 690
1646475793898 0.09956172042980223 691
1646475793935 0.09954748989844439 692
1646475793961 0.09953303306695035 693
1646475794079 0.0995183500013496 694
1646475794113 0.09950344076870497 695
1646475794147 0.0994883054371122 696
1646475794180 0.09947294407569977 697
1646475794213 0.09945735675462848 698
1646475794247 0.09944154354509119 699
1646475794265 0.09942550451931245 700
1646475794394 0.09940923975054825 701
1646475794430 0.09939274931308553 702
1646475794469 0.09937603328224204 703
1646475794502 0.09935909173436584 704
1646475794538 0.099341924746835 705
1646475794574 0.09932453239805729 706
1646475794606 0.09930691476746976 707
1646475794736 0.09928907193553844 708
1646475794773 0.09927100398375785 709
1646475794812 0.09925271099465081 710
1646475794847 0.09923419305176792 711
1646475794875 0.09921545023968721 712
1646475794913 0.09919648264401378 713
1646475794968 0.0991772903513794 714
1646475795189 0.09915787344944213 715
1646475795263 0.09913823202688588 716
1646475795307 0.09911836617342003 717
1646475795342 0.099098275979779 718
1646475795394 0.09907796153772187 719
1646475795419 0.09905742294003195 720
1646475795462 0.09903666028051634 721
1646475795593 0.0990156736540055 722
1646475795633 0.09899446315635282 723
1646475795665 0.09897302888443424 724
1646475795714 0.09895137093614768 725
1646475795748 0.09892948941041274 726
1646475795791 0.09890738440717015 727
1646475795829 0.09888505602738132 728
1646475795964 0.0988625043730279 729
1646475796010 0.09883972954711141 730
1646475796047 0.09881673165365253 731
1646475796080 0.09879351079769086 732
1646475796115 0.09877006708528434 733
1646475796158 0.09874640062350874 734
1646475796196 0.09872251152045726 735
1646475796372 0.09869839988523992 736
1646475796463 0.09867406582798315 737
1646475796494 0.09864950945982928 738
1646475796530 0.098624730892936 739
1646475796559 0.09859973024047584 740
1646475796593 0.0985745076166357 741
1646475796620 0.09854906313661634 742
1646475796749 0.0985233969166317 743
1646475796787 0.0984975090739086 744
1646475796815 0.09847139972668602 745
1646475796857 0.09844506899421467 746
1646475796881 0.0984185169967564 747
1646475796922 0.09839174385558365 748
1646475796948 0.09836474969297887 749
1646475797074 0.09833753463223405 750
1646475797112 0.09831009879765007 751
1646475797145 0.09828244231453617 752
1646475797178 0.09825456530920935 753
1646475797206 0.09822646790899386 754
1646475797238 0.09819815024222053 755
1646475797266 0.09816961243822624 756
1646475797380 0.0981408546273533 757
1646475797419 0.09811187694094889 758
1646475797451 0.09808267951136446 759
1646475797484 0.09805326247195503 760
1646475797515 0.09802362595707877 761
1646475797552 0.09799377010209614 762
1646475797579 0.09796369504336953 763
1646475797710 0.09793340091826243 764
1646475797745 0.09790288786513891 765
1646475797782 0.09787215602336295 766
1646475797819 0.09784120553329785 767
1646475797846 0.09781003653630553 768
1646475797883 0.0977786491747459 769
1646475797909 0.09774704359197621 770
1646475798026 0.09771521993235047 771
1646475798060 0.09768317834121862 772
1646475798098 0.09765091896492609 773
1646475798136 0.09761844195081291 774
1646475798165 0.09758574744721321 775
1646475798208 0.09755283560345443 776
1646475798240 0.09751970656985669 777
1646475798355 0.09748636049773209 778
1646475798393 0.09745279753938403 779
1646475798424 0.09741901784810654 780
1646475798457 0.09738502157818346 781
1646475798481 0.09735080888488792 782
1646475798519 0.09731637992448146 783
1646475798549 0.09728173485421342 784
1646475798702 0.09724687383232018 785
1646475798774 0.09721179701802449 786
1646475798832 0.09717650457153462 787
1646475798898 0.09714099665404377 788
1646475798958 0.09710527342772927 789
1646475799016 0.09706933505575184 790
1646475799059 0.09703318170225479 791
1646475799197 0.09699681353236342 792
1646475799239 0.09696023071218408 793
1646475799270 0.0969234334088036 794
1646475799314 0.09688642179028838 795
1646475799352 0.09684919602568365 796
1646475799406 0.09681175628501273 797
1646475799443 0.09677410273927631 798
1646475799564 0.09673623556045154 799
1646475799608 0.09669815492149131 800
1646475799642 0.09665986099632348 801
1646475799688 0.09662135395985007 802
1646475799731 0.09658263398794643 803
1646475799776 0.09654370125746049 804
1646475799813 0.09650455594621189 805
1646475799956 0.09646519823299123 806
1646475800031 0.09642562829755921 807
1646475800106 0.09638584632064587 808
1646475800191 0.09634585248394963 809
1646475800215 0.09630564697013662 810
1646475800254 0.09626522996283975 811
1646475800281 0.0962246016466579 812
1646475800401 0.09618376220715508 813
1646475800441 0.09614271183085958 814
1646475800474 0.09610145070526309 815
1646475800505 0.09605997901881987 816
1646475800531 0.09601829696094591 817
1646475800572 0.09597640472201803 818
1646475800598 0.095934302493373 819
1646475800725 0.09589199046730673 820
1646475800760 0.09584946883707332 821
1646475800793 0.09580673779688421 822
1646475800827 0.0957637975419073 823
1646475800858 0.09572064826826603 824
1646475800890 0.09567729017303851 825
1646475800919 0.09563372345425666 826
1646475801049 0.09558994831090517 827
1646475801087 0.09554596494292075 828
1646475801119 0.0955017735511911 829
1646475801151 0.09545737433755408 830
1646475801182 0.09541276750479673 831
1646475801217 0.09536795325665434 832
1646475801245 0.09532293179780955 833
1646475801367 0.09527770333389145 834
1646475801403 0.09523226807147452 835
1646475801436 0.09518662621807782 836
1646475801466 0.09514077798216396 837
1646475801498 0.09509472357313818 838
1646475801529 0.09504846320134738 839
1646475801560 0.09500199707807919 840
1646475801689 0.09495532541556093 841
1646475801734 0.09490844842695872 842
1646475801762 0.0948613663263765 843
1646475801800 0.094814079328855 844
1646475801830 0.0947665876503708 845
1646475801867 0.09471889150783531 846
1646475801893 0.09467099111909384 847
1646475802013 0.09462288670292453 848
1646475802047 0.09457457847903737 849
1646475802080 0.09452606666807328 850
1646475802114 0.094477351491603 851
1646475802147 0.09442843317212607 852
1646475802185 0.09437931193306992 853
1646475802216 0.09432998799878874 854
1646475802339 0.09428046159456253 855
1646475802381 0.09423073294659605 856
1646475802442 0.09418080228201775 857
1646475802500 0.09413066982887877 858
1646475802550 0.0940803358161519 859
1646475802636 0.09402980047373054 860
1646475802684 0.09397906403242758 861
1646475802870 0.09392812672397445 862
1646475802913 0.09387698878102001 863
1646475802948 0.09382565043712943 864
1646475802993 0.09377411192678328 865
1646475803032 0.09372237348537629 866
1646475803069 0.09367043534921637 867
1646475803109 0.0936182977555235 868
1646475803253 0.09356596094242865 869
1646475803296 0.0935134251489727 870
1646475803329 0.09346069061510538 871
1646475803367 0.09340775758168408 872
1646475803416 0.09335462629047282 873
1646475803448 0.09330129698414119 874
1646475803481 0.09324776990626309 875
1646475803602 0.09319404530131581 876
1646475803659 0.09314012341467875 877
1646475803737 0.09308600449263241 878
1646475803793 0.09303168878235718 879
1646475803861 0.09297717653193228 880
1646475803912 0.09292246799033459 881
1646475803934 0.09286756340743753 882
1646475804059 0.09281246303400989 883
1646475804096 0.09275716712171472 884
1646475804131 0.09270167592310816 885
1646475804151 0.09264598969163833 886
1646475804192 0.09259010868164405 887
1646475804223 0.09253403314835384 888
1646475804253 0.09247776334788467 889
1646475804371 0.09242129953724074 890
1646475804416 0.09236464197431243 891
1646475804443 0.092307790917875 892
1646475804478 0.09225074662758755 893
1646475804498 0.09219350936399162 894
1646475804539 0.09213607938851023 895
1646475804570 0.09207845696344655 896
1646475804696 0.09202064235198275 897
1646475804739 0.09196263581817875 898
1646475804770 0.09190443762697105 899
1646475804802 0.09184604804417158 900
1646475804832 0.09178746733646638 901
1646475804865 0.09172869577141439 902
1646475804892 0.09166973361744632 903
1646475805019 0.09161058114386335 904
1646475805053 0.0915512386208359 905
1646475805084 0.09149170631940244 906
1646475805118 0.09143198451146821 907
1646475805148 0.091372073469804 908
1646475805175 0.09131197346804489 909
1646475805206 0.091251684780689 910
1646475805308 0.0911912076830963 911
1646475805347 0.09113054245148722 912
1646475805383 0.09106968936294149 913
1646475805420 0.09100864869539688 914
1646475805447 0.09094742072764787 915
1646475805485 0.09088600573934444 916
1646475805510 0.0908244040109907 917
1646475805616 0.09076261582394374 918
1646475805668 0.09070064146041219 919
1646475805710 0.0906384812034551 920
1646475805743 0.09057613533698053 921
1646475805777 0.09051360414574423 922
1646475805812 0.0904508879153485 923
1646475805849 0.09038798693224069 924
1646475805988 0.09032490148371201 925
1646475806052 0.0902616318578962 926
1646475806115 0.09019817834376821 927
1646475806148 0.09013454123114283 928
1646475806190 0.09007072081067347 929
1646475806249 0.09000671737385073 930
1646475806331 0.0899425312130011 931
1646475806527 0.0898781626212857 932
1646475806579 0.0898136118926988 933
1646475806616 0.08974887932206663 934
1646475806675 0.08968396520504587 935
1646475806719 0.08961886983812245 936
1646475806753 0.08955359351861014 937
1646475806789 0.08948813654464913 938
1646475806922 0.08942249921520477 939
1646475806969 0.08935668183006615 940
1646475807001 0.08929068468984472 941
1646475807046 0.08922450809597293 942
1646475807085 0.08915815235070293 943
1646475807123 0.089091617757105 944
1646475807156 0.08902490461906638 945
1646475807273 0.08895801324128978 946
1646475807316 0.0888909439292919 947
1646475807347 0.08882369698940226 948
1646475807382 0.08875627272876158 949
1646475807436 0.0886886714553205 950
1646475807464 0.08862089347783814 951
1646475807544 0.08855293910588066 952
1646475807761 0.08848480864981995 953
1646475807796 0.08841650242083204 954
1646475807833 0.08834802073089587 955
1646475807862 0.0882793638927917 956
1646475807894 0.08821053222009981 957
1646475807927 0.08814152602719895 958
1646475807956 0.08807234562926505 959
1646475808077 0.08800299134226963 960
1646475808112 0.08793346348297842 961
1646475808146 0.08786376236894998 962
1646475808180 0.08779388831853412 963
1646475808214 0.08772384165087055 964
1646475808245 0.08765362268588736 965
1646475808272 0.08758323174429958 966
1646475808389 0.08751266914760779 967
1646475808427 0.08744193521809647 968
1646475808459 0.08737103027883272 969
1646475808492 0.08729995465366468 970
1646475808522 0.08722870866722003 971
1646475808554 0.08715729264490463 972
1646475808581 0.08708570691290088 973
1646475808711 0.08701395179816636 974
1646475808746 0.08694202762843227 975
1646475808781 0.0868699347322019 976
1646475808813 0.08679767343874924 977
1646475808840 0.08672524407811735 978
1646475808864 0.08665264698111695 979
1646475808900 0.08657988247932488 980
1646475809015 0.08650695090508254 981
1646475809056 0.08643385259149444 982
1646475809088 0.0863605878724266 983
1646475809120 0.08628715708250519 984
1646475809147 0.08621356055711472 985
1646475809187 0.08613979863239682 986
1646475809214 0.08606587164524845 987
1646475809334 0.08599177993332055 988
1646475809371 0.08591752383501637 989
1646475809404 0.08584310368948996 990
1646475809441 0.0857685198366447 991
1646475809475 0.08569377261713158 992
1646475809512 0.08561886237234785 993
1646475809543 0.08554378944443528 994
1646475809659 0.08546855417627869 995
1646475809704 0.08539315691150438 996
1646475809737 0.08531759799447851 997
1646475809770 0.08524187777030565 998
1646475809797 0.08516599658482699 999
1646475809841 0.085089954784619 1000
1646475809864 0.08501375271699167 1001
1646475810071 0.084937390729987 1002
1646475810159 0.08486086917237745 1003
1646475810221 0.08478418839366421 1004
1646475810268 0.08470734874407575 1005
1646475810297 0.08463035057456612 1006
1646475810355 0.08455319423681344 1007
1646475810403 0.0844758800832182 1008
1646475810539 0.08439840846690169 1009
1646475810579 0.08432077974170443 1010
1646475810612 0.08424299426218444 1011
1646475810653 0.08416505238361578 1012
1646475810703 0.08408695446198675 1013
1646475810730 0.08400870085399842 1014
1646475810784 0.08393029191706292 1015
1646475810912 0.08385172800930181 1016
1646475810956 0.08377300948954447 1017
1646475810988 0.08369413671732644 1018
1646475811033 0.0836151100528878 1019
1646475811064 0.08353592985717145 1020
1646475811113 0.08345659649182165 1021
1646475811151 0.08337711031918209 1022
1646475811337 0.0832974717022945 1023
1646475811402 0.0832176810048968 1024
1646475811446 0.08313773859142158 1025
1646475811483 0.08305764482699435 1026
1646475811510 0.08297740007743183 1027
1646475811532 0.08289700470924045 1028
1646475811572 0.08281645908961449 1029
1646475811687 0.08273576358643453 1030
1646475811734 0.08265491856826568 1031
1646475811764 0.08257392440435597 1032
1646475811805 0.08249278146463462 1033
1646475811830 0.08241149011971037 1034
1646475811869 0.08233005074086974 1035
1646475811897 0.08224846370007544 1036
1646475812016 0.08216672936996457 1037
1646475812050 0.08208484812384692 1038
1646475812084 0.08200282033570337 1039
1646475812102 0.08192064638018404 1040
1646475812143 0.08183832663260669 1041
1646475812175 0.08175586146895497 1042
1646475812197 0.08167325126587667 1043
1646475812322 0.08159049640068203 1044
1646475812359 0.08150759725134202 1045
1646475812388 0.0814245541964866 1046
1646475812421 0.08134136761540303 1047
1646475812451 0.08125803788803408 1048
1646475812487 0.0811745653949763 1049
1646475812513 0.08109095051747836 1050
1646475812630 0.08100719363743916 1051
1646475812672 0.08092329513740626 1052
1646475812714 0.08083925540057403 1053
1646475812751 0.08075507481078188 1054
1646475812778 0.0806707537525126 1055
1646475812813 0.0805862926108905 1056
1646475812841 0.08050169177167975 1057
1646475812956 0.08041695162128251 1058
1646475812993 0.08033207254673727 1059
1646475813028 0.08024705493571704 1060
1646475813066 0.08016189917652754 1061
1646475813097 0.08007660565810545 1062
1646475813124 0.07999117477001676 1063
1646475813162 0.0799056069024547 1064
1646475813284 0.07981990244623828 1065
1646475813319 0.07973406179281028 1066
1646475813350 0.07964808533423559 1067
1646475813381 0.07956197346319932 1068
1646475813410 0.0794757265730051 1069
1646475813448 0.0793893450575732 1070
1646475813474 0.07930282931143882 1071
1646475813606 0.07921617972975023 1072
1646475813646 0.07912939670826691 1073
1646475813707 0.07904248064335789 1074
1646475813777 0.07895543193199983 1075
1646475813837 0.0788682509717752 1076
1646475813895 0.07878093816087055 1077
1646475813950 0.07869349389807459 1078
1646475814126 0.07860591858277646 1079
1646475814171 0.07851821261496385 1080
1646475814204 0.07843037639522116 1081
1646475814240 0.07834241032472773 1082
1646475814278 0.07825431480525596 1083
1646475814323 0.07816609023916948 1084
1646475814364 0.07807773702942139 1085
1646475814506 0.07798925557955222 1086
1646475814555 0.07790064629368836 1087
1646475814580 0.07781190957653995 1088
1646475814628 0.07772304583339924 1089
1646475814661 0.07763405547013864 1090
1646475814697 0.07754493889320883 1091
1646475814752 0.07745569650963702 1092
1646475814872 0.07736632872702497 1093
1646475814913 0.07727683595354719 1094
1646475814944 0.07718721859794911 1095
1646475815003 0.07709747706954512 1096
1646475815064 0.07700761177821679 1097
1646475815111 0.0769176231344109 1098
1646475815204 0.07682751154913771 1099
1646475815325 0.07673727743396895 1100
1646475815363 0.07664692120103597 1101
1646475815395 0.07655644326302792 1102
1646475815426 0.07646584403318979 1103
1646475815458 0.07637512392532053 1104
1646475815492 0.07628428335377127 1105
1646475815514 0.07619332273344324 1106
1646475815640 0.07610224247978606 1107
1646475815688 0.07601104300879569 1108
1646475815713 0.07591972473701261 1109
1646475815758 0.07582828808151994 1110
1646475815788 0.07573673345994147 1111
1646475815819 0.07564506129043984 1112
1646475815850 0.07555327199171448 1113
1646475815964 0.07546136598299985 1114
1646475816006 0.07536934368406346 1115
1646475816041 0.07527720551520398 1116
1646475816072 0.07518495189724923 1117
1646475816103 0.07509258325155439 1118
1646475816132 0.0750001 1119
1646475816163 0.07490750256499003 1120
1646475816286 0.07481479136945 1121
1646475816325 0.07472196683682494 1122
1646475816359 0.07462902939107763 1123
1646475816389 0.0745359794566865 1124
1646475816414 0.07444281745864377 1125
1646475816453 0.07434954382245348 1126
1646475816480 0.07425615897412961 1127
1646475816595 0.07416266334019404 1128
1646475816634 0.07406905734767466 1129
1646475816667 0.0739753414241034 1130
1646475816713 0.07388151599751429 1131
1646475816743 0.07378758149644153 1132
1646475816777 0.07369353834991745 1133
1646475816804 0.07359938698747061 1134
1646475816929 0.07350512783912388 1135
1646475816970 0.07341076133539239 1136
1646475817003 0.07331628790728158 1137
1646475817038 0.07322170798628527 1138
1646475817072 0.07312702200438372 1139
1646475817111 0.07303223039404153 1140
1646475817145 0.0729373335882058 1141
1646475817257 0.07284233202030403 1142
1646475817294 0.07274722612424228 1143
1646475817324 0.07265201633440309 1144
1646475817367 0.07255670308564348 1145
1646475817397 0.07246128681329309 1146
1646475817464 0.07236576795315197 1147
1646475817539 0.07227014694148887 1148
1646475817755 0.07217442421503903 1149
1646475817803 0.07207860021100225 1150
1646475817846 0.07198267536704092 1151
1646475817880 0.07188665012127801 1152
1646475817939 0.07179052491229503 1153
1646475817963 0.07169430017913009 1154
1646475817997 0.07159797636127585 1155
1646475818146 0.07150155389867752 1156
1646475818186 0.07140503323173088 1157
1646475818229 0.07130841480128018 1158
1646475818261 0.07121169904861628 1159
1646475818301 0.0711148864154745 1160
1646475818330 0.07101797734403262 1161
1646475818375 0.07092097227690894 1162
1646475818511 0.07082387165716014 1163
1646475818555 0.07072667592827944 1164
1646475818594 0.07062938553419432 1165
1646475818644 0.07053200091926472 1166
1646475818691 0.07043452252828089 1167
1646475818730 0.0703369508064614 1168
1646475818800 0.07023928619945106 1169
1646475819001 0.07014152915331899 1170
1646475819040 0.07004368011455644 1171
1646475819071 0.06994573953007484 1172
1646475819102 0.06984770784720377 1173
1646475819130 0.06974958551368889 1174
1646475819167 0.06965137297768985 1175
1646475819193 0.06955307068777833 1176
1646475819315 0.06945467909293594 1177
1646475819351 0.06935619864255214 1178
1646475819383 0.06925762978642228 1179
1646475819417 0.06915897297474545 1180
1646475819447 0.06906022865812249 1181
1646475819478 0.0689613972875539 1182
1646475819505 0.06886247931443776 1183
1646475819634 0.06876347519056775 1184
1646475819678 0.06866438536813095 1185
1646475819723 0.06856521029970594 1186
1646475819756 0.06846595043826062 1187
1646475819787 0.06836660623715013 1188
1646475819822 0.06826717815011489 1189
1646475819848 0.06816766663127838 1190
1646475819966 0.0680680721351452 1191
1646475820004 0.06796839511659894 1192
1646475820035 0.06786863603090004 1193
1646475820063 0.06776879533368381 1194
1646475820098 0.06766887348095833 1195
1646475820130 0.06756887092910233 1196
1646475820158 0.06746878813486307 1197
1646475820283 0.0673686255553544 1198
1646475820326 0.0672683836480545 1199
1646475820355 0.06716806287080392 1200
1646475820386 0.06706766368180335 1201
1646475820413 0.06696718653961176 1202
1646475820452 0.06686663190314403 1203
1646475820480 0.06676600023166905 1204
1646475820607 0.06666529198480751 1205
1646475820645 0.06656450762252991 1206
1646475820682 0.06646364760515434 1207
1646475820724 0.06636271239334447 1208
1646475820763 0.06626170244810739 1209
1646475820797 0.06616061823079152 1210
1646475820829 0.06605946020308452 1211
1646475820936 0.06595822882701116 1212
1646475820974 0.06585692456493124 1213
1646475821003 0.06575554787953744 1214
1646475821038 0.0656540992338532 1215
1646475821066 0.06555257909123066 1216
1646475821103 0.0654509879153485 1217
1646475821137 0.06534932617020985 1218
1646475821325 0.06524759432014013 1219
1646475821396 0.06514579282978496 1220
1646475821447 0.06504392216410806 1221
1646475821480 0.06494198278838906 1222
1646475821537 0.06483997516822142 1223
1646475821579 0.06473789976951033 1224
1646475821618 0.06463575705847052 1225
1646475821768 0.06453354750162416 1226
1646475821810 0.06443127156579871 1227
1646475821847 0.06432892971812486 1228
1646475821885 0.0642265224260343 1229
1646475821913 0.06412405015725764 1230
1646475821957 0.06402151337982227 1231
1646475821996 0.06391891256205022 1232
1646475822126 0.06381624817255596 1233
1646475822168 0.06371352068024438 1234
1646475822209 0.06361073055430858 1235
1646475822248 0.06350787826422767 1236
1646475822281 0.06340496427976475 1237
1646475822334 0.06330198907096464 1238
1646475822364 0.06319895310815188 1239
1646475822522 0.06309585686192841 1240
1646475822577 0.06299270080317156 1241
1646475822679 0.06288948540303181 1242
1646475822731 0.06278621113293069 1243
1646475822760 0.06268287846455858 1244
1646475822796 0.06257948786987269 1245
1646475822822 0.06247603982109465 1246
1646475822944 0.0623725347907086 1247
1646475822984 0.062268973251458935 1248
1646475823014 0.06216535567634809 1249
1646475823051 0.062061682538634484 1250
1646475823080 0.06195795431183031 1251
1646475823115 0.061854171469699334 1252
1646475823141 0.06175033448625481 1253
1646475823259 0.06164644383575726 1254
1646475823295 0.06154249999271228 1255
1646475823331 0.06143850343186853 1256
1646475823367 0.061334454628215324 1257
1646475823395 0.06123035405698065 1258
1646475823430 0.06112620219362893 1259
1646475823458 0.06102199951385886 1260
1646475823578 0.060917746493601224 1261
1646475823616 0.06081344360901673 1262
1646475823652 0.06070909133649383 1263
1646475823690 0.060604690152646565 1264
1646475823729 0.06050024053431233 1265
1646475823766 0.0603957429585498 1266
1646475823798 0.060291197902636665 1267
1646475823908 0.060186605844067424 1268
1646475823947 0.06008196726055132 1269
1646475823984 0.059977282630010065 1270
1646475824015 0.059872552430575675 1271
1646475824045 0.05976777714058832 1272
1646475824080 0.059662957238594105 1273
1646475824105 0.059558093203342884 1274
1646475824221 0.05945318551378608 1275
1646475824258 0.0593482346490745 1276
1646475824293 0.0592432410885562 1277
1646475824331 0.05913820531177416 1278
1646475824363 0.05903312779846423 1279
1646475824400 0.05892800902855288 1280
1646475824428 0.05882284948215499 1281
1646475824544 0.05871764963957172 1282
1646475824584 0.05861240998128823 1283
1646475824618 0.05850713098797158 1284
1646475824648 0.05840181314046844 1285
1646475824680 0.05829645691980298 1286
1646475824727 0.05819106280717461 1287
1646475824760 0.058085631283955816 1288
1646475824886 0.057980162831689955 1289
1646475824934 0.057874657932089055 1290
1646475824983 0.05776911706703158 1291
1646475825042 0.05766354071856031 1292
1646475825106 0.057557929368880045 1293
1646475825170 0.057452283500355486 1294
1646475825234 0.05734660359550898 1295
1646475825402 0.0572408901370183 1296
1646475825471 0.05713514360771452 1297
1646475825517 0.057029364490579715 1298
1646475825547 0.056923553268744854 1299
1646475825596 0.056817710425487486 1300
1646475825636 0.05671183644422961 1301
1646475825666 0.05660593180853546 1302
1646475825809 0.056499997002109226 1303
1646475825852 0.05639403250879297 1304
1646475825888 0.05628803881256428 1305
1646475825927 0.05618201639753418 1306
1646475825963 0.05607596574794482 1307
1646475826011 0.0559698873481673 1308
1646475826045 0.05586378168269955 1309
1646475826184 0.055757649236163914 1310
1646475826224 0.05565149049330513 1311
1646475826307 0.05554530593898801 1312
1646475826355 0.055439096058195296 1313
1646475826441 0.055332861336025344 1314
1646475826480 0.05522660225769002 1315
1646475826516 0.05512031930851241 1316
1646475826643 0.05501401297392465 1317
1646475826727 0.05490768373946564 1318
1646475826790 0.054801332090778906 1319
1646475826826 0.054694958513610364 1320
1646475826860 0.054588563493806024 1321
1646475826895 0.0544821475173099 1322
1646475826931 0.05437571107016168 1323
1646475827039 0.054269254638494566 1324
1646475827079 0.05416277870853303 1325
1646475827114 0.05405628376659061 1326
1646475827147 0.053949770299067674 1327
1646475827176 0.053843238792449184 1328
1646475827216 0.0537366897333025 1329
1646475827250 0.053630123608275175 1330
1646475827365 0.053523540904092705 1331
1646475827403 0.05341694210755628 1332
1646475827435 0.053310327705540596 1333
1646475827466 0.05320369818499166 1334
1646475827495 0.05309705403292447 1335
1646475827537 0.05299039573642093 1336
1646475827563 0.05288372378262746 1337
1646475827689 0.05277703865875294 1338
1646475827734 0.05267034085206632 1339
1646475827763 0.052563630849894544 1340
1646475827800 0.052456909139620256 1341
1646475827828 0.052350176208679516 1342
1646475827868 0.05224343254455968 1343
1646475827904 0.052136678634797116 1344
1646475827999 0.05202991496697501 1345
1646475828051 0.05192314202872104 1346
1646475828088 0.05181636030770532 1347
1646475828119 0.051709570291638036 1348
1646475828146 0.051602772468267256 1349
1646475828183 0.051495967325376694 1350
1646475828212 0.05138915535078352 1351
1646475828335 0.05128233703233613 1352
1646475828370 0.05117551285791184 1353
1646475828407 0.05106868331541472 1354
1646475828444 0.0509618488927734 1355
1646475828473 0.05085501007793878 1356
1646475828497 0.05074816735888178 1357
1646475828535 0.05064132122359121 1358
1646475828659 0.05053447216007148 1359
1646475828722 0.05042762065634031 1360
1646475828785 0.05032076720042663 1361
1646475828869 0.05021391228036826 1362
1646475828918 0.05010705638420974 1363
1646475828977 0.0500002 1364
1646475829026 0.049893343615790266 1365
1646475829173 0.04978648771963174 1366
1646475829226 0.049679632799573374 1367
1646475829262 0.04957277934365971 1368
1646475829298 0.04946592783992853 1369
1646475829330 0.049359078776408785 1370
1646475829373 0.049252232641118235 1371
1646475829407 0.049145389922061224 1372
1646475829542 0.0490385511072266 1373
1646475829582 0.048931716684585284 1374
1646475829622 0.048824887142088165 1375
1646475829676 0.04871806296766387 1376
1646475829730 0.04861124464921647 1377
1646475829775 0.04850443267462332 1378
1646475829811 0.048397627531732754 1379
1646475829965 0.04829082970836198 1380
1646475830010 0.048184039692294685 1381
1646475830108 0.04807725797127896 1382
1646475830157 0.047970485033025013 1383
1646475830197 0.047863721365202894 1384
1646475830254 0.04775696745544034 1385
1646475830320 0.047650223791320494 1386
1646475830443 0.047543490860379754 1387
1646475830493 0.04743676915010546 1388
1646475830531 0.04733005914793368 1389
1646475830563 0.047223361341247085 1390
1646475830608 0.047116676217372554 1391
1646475830630 0.047010004263579076 1392
1646475830684 0.04690334596707554 1393
1646475830824 0.046796701815008356 1394
1646475830864 0.04669007229445942 1395
1646475830904 0.04658345789244373 1396
1646475830937 0.04647685909590729 1397
1646475830967 0.046370276391724835 1398
1646475831008 0.046263710266697504 1399
1646475831044 0.04615716120755084 1400
1646475831168 0.046050629700932336 1401
1646475831207 0.04594411623340938 1402
1646475831243 0.04583762129146698 1403
1646475831277 0.04573114536150543 1404
1646475831327 0.04562468892983833 1405
1646475831362 0.04551825248269011 1406
1646475831393 0.04541183650619397 1407
1646475831521 0.04530544148638965 1408
1646475831562 0.0451990679092211 1409
1646475831593 0.04509271626053438 1410
1646475831629 0.04498638702607535 1411
1646475831666 0.04488008069148759 1412
1646475831700 0.04477379774230999 1413
1646475831744 0.04466753866397466 1414
1646475831873 0.044561303941804714 1415
1646475831917 0.044455094061012 1416
1646475831946 0.0443489095066949 1417
1646475831985 0.0442427507638361 1418
1646475832012 0.04413661831730046 1419
1646475832053 0.0440305126518327 1420
1646475832083 0.04392443425205519 1421
1646475832235 0.04381838360246583 1422
1646475832274 0.043712361187435725 1423
1646475832303 0.04360636749120703 1424
1646475832338 0.04350040299789078 1425
1646475832371 0.04339446819146456 1426
1646475832417 0.043288563555770404 1427
1646475832469 0.04318268957451252 1428
1646475832684 0.04307684673125514 1429
1646475832764 0.042971035509420295 1430
1646475832810 0.042865256392285486 1431
1646475832855 0.042759509862981715 1432
1646475832892 0.04265379640449103 1433
1646475832949 0.04254811649964451 1434
1646475832998 0.04244247063111996 1435
1646475833126 0.04233685928143969 1436
1646475833171 0.04223128293296843 1437
1646475833210 0.042125742067910955 1438
1646475833253 0.042020237168310055 1439
1646475833279 0.04191476871604419 1440
1646475833340 0.041809337192825397 1441
1646475833377 0.041703943080197044 1442
1646475833509 0.041598586859531564 1443
1646475833557 0.04149326901202844 1444
1646475833597 0.04138799001871178 1445
1646475833638 0.041282750360428284 1446
1646475833676 0.04117755051784502 1447
1646475833721 0.04107239097144713 1448
1646475833764 0.04096727220153579 1449
1646475833967 0.04086219468822585 1450
1646475834050 0.040757158911443804 1451
1646475834092 0.04065216535092551 1452
1646475834126 0.04054721448621393 1453
1646475834165 0.04044230679665713 1454
1646475834196 0.040337442761405905 1455
1646475834231 0.04023262285941167 1456
1646475834349 0.04012784756942433 1457
1646475834387 0.04002311736998995 1458
1646475834418 0.0399184327394487 1459
1646475834458 0.039813794155932586 1460
1646475834490 0.03970920209736335 1461
1646475834527 0.039604657041450206 1462
1646475834560 0.03950015946568767 1463
1646475834673 0.03939570984735346 1464
1646475834719 0.03929130866350617 1465
1646475834745 0.039186956390983275 1466
1646475834781 0.039082653506398786 1467
1646475834807 0.03897840048614113 1468
1646475834844 0.03887419780637107 1469
1646475834881 0.03877004594301936 1470
1646475834993 0.0386659453717847 1471
1646475835034 0.03856189656813148 1472
1646475835064 0.03845790000728771 1473
1646475835101 0.03835395616424277 1474
1646475835132 0.03825006551374519 1475
1646475835164 0.038146228530300676 1476
1646475835195 0.0380424456881697 1477
1646475835306 0.03793871746136551 1478
1646475835347 0.037835044323651916 1479
1646475835383 0.037731426748541075 1480
1646475835416 0.037627865209291414 1481
1646475835446 0.03752436017890536 1482
1646475835481 0.037420912130127326 1483
1646475835511 0.03731752153544142 1484
1646475835634 0.03721418886706933 1485
1646475835681 0.03711091459696821 1486
1646475835712 0.037007699196828454 1487
1646475835761 0.03690454313807158 1488
1646475835789 0.036801446891848125 1489
1646475835813 0.03669841092903536 1490
1646475835844 0.036595435720235284 1491
1646475835960 0.036492521735772346 1492
1646475836000 0.036389669445691435 1493
1646475836031 0.036286879319755626 1494
1646475836064 0.03618415182744404 1495
1646475836096 0.0360814874379498 1496
1646475836160 0.03597888662017773 1497
1646475836249 0.03587634984274237 1498
1646475836451 0.035773877573965704 1499
1646475836494 0.03567147028187514 1500
1646475836537 0.035569128434201305 1501
1646475836581 0.03546685249837586 1502
1646475836627 0.0353646429415295 1503
1646475836661 0.03526250023048967 1504
1646475836700 0.03516042483177858 1505
1646475836842 0.03505841721161096 1506
1646475836884 0.034956477835891946 1507
1646475836924 0.034854607170215046 1508
1646475836972 0.03475280567985989 1509
1646475837013 0.03465107382979015 1510
1646475837044 0.03454941208465151 1511
1646475837081 0.03444782090876935 1512
1646475837208 0.03434630076614682 1513
1646475837249 0.03424485212046257 1514
1646475837295 0.03414347543506876 1515
1646475837334 0.03404217117298885 1516
1646475837374 0.03394093979691549 1517
1646475837405 0.0338397817692085 1518
1646475837473 0.03373869755189263 1519
1646475837690 0.03363768760665553 1520
1646475837734 0.033536752394845666 1521
1646475837765 0.033435892377470106 1522
1646475837798 0.0333351080151925 1523
1646475837827 0.033234399768330966 1524
1646475837845 0.03313376809685598 1525
1646475837888 0.03303321346038826 1526
1646475838005 0.03293273631819665 1527
1646475838041 0.032832337129196115 1528
1646475838073 0.03273201635194551 1529
1646475838105 0.03263177444464562 1530
1646475838136 0.03253161186513693 1531
1646475838170 0.03243152907089768 1532
1646475838200 0.03233152651904167 1533
1646475838314 0.032231604666316194 1534
1646475838350 0.03213176396909999 1535
1646475838381 0.03203200488340108 1536
1646475838415 0.031932327864854795 1537
1646475838445 0.03183273336872164 1538
1646475838479 0.03173322184988512 1539
1646475838506 0.031633793762849874 1540
1646475838617 0.0315344495617394 1541
1646475838654 0.031435189700294054 1542
1646475838690 0.03133601463186906 1543
1646475838734 0.031236924809432277 1544
1646475838762 0.031137920685562263 1545
1646475838797 0.03103900271244612 1546
1646475838823 0.03094017134187751 1547
1646475838935 0.030841427025254563 1548
1646475838973 0.030742770213577728 1549
1646475839004 0.030644201357447873 1550
1646475839039 0.030545720907064082 1551
1646475839068 0.030447329312221667 1552
1646475839104 0.030349027022310158 1553
1646475839131 0.030250814486311124 1554
1646475839253 0.030152692152796243 1555
1646475839291 0.030054660469925172 1556
1646475839318 0.02995671988544359 1557
1646475839357 0.02985887084668103 1558
1646475839379 0.029761113800548935 1559
1646475839429 0.02966344919353861 1560
1646475839461 0.029565877471719113 1561
1646475839571 0.029468399080735296 1562
1646475839611 0.02937101446580569 1563
1646475839648 0.029273724071720568 1564
1646475839683 0.02917652834283987 1565
1646475839721 0.02907942772309107 1566
1646475839746 0.0289824226559674 1567
1646475839800 0.02888551358452552 1568
1646475839998 0.028788700951383705 1569
1646475840052 0.028691985198719825 1570
1646475840141 0.028595366768269147 1571
1646475840193 0.02849884610132249 1572
1646475840256 0.028402423638724167 1573
1646475840279 0.028306099820869922 1574
1646475840340 0.028209875087704988 1575
1646475840468 0.02811374987872201 1576
1646475840513 0.028017724632959092 1577
1646475840547 0.027921799788997764 1578
1646475840587 0.02782597578496098 1579
1646475840640 0.02773025305851113 1580
1646475840685 0.027634632046848028 1581
1646475840732 0.027539113186706952 1582
1646475840854 0.027443696914356514 1583
1646475840892 0.02734838366559692 1584
1646475840925 0.027253173875757743 1585
1646475840958 0.027158067979695975 1586
1646475841001 0.027063066411794238 1587
1646475841042 0.02696816960595849 1588
1646475841073 0.026873377995616298 1589
1646475841249 0.026778692013714737 1590
1646475841320 0.026684112092718447 1591
1646475841369 0.026589638664607635 1592
1646475841395 0.02649527216087613 1593
1646475841432 0.02640101301252939 1594
1646475841460 0.026306861650082565 1595
1646475841491 0.026212818503558485 1596
1646475841601 0.02611888400248571 1597
1646475841643 0.026025058575896615 1598
1646475841671 0.02593134265232537 1599
1646475841714 0.02583773665980597 1600
1646475841744 0.025744241025870387 1601
1646475841775 0.02565085617754652 1602
1646475841806 0.02555758254135624 1603
1646475841920 0.025464420543313528 1604
1646475841958 0.025371370608922368 1605
1646475841990 0.025278433163175056 1606
1646475842013 0.025185608630550027 1607
1646475842054 0.02509289743500996 1608
1646475842086 0.025000300000000013 1609
1646475842112 0.024907816748445624 1610
1646475842231 0.024815448102750767 1611
1646475842268 0.02472319448479604 1612
1646475842302 0.024631056315936546 1613
1646475842333 0.02453903401700016 1614
1646475842363 0.024447128008285544 1615
1646475842400 0.024355338709560182 1616
1646475842427 0.024263666540058532 1617
1646475842544 0.02417211191848008 1618
1646475842579 0.024080675262987412 1619
1646475842616 0.023989356991204337 1620
1646475842654 0.023898157520213972 1621
1646475842678 0.023807077266556752 1622
1646475842729 0.023716116646228726 1623
1646475842755 0.023625276074679475 1624
1646475842874 0.023534555966810214 1625
1646475842909 0.0234439567369721 1626
1646475842948 0.02335347879896404 1627
1646475842984 0.02326312256603105 1628
1646475843011 0.023172888450862305 1629
1646475843056 0.023082776865589114 1630
1646475843082 0.02299278822178324 1631
1646475843204 0.022902922930454896 1632
1646475843242 0.022813181402050887 1633
1646475843271 0.022723564046452822 1634
1646475843306 0.022634071272975044 1635
1646475843335 0.02254470349036299 1636
1646475843368 0.022455461106791173 1637
1646475843398 0.02236634452986137 1638
1646475843568 0.02227735416660076 1639
1646475843623 0.022188490423460064 1640
1646475843690 0.02209975370631166 1641
1646475843743 0.022011144420447784 1642
1646475843791 0.021922662970578623 1643
1646475843851 0.021834309760830513 1644
1646475843908 0.02174608519474405 1645
1646475844068 0.0216579896752723 1646
1646475844113 0.02157002360477885 1647
1646475844146 0.02148218738503618 1648
1646475844192 0.021394481417223554 1649
1646475844237 0.02130690610192541 1650
1646475844277 0.02121946183912947 1651
1646475844312 0.021132149028224818 1652
1646475844443 0.02104496806800019 1653
1646475844489 0.020957919356642124 1654
1646475844527 0.020871003291733102 1655
1646475844566 0.020784220270249794 1656
1646475844595 0.020697570688561186 1657
1646475844647 0.02061105494242681 1658
1646475844680 0.02052467342699492 1659
1646475844849 0.020438426536800693 1660
1646475844900 0.02035231466576442 1661
1646475845009 0.020266338207189722 1662
1646475845028 0.02018049755376174 1663
1646475845070 0.0200947930975453 1664
1646475845095 0.020009225229983257 1665
1646475845130 0.01992379434189454 1666
1646475845237 0.019838500823472473 1667
1646475845285 0.019753345064282987 1668
1646475845313 0.019668327453262732 1669
1646475845347 0.019583448378717498 1670
1646475845376 0.019498708228320283 1671
1646475845410 0.0194141073891095 1672
1646475845436 0.01932964624748742 1673
1646475845550 0.019245325189218135 1674
1646475845591 0.01916114459942599 1675
1646475845625 0.01907710486259375 1676
1646475845644 0.018993206362560855 1677
1646475845690 0.018909449482521663 1678
1646475845731 0.0188258346050237 1679
1646475845768 0.018742362111965925 1680
1646475845886 0.018659032384596968 1681
1646475845924 0.0185758458035134 1682
1646475845957 0.018492802748657992 1683
1646475845991 0.018409903599317986 1684
1646475846020 0.01832714873412336 1685
1646475846052 0.018244538531045032 1686
1646475846078 0.018162073367393308 1687
1646475846197 0.01807975361981598 1688
1646475846236 0.017997579664296638 1689
1646475846267 0.017915551876153096 1690
1646475846297 0.017833670630035454 1691
1646475846327 0.017751936299924557 1692
1646475846363 0.01767034925913027 1693
1646475846388 0.017588909880289653 1694
1646475846500 0.01750761853536539 1695
1646475846540 0.017426475595644038 1696
1646475846574 0.017345481431734314 1697
1646475846612 0.01726463641356548 1698
1646475846640 0.01718394091038552 1699
1646475846681 0.017103395290759566 1700
1646475846719 0.017022999922568182 1701
1646475846830 0.016942755173005676 1702
1646475846890 0.016862661408578426 1703
1646475846964 0.0167827189951032 1704
1646475847003 0.016702928297705515 1705
1646475847037 0.01662328968081792 1706
1646475847073 0.01654380350817838 1707
1646475847106 0.016464470142828543 1708
1646475847238 0.016385289947112216 1709
1646475847291 0.016306263282673573 1710
1646475847354 0.016227390510455526 1711
1646475847405 0.016148671990698204 1712
1646475847477 0.016070108082937094 1713
1646475847540 0.015991699146001584 1714
1646475847587 0.01591344553801327 1715
1646475847750 0.015835347616384245 1716
1646475847794 0.01575740573781557 1717
1646475847837 0.015679620258295588 1718
1646475847884 0.015601991533098313 1719
1646475847929 0.015524519916781809 1720
1646475847969 0.015447205763186572 1721
1646475848003 0.01537004942543389 1722
1646475848127 0.015293051255924268 1723
1646475848166 0.015216211606335801 1724
1646475848201 0.015139530827622559 1725
1646475848248 0.015063009270012992 1726
1646475848278 0.014986647283008355 1727
1646475848323 0.01491044521538101 1728
1646475848350 0.01483440341517301 1729
1646475848491 0.014758522229694374 1730
1646475848586 0.01468280200552148 1731
1646475848661 0.014607243088495642 1732
1646475848725 0.014531845823721313 1733
1646475848774 0.014456610555564738 1734
1646475848807 0.01438153762765216 1735
1646475848840 0.014306627382868404 1736
1646475848953 0.01423188016335532 1737
1646475848991 0.014157296310510046 1738
1646475849022 0.014082876164983646 1739
1646475849054 0.014008620066679458 1740
1646475849078 0.013934528354751551 1741
1646475849115 0.013860601367603195 1742
1646475849145 0.01378683944288528 1743
1646475849271 0.013713242917494827 1744
1646475849308 0.01363981212757339 1745
1646475849328 0.013566547408505575 1746
1646475849371 0.013493449094917467 1747
1646475849400 0.013420517520675126 1748
1646475849432 0.013347753018883066 1749
1646475849461 0.013275155921882654 1750
1646475849571 0.01320272656125077 1751
1646475849610 0.013130465267798111 1752
1646475849645 0.013058372371567737 1753
1646475849678 0.012986448201833646 1754
1646475849711 0.012914693087099135 1755
1646475849755 0.012843107355095378 1756
1646475849781 0.012771691332779984 1757
1646475849904 0.012700445346335344 1758
1646475849941 0.012629369721167285 1759
1646475849971 0.01255846478190354 1760
1646475850009 0.012487730852392225 1761
1646475850038 0.012417168255700415 1762
1646475850071 0.012346777314112658 1763
1646475850100 0.012276558349129467 1764
1646475850221 0.012206511681465887 1765
1646475850257 0.012136637631050039 1766
1646475850289 0.012066936517021579 1767
1646475850324 0.011997408657730383 1768
1646475850347 0.011928054370734954 1769
1646475850390 0.011858873972801047 1770
1646475850416 0.011789867779900215 1771
1646475850536 0.011721036107208302 1772
1646475850574 0.011652379269104136 1773
1646475850604 0.011583897579167966 1774
1646475850637 0.011515591350180054 1775
1646475850669 0.01144746089411934 1776
1646475850711 0.01137950652216188 1777
1646475850751 0.011311728544679496 1778
1646475850871 0.01124412727123843 1779
1646475850915 0.011176703010597746 1780
1646475850964 0.011109456070708103 1781
1646475851024 0.011042386758710243 1782
1646475851089 0.010975495380933621 1783
1646475851142 0.010908782242895008 1784
1646475851203 0.010842247649297088 1785
1646475851389 0.010775891904027068 1786
1646475851438 0.010709715310155294 1787
1646475851476 0.010643718169933855 1788
1646475851517 0.010577900784795232 1789
1646475851544 0.010512263455350872 1790
1646475851591 0.010446806481389882 1791
1646475851634 0.010381530161877548 1792
1646475851767 0.010316434794954152 1793
1646475851816 0.010251520677933394 1794
1646475851844 0.010186788107301193 1795
1646475851878 0.010122237378714316 1796
1646475851912 0.010057868786998908 1797
1646475851960 0.009993682626149294 1798
1646475852008 0.009929679189326548 1799
1646475852149 0.009865858768857165 1800
1646475852195 0.009802221656231812 1801
1646475852227 0.00973876814210381 1802
1646475852279 0.009675498516288003 1803
1646475852313 0.009612413067759323 1804
1646475852391 0.009549512084651508 1805
1646475852434 0.009486795854255768 1806
1646475852619 0.009424264663019481 1807
1646475852657 0.009361918796544893 1808
1646475852694 0.009299758539587808 1809
1646475852735 0.009237784176056271 1810
1646475852764 0.009175995989009299 1811
1646475852799 0.009114394260655564 1812
1646475852826 0.009052979272352138 1813
1646475852938 0.008991751304603121 1814
1646475852975 0.008930710637058518 1815
1646475853011 0.008869857548512808 1816
1646475853050 0.008809192316903707 1817
1646475853081 0.008748715219311002 1818
1646475853112 0.008688426531955128 1819
1646475853144 0.008628326530196014 1820
1646475853254 0.008568415488531796 1821
1646475853292 0.00850869368059757 1822
1646475853323 0.008449161379164107 1823
1646475853363 0.008389818856136658 1824
1646475853391 0.008330666382553682 1825
1646475853425 0.008271704228585617 1826
1646475853453 0.008212932663533628 1827
1646475853571 0.008154351955828412 1828
1646475853612 0.008095962373028948 1829
1646475853640 0.00803776418182128 1830
1646475853680 0.00797975764801726 1831
1646475853720 0.007921943036553452 1832
1646475853753 0.007864320611489771 1833
1646475853783 0.007806890636008386 1834
1646475853892 0.0077496533724124754 1835
1646475853935 0.007692609082124989 1836
1646475853967 0.007635758025687573 1837
1646475854003 0.007579100462759275 1838
1646475854032 0.00752263665211534 1839
1646475854069 0.007466366851646166 1840
1646475854094 0.007410291318355963 1841
1646475854224 0.00735441030836168 1842
1646475854263 0.00729872407689185 1843
1646475854294 0.007243232878285297 1844
1646475854334 0.007187936965990127 1845
1646475854361 0.007132836592562487 1846
1646475854406 0.007077932009665416 1847
1646475854436 0.007023223468067726 1848
1646475854552 0.006968711217642824 1849
1646475854588 0.006914395507367594 1850
1646475854618 0.006860276585321247 1851
1646475854652 0.006806354698684202 1852
1646475854693 0.006752630093736909 1853
1646475854750 0.006699103015858823 1854
1646475854808 0.006645773709527192 1855
1646475855035 0.006592642418315927 1856
1646475855074 0.006539709384894633 1857
1646475855121 0.006486974851027303 1858
1646475855170 0.006434439057571355 1859
1646475855225 0.006382102244476517 1860
1646475855266 0.006329964650783642 1861
1646475855302 0.0062780265146237186 1862
1646475855420 0.0062262880732167295 1863
1646475855475 0.006174749562870569 1864
1646475855513 0.006123411218980016 1865
1646475855547 0.006072273276025566 1866
1646475855587 0.006021335967572434 1867
1646475855626 0.005970599526269472 1868
1646475855666 0.005920064183848099 1869
1646475855795 0.005869730171121236 1870
1646475855837 0.005819597717982258 1871
1646475855878 0.005769667053403953 1872
1646475855924 0.005719938405437472 1873
1646475855967 0.00567041200121127 1874
1646475855994 0.005621088066930097 1875
1646475856075 0.00557196682787394 1876
1646475856264 0.00552304850839702 1877
1646475856300 0.005474333331926713 1878
1646475856331 0.005425821520962636 1879
1646475856364 0.005377513297075492 1880
1646475856394 0.005329408880906164 1881
1646475856429 0.0052815084921647 1882
1646475856455 0.005233812349629216 1883
1646475856569 0.005186320671145013 1884
1646475856608 0.005139033673623512 1885
1646475856638 0.0050919515730412914 1886
1646475856676 0.005045074584439097 1887
1646475856720 0.004998402921920835 1888
1646475856746 0.004951936798652629 1889
1646475856780 0.004905676426861829 1890
1646475856888 0.004859622017836047 1891
1646475856924 0.004813773781922187 1892
1646475856955 0.0047681319285254875 1893
1646475856988 0.004722696666108572 1894
1646475857011 0.004677468202190451 1895
1646475857050 0.00463244674334567 1896
1646475857076 0.004587632495203288 1897
1646475857193 0.004543025662445922 1898
1646475857230 0.004498626448808909 1899
1646475857265 0.004454435057079256 1900
1646475857301 0.004410451689094834 1901
1646475857327 0.004366676545743354 1902
1646475857362 0.0043231098269614805 1903
1646475857391 0.004279751731733984 1904
1646475857500 0.004236602458092715 1905
1646475857540 0.0041936622031157915 1906
1646475857574 0.004150931162926686 1907
1646475857594 0.004108409532693276 1908
1646475857635 0.0040660975066270045 1909
1646475857667 0.004023995277981982 1910
1646475857708 0.003982103039054096 1911
1646475857828 0.003940420981180137 1912
1646475857869 0.0038989492947369194 1913
1646475857900 0.003857688169140423 1914
1646475857935 0.003816637792844913 1915
1646475857961 0.00377579835334211 1916
1646475858008 0.00373517003716026 1917
1646475858042 0.0036947530298633907 1918
1646475858160 0.0036545475160503875 1919
1646475858198 0.0036145536793541415 1920
1646475858234 0.003574771702440786 1921
1646475858269 0.003535201767008779 1922
1646475858299 0.00349584405378811 1923
1646475858333 0.0034566987425395223 1924
1646475858361 0.0034177660120535704 1925
1646475858564 0.0033790460401499356 1926
1646475858644 0.003340539003676524 1927
1646475858706 0.0033022450785087005 1928
1646475858774 0.00326416443954847 1929
1646475858829 0.003226297260723691 1930
1646475858881 0.003188643714987268 1931
1646475858911 0.0031512039743163667 1932
1646475859035 0.0031139782097116277 1933
1646475859089 0.003076966591196388 1934
1646475859132 0.0030401692878159097 1935
1646475859180 0.0030035864676365917 1936
1646475859211 0.0029672182977452154 1937
1646475859261 0.0029310649442481776 1938
1646475859293 0.0028951265722707256 1939
1646475859424 0.0028594033459562232 1940
1646475859462 0.0028238954284653906 1941
1646475859500 0.0027886029819755172 1942
1646475859549 0.0027535261676798223 1943
1646475859582 0.002718665145786594 1944
1646475859631 0.002684020075518547 1945
1646475859679 0.0026495911151120937 1946
1646475859867 0.0026153784218165463 1947
1646475859962 0.002581382151893477 1948
1646475859990 0.0025476024606159702 1949
1646475860022 0.0025140395022679213 1950
1646475860051 0.0024806934301433276 1951
1646475860087 0.0024475643965455826 1952
1646475860115 0.002414652552786793 1953
1646475860212 0.0023819580491870867 1954
1646475860260 0.002349481035073915 1955
1646475860294 0.00231722165878138 1956
1646475860313 0.0022851800676495487 1957
1646475860357 0.0022533564080238037 1958
1646475860389 0.002221750825254118 1959
1646475860417 0.0021903634636944807 1960
1646475860539 0.0021591944667021562 1961
1646475860576 0.0021282439766370474 1962
1646475860613 0.0020975121348611055 1963
1646475860641 0.0020669990817375784 1964
1646475860674 0.0020367049566304674 1965
1646475860717 0.0020066298979038613 1966
1646475860744 0.0019767740429212414 1967
1646475860855 0.0019471375280449726 1968
1646475860893 0.0019177204886355577 1969
1646475860929 0.0018885230590511169 1970
1646475860966 0.0018595453726467156 1971
1646475861001 0.0018307875617737757 1972
1646475861033 0.0018022497577794773 1973
1646475861060 0.0017739320910061408 1974
1646475861183 0.001745834690790645 1975
1646475861223 0.0017179576854638337 1976
1646475861251 0.0016903012023499315 1977
1646475861282 0.0016628653677659558 1978
1646475861310 0.0016356503070211353 1979
1646475861348 0.0016086561444163695 1980
1646475861373 0.0015818830032436025 1981
1646475861488 0.0015553310057853343 1982
1646475861528 0.0015290002733139942 1983
1646475861572 0.001502890926091412 1984
1646475861607 0.0014770030833683087 1985
1646475861640 0.001451336863383674 1986
1646475861673 0.0014258923833642832 1987
1646475861713 0.0014006697595241656 1988
1646475861829 0.0013756691070640143 1989
1646475861866 0.001350890540170732 1990
1646475861897 0.0013263341720168647 1991
1646475861929 0.001302000114760097 1992
1646475861959 0.0012778884795427512 1993
1646475861997 0.0012539993764912555 1994
1646475862027 0.0012303329147156609 1995
1646475862225 0.0012068892023091413 1996
1646475862287 0.0011836683463474773 1997
1646475862341 0.0011606704528886013 1998
1646475862382 0.0011378956269720922 1999
1646475862449 0.001115343972618703 2000
1646475862494 0.0010930155928298624 2001
1646475862527 0.0010709105895872686 2002
1646475862682 0.0010490290638523229 2003
1646475862730 0.0010273711155657703 2004
1646475862760 0.0010059368436471814 2005
1646475862806 0.0009847263459945043 2006
1646475862843 0.000963739719483664 2007
1646475862884 0.0009429770599680519 2008
1646475862910 0.0009224384622781263 2009
1646475863043 0.0009021240202210126 2010
1646475863087 0.0008820338265799817 2011
1646475863136 0.0008621679731141276 2012
1646475863171 0.0008425265505578737 2013
1646475863222 0.0008231096486206064 2014
1646475863260 0.0008039173559862364 2015
1646475863299 0.0007849497603128103 2016
1646475863438 0.0007662069482320886 2017
1646475863521 0.000747689005349185 2018
1646475863614 0.0007293960162421442 2019
1646475863644 0.0007113280644615651 2020
1646475863678 0.0006934852325302335 2021
1646475863718 0.0006758676019427177 2022
1646475863743 0.0006584752531650071 2023
1646475863867 0.0006413082656341742 2024
1646475863908 0.000624366717757974 2025
1646475863939 0.0006076506869144732 2026
1646475863961 0.0005911602494517659 2027
1646475864000 0.0005748954806875473 2028
1646475864036 0.0005588564549088189 2029
1646475864062 0.0005430432453715275 2030
1646475864185 0.000527455924300238 2031
1646475864225 0.0005120945628878062 2032
1646475864255 0.0004969592312950392 2033
1646475864290 0.00048204999865039655 2034
1646475864319 0.00046736693304965705 2035
1646475864354 0.0004529101015556186 2036
1646475864380 0.00043867957019777656 2037
1646475864497 0.0004246754039720515 2038
1646475864532 0.00041089766684046205 2039
1646475864565 0.00039734642173083583 2040
1646475864600 0.00038402173053654333 2041
1646475864628 0.0003709236541162035 2042
1646475864664 0.00035805225229340067 2043
1646475864695 0.00034540758385641823 2044
1646475864814 0.0003329897065579498 2045
1646475864850 0.0003207986771148884 2046
1646475864882 0.000308834551207999 2047
1646475864915 0.0002970973834817017 2048
1646475864943 0.00028558722754385015 2049
1646475864980 0.0002743041359654092 2050
1646475865006 0.000263248160280283 2051
1646475865122 0.0002524193509850653 2052
1646475865157 0.00024181775753877825 2053
1646475865199 0.00023144342836267835 2054
1646475865236 0.00022129641084003433 2055
1646475865271 0.00021137675131588292 2056
1646475865304 0.00020168449509684564 2057
1646475865337 0.00019221968645092346 2058
1646475865451 0.00018298236860725802 2059
1646475865489 0.00017397258375597622 2060
1646475865511 0.00016519037304798495 2061
1646475865553 0.00015663577659475998 2062
1646475865577 0.00014830883346820726 2063
1646475865619 0.0001402095817004298 2064
1646475865651 0.00013233805828360547 2065
1646475865781 0.0001246942991697873 2066
1646475865835 0.00011727833927074226 2067
1646475865904 0.00011009021245781277 2068
1646475865963 0.00010312995156173331 2069
1646475866022 9.639758837249167e-05 2070
1646475866091 8.989315363919581e-05 2071
1646475866150 8.361667706991835e-05 2072
1646475866303 7.756818733155786e-05 2073
1646475866365 7.174771204972772e-05 2074
1646475866407 6.61552778086175e-05 2075
1646475866444 6.0790910150865196e-05 2076
1646475866493 5.565463357745169e-05 2077
1646475866534 5.07464715475788e-05 2078
1646475866578 4.606644647856922e-05 2079
1646475866714 4.161457974577774e-05 2080
1646475866763 3.7390891682458074e-05 2081
1646475866792 3.339540157970169e-05 2082
1646475866827 2.9628127686337992e-05 2083
1646475866878 2.6089087208845458e-05 2084
1646475866910 2.2778296311290572e-05 2085
1646475866944 1.9695770115227916e-05 2086
1646475867101 1.6841522699655765e-05 2087
1646475867148 1.4215567100938363e-05 2088
1646475867252 1.181791531276152e-05 2089
1646475867315 9.64857828603824e-06 2090
1646475867368 7.707565928919825e-06 2091
1646475867462 5.9948871066904034e-06 2092
1646475867487 4.51054964177248e-06 2093
1646475867612 3.2545603136603254e-06 2094
1646475867648 2.226924858908874e-06 2095
1646475867682 1.427647971089312e-06 2096
1646475867726 8.567333007890797e-07 2097
1646475867757 5.141834555785649e-07 2098
1646475867795 4.0000000000000003e-07 2099
1646475867827 5.141834555785649e-07 2100
