1646475757342 1.6225812435150146 0
1646475757706 1.5703051090240479 1
1646475758231 1.5936442613601685 2
1646475758684 1.6076765060424805 3
1646475759003 1.5658791065216064 4
1646475759336 1.5863128900527954 5
1646475759710 1.58063805103302 6
1646475760191 1.5599364042282104 7
1646475760543 1.5599735975265503 8
1646475760892 1.5161042213439941 9
1646475761324 1.5303266048431396 10
1646475761638 1.513594627380371 11
1646475761967 1.504215121269226 12
1646475762270 1.4532407522201538 13
1646475762584 1.4176946878433228 14
1646475762898 1.4486923217773438 15
1646475763214 1.4328737258911133 16
1646475763706 1.377506971359253 17
1646475764087 1.35945725440979 18
1646475764454 1.3517372608184814 19
1646475764920 1.2831395864486694 20
1646475765214 1.3032461404800415 21
1646475765536 1.2645670175552368 22
1646475765852 1.277287483215332 23
1646475766238 1.2509636878967285 24
1646475766565 1.2195769548416138 25
1646475766905 1.2245306968688965 26
1646475767417 1.1745363473892212 27
1646475767806 1.17791748046875 28
1646475768171 1.1324013471603394 29
1646475768635 1.1646921634674072 30
1646475768952 1.0930688381195068 31
1646475769251 1.1246581077575684 32
1646475769575 1.150348424911499 33
1646475769884 1.0958364009857178 34
1646475770200 1.079452395439148 35
1646475770517 0.9837421774864197 36
1646475770877 0.970337986946106 37
1646475771347 1.0430537462234497 38
1646475771717 0.9299271702766418 39
1646475772068 0.9530459046363831 40
1646475772496 1.0136255025863647 41
1646475772836 0.9012463688850403 42
1646475773135 0.9371020793914795 43
1646475773450 0.9275389909744263 44
1646475773799 0.8764593601226807 45
1646475774116 0.8757762312889099 46
1646475774420 0.8638149499893188 47
1646475774938 0.8531031012535095 48
1646475775302 0.8740237355232239 49
1646475775686 0.834595799446106 50
1646475776134 0.7775536775588989 51
1646475776452 0.7644001841545105 52
1646475776764 0.7686383128166199 53
1646475777088 0.8083457350730896 54
1646475777384 0.7259255647659302 55
1646475777718 0.8031073212623596 56
1646475778156 0.6915584206581116 57
1646475778820 0.7063044905662537 58
1646475779248 0.6969925761222839 59
1646475779612 0.7817646265029907 60
1646475780270 0.685650110244751 61
1646475780761 0.7437360286712646 62
1646475781205 0.772976815700531 63
1646475781549 0.700581431388855 64
1646475781883 0.6121373772621155 65
1646475782200 0.6184039115905762 66
1646475782517 0.734539270401001 67
1646475782850 0.6824920773506165 68
1646475783181 0.649739146232605 69
1646475783500 0.5567151308059692 70
1646475783976 0.6075228452682495 71
1646475784372 0.5495275855064392 72
1646475784734 0.5834524631500244 73
1646475785189 0.6044930219650269 74
1646475785505 0.5829492211341858 75
1646475785816 0.579136073589325 76
1646475786181 0.504234254360199 77
1646475786499 0.4842013120651245 78
1646475786849 0.6862398982048035 79
1646475787200 0.5323258638381958 80
1646475787733 0.6054312586784363 81
1646475788179 0.5000088214874268 82
1646475788565 0.46297532320022583 83
1646475789086 0.5505764484405518 84
1646475789432 0.49773162603378296 85
1646475789783 0.5296484231948853 86
1646475790098 0.432659775018692 87
1646475790400 0.5114507675170898 88
1646475790733 0.5002922415733337 89
1646475791049 0.4068382978439331 90
1646475791585 0.49844124913215637 91
1646475791967 0.5875430703163147 92
1646475792314 0.42855072021484375 93
1646475792777 0.4734356105327606 94
1646475793102 0.4013696014881134 95
1646475793414 0.42425084114074707 96
1646475793731 0.42002683877944946 97
1646475794043 0.4299108386039734 98
1646475794348 0.368734210729599 99
1646475794685 0.3396371603012085 100
1646475795131 0.2811197340488434 101
1646475795552 0.560522198677063 102
1646475795922 0.41822993755340576 103
1646475796320 0.4243432581424713 104
1646475796714 0.44789689779281616 105
1646475797034 0.32409536838531494 106
1646475797332 0.3480031490325928 107
1646475797665 0.3391093909740448 108
1646475797983 0.3851741552352905 109
1646475798317 0.33197006583213806 110
1646475798634 0.5529891848564148 111
1646475799148 0.38267961144447327 112
1646475799512 0.3548317551612854 113
1646475799914 0.3937424421310425 114
1646475800348 0.29856106638908386 115
1646475800684 0.36092689633369446 116
1646475800999 0.29828208684921265 117
1646475801316 0.2678437829017639 118
1646475801632 0.32000938057899475 119
1646475801966 0.4046657085418701 120
1646475802286 0.3836021423339844 121
1646475802819 0.3134865164756775 122
1646475803201 0.2966957688331604 123
1646475803582 0.36141136288642883 124
1646475804024 0.32648617029190063 125
1646475804332 0.34390392899513245 126
1646475804651 0.44948747754096985 127
1646475804965 0.27598845958709717 128
1646475805265 0.3020470440387726 129
1646475805582 0.28685247898101807 130
1646475805914 0.27206555008888245 131
1646475806480 0.20671561360359192 132
1646475806881 0.26135390996932983 133
1646475807233 0.19556427001953125 134
1646475807717 0.2420392781496048 135
1646475808031 0.26936763525009155 136
1646475808352 0.24094808101654053 137
1646475808668 0.19329605996608734 138
1646475808980 0.2849123775959015 139
1646475809281 0.2715105414390564 140
1646475809614 0.2895103693008423 141
1646475810007 0.23136788606643677 142
1646475810497 0.20676319301128387 143
1646475810868 0.22889532148838043 144
1646475811270 0.2734379172325134 145
1646475811649 0.20905734598636627 146
1646475811965 0.20803214609622955 147
1646475812280 0.28899601101875305 148
1646475812581 0.21549302339553833 149
1646475812914 0.19424311816692352 150
1646475813246 0.15479110181331635 151
1646475813554 0.18791376054286957 152
1646475814078 0.2771527171134949 153
1646475814464 0.2599163055419922 154
1646475814831 0.200519397854805 155
1646475815280 0.2522974908351898 156
1646475815597 0.1562899649143219 157
1646475815914 0.1923210769891739 158
1646475816237 0.1940135955810547 159
1646475816548 0.17801648378372192 160
1646475816883 0.2177802175283432 161
1646475817220 0.2506658434867859 162
1646475817699 0.1747363805770874 163
1646475818097 0.2704964578151703 164
1646475818466 0.18636591732501984 165
1646475818961 0.17578409612178802 166
1646475819263 0.1657189130783081 167
1646475819582 0.2542610764503479 168
1646475819927 0.15261971950531006 169
1646475820231 0.15601785480976105 170
1646475820562 0.2027987241744995 171
1646475820898 0.20767390727996826 172
1646475821247 0.17317377030849457 173
1646475821717 0.15288646519184113 174
1646475822081 0.1897834837436676 175
1646475822454 0.1845489740371704 176
1646475822903 0.22404730319976807 177
1646475823213 0.22052904963493347 178
1646475823530 0.10467017441987991 179
1646475823862 0.19194871187210083 180
1646475824180 0.19209110736846924 181
1646475824496 0.219934344291687 182
1646475824841 0.12510111927986145 183
1646475825346 0.25559180974960327 184
1646475825766 0.1738438457250595 185
1646475826134 0.18925446271896362 186
1646475826597 0.0841858983039856 187
1646475827011 0.1931733340024948 188
1646475827326 0.1514764428138733 189
1646475827636 0.12180870771408081 190
1646475827979 0.12586818635463715 191
1646475828281 0.12149263173341751 192
1646475828612 0.1610468477010727 193
1646475829123 0.18259619176387787 194
1646475829503 0.10420247167348862 195
1646475829904 0.17970997095108032 196
1646475830398 0.21032871305942535 197
1646475830783 0.138565331697464 198
1646475831117 0.11745044589042664 199
1646475831478 0.13359704613685608 200
1646475831820 0.09464284032583237 201
1646475832182 0.17397001385688782 202
1646475832606 0.1209833174943924 203
1646475833074 0.16088390350341797 204
1646475833466 0.17015618085861206 205
1646475833908 0.16947373747825623 206
1646475834293 0.19217754900455475 207
1646475834629 0.1143864169716835 208
1646475834945 0.16895973682403564 209
1646475835262 0.12526017427444458 210
1646475835586 0.2047884613275528 211
1646475835926 0.1582276076078415 212
1646475836396 0.1199774444103241 213
1646475836796 0.1669415831565857 214
1646475837166 0.15508463978767395 215
1646475837647 0.11365468055009842 216
1646475837962 0.13500958681106567 217
1646475838263 0.13401271402835846 218
1646475838584 0.12276531755924225 219
1646475838898 0.11903802305459976 220
1646475839215 0.07906956225633621 221
1646475839528 0.11368194967508316 222
1646475839920 0.10344918817281723 223
1646475840425 0.12950128316879272 224
1646475840813 0.09460677951574326 225
1646475841191 0.1326194852590561 226
1646475841558 0.09865444898605347 227
1646475841887 0.16541966795921326 228
1646475842178 0.15824995934963226 229
1646475842495 0.18482722342014313 230
1646475842839 0.07034129649400711 231
1646475843166 0.12263660877943039 232
1646475843478 0.1263110190629959 233
1646475844016 0.13459864258766174 234
1646475844405 0.12239564955234528 235
1646475844771 0.1374814659357071 236
1646475845191 0.1442061960697174 237
1646475845511 0.1197526752948761 238
1646475845845 0.10899926722049713 239
1646475846146 0.0856357142329216 240
1646475846462 0.12716151773929596 241
1646475846778 0.11957994848489761 242
1646475847178 0.18110345304012299 243
1646475847688 0.08051124960184097 244
1646475848079 0.13629519939422607 245
1646475848443 0.09019044786691666 246
1646475848909 0.14635364711284637 247
1646475849228 0.06453084200620651 248
1646475849528 0.1356845200061798 249
1646475849864 0.10599751025438309 250
1646475850177 0.16539165377616882 251
1646475850496 0.12465902417898178 252
1646475850828 0.10585888475179672 253
1646475851326 0.07866113632917404 254
1646475851714 0.10641073435544968 255
1646475852094 0.138776034116745 256
1646475852580 0.0894235223531723 257
1646475852896 0.08725210279226303 258
1646475853216 0.08354664593935013 259
1646475853528 0.1730605959892273 260
1646475853848 0.14743484556674957 261
1646475854176 0.08267849683761597 262
1646475854511 0.12236517667770386 263
1646475854969 0.1422376036643982 264
1646475855379 0.09003736078739166 265
1646475855743 0.10095930099487305 266
1646475856227 0.05224812775850296 267
1646475856529 0.08672439306974411 268
1646475856846 0.062270861119031906 269
1646475857157 0.11599515378475189 270
1646475857466 0.10234356671571732 271
1646475857776 0.1401999145746231 272
1646475858109 0.09814998507499695 273
1646475858484 0.13013707101345062 274
1646475859000 0.09667481482028961 275
1646475859383 0.1335252821445465 276
1646475859809 0.06565598398447037 277
1646475860186 0.0896986797451973 278
1646475860487 0.07584686577320099 279
1646475860801 0.06398912519216537 280
1646475861146 0.08762707561254501 281
1646475861444 0.09212300181388855 282
1646475861788 0.10043636709451675 283
1646475862140 0.10990623384714127 284
1646475862626 0.15164712071418762 285
1646475863013 0.12868952751159668 286
1646475863398 0.092587910592556 287
1646475863826 0.0958498939871788 288
1646475864145 0.06145235523581505 289
1646475864459 0.09584031254053116 290
1646475864776 0.12895026803016663 291
1646475865077 0.14975713193416595 292
1646475865412 0.09418025612831116 293
1646475865727 0.13887204229831696 294
1646475866255 0.06104399636387825 295
1646475866670 0.13760477304458618 296
1646475867037 0.10136273503303528 297
1646475867560 0.11645769327878952 298
1646475867911 0.12574663758277893 299
