1646474389853 0.2083333283662796 0
1646474390411 0.2361111044883728 1
1646474390934 0.30092594027519226 2
1646474391283 0.34259259700775146 3
1646474391645 0.24074074625968933 4
1646474392198 0.29629629850387573 5
1646474392666 0.29629629850387573 6
1646474393082 0.3194444477558136 7
1646474393621 0.3055555522441864 8
1646474394009 0.33796295523643494 9
1646474394377 0.39814814925193787 10
1646474394710 0.38425925374031067 11
1646474395061 0.37962964177131653 12
1646474395413 0.39814814925193787 13
1646474395971 0.41203704476356506 14
1646474396413 0.4444444477558136 15
1646474396810 0.43981480598449707 16
1646474397353 0.4583333432674408 17
1646474397716 0.46759259700775146 18
1646474398060 0.45370370149612427 19
1646474398392 0.42129629850387573 20
1646474398749 0.4583333432674408 21
1646474399094 0.44907405972480774 22
1646474399620 0.5 23
1646474400100 0.5601851940155029 24
1646474400521 0.5231481194496155 25
1646474401018 0.5740740895271301 26
1646474401425 0.4861111044883728 27
1646474401759 0.5324074029922485 28
1646474402097 0.5601851940155029 29
1646474402460 0.5694444179534912 30
1646474402825 0.5879629850387573 31
1646474403302 0.5046296119689941 32
1646474403793 0.5370370149612427 33
1646474404213 0.5740740895271301 34
1646474404642 0.5787037014961243 35
1646474405077 0.6157407164573669 36
1646474405426 0.5509259104728699 37
1646474405793 0.5185185074806213 38
1646474406126 0.5694444179534912 39
1646474406492 0.6203703880310059 40
1646474406816 0.5601851940155029 41
1646474407343 0.5879629850387573 42
1646474407781 0.625 43
1646474408179 0.5879629850387573 44
1646474408630 0.6064814925193787 45
1646474408992 0.6342592835426331 46
1646474409328 0.5833333134651184 47
1646474409677 0.5601851940155029 48
1646474410010 0.6064814925193787 49
1646474410358 0.6944444179534912 50
1646474410856 0.6481481194496155 51
1646474411363 0.6296296119689941 52
1646474411749 0.6481481194496155 53
1646474412281 0.6296296119689941 54
1646474412644 0.7268518805503845 55
1646474412983 0.6296296119689941 56
1646474413327 0.6944444179534912 57
1646474413688 0.6898148059844971 58
1646474414041 0.6435185074806213 59
1646474414440 0.6666666865348816 60
1646474415030 0.6944444179534912 61
1646474415521 0.7314814925193787 62
1646474415933 0.7731481194496155 63
1646474416403 0.6898148059844971 64
1646474416742 0.7314814925193787 65
1646474417076 0.6898148059844971 66
1646474417442 0.7129629850387573 67
1646474417809 0.6481481194496155 68
1646474418178 0.7083333134651184 69
1646474418758 0.6805555820465088 70
1646474419162 0.7314814925193787 71
1646474419547 0.7083333134651184 72
1646474420031 0.7638888955116272 73
1646474420375 0.7916666865348816 74
1646474420704 0.7685185074806213 75
1646474421045 0.7407407164573669 76
1646474421408 0.8055555820465088 77
1646474421761 0.7592592835426331 78
1646474422319 0.7546296119689941 79
1646474422794 0.7870370149612427 80
1646474423209 0.8194444179534912 81
1646474423708 0.8009259104728699 82
1646474424057 0.8101851940155029 83
1646474424410 0.8009259104728699 84
1646474424742 0.7962962985038757 85
1646474425116 0.7824074029922485 86
1646474425476 0.7916666865348816 87
1646474426020 0.8333333134651184 88
1646474426474 0.8101851940155029 89
1646474426877 0.7870370149612427 90
1646474427405 0.7962962985038757 91
1646474427757 0.7916666865348816 92
1646474428091 0.8287037014961243 93
1646474428458 0.8379629850387573 94
1646474428794 0.8287037014961243 95
1646474429159 0.8472222089767456 96
1646474429670 0.8379629850387573 97
1646474430127 0.8009259104728699 98
1646474430541 0.8148148059844971 99
1646474431076 0.8101851940155029 100
1646474431450 0.875 101
1646474431793 0.8240740895271301 102
1646474432136 0.8425925970077515 103
1646474432491 0.8518518805503845 104
1646474432850 0.8425925970077515 105
1646474433323 0.8425925970077515 106
1646474433812 0.7870370149612427 107
1646474434240 0.8703703880310059 108
1646474434758 0.8055555820465088 109
1646474435117 0.8657407164573669 110
1646474435498 0.7962962985038757 111
1646474435873 0.8611111044883728 112
1646474436218 0.8379629850387573 113
1646474436592 0.9027777910232544 114
1646474437085 0.8935185074806213 115
1646474437587 0.8611111044883728 116
1646474438003 0.9027777910232544 117
1646474438557 0.8935185074806213 118
1646474438908 0.8888888955116272 119
1646474439362 0.8564814925193787 120
1646474439735 0.8888888955116272 121
1646474440091 0.8472222089767456 122
1646474440473 0.8287037014961243 123
1646474441045 0.9027777910232544 124
1646474441506 0.9259259104728699 125
1646474441979 0.875 126
1646474442463 0.8703703880310059 127
1646474442840 0.8888888955116272 128
1646474443200 0.875 129
1646474443565 0.8379629850387573 130
1646474443909 0.8333333134651184 131
1646474444301 0.8842592835426331 132
1646474444823 0.8425925970077515 133
1646474445306 0.8935185074806213 134
1646474445722 0.9027777910232544 135
1646474446226 0.8981481194496155 136
1646474446593 0.9027777910232544 137
1646474446963 0.9166666865348816 138
1646474447322 0.8611111044883728 139
1646474447690 0.8981481194496155 140
1646474448068 0.9074074029922485 141
1646474448594 0.9027777910232544 142
1646474449067 0.8611111044883728 143
1646474449474 0.8842592835426331 144
1646474450062 0.8657407164573669 145
1646474450408 0.9120370149612427 146
1646474450822 0.9398148059844971 147
1646474451164 0.9074074029922485 148
1646474451526 0.8888888955116272 149
1646474451873 0.9074074029922485 150
1646474452453 0.9074074029922485 151
1646474452885 0.8888888955116272 152
1646474453298 0.9444444179534912 153
1646474453788 0.9120370149612427 154
1646474454158 0.9398148059844971 155
1646474454526 0.9074074029922485 156
1646474454857 0.8981481194496155 157
1646474455211 0.9027777910232544 158
1646474455613 0.9259259104728699 159
1646474456156 0.9074074029922485 160
1646474456627 0.9259259104728699 161
1646474457059 0.9212962985038757 162
1646474457575 0.9351851940155029 163
1646474457925 0.9074074029922485 164
1646474458256 0.8657407164573669 165
1646474458607 0.9212962985038757 166
1646474458954 0.9305555820465088 167
1646474459355 0.8981481194496155 168
1646474459828 0.9259259104728699 169
1646474460307 0.9074074029922485 170
1646474460709 0.9305555820465088 171
1646474461322 0.9583333134651184 172
1646474461672 0.9259259104728699 173
1646474462025 0.9120370149612427 174
1646474462375 0.9398148059844971 175
1646474462919 0.9351851940155029 176
1646474463274 0.9259259104728699 177
1646474463813 0.9444444179534912 178
1646474464245 0.9305555820465088 179
1646474464647 0.9305555820465088 180
1646474465123 0.9120370149612427 181
1646474465454 0.9120370149612427 182
1646474465806 0.9305555820465088 183
1646474466172 0.9490740895271301 184
1646474466534 0.9490740895271301 185
1646474466887 0.9722222089767456 186
1646474467322 0.9398148059844971 187
1646474467872 0.9444444179534912 188
1646474468273 0.9351851940155029 189
1646474468711 0.9166666865348816 190
1646474469140 0.9490740895271301 191
1646474469519 0.9166666865348816 192
1646474469856 0.9398148059844971 193
1646474470188 0.9305555820465088 194
1646474470538 0.9490740895271301 195
1646474470900 0.9212962985038757 196
1646474471442 0.9444444179534912 197
1646474471895 0.9490740895271301 198
1646474472287 0.9351851940155029 199
1646474472788 0.9490740895271301 200
1646474473147 0.9537037014961243 201
1646474473506 0.9351851940155029 202
1646474473858 0.9768518805503845 203
1646474474235 0.9490740895271301 204
1646474474603 0.9398148059844971 205
1646474475140 0.9398148059844971 206
1646474475613 0.9629629850387573 207
1646474476009 0.9351851940155029 208
1646474476493 0.9490740895271301 209
1646474476842 0.9537037014961243 210
1646474477173 0.9444444179534912 211
1646474477538 0.9629629850387573 212
1646474477890 0.9444444179534912 213
1646474478254 0.9490740895271301 214
1646474478698 0.9629629850387573 215
1646474479294 0.9490740895271301 216
1646474479722 0.9537037014961243 217
1646474480205 0.9398148059844971 218
1646474480558 0.9398148059844971 219
1646474480888 0.9629629850387573 220
1646474481234 0.9212962985038757 221
1646474481588 0.9583333134651184 222
1646474481934 0.9444444179534912 223
1646474482271 0.9490740895271301 224
1646474482883 0.9768518805503845 225
1646474483404 0.9398148059844971 226
1646474483761 0.9583333134651184 227
1646474484155 0.9629629850387573 228
1646474484641 0.9537037014961243 229
1646474485106 0.9722222089767456 230
1646474485477 0.9629629850387573 231
1646474485824 0.9444444179534912 232
1646474486206 0.9351851940155029 233
1646474486588 0.9583333134651184 234
1646474486945 0.9490740895271301 235
1646474487499 0.9537037014961243 236
1646474487974 0.9490740895271301 237
1646474488400 0.9629629850387573 238
1646474488889 0.9629629850387573 239
1646474489244 0.9259259104728699 240
1646474489604 0.9583333134651184 241
1646474489957 0.9305555820465088 242
1646474490321 0.9490740895271301 243
1646474490669 0.9305555820465088 244
1646474491221 0.9490740895271301 245
1646474491658 0.9629629850387573 246
1646474492053 0.9490740895271301 247
1646474492536 0.9490740895271301 248
1646474492897 0.9675925970077515 249
1646474493251 0.9583333134651184 250
1646474493616 0.9305555820465088 251
1646474493971 0.9537037014961243 252
1646474494338 0.9537037014961243 253
1646474494896 0.9351851940155029 254
1646474495366 0.9537037014961243 255
1646474495769 0.9583333134651184 256
1646474496274 0.9629629850387573 257
1646474496636 0.9814814925193787 258
1646474497041 0.9675925970077515 259
1646474497440 0.9675925970077515 260
1646474497851 0.9537037014961243 261
1646474498289 0.9629629850387573 262
1646474498909 0.9675925970077515 263
1646474499420 0.9722222089767456 264
1646474499965 0.9768518805503845 265
1646474500471 0.9537037014961243 266
1646474500857 0.9675925970077515 267
1646474501302 0.9675925970077515 268
1646474501706 0.9583333134651184 269
1646474502070 0.9629629850387573 270
1646474502439 0.9444444179534912 271
1646474502804 0.9444444179534912 272
1646474503151 0.9722222089767456 273
1646474503667 0.9814814925193787 274
1646474504303 0.9490740895271301 275
1646474504720 0.9814814925193787 276
1646474505105 0.9629629850387573 277
1646474505501 0.9398148059844971 278
1646474505802 0.9768518805503845 279
1646474506107 0.9537037014961243 280
1646474506408 0.9629629850387573 281
1646474506736 0.9212962985038757 282
1646474507052 0.9583333134651184 283
1646474507390 0.9583333134651184 284
1646474507901 0.9675925970077515 285
1646474508286 0.9490740895271301 286
1646474508657 0.9398148059844971 287
1646474509086 0.9722222089767456 288
1646474509410 0.9675925970077515 289
1646474509714 0.9583333134651184 290
1646474510019 0.9398148059844971 291
1646474510319 0.9768518805503845 292
1646474510653 0.9537037014961243 293
1646474510985 0.9583333134651184 294
1646474511489 0.9398148059844971 295
1646474511885 0.9768518805503845 296
1646474512244 0.9537037014961243 297
1646474512683 0.9722222089767456 298
1646474513002 0.9351851940155029 299
