1646474387994 0.004 0
1646474389051 0.004000596800238801 1
1646474389142 0.004002387186114745 2
1646474389189 0.004005371113106879 3
1646474389227 0.004009548507014876 4
1646474389260 0.004014919263960817 5
1646474389314 0.004021483250391852 6
1646474389357 0.004029240303083395 7
1646474389899 0.004038190229143396 8
1646474389951 0.004048332806016894 9
1646474389977 0.004059667781491735 10
1646474390031 0.004072194873704721 11
1646474390061 0.004085913771148725 12
1646474390113 0.004100824132680342 13
1646474390160 0.004116925587528436 14
1646474390470 0.004134217735303369 15
1646474390532 0.004152700146006827 16
1646474390579 0.004172372360042753 17
1646474390657 0.004193233888228523 18
1646474390719 0.00421528421180728 19
1646474390797 0.00423852278246073 20
1646474390845 0.004262949022322882 21
1646474390983 0.004288562323994313 22
1646474391028 0.004315362050557339 23
1646474391059 0.004343347535591804 24
1646474391098 0.004372518083191737 25
1646474391127 0.004402872967982557 26
1646474391167 0.004434411435139132 27
1646474391193 0.004467132700404622 28
1646474391337 0.004501035950109908 29
1646474391384 0.004536120341193842 30
1646474391409 0.004572385001224186 31
1646474391457 0.0046098290284194154 32
1646474391503 0.00464845149167098 33
1646474391538 0.004688251430566573 34
1646474391572 0.00472922785541402 35
1646474391708 0.004771379747265783 36
1646474391783 0.004814706057944401 37
1646474391845 0.004859205710068537 38
1646474391932 0.004904877597079721 39
1646474391987 0.004951720583269897 40
1646474392055 0.004999733503809695 41
1646474392101 0.005048915164777332 42
1646474392304 0.005099264343188359 43
1646474392348 0.005150779787026036 44
1646474392386 0.0052034602152724735 45
1646474392433 0.0052573043179405116 46
1646474392461 0.005312310756106234 47
1646474392514 0.005368478161942372 48
1646474392561 0.005425805138752182 49
1646474392724 0.005484290261004263 50
1646474392776 0.005543932074367999 51
1646474392819 0.005604729095749744 52
1646474392860 0.005666679813329564 53
1646474392903 0.005729782686599044 54
1646474392932 0.005794036146399437 55
1646474392987 0.0058594385949607 56
1646474393130 0.005925988405941329 57
1646474393178 0.005993683924468696 58
1646474393210 0.006062523467180211 59
1646474393299 0.006132505322265253 60
1646474393352 0.00620362774950764 61
1646474393424 0.006275888980328992 62
1646474393499 0.006349287217832622 63
1646474393670 0.006423820636848349 64
1646474393749 0.006499487383977681 65
1646474393789 0.006576285577640131 66
1646474393829 0.006654213308119827 67
1646474393864 0.006733268637613102 68
1646474393902 0.006813449600276647 69
1646474393938 0.006894754202276393 70
1646474394059 0.006977180421837106 71
1646474394113 0.007060726209292614 72
1646474394150 0.007145389487136861 73
1646474394187 0.007231168150075476 74
1646474394222 0.007318060065078194 75
1646474394259 0.007406063071431879 76
1646474394291 0.007495174980794203 77
1646474394422 0.007585393577248162 78
1646474394462 0.007676716617357068 79
1646474394499 0.007769141830220441 80
1646474394537 0.007862666917530362 81
1646474394560 0.007957289553628788 82
1646474394607 0.008053007385565164 83
1646474394638 0.008149818033155162 84
1646474394769 0.008247719089039693 85
1646474394810 0.00834670811874487 86
1646474394843 0.008446782660742488 87
1646474394882 0.008547940226511286 88
1646474394910 0.008650178300598804 89
1646474394953 0.008753494340683884 90
1646474394986 0.00885788577763999 91
1646474395112 0.008963350015599003 92
1646474395151 0.009069884432015826 93
1646474395185 0.009177486377733593 94
1646474395222 0.009286153177049505 95
1646474395266 0.009395882127781405 96
1646474395302 0.009506670501334968 97
1646474395337 0.009618515542771502 98
1646474395467 0.009731414470876582 99
1646474395516 0.009845364478229035 100
1646474395553 0.009960362731270891 101
1646474395632 0.01007640637037778 102
1646474395722 0.010193492509930055 103
1646474395785 0.010311618238384529 104
1646474395842 0.010430780618346944 105
1646474396031 0.010550976686644925 106
1646474396083 0.010672203454401688 107
1646474396160 0.010794457907110436 108
1646474396209 0.010917737004709188 109
1646474396243 0.011042037681656541 110
1646474396291 0.011167356847007703 111
1646474396327 0.011293691384491558 112
1646474396470 0.011421038152587992 113
1646474396517 0.011549393984606124 114
1646474396553 0.011678755688762962 115
1646474396598 0.011809120048262886 116
1646474396627 0.011940483821377482 117
1646474396680 0.012072843741526285 118
1646474396710 0.012206196517358006 119
1646474396869 0.012340538832832246 120
1646474396917 0.01247586734730212 121
1646474396954 0.012612178695597207 122
1646474397005 0.012749469488107304 123
1646474397046 0.012887736310866635 124
1646474397143 0.013026975725638892 125
1646474397200 0.013167184270002533 126
1646474397406 0.013308358457437025 127
1646474397457 0.013450494777409519 128
1646474397491 0.013593589695462094 129
1646474397528 0.01373763965329973 130
1646474397561 0.013882641068878668 131
1646474397607 0.014028590336495617 132
1646474397643 0.01417548382687736 133
1646474397754 0.014323317887270925 134
1646474397807 0.014472088841534572 135
1646474397843 0.014621792990229088 136
1646474397882 0.014772426610709821 137
1646474397910 0.014923985957219221 138
1646474397951 0.015076467260980053 139
1646474397982 0.01522986673028906 140
1646474398107 0.01538418055061122 141
1646474398151 0.01553940488467466 142
1646474398184 0.015695535872566085 143
1646474398219 0.01585256963182667 144
1646474398243 0.016010502257548756 145
1646474398287 0.016169329822472794 146
1646474398317 0.016329048377085084 147
1646474398437 0.016489653949715966 148
1646474398477 0.016651142546638617 149
1646474398510 0.01681351015216835 150
1646474398553 0.016976752728762368 151
1646474398590 0.01714086621712034 152
1646474398623 0.01730584653628521 153
1646474398665 0.017471689583744746 154
1646474398790 0.017638391235533513 155
1646474398832 0.017805947346335463 156
1646474398867 0.017974353749586933 157
1646474398901 0.01814360625758038 158
1646474398926 0.018313700661568413 159
1646474398977 0.01848463273186851 160
1646474399015 0.018656398217968134 161
1646474399144 0.018828992848630502 162
1646474399185 0.019002412332000743 163
1646474399220 0.019176652355712642 164
1646474399262 0.019351708586995878 165
1646474399307 0.01952757667278375 166
1646474399359 0.019704252239821474 167
1646474399407 0.01988173089477481 168
1646474399682 0.020060008224339468 169
1646474399727 0.02023907979535075 170
1646474399777 0.020418941154893788 171
1646474399825 0.02059958783041435 172
1646474399890 0.02078101532982994 173
1646474399946 0.020963219141641634 174
1646474399990 0.021146194735046114 175
1646474400156 0.02132993756004853 176
1646474400202 0.021514443047575424 177
1646474400226 0.02169970660958853 178
1646474400299 0.02188572363919876 179
1646474400344 0.022072489510780793 180
1646474400385 0.02225999958008809 181
1646474400429 0.022448249184368413 182
1646474400567 0.0226372336424797 183
1646474400626 0.022826948255006557 184
1646474400659 0.023017388304377093 185
1646474400709 0.02320854905498014 186
1646474400744 0.023400425753283174 187
1646474400790 0.023593013627950354 188
1646474400829 0.023786307889961292 189
1646474401078 0.02398030373273008 190
1646474401144 0.02417499633222485 191
1646474401176 0.024370380847087675 192
1646474401217 0.024566452418755005 193
1646474401243 0.024763206171578483 194
1646474401287 0.024960637212946155 195
1646474401309 0.02515874063340416 196
1646474401461 0.0253575115067788 197
1646474401500 0.025556944890299083 198
1646474401532 0.025757035824719512 199
1646474401567 0.025957779334443556 200
1646474401593 0.026159170427647246 201
1646474401635 0.026361204096403426 202
1646474401659 0.026563875316806165 203
1646474401804 0.026767179049095785 204
1646474401842 0.026971110237784104 205
1646474401876 0.0271756638117802 206
1646474401915 0.027380834684516506 207
1646474401946 0.027586617754075282 208
1646474401982 0.027793007903315486 209
1646474402010 0.027999999999999997 210
1646474402147 0.02820758889692332 211
1646474402190 0.028415769432039453 212
1646474402227 0.028624536428590378 213
1646474402266 0.02883388469523468 214
1646474402305 0.02904380902617673 215
1646474402339 0.029254304201296072 216
1646474402376 0.029465364986277248 217
1646474402510 0.029676986132739974 218
1646474402555 0.029889162378369652 219
1646474402593 0.030101888447048183 220
1646474402631 0.0303151590489852 221
1646474402659 0.030528968880849647 222
1646474402706 0.030743312625901534 223
1646474402738 0.030958184954124293 224
1646474402867 0.03117358052235722 225
1646474402910 0.03138949397442836 226
1646474402944 0.03160591994128775 227
1646474402985 0.03182285304114085 228
1646474403008 0.03204028787958242 229
1646474403062 0.03225821904973064 230
1646474403122 0.03247664113236158 231
1646474403359 0.03269554869604396 232
1646474403440 0.03291493629727417 233
1646474403481 0.03313479848061167 234
1646474403534 0.03335512977881465 235
1646474403582 0.03357592471297598 236
1646474403628 0.033797177792659436 237
1646474403687 0.034018883516036214 238
1646474403851 0.03424103637002181 239
1646474403900 0.034463630830413025 240
1646474403926 0.03468666136202542 241
1646474403990 0.034910122418830875 242
1646474404041 0.035134008444095546 243
1646474404075 0.03535831387051806 244
1646474404132 0.035583033120367896 245
1646474404266 0.035808160605624154 246
1646474404311 0.036033690728114465 247
1646474404343 0.03625961787965419 248
1646474404392 0.03648593644218592 249
1646474404439 0.03671264078791915 250
1646474404488 0.03693972527947022 251
1646474404526 0.037167184270002526 252
1646474404690 0.03739501210336689 253
1646474404745 0.037623203114242276 254
1646474404799 0.0378517516282766 255
1646474404869 0.03808065196222787 256
1646474404924 0.038309898424105496 257
1646474404959 0.038539485313311875 258
1646474404996 0.038769406920784046 259
1646474405123 0.038999657529135756 260
1646474405173 0.039230231412799604 261
1646474405212 0.03946112283816936 262
1646474405249 0.03969232606374264 263
1646474405284 0.03992383534026359 264
1646474405321 0.040155644910865915 265
1646474405354 0.04038774901121596 266
1646474405484 0.04062014186965612 267
1646474405525 0.04085281770734836 268
1646474405560 0.041085770738417855 269
1646474405601 0.04131899517009691 270
1646474405626 0.04155248520286901 271
1646474405673 0.041786235030613024 272
1646474405702 0.04202023884074756 273
1646474405836 0.04225449081437555 274
1646474405880 0.042488985126428916 275
1646474405910 0.042723715945813444 276
1646474405953 0.04295867743555375 277
1646474405976 0.04319386375293845 278
1646474406022 0.043429269049665445 279
1646474406053 0.04366488747198734 280
1646474406177 0.04390071316085705 281
1646474406225 0.0441367402520734 282
1646474406261 0.044372962876427044 283
1646474406302 0.0446093751598464 284
1646474406337 0.04484597122354363 285
1646474406374 0.04508274518416096 286
1646474406407 0.04531969115391687 287
1646474406531 0.04555680324075254 288
1646474406568 0.045794075548478405 289
1646474406600 0.04603150217692071 290
1646474406635 0.046269077222068286 291
1646474406672 0.046506794776219273 292
1646474406709 0.04674464892812815 293
1646474406747 0.046982633763152634 294
1646474406887 0.0472207433634008 295
1646474406942 0.04745897180787822 296
1646474406976 0.047697313172635196 297
1646474407045 0.047935761530914084 298
1646474407112 0.048174310953296676 299
1646474407177 0.048412955507851636 300
1646474407229 0.048651689260281995 301
1646474407406 0.04889050627407272 302
1646474407469 0.04912940061063836 303
1646474407516 0.04936836632947072 304
1646474407555 0.04960739748828654 305
1646474407588 0.049846488143175285 306
1646474407639 0.05008563234874696 307
1646474407677 0.05032482415827995 308
1646474407826 0.050564057623868876 309
1646474407871 0.050803326796572505 310
1646474407915 0.051042625726561694 311
1646474407957 0.05128194846326735 312
1646474408000 0.05152128905552836 313
1646474408037 0.051760641551739615 314
1646474408076 0.052000000000000005 315
1646474408218 0.05223935844826039 316
1646474408259 0.052478710944471645 317
1646474408344 0.052718051536732646 318
1646474408393 0.0529573742734383 319
1646474408431 0.0531966732034275 320
1646474408488 0.05343594237613112 321
1646474408551 0.05367517584172004 322
1646474408679 0.05391436765125303 323
1646474408716 0.0541535118568247 324
1646474408748 0.054392602511713475 325
1646474408785 0.05463163367052929 326
1646474408820 0.054870599389361646 327
1646474408864 0.0551094937259273 328
1646474408893 0.05534831073971802 329
1646474409031 0.055587044492148366 330
1646474409070 0.05582568904670332 331
1646474409103 0.05606423846908592 332
1646474409147 0.056302686827364806 333
1646474409187 0.056541028192121784 334
1646474409226 0.0567792566365992 335
1646474409258 0.05701736623684736 336
1646474409372 0.05725535107187185 337
1646474409417 0.05749320522378073 338
1646474409452 0.05773092277793172 339
1646474409486 0.05796849782307928 340
1646474409524 0.05820592445152159 341
1646474409564 0.05844319675924745 342
1646474409593 0.058680308846083135 343
1646474409715 0.05891725481583904 344
1646474409758 0.05915402877645638 345
1646474409790 0.05939062484015362 346
1646474409810 0.059627037123572965 347
1646474409854 0.05986325974792661 348
1646474409901 0.060099286839142965 349
1646474409925 0.06033511252801266 350
1646474410063 0.06057073095033456 351
1646474410106 0.060806136247061555 352
1646474410139 0.06104132256444625 353
1646474410178 0.06127628405418655 354
1646474410209 0.06151101487357108 355
1646474410248 0.06174550918562445 356
1646474410275 0.061979761159252446 357
1646474410407 0.06221376496938698 358
1646474410451 0.06244751479713099 359
1646474410484 0.0626810048299031 360
1646474410526 0.06291422926158215 361
1646474410558 0.06314718229265165 362
1646474410606 0.06337985813034389 363
1646474410655 0.06361225098878405 364
1646474410932 0.06384435508913411 365
1646474410998 0.06407616465973642 366
1646474411049 0.06430767393625736 367
1646474411086 0.06453887716183064 368
1646474411152 0.0647697685872004 369
1646474411198 0.06500034247086425 370
1646474411256 0.06523059307921597 371
1646474411406 0.06546051468668813 372
1646474411447 0.0656901015758945 373
1646474411490 0.06591934803777214 374
1646474411532 0.06614824837172341 375
1646474411579 0.06637679688575773 376
1646474411609 0.0666049878966331 377
1646474411661 0.06683281572999747 378
1646474411806 0.06706027472052978 379
1646474411854 0.06728735921208084 380
1646474411889 0.06751406355781409 381
1646474411933 0.0677403821203458 382
1646474411959 0.06796630927188553 383
1646474412019 0.06819183939437584 384
1646474412109 0.0684169668796321 385
1646474412328 0.06864168612948196 386
1646474412372 0.06886599155590446 387
1646474412415 0.06908987758116913 388
1646474412451 0.06931333863797458 389
1646474412481 0.06953636916958697 390
1646474412520 0.06975896362997819 391
1646474412542 0.06998111648396378 392
1646474412696 0.07020282220734056 393
1646474412738 0.07042407528702402 394
1646474412769 0.07064487022118535 395
1646474412806 0.07086520151938834 396
1646474412839 0.07108506370272583 397
1646474412876 0.07130445130395605 398
1646474412909 0.07152335886763841 399
1646474413038 0.07174178095026935 400
1646474413079 0.07195971212041757 401
1646474413108 0.07217714695885914 402
1646474413150 0.07239408005871224 403
1646474413183 0.07261050602557165 404
1646474413209 0.07282641947764279 405
1646474413253 0.07304181504587573 406
1646474413379 0.07325668737409848 407
1646474413419 0.07347103111915038 408
1646474413457 0.0736848409510148 409
1646474413500 0.07389811155295183 410
1646474413525 0.07411083762163034 411
1646474413559 0.07432301386726002 412
1646474413600 0.07453463501372275 413
1646474413737 0.07474569579870394 414
1646474413779 0.07495619097382326 415
1646474413810 0.07516611530476532 416
1646474413845 0.07537546357140963 417
1646474413901 0.07558423056796054 418
1646474413925 0.07579241110307669 419
1646474413978 0.076 420
1646474414103 0.07620699209668452 421
1646474414151 0.07641338224592471 422
1646474414186 0.07661916531548349 423
1646474414233 0.07682433618821982 424
1646474414258 0.0770288897622159 425
1646474414311 0.07723282095090424 426
1646474414339 0.07743612468319383 427
1646474414531 0.07763879590359658 428
1646474414595 0.07784082957235275 429
1646474414662 0.07804222066555645 430
1646474414740 0.0782429641752805 431
1646474414802 0.07844305510970093 432
1646474414851 0.0786424884932212 433
1646474414891 0.07884125936659585 434
1646474415081 0.07903936278705387 435
1646474415130 0.07923679382842153 436
1646474415176 0.079433547581245 437
1646474415291 0.07962961915291233 438
1646474415367 0.07982500366777515 439
1646474415401 0.0800196962672699 440
1646474415441 0.0802136921100387 441
1646474415578 0.08040698637204964 442
1646474415626 0.08059957424671685 443
1646474415659 0.08079145094501985 444
1646474415710 0.08098261169562293 445
1646474415754 0.08117305174499345 446
1646474415791 0.08136276635752032 447
1646474415836 0.0815517508156316 448
1646474416004 0.08174000041991192 449
1646474416055 0.08192751048921922 450
1646474416152 0.08211427636080125 451
1646474416192 0.08230029339041146 452
1646474416233 0.08248555695242459 453
1646474416259 0.08267006243995148 454
1646474416304 0.0828538052649539 455
1646474416458 0.08303678085835839 456
1646474416499 0.08321898467017007 457
1646474416530 0.08340041216958566 458
1646474416566 0.08358105884510621 459
1646474416592 0.08376092020464924 460
1646474416633 0.08393999177566053 461
1646474416658 0.08411826910522519 462
1646474416796 0.08429574776017855 463
1646474416831 0.08447242332721626 464
1646474416864 0.08464829141300415 465
1646474416905 0.08482334764428737 466
1646474416938 0.08499758766799928 467
1646474416972 0.08517100715136951 468
1646474417002 0.08534360178203187 469
1646474417129 0.0855153672681315 470
1646474417174 0.0856862993384316 471
1646474417208 0.08585639374241963 472
1646474417251 0.08602564625041308 473
1646474417285 0.08619405265366455 474
1646474417326 0.0863616087644665 475
1646474417357 0.08652831041625525 476
1646474417488 0.0866941534637148 477
1646474417532 0.08685913378287967 478
1646474417573 0.08702324727123764 479
1646474417611 0.08718648984783166 480
1646474417643 0.08734885745336138 481
1646474417685 0.08751034605028403 482
1646474417708 0.08767095162291494 483
1646474417847 0.08783067017752721 484
1646474417888 0.08798949774245125 485
1646474417920 0.08814743036817332 486
1646474417956 0.08830446412743394 487
1646474418001 0.08846059511532535 488
1646474418034 0.0886158194493888 489
1646474418073 0.08877013326971095 490
1646474418243 0.08892353273901994 491
1646474418299 0.08907601404278077 492
1646474418350 0.08922757338929019 493
1646474418429 0.08937820700977092 494
1646474418485 0.08952791115846542 495
1646474418543 0.08967668211272907 496
1646474418600 0.08982451617312266 497
1646474418812 0.08997140966350438 498
1646474418853 0.09011735893112133 499
1646474418892 0.09026236034670027 500
1646474418927 0.0904064103045379 501
1646474418975 0.09054950522259048 502
1646474419011 0.09069164154256298 503
1646474419070 0.09083281572999748 504
1646474419213 0.09097302427436112 505
1646474419262 0.09111226368913336 506
1646474419304 0.0912505305118927 507
1646474419348 0.09138782130440279 508
1646474419385 0.09152413265269789 509
1646474419424 0.09165946116716775 510
1646474419467 0.091793803482642 511
1646474419619 0.09192715625847371 512
1646474419691 0.09205951617862253 513
1646474419737 0.09219087995173712 514
1646474419785 0.09232124431123703 515
1646474419898 0.09245060601539389 516
1646474419926 0.092578961847412 517
1646474419965 0.09270630861550845 518
1646474420085 0.0928326431529923 519
1646474420128 0.09295796231834347 520
1646474420159 0.09308226299529081 521
1646474420204 0.09320554209288957 522
1646474420237 0.09332779654559832 523
1646474420258 0.09344902331335508 524
1646474420303 0.09356921938165307 525
1646474420424 0.09368838176161547 526
1646474420463 0.09380650749006995 527
1646474420503 0.09392359362962223 528
1646474420543 0.09403963726872912 529
1646474420575 0.09415463552177097 530
1646474420613 0.09426858552912343 531
1646474420642 0.0943814844572285 532
1646474420753 0.09449332949866504 533
1646474420791 0.0946041178722186 534
1646474420825 0.09471384682295049 535
1646474420870 0.0948225136222664 536
1646474420900 0.09493011556798417 537
1646474420940 0.095036649984401 538
1646474420968 0.09514211422236002 539
1646474421100 0.09524650565931612 540
1646474421138 0.0953498216994012 541
1646474421172 0.09545205977348871 542
1646474421214 0.09555321733925752 543
1646474421243 0.09565329188125515 544
1646474421294 0.09575228091096032 545
1646474421323 0.09585018196684485 546
1646474421455 0.09594699261443485 547
1646474421501 0.09604271044637124 548
1646474421539 0.09613733308246963 549
1646474421574 0.09623085816977958 550
1646474421609 0.09632328338264294 551
1646474421650 0.09641460642275185 552
1646474421675 0.09650482501920579 553
1646474421808 0.09659393692856813 554
1646474421868 0.0966819399349218 555
1646474421929 0.09676883184992453 556
1646474421985 0.09685461051286315 557
1646474422052 0.0969392737907074 558
1646474422104 0.0970228195781629 559
1646474422162 0.0971052457977236 560
1646474422373 0.09718655039972335 561
1646474422430 0.09726673136238691 562
1646474422507 0.0973457866918802 563
1646474422541 0.09742371442235989 564
1646474422596 0.09750051261602233 565
1646474422626 0.09757617936315167 566
1646474422688 0.09765071278216737 567
1646474422840 0.09772411101967103 568
1646474422891 0.09779637225049237 569
1646474422936 0.09786749467773476 570
1646474422979 0.0979374765328198 571
1646474423023 0.09800631607553131 572
1646474423058 0.09807401159405868 573
1646474423114 0.09814056140503931 574
1646474423265 0.09820596385360059 575
1646474423331 0.09827021731340096 576
1646474423391 0.09833332018667043 577
1646474423443 0.09839527090425026 578
1646474423514 0.098456067925632 579
1646474423596 0.09851570973899575 580
1646474423624 0.09857419486124784 581
1646474423749 0.09863152183805765 582
1646474423788 0.09868768924389378 583
1646474423825 0.09874269568205951 584
1646474423862 0.09879653978472754 585
1646474423892 0.09884922021297397 586
1646474423939 0.09890073565681165 587
1646474423971 0.09895108483522268 588
1646474424101 0.09900026649619031 589
1646474424149 0.09904827941673011 590
1646474424179 0.09909512240292029 591
1646474424212 0.09914079428993147 592
1646474424258 0.0991852939420556 593
1646474424296 0.09922862025273423 594
1646474424329 0.09927077214458599 595
1646474424452 0.09931174856943342 596
1646474424494 0.09935154850832903 597
1646474424525 0.0993901709715806 598
1646474424565 0.09942761499877581 599
1646474424591 0.09946387965880618 600
1646474424636 0.0994989640498901 601
1646474424658 0.09953286729959539 602
1646474424783 0.09956558856486088 603
1646474424841 0.09959712703201745 604
1646474424880 0.09962748191680826 605
1646474424924 0.0996566524644082 606
1646474424956 0.09968463794944267 607
1646474424993 0.0997114376760057 608
1646474425033 0.09973705097767713 609
1646474425157 0.09976147721753928 610
1646474425198 0.09978471578819273 611
1646474425232 0.09980676611177149 612
1646474425272 0.09982762763995724 613
1646474425313 0.09984729985399317 614
1646474425353 0.09986578226469665 615
1646474425394 0.09988307441247157 616
1646474425518 0.09989917586731967 617
1646474425560 0.0999140862288513 618
1646474425606 0.09992780512629529 619
1646474425646 0.09994033221850827 620
1646474425714 0.0999516671939831 621
1646474425787 0.09996180977085661 622
1646474425869 0.0999707596969166 623
1646474426076 0.09997851674960817 624
1646474426133 0.09998508073603919 625
1646474426191 0.09999045149298513 626
1646474426241 0.09999462888689313 627
1646474426288 0.09999761281388526 628
1646474426325 0.09999940319976121 629
1646474426375 0.09999988581654443 630
1646474426533 0.09999954326669921 631
1646474426581 0.09999897235202891 632
1646474426619 0.0999981730751411 633
1646474426662 0.09999714543968634 634
1646474426691 0.09999588945035823 635
1646474426750 0.09999440511289331 636
1646474426796 0.09999269243407109 637
1646474426931 0.09999075142171397 638
1646474426976 0.09998858208468725 639
1646474427008 0.09998618443289907 640
1646474427048 0.09998355847730035 641
1646474427096 0.09998070422988478 642
1646474427190 0.09997762170368871 643
1646474427234 0.09997431091279116 644
1646474427434 0.09997077187231367 645
1646474427485 0.0999670045984203 646
1646474427517 0.09996300910831754 647
1646474427554 0.09995878542025423 648
1646474427574 0.09995433355352143 649
1646474427628 0.09994965352845243 650
1646474427659 0.09994474536642255 651
1646474427798 0.09993960908984914 652
1646474427842 0.09993424472219138 653
1646474427875 0.09992865228795028 654
1646474427913 0.09992283181266845 655
1646474427941 0.0999167833229301 656
1646474427983 0.09991050684636081 657
1646474428008 0.09990400241162752 658
1646474428142 0.09989727004843828 659
1646474428182 0.0998903097875422 660
1646474428221 0.09988312166072927 661
1646474428260 0.09987570570083022 662
1646474428292 0.0998680619417164 663
1646474428332 0.09986019041829958 664
1646474428357 0.09985209116653179 665
1646474428500 0.09984376422340524 666
1646474428539 0.09983520962695201 667
1646474428574 0.09982642741624403 668
1646474428617 0.09981741763139274 669
1646474428641 0.09980818031354909 670
1646474428690 0.09979871550490317 671
1646474428719 0.09978902324868413 672
1646474428841 0.09977910358915996 673
1646474428881 0.09976895657163733 674
1646474428922 0.09975858224246123 675
1646474428942 0.09974798064901494 676
1646474428995 0.09973715183971972 677
1646474429024 0.0997260958640346 678
1646474429070 0.09971481277245615 679
1646474429205 0.0997033026165183 680
1646474429246 0.09969156544879201 681
1646474429281 0.09967960132288511 682
1646474429322 0.09966741029344206 683
1646474429356 0.09965499241614359 684
1646474429430 0.09964234774770661 685
1646474429483 0.0996294763458838 686
1646474429731 0.09961637826946346 687
1646474429789 0.09960305357826917 688
1646474429835 0.09958950233315954 689
1646474429892 0.09957572459602795 690
1646474429955 0.09956172042980223 691
1646474429996 0.09954748989844439 692
1646474430026 0.09953303306695035 693
1646474430177 0.0995183500013496 694
1646474430230 0.09950344076870497 695
1646474430257 0.0994883054371122 696
1646474430313 0.09947294407569977 697
1646474430361 0.09945735675462848 698
1646474430391 0.09944154354509119 699
1646474430443 0.09942550451931245 700
1646474430601 0.09940923975054825 701
1646474430648 0.09939274931308553 702
1646474430684 0.09937603328224204 703
1646474430725 0.09935909173436584 704
1646474430778 0.099341924746835 705
1646474430847 0.09932453239805729 706
1646474430883 0.09930691476746976 707
1646474431121 0.09928907193553844 708
1646474431164 0.09927100398375785 709
1646474431202 0.09925271099465081 710
1646474431242 0.09923419305176792 711
1646474431272 0.09921545023968721 712
1646474431316 0.09919648264401378 713
1646474431341 0.0991772903513794 714
1646474431489 0.09915787344944213 715
1646474431528 0.09913823202688588 716
1646474431562 0.09911836617342003 717
1646474431601 0.099098275979779 718
1646474431626 0.09907796153772187 719
1646474431681 0.09905742294003195 720
1646474431714 0.09903666028051634 721
1646474431839 0.0990156736540055 722
1646474431885 0.09899446315635282 723
1646474431916 0.09897302888443424 724
1646474431955 0.09895137093614768 725
1646474431991 0.09892948941041274 726
1646474432026 0.09890738440717015 727
1646474432058 0.09888505602738132 728
1646474432177 0.0988625043730279 729
1646474432219 0.09883972954711141 730
1646474432255 0.09881673165365253 731
1646474432295 0.09879351079769086 732
1646474432332 0.09877006708528434 733
1646474432368 0.09874640062350874 734
1646474432407 0.09872251152045726 735
1646474432530 0.09869839988523992 736
1646474432570 0.09867406582798315 737
1646474432607 0.09864950945982928 738
1646474432647 0.098624730892936 739
1646474432691 0.09859973024047584 740
1646474432724 0.0985745076166357 741
1646474432767 0.09854906313661634 742
1646474432897 0.0985233969166317 743
1646474432939 0.0984975090739086 744
1646474432977 0.09847139972668602 745
1646474433019 0.09844506899421467 746
1646474433055 0.0984185169967564 747
1646474433090 0.09839174385558365 748
1646474433124 0.09836474969297887 749
1646474433380 0.09833753463223405 750
1646474433455 0.09831009879765007 751
1646474433501 0.09828244231453617 752
1646474433555 0.09825456530920935 753
1646474433607 0.09822646790899386 754
1646474433673 0.09819815024222053 755
1646474433719 0.09816961243822624 756
1646474433864 0.0981408546273533 757
1646474433912 0.09811187694094889 758
1646474433941 0.09808267951136446 759
1646474433996 0.09805326247195503 760
1646474434045 0.09802362595707877 761
1646474434074 0.09799377010209614 762
1646474434141 0.09796369504336953 763
1646474434291 0.09793340091826243 764
1646474434343 0.09790288786513891 765
1646474434390 0.09787215602336295 766
1646474434425 0.09784120553329785 767
1646474434476 0.09781003653630553 768
1646474434519 0.0977786491747459 769
1646474434541 0.09774704359197621 770
1646474434799 0.09771521993235047 771
1646474434849 0.09768317834121862 772
1646474434890 0.09765091896492609 773
1646474434927 0.09761844195081291 774
1646474434958 0.09758574744721321 775
1646474434996 0.09755283560345443 776
1646474435023 0.09751970656985669 777
1646474435171 0.09748636049773209 778
1646474435215 0.09745279753938403 779
1646474435249 0.09741901784810654 780
1646474435288 0.09738502157818346 781
1646474435330 0.09735080888488792 782
1646474435357 0.09731637992448146 783
1646474435402 0.09728173485421342 784
1646474435545 0.09724687383232018 785
1646474435586 0.09721179701802449 786
1646474435621 0.09717650457153462 787
1646474435665 0.09714099665404377 788
1646474435690 0.09710527342772927 789
1646474435735 0.09706933505575184 790
1646474435766 0.09703318170225479 791
1646474435918 0.09699681353236342 792
1646474435959 0.09696023071218408 793
1646474435990 0.0969234334088036 794
1646474436035 0.09688642179028838 795
1646474436068 0.09684919602568365 796
1646474436103 0.09681175628501273 797
1646474436145 0.09677410273927631 798
1646474436268 0.09673623556045154 799
1646474436310 0.09669815492149131 800
1646474436347 0.09665986099632348 801
1646474436393 0.09662135395985007 802
1646474436424 0.09658263398794643 803
1646474436466 0.09654370125746049 804
1646474436500 0.09650455594621189 805
1646474436642 0.09646519823299123 806
1646474436682 0.09642562829755921 807
1646474436724 0.09638584632064587 808
1646474436769 0.09634585248394963 809
1646474436802 0.09630564697013662 810
1646474436850 0.09626522996283975 811
1646474436889 0.0962246016466579 812
1646474437144 0.09618376220715508 813
1646474437198 0.09614271183085958 814
1646474437259 0.09610145070526309 815
1646474437320 0.09605997901881987 816
1646474437366 0.09601829696094591 817
1646474437446 0.09597640472201803 818
1646474437495 0.095934302493373 819
1646474437637 0.09589199046730673 820
1646474437683 0.09584946883707332 821
1646474437731 0.09580673779688421 822
1646474437785 0.0957637975419073 823
1646474437835 0.09572064826826603 824
1646474437868 0.09567729017303851 825
1646474437914 0.09563372345425666 826
1646474438052 0.09558994831090517 827
1646474438097 0.09554596494292075 828
1646474438141 0.0955017735511911 829
1646474438184 0.09545737433755408 830
1646474438235 0.09541276750479673 831
1646474438273 0.09536795325665434 832
1646474438368 0.09532293179780955 833
1646474438598 0.09527770333389145 834
1646474438639 0.09523226807147452 835
1646474438671 0.09518662621807782 836
1646474438713 0.09514077798216396 837
1646474438740 0.09509472357313818 838
1646474438785 0.09504846320134738 839
1646474438820 0.09500199707807919 840
1646474438983 0.09495532541556093 841
1646474439024 0.09490844842695872 842
1646474439120 0.0948613663263765 843
1646474439163 0.094814079328855 844
1646474439197 0.0947665876503708 845
1646474439234 0.09471889150783531 846
1646474439272 0.09467099111909384 847
1646474439408 0.09462288670292453 848
1646474439456 0.09457457847903737 849
1646474439486 0.09452606666807328 850
1646474439529 0.094477351491603 851
1646474439558 0.09442843317212607 852
1646474439602 0.09437931193306992 853
1646474439643 0.09432998799878874 854
1646474439776 0.09428046159456253 855
1646474439816 0.09423073294659605 856
1646474439851 0.09418080228201775 857
1646474439896 0.09413066982887877 858
1646474439924 0.0940803358161519 859
1646474439964 0.09402980047373054 860
1646474439990 0.09397906403242758 861
1646474440144 0.09392812672397445 862
1646474440190 0.09387698878102001 863
1646474440224 0.09382565043712943 864
1646474440265 0.09377411192678328 865
1646474440290 0.09372237348537629 866
1646474440324 0.09367043534921637 867
1646474440377 0.0936182977555235 868
1646474440533 0.09356596094242865 869
1646474440574 0.0935134251489727 870
1646474440607 0.09346069061510538 871
1646474440688 0.09340775758168408 872
1646474440757 0.09335462629047282 873
1646474440833 0.09330129698414119 874
1646474440893 0.09324776990626309 875
1646474441083 0.09319404530131581 876
1646474441153 0.09314012341467875 877
1646474441203 0.09308600449263241 878
1646474441247 0.09303168878235718 879
1646474441303 0.09297717653193228 880
1646474441347 0.09292246799033459 881
1646474441387 0.09286756340743753 882
1646474441560 0.09281246303400989 883
1646474441610 0.09275716712171472 884
1646474441640 0.09270167592310816 885
1646474441691 0.09264598969163833 886
1646474441723 0.09259010868164405 887
1646474441775 0.09253403314835384 888
1646474441821 0.09247776334788467 889
1646474442025 0.09242129953724074 890
1646474442067 0.09236464197431243 891
1646474442158 0.092307790917875 892
1646474442214 0.09225074662758755 893
1646474442264 0.09219350936399162 894
1646474442347 0.09213607938851023 895
1646474442384 0.09207845696344655 896
1646474442512 0.09202064235198275 897
1646474442552 0.09196263581817875 898
1646474442592 0.09190443762697105 899
1646474442630 0.09184604804417158 900
1646474442664 0.09178746733646638 901
1646474442713 0.09172869577141439 902
1646474442749 0.09166973361744632 903
1646474442887 0.09161058114386335 904
1646474442932 0.0915512386208359 905
1646474442964 0.09149170631940244 906
1646474443007 0.09143198451146821 907
1646474443039 0.091372073469804 908
1646474443075 0.09131197346804489 909
1646474443114 0.091251684780689 910
1646474443245 0.0911912076830963 911
1646474443282 0.09113054245148722 912
1646474443321 0.09106968936294149 913
1646474443360 0.09100864869539688 914
1646474443396 0.09094742072764787 915
1646474443428 0.09088600573934444 916
1646474443468 0.0908244040109907 917
1646474443610 0.09076261582394374 918
1646474443649 0.09070064146041219 919
1646474443684 0.0906384812034551 920
1646474443725 0.09057613533698053 921
1646474443757 0.09051360414574423 922
1646474443798 0.0904508879153485 923
1646474443835 0.09038798693224069 924
1646474443969 0.09032490148371201 925
1646474444014 0.0902616318578962 926
1646474444051 0.09019817834376821 927
1646474444094 0.09013454123114283 928
1646474444124 0.09007072081067347 929
1646474444174 0.09000671737385073 930
1646474444211 0.0899425312130011 931
1646474444349 0.0898781626212857 932
1646474444392 0.0898136118926988 933
1646474444423 0.08974887932206663 934
1646474444475 0.08968396520504587 935
1646474444545 0.08961886983812245 936
1646474444609 0.08955359351861014 937
1646474444665 0.08948813654464913 938
1646474444879 0.08942249921520477 939
1646474444922 0.08935668183006615 940
1646474444973 0.08929068468984472 941
1646474445060 0.08922450809597293 942
1646474445115 0.08915815235070293 943
1646474445152 0.089091617757105 944
1646474445197 0.08902490461906638 945
1646474445355 0.08895801324128978 946
1646474445409 0.0888909439292919 947
1646474445448 0.08882369698940226 948
1646474445496 0.08875627272876158 949
1646474445547 0.0886886714553205 950
1646474445589 0.08862089347783814 951
1646474445630 0.08855293910588066 952
1646474445770 0.08848480864981995 953
1646474445815 0.08841650242083204 954
1646474445854 0.08834802073089587 955
1646474445900 0.0882793638927917 956
1646474445993 0.08821053222009981 957
1646474446104 0.08814152602719895 958
1646474446152 0.08807234562926505 959
1646474446278 0.08800299134226963 960
1646474446319 0.08793346348297842 961
1646474446354 0.08786376236894998 962
1646474446394 0.08779388831853412 963
1646474446433 0.08772384165087055 964
1646474446456 0.08765362268588736 965
1646474446504 0.08758323174429958 966
1646474446644 0.08751266914760779 967
1646474446685 0.08744193521809647 968
1646474446720 0.08737103027883272 969
1646474446760 0.08729995465366468 970
1646474446790 0.08722870866722003 971
1646474446832 0.08715729264490463 972
1646474446857 0.08708570691290088 973
1646474447017 0.08701395179816636 974
1646474447060 0.08694202762843227 975
1646474447095 0.0868699347322019 976
1646474447137 0.08679767343874924 977
1646474447169 0.08672524407811735 978
1646474447209 0.08665264698111695 979
1646474447238 0.08657988247932488 980
1646474447376 0.08650695090508254 981
1646474447421 0.08643385259149444 982
1646474447453 0.0863605878724266 983
1646474447491 0.08628715708250519 984
1646474447531 0.08621356055711472 985
1646474447556 0.08613979863239682 986
1646474447589 0.08606587164524845 987
1646474447739 0.08599177993332055 988
1646474447784 0.08591752383501637 989
1646474447821 0.08584310368948996 990
1646474447864 0.0857685198366447 991
1646474447890 0.08569377261713158 992
1646474447941 0.08561886237234785 993
1646474447979 0.08554378944443528 994
1646474448110 0.08546855417627869 995
1646474448152 0.08539315691150438 996
1646474448184 0.08531759799447851 997
1646474448226 0.08524187777030565 998
1646474448274 0.08516599658482699 999
1646474448361 0.085089954784619 1000
1646474448423 0.08501375271699167 1001
1646474448647 0.084937390729987 1002
1646474448705 0.08486086917237745 1003
1646474448757 0.08478418839366421 1004
1646474448828 0.08470734874407575 1005
1646474448883 0.08463035057456612 1006
1646474448914 0.08455319423681344 1007
1646474448964 0.0844758800832182 1008
1646474449119 0.08439840846690169 1009
1646474449174 0.08432077974170443 1010
1646474449206 0.08424299426218444 1011
1646474449251 0.08416505238361578 1012
1646474449299 0.08408695446198675 1013
1646474449336 0.08400870085399842 1014
1646474449381 0.08393029191706292 1015
1646474449533 0.08385172800930181 1016
1646474449580 0.08377300948954447 1017
1646474449623 0.08369413671732644 1018
1646474449673 0.0836151100528878 1019
1646474449750 0.08353592985717145 1020
1646474449800 0.08345659649182165 1021
1646474449844 0.08337711031918209 1022
1646474450104 0.0832974717022945 1023
1646474450144 0.0832176810048968 1024
1646474450179 0.08313773859142158 1025
1646474450211 0.08305764482699435 1026
1646474450239 0.08297740007743183 1027
1646474450280 0.08289700470924045 1028
1646474450316 0.08281645908961449 1029
1646474450463 0.08273576358643453 1030
1646474450507 0.08265491856826568 1031
1646474450540 0.08257392440435597 1032
1646474450577 0.08249278146463462 1033
1646474450607 0.08241149011971037 1034
1646474450651 0.08233005074086974 1035
1646474450683 0.08224846370007544 1036
1646474450869 0.08216672936996457 1037
1646474450913 0.08208484812384692 1038
1646474450949 0.08200282033570337 1039
1646474450987 0.08192064638018404 1040
1646474451022 0.08183832663260669 1041
1646474451055 0.08175586146895497 1042
1646474451092 0.08167325126587667 1043
1646474451213 0.08159049640068203 1044
1646474451254 0.08150759725134202 1045
1646474451290 0.0814245541964866 1046
1646474451333 0.08134136761540303 1047
1646474451364 0.08125803788803408 1048
1646474451413 0.0811745653949763 1049
1646474451439 0.08109095051747836 1050
1646474451579 0.08100719363743916 1051
1646474451619 0.08092329513740626 1052
1646474451656 0.08083925540057403 1053
1646474451705 0.08075507481078188 1054
1646474451735 0.0806707537525126 1055
1646474451771 0.0805862926108905 1056
1646474451805 0.08050169177167975 1057
1646474451906 0.08041695162128251 1058
1646474451950 0.08033207254673727 1059
1646474451999 0.08024705493571704 1060
1646474452041 0.08016189917652754 1061
1646474452108 0.08007660565810545 1062
1646474452172 0.07999117477001676 1063
1646474452246 0.0799056069024547 1064
1646474452501 0.07981990244623828 1065
1646474452550 0.07973406179281028 1066
1646474452614 0.07964808533423559 1067
1646474452660 0.07956197346319932 1068
1646474452697 0.0794757265730051 1069
1646474452749 0.0793893450575732 1070
1646474452790 0.07930282931143882 1071
1646474452924 0.07921617972975023 1072
1646474452967 0.07912939670826691 1073
1646474453006 0.07904248064335789 1074
1646474453059 0.07895543193199983 1075
1646474453090 0.0788682509717752 1076
1646474453138 0.07878093816087055 1077
1646474453181 0.07869349389807459 1078
1646474453336 0.07860591858277646 1079
1646474453378 0.07851821261496385 1080
1646474453422 0.07843037639522116 1081
1646474453517 0.07834241032472773 1082
1646474453563 0.07825431480525596 1083
1646474453605 0.07816609023916948 1084
1646474453695 0.07807773702942139 1085
1646474453832 0.07798925557955222 1086
1646474453879 0.07790064629368836 1087
1646474453908 0.07781190957653995 1088
1646474453962 0.07772304583339924 1089
1646474453998 0.07763405547013864 1090
1646474454033 0.07754493889320883 1091
1646474454066 0.07745569650963702 1092
1646474454213 0.07736632872702497 1093
1646474454253 0.07727683595354719 1094
1646474454285 0.07718721859794911 1095
1646474454325 0.07709747706954512 1096
1646474454361 0.07700761177821679 1097
1646474454398 0.0769176231344109 1098
1646474454439 0.07682751154913771 1099
1646474454566 0.07673727743396895 1100
1646474454604 0.07664692120103597 1101
1646474454635 0.07655644326302792 1102
1646474454678 0.07646584403318979 1103
1646474454709 0.07637512392532053 1104
1646474454745 0.07628428335377127 1105
1646474454773 0.07619332273344324 1106
1646474454891 0.07610224247978606 1107
1646474454946 0.07601104300879569 1108
1646474454979 0.07591972473701261 1109
1646474455015 0.07582828808151994 1110
1646474455051 0.07573673345994147 1111
1646474455093 0.07564506129043984 1112
1646474455121 0.07555327199171448 1113
1646474455264 0.07546136598299985 1114
1646474455303 0.07536934368406346 1115
1646474455334 0.07527720551520398 1116
1646474455378 0.07518495189724923 1117
1646474455427 0.07509258325155439 1118
1646474455457 0.0750001 1119
1646474455501 0.07490750256499003 1120
1646474455661 0.07481479136945 1121
1646474455701 0.07472196683682494 1122
1646474455737 0.07462902939107763 1123
1646474455772 0.0745359794566865 1124
1646474455821 0.07444281745864377 1125
1646474455877 0.07434954382245348 1126
1646474455949 0.07425615897412961 1127
1646474456215 0.07416266334019404 1128
1646474456259 0.07406905734767466 1129
1646474456306 0.0739753414241034 1130
1646474456364 0.07388151599751429 1131
1646474456414 0.07378758149644153 1132
1646474456440 0.07369353834991745 1133
1646474456501 0.07359938698747061 1134
1646474456686 0.07350512783912388 1135
1646474456729 0.07341076133539239 1136
1646474456765 0.07331628790728158 1137
1646474456816 0.07322170798628527 1138
1646474456865 0.07312702200438372 1139
1646474456902 0.07303223039404153 1140
1646474456946 0.0729373335882058 1141
1646474457121 0.07284233202030403 1142
1646474457167 0.07274722612424228 1143
1646474457217 0.07265201633440309 1144
1646474457297 0.07255670308564348 1145
1646474457331 0.07246128681329309 1146
1646474457422 0.07236576795315197 1147
1646474457482 0.07227014694148887 1148
1646474457614 0.07217442421503903 1149
1646474457653 0.07207860021100225 1150
1646474457686 0.07198267536704092 1151
1646474457727 0.07188665012127801 1152
1646474457755 0.07179052491229503 1153
1646474457801 0.07169430017913009 1154
1646474457830 0.07159797636127585 1155
1646474457971 0.07150155389867752 1156
1646474458016 0.07140503323173088 1157
1646474458049 0.07130841480128018 1158
1646474458085 0.07121169904861628 1159
1646474458105 0.0711148864154745 1160
1646474458140 0.07101797734403262 1161
1646474458179 0.07092097227690894 1162
1646474458311 0.07082387165716014 1163
1646474458351 0.07072667592827944 1164
1646474458387 0.07062938553419432 1165
1646474458430 0.07053200091926472 1166
1646474458463 0.07043452252828089 1167
1646474458500 0.0703369508064614 1168
1646474458528 0.07023928619945106 1169
1646474458650 0.07014152915331899 1170
1646474458699 0.07004368011455644 1171
1646474458731 0.06994573953007484 1172
1646474458768 0.06984770784720377 1173
1646474458801 0.06974958551368889 1174
1646474458824 0.06965137297768985 1175
1646474458876 0.06955307068777833 1176
1646474458997 0.06945467909293594 1177
1646474459036 0.06935619864255214 1178
1646474459070 0.06925762978642228 1179
1646474459112 0.06915897297474545 1180
1646474459138 0.06906022865812249 1181
1646474459193 0.0689613972875539 1182
1646474459237 0.06886247931443776 1183
1646474459398 0.06876347519056775 1184
1646474459443 0.06866438536813095 1185
1646474459472 0.06856521029970594 1186
1646474459514 0.06846595043826062 1187
1646474459538 0.06836660623715013 1188
1646474459596 0.06826717815011489 1189
1646474459655 0.06816766663127838 1190
1646474459896 0.0680680721351452 1191
1646474459953 0.06796839511659894 1192
1646474459990 0.06786863603090004 1193
1646474460048 0.06776879533368381 1194
1646474460100 0.06766887348095833 1195
1646474460163 0.06756887092910233 1196
1646474460213 0.06746878813486307 1197
1646474460351 0.0673686255553544 1198
1646474460401 0.0672683836480545 1199
1646474460443 0.06716806287080392 1200
1646474460489 0.06706766368180335 1201
1646474460531 0.06696718653961176 1202
1646474460566 0.06686663190314403 1203
1646474460612 0.06676600023166905 1204
1646474460775 0.06666529198480751 1205
1646474460813 0.06656450762252991 1206
1646474460937 0.06646364760515434 1207
1646474460982 0.06636271239334447 1208
1646474461023 0.06626170244810739 1209
1646474461063 0.06616061823079152 1210
1646474461094 0.06605946020308452 1211
1646474461365 0.06595822882701116 1212
1646474461408 0.06585692456493124 1213
1646474461438 0.06575554787953744 1214
1646474461480 0.0656540992338532 1215
1646474461505 0.06555257909123066 1216
1646474461549 0.0654509879153485 1217
1646474461580 0.06534932617020985 1218
1646474461714 0.06524759432014013 1219
1646474461752 0.06514579282978496 1220
1646474461785 0.06504392216410806 1221
1646474461824 0.06494198278838906 1222
1646474461856 0.06483997516822142 1223
1646474461893 0.06473789976951033 1224
1646474461923 0.06463575705847052 1225
1646474462063 0.06453354750162416 1226
1646474462100 0.06443127156579871 1227
1646474462132 0.06432892971812486 1228
1646474462175 0.0642265224260343 1229
1646474462206 0.06412405015725764 1230
1646474462247 0.06402151337982227 1231
1646474462278 0.06391891256205022 1232
1646474462421 0.06381624817255596 1233
1646474462474 0.06371352068024438 1234
1646474462505 0.06361073055430858 1235
1646474462557 0.06350787826422767 1236
1646474462590 0.06340496427976475 1237
1646474462632 0.06330198907096464 1238
1646474462670 0.06319895310815188 1239
1646474462969 0.06309585686192841 1240
1646474463014 0.06299270080317156 1241
1646474463049 0.06288948540303181 1242
1646474463088 0.06278621113293069 1243
1646474463122 0.06268287846455858 1244
1646474463162 0.06257948786987269 1245
1646474463189 0.06247603982109465 1246
1646474463318 0.0623725347907086 1247
1646474463373 0.062268973251458935 1248
1646474463432 0.06216535567634809 1249
1646474463511 0.062061682538634484 1250
1646474463566 0.06195795431183031 1251
1646474463639 0.061854171469699334 1252
1646474463701 0.06175033448625481 1253
1646474463861 0.06164644383575726 1254
1646474463913 0.06154249999271228 1255
1646474463965 0.06143850343186853 1256
1646474464019 0.061334454628215324 1257
1646474464055 0.06123035405698065 1258
1646474464102 0.06112620219362893 1259
1646474464133 0.06102199951385886 1260
1646474464296 0.060917746493601224 1261
1646474464336 0.06081344360901673 1262
1646474464387 0.06070909133649383 1263
1646474464422 0.060604690152646565 1264
1646474464468 0.06050024053431233 1265
1646474464506 0.0603957429585498 1266
1646474464548 0.060291197902636665 1267
1646474464693 0.060186605844067424 1268
1646474464742 0.06008196726055132 1269
1646474464777 0.059977282630010065 1270
1646474464834 0.059872552430575675 1271
1646474464901 0.05976777714058832 1272
1646474464937 0.059662957238594105 1273
1646474465031 0.059558093203342884 1274
1646474465161 0.05945318551378608 1275
1646474465200 0.0593482346490745 1276
1646474465235 0.0592432410885562 1277
1646474465254 0.05913820531177416 1278
1646474465304 0.05903312779846423 1279
1646474465338 0.05892800902855288 1280
1646474465371 0.05882284948215499 1281
1646474465498 0.05871764963957172 1282
1646474465539 0.05861240998128823 1283
1646474465577 0.05850713098797158 1284
1646474465619 0.05840181314046844 1285
1646474465652 0.05829645691980298 1286
1646474465695 0.05819106280717461 1287
1646474465721 0.058085631283955816 1288
1646474465858 0.057980162831689955 1289
1646474465901 0.057874657932089055 1290
1646474465939 0.05776911706703158 1291
1646474465971 0.05766354071856031 1292
1646474466027 0.057557929368880045 1293
1646474466056 0.057452283500355486 1294
1646474466096 0.05734660359550898 1295
1646474466212 0.0572408901370183 1296
1646474466251 0.05713514360771452 1297
1646474466289 0.057029364490579715 1298
1646474466329 0.056923553268744854 1299
1646474466355 0.056817710425487486 1300
1646474466406 0.05671183644422961 1301
1646474466448 0.05660593180853546 1302
1646474466564 0.056499997002109226 1303
1646474466614 0.05639403250879297 1304
1646474466647 0.05628803881256428 1305
1646474466688 0.05618201639753418 1306
1646474466721 0.05607596574794482 1307
1646474466764 0.0559698873481673 1308
1646474466788 0.05586378168269955 1309
1646474466932 0.055757649236163914 1310
1646474466972 0.05565149049330513 1311
1646474467003 0.05554530593898801 1312
1646474467040 0.055439096058195296 1313
1646474467072 0.055332861336025344 1314
1646474467113 0.05522660225769002 1315
1646474467153 0.05512031930851241 1316
1646474467385 0.05501401297392465 1317
1646474467459 0.05490768373946564 1318
1646474467526 0.054801332090778906 1319
1646474467575 0.054694958513610364 1320
1646474467621 0.054588563493806024 1321
1646474467674 0.0544821475173099 1322
1646474467724 0.05437571107016168 1323
1646474467920 0.054269254638494566 1324
1646474467968 0.05416277870853303 1325
1646474468011 0.05405628376659061 1326
1646474468039 0.053949770299067674 1327
1646474468090 0.053843238792449184 1328
1646474468133 0.0537366897333025 1329
1646474468173 0.053630123608275175 1330
1646474468329 0.053523540904092705 1331
1646474468373 0.05341694210755628 1332
1646474468406 0.053310327705540596 1333
1646474468462 0.05320369818499166 1334
1646474468512 0.05309705403292447 1335
1646474468538 0.05299039573642093 1336
1646474468588 0.05288372378262746 1337
1646474468765 0.05277703865875294 1338
1646474468832 0.05267034085206632 1339
1646474468898 0.052563630849894544 1340
1646474468931 0.052456909139620256 1341
1646474468966 0.052350176208679516 1342
1646474469006 0.05224343254455968 1343
1646474469039 0.052136678634797116 1344
1646474469192 0.05202991496697501 1345
1646474469234 0.05192314202872104 1346
1646474469276 0.05181636030770532 1347
1646474469314 0.051709570291638036 1348
1646474469338 0.051602772468267256 1349
1646474469383 0.051495967325376694 1350
1646474469425 0.05138915535078352 1351
1646474469557 0.05128233703233613 1352
1646474469601 0.05117551285791184 1353
1646474469634 0.05106868331541472 1354
1646474469673 0.0509618488927734 1355
1646474469705 0.05085501007793878 1356
1646474469738 0.05074816735888178 1357
1646474469769 0.05064132122359121 1358
1646474469894 0.05053447216007148 1359
1646474469936 0.05042762065634031 1360
1646474469971 0.05032076720042663 1361
1646474470005 0.05021391228036826 1362
1646474470037 0.05010705638420974 1363
1646474470085 0.0500002 1364
1646474470111 0.049893343615790266 1365
1646474470221 0.04978648771963174 1366
1646474470265 0.049679632799573374 1367
1646474470314 0.04957277934365971 1368
1646474470349 0.04946592783992853 1369
1646474470388 0.049359078776408785 1370
1646474470434 0.049252232641118235 1371
1646474470464 0.049145389922061224 1372
1646474470593 0.0490385511072266 1373
1646474470634 0.048931716684585284 1374
1646474470669 0.048824887142088165 1375
1646474470703 0.04871806296766387 1376
1646474470741 0.04861124464921647 1377
1646474470771 0.04850443267462332 1378
1646474470815 0.048397627531732754 1379
1646474470958 0.04829082970836198 1380
1646474471017 0.048184039692294685 1381
1646474471062 0.04807725797127896 1382
1646474471144 0.047970485033025013 1383
1646474471201 0.047863721365202894 1384
1646474471260 0.04775696745544034 1385
1646474471320 0.047650223791320494 1386
1646474471499 0.047543490860379754 1387
1646474471558 0.04743676915010546 1388
1646474471605 0.04733005914793368 1389
1646474471649 0.047223361341247085 1390
1646474471694 0.047116676217372554 1391
1646474471752 0.047010004263579076 1392
1646474471801 0.04690334596707554 1393
1646474471940 0.046796701815008356 1394
1646474471981 0.04669007229445942 1395
1646474472021 0.04658345789244373 1396
1646474472063 0.04647685909590729 1397
1646474472088 0.046370276391724835 1398
1646474472140 0.046263710266697504 1399
1646474472188 0.04615716120755084 1400
1646474472330 0.046050629700932336 1401
1646474472374 0.04594411623340938 1402
1646474472404 0.04583762129146698 1403
1646474472493 0.04573114536150543 1404
1646474472546 0.04562468892983833 1405
1646474472598 0.04551825248269011 1406
1646474472697 0.04541183650619397 1407
1646474472828 0.04530544148638965 1408
1646474472865 0.0451990679092211 1409
1646474472903 0.04509271626053438 1410
1646474472944 0.04498638702607535 1411
1646474472971 0.04488008069148759 1412
1646474473015 0.04477379774230999 1413
1646474473037 0.04466753866397466 1414
1646474473197 0.044561303941804714 1415
1646474473235 0.044455094061012 1416
1646474473271 0.0443489095066949 1417
1646474473315 0.0442427507638361 1418
1646474473338 0.04413661831730046 1419
1646474473384 0.0440305126518327 1420
1646474473421 0.04392443425205519 1421
1646474473548 0.04381838360246583 1422
1646474473586 0.043712361187435725 1423
1646474473628 0.04360636749120703 1424
1646474473667 0.04350040299789078 1425
1646474473698 0.04339446819146456 1426
1646474473730 0.043288563555770404 1427
1646474473764 0.04318268957451252 1428
1646474473911 0.04307684673125514 1429
1646474473954 0.042971035509420295 1430
1646474473989 0.042865256392285486 1431
1646474474028 0.042759509862981715 1432
1646474474070 0.04265379640449103 1433
1646474474108 0.04254811649964451 1434
1646474474139 0.04244247063111996 1435
1646474474274 0.04233685928143969 1436
1646474474317 0.04223128293296843 1437
1646474474350 0.042125742067910955 1438
1646474474394 0.042020237168310055 1439
1646474474421 0.04191476871604419 1440
1646474474475 0.041809337192825397 1441
1646474474504 0.041703943080197044 1442
1646474474639 0.041598586859531564 1443
1646474474684 0.04149326901202844 1444
1646474474721 0.04138799001871178 1445
1646474474785 0.041282750360428284 1446
1646474474837 0.04117755051784502 1447
1646474474907 0.04107239097144713 1448
1646474475000 0.04096727220153579 1449
1646474475197 0.04086219468822585 1450
1646474475244 0.040757158911443804 1451
1646474475312 0.04065216535092551 1452
1646474475355 0.04054721448621393 1453
1646474475402 0.04044230679665713 1454
1646474475458 0.040337442761405905 1455
1646474475489 0.04023262285941167 1456
1646474475658 0.04012784756942433 1457
1646474475705 0.04002311736998995 1458
1646474475741 0.0399184327394487 1459
1646474475783 0.039813794155932586 1460
1646474475829 0.03970920209736335 1461
1646474475871 0.039604657041450206 1462
1646474475914 0.03950015946568767 1463
1646474476054 0.03939570984735346 1464
1646474476093 0.03929130866350617 1465
1646474476138 0.039186956390983275 1466
1646474476213 0.039082653506398786 1467
1646474476280 0.03897840048614113 1468
1646474476320 0.03887419780637107 1469
1646474476390 0.03877004594301936 1470
1646474476542 0.0386659453717847 1471
1646474476579 0.03856189656813148 1472
1646474476609 0.03845790000728771 1473
1646474476643 0.03835395616424277 1474
1646474476672 0.03825006551374519 1475
1646474476704 0.038146228530300676 1476
1646474476749 0.0380424456881697 1477
1646474476884 0.03793871746136551 1478
1646474476922 0.037835044323651916 1479
1646474476959 0.037731426748541075 1480
1646474476997 0.037627865209291414 1481
1646474477028 0.03752436017890536 1482
1646474477063 0.037420912130127326 1483
1646474477087 0.03731752153544142 1484
1646474477217 0.03721418886706933 1485
1646474477258 0.03711091459696821 1486
1646474477297 0.037007699196828454 1487
1646474477336 0.03690454313807158 1488
1646474477369 0.036801446891848125 1489
1646474477414 0.03669841092903536 1490
1646474477437 0.036595435720235284 1491
1646474477576 0.036492521735772346 1492
1646474477615 0.036389669445691435 1493
1646474477655 0.036286879319755626 1494
1646474477697 0.03618415182744404 1495
1646474477731 0.0360814874379498 1496
1646474477775 0.03597888662017773 1497
1646474477805 0.03587634984274237 1498
1646474477931 0.035773877573965704 1499
1646474477974 0.03567147028187514 1500
1646474478004 0.035569128434201305 1501
1646474478052 0.03546685249837586 1502
1646474478083 0.0353646429415295 1503
1646474478128 0.03526250023048967 1504
1646474478165 0.03516042483177858 1505
1646474478296 0.03505841721161096 1506
1646474478342 0.034956477835891946 1507
1646474478379 0.034854607170215046 1508
1646474478424 0.03475280567985989 1509
1646474478454 0.03465107382979015 1510
1646474478501 0.03454941208465151 1511
1646474478536 0.03444782090876935 1512
1646474478773 0.03434630076614682 1513
1646474478850 0.03424485212046257 1514
1646474478939 0.03414347543506876 1515
1646474478983 0.03404217117298885 1516
1646474479034 0.03394093979691549 1517
1646474479088 0.0338397817692085 1518
1646474479130 0.03373869755189263 1519
1646474479340 0.03363768760665553 1520
1646474479387 0.033536752394845666 1521
1646474479425 0.033435892377470106 1522
1646474479473 0.0333351080151925 1523
1646474479503 0.033234399768330966 1524
1646474479562 0.03313376809685598 1525
1646474479587 0.03303321346038826 1526
1646474479757 0.03293273631819665 1527
1646474479805 0.032832337129196115 1528
1646474479848 0.03273201635194551 1529
1646474479896 0.03263177444464562 1530
1646474479936 0.03253161186513693 1531
1646474479978 0.03243152907089768 1532
1646474480004 0.03233152651904167 1533
1646474480257 0.032231604666316194 1534
1646474480298 0.03213176396909999 1535
1646474480329 0.03203200488340108 1536
1646474480362 0.031932327864854795 1537
1646474480400 0.03183273336872164 1538
1646474480441 0.03173322184988512 1539
1646474480471 0.031633793762849874 1540
1646474480602 0.0315344495617394 1541
1646474480650 0.031435189700294054 1542
1646474480684 0.03133601463186906 1543
1646474480721 0.031236924809432277 1544
1646474480753 0.031137920685562263 1545
1646474480790 0.03103900271244612 1546
1646474480818 0.03094017134187751 1547
1646474480941 0.030841427025254563 1548
1646474480982 0.030742770213577728 1549
1646474481017 0.030644201357447873 1550
1646474481053 0.030545720907064082 1551
1646474481088 0.030447329312221667 1552
1646474481119 0.030349027022310158 1553
1646474481152 0.030250814486311124 1554
1646474481278 0.030152692152796243 1555
1646474481319 0.030054660469925172 1556
1646474481356 0.02995671988544359 1557
1646474481388 0.02985887084668103 1558
1646474481434 0.029761113800548935 1559
1646474481471 0.02966344919353861 1560
1646474481497 0.029565877471719113 1561
1646474481629 0.029468399080735296 1562
1646474481665 0.02937101446580569 1563
1646474481703 0.029273724071720568 1564
1646474481745 0.02917652834283987 1565
1646474481772 0.02907942772309107 1566
1646474481820 0.0289824226559674 1567
1646474481863 0.02888551358452552 1568
1646474481976 0.028788700951383705 1569
1646474482015 0.028691985198719825 1570
1646474482050 0.028595366768269147 1571
1646474482093 0.02849884610132249 1572
1646474482120 0.028402423638724167 1573
1646474482162 0.028306099820869922 1574
1646474482187 0.028209875087704988 1575
1646474482333 0.02811374987872201 1576
1646474482392 0.028017724632959092 1577
1646474482472 0.027921799788997764 1578
1646474482565 0.02782597578496098 1579
1646474482639 0.02773025305851113 1580
1646474482690 0.027634632046848028 1581
1646474482760 0.027539113186706952 1582
1646474482991 0.027443696914356514 1583
1646474483052 0.02734838366559692 1584
1646474483149 0.027253173875757743 1585
1646474483198 0.027158067979695975 1586
1646474483237 0.027063066411794238 1587
1646474483286 0.02696816960595849 1588
1646474483314 0.026873377995616298 1589
1646474483441 0.026778692013714737 1590
1646474483485 0.026684112092718447 1591
1646474483519 0.026589638664607635 1592
1646474483560 0.02649527216087613 1593
1646474483587 0.02640101301252939 1594
1646474483640 0.026306861650082565 1595
1646474483670 0.026212818503558485 1596
1646474483813 0.02611888400248571 1597
1646474483858 0.026025058575896615 1598
1646474483887 0.02593134265232537 1599
1646474483948 0.02583773665980597 1600
1646474483993 0.025744241025870387 1601
1646474484033 0.02565085617754652 1602
1646474484071 0.02555758254135624 1603
1646474484195 0.025464420543313528 1604
1646474484261 0.025371370608922368 1605
1646474484308 0.025278433163175056 1606
1646474484337 0.025185608630550027 1607
1646474484390 0.02509289743500996 1608
1646474484421 0.025000300000000013 1609
1646474484474 0.024907816748445624 1610
1646474484712 0.024815448102750767 1611
1646474484769 0.02472319448479604 1612
1646474484812 0.024631056315936546 1613
1646474484912 0.02453903401700016 1614
1646474484941 0.024447128008285544 1615
1646474484989 0.024355338709560182 1616
1646474485021 0.024263666540058532 1617
1646474485153 0.02417211191848008 1618
1646474485194 0.024080675262987412 1619
1646474485234 0.023989356991204337 1620
1646474485271 0.023898157520213972 1621
1646474485303 0.023807077266556752 1622
1646474485342 0.023716116646228726 1623
1646474485394 0.023625276074679475 1624
1646474485519 0.023534555966810214 1625
1646474485559 0.0234439567369721 1626
1646474485599 0.02335347879896404 1627
1646474485634 0.02326312256603105 1628
1646474485676 0.023172888450862305 1629
1646474485710 0.023082776865589114 1630
1646474485747 0.02299278822178324 1631
1646474485886 0.022902922930454896 1632
1646474485934 0.022813181402050887 1633
1646474485976 0.022723564046452822 1634
1646474486017 0.022634071272975044 1635
1646474486052 0.02254470349036299 1636
1646474486092 0.022455461106791173 1637
1646474486120 0.02236634452986137 1638
1646474486260 0.02227735416660076 1639
1646474486301 0.022188490423460064 1640
1646474486333 0.02209975370631166 1641
1646474486353 0.022011144420447784 1642
1646474486413 0.021922662970578623 1643
1646474486455 0.021834309760830513 1644
1646474486498 0.02174608519474405 1645
1646474486639 0.0216579896752723 1646
1646474486676 0.02157002360477885 1647
1646474486713 0.02148218738503618 1648
1646474486744 0.021394481417223554 1649
1646474486793 0.02130690610192541 1650
1646474486821 0.02121946183912947 1651
1646474486866 0.021132149028224818 1652
1646474487002 0.02104496806800019 1653
1646474487080 0.020957919356642124 1654
1646474487137 0.020871003291733102 1655
1646474487207 0.020784220270249794 1656
1646474487278 0.020697570688561186 1657
1646474487337 0.02061105494242681 1658
1646474487383 0.02052467342699492 1659
1646474487570 0.020438426536800693 1660
1646474487627 0.02035231466576442 1661
1646474487680 0.020266338207189722 1662
1646474487733 0.02018049755376174 1663
1646474487770 0.0200947930975453 1664
1646474487824 0.020009225229983257 1665
1646474487868 0.01992379434189454 1666
1646474488027 0.019838500823472473 1667
1646474488077 0.019753345064282987 1668
1646474488103 0.019668327453262732 1669
1646474488163 0.019583448378717498 1670
1646474488209 0.019498708228320283 1671
1646474488248 0.0194141073891095 1672
1646474488293 0.01932964624748742 1673
1646474488488 0.019245325189218135 1674
1646474488543 0.01916114459942599 1675
1646474488601 0.01907710486259375 1676
1646474488707 0.018993206362560855 1677
1646474488743 0.018909449482521663 1678
1646474488776 0.0188258346050237 1679
1646474488808 0.018742362111965925 1680
1646474488936 0.018659032384596968 1681
1646474488977 0.0185758458035134 1682
1646474489014 0.018492802748657992 1683
1646474489051 0.018409903599317986 1684
1646474489083 0.01832714873412336 1685
1646474489118 0.018244538531045032 1686
1646474489161 0.018162073367393308 1687
1646474489291 0.01807975361981598 1688
1646474489334 0.017997579664296638 1689
1646474489368 0.017915551876153096 1690
1646474489406 0.017833670630035454 1691
1646474489449 0.017751936299924557 1692
1646474489483 0.01767034925913027 1693
1646474489518 0.017588909880289653 1694
1646474489652 0.01750761853536539 1695
1646474489696 0.017426475595644038 1696
1646474489730 0.017345481431734314 1697
1646474489768 0.01726463641356548 1698
1646474489797 0.01718394091038552 1699
1646474489844 0.017103395290759566 1700
1646474489871 0.017022999922568182 1701
1646474490009 0.016942755173005676 1702
1646474490049 0.016862661408578426 1703
1646474490083 0.0167827189951032 1704
1646474490130 0.016702928297705515 1705
1646474490153 0.01662328968081792 1706
1646474490204 0.01654380350817838 1707
1646474490239 0.016464470142828543 1708
1646474490365 0.016385289947112216 1709
1646474490407 0.016306263282673573 1710
1646474490444 0.016227390510455526 1711
1646474490482 0.016148671990698204 1712
1646474490520 0.016070108082937094 1713
1646474490559 0.015991699146001584 1714
1646474490597 0.01591344553801327 1715
1646474490714 0.015835347616384245 1716
1646474490784 0.01575740573781557 1717
1646474490849 0.015679620258295588 1718
1646474490901 0.015601991533098313 1719
1646474490969 0.015524519916781809 1720
1646474491052 0.015447205763186572 1721
1646474491113 0.01537004942543389 1722
1646474491285 0.015293051255924268 1723
1646474491342 0.015216211606335801 1724
1646474491371 0.015139530827622559 1725
1646474491430 0.015063009270012992 1726
1646474491479 0.014986647283008355 1727
1646474491525 0.01491044521538101 1728
1646474491553 0.01483440341517301 1729
1646474491715 0.014758522229694374 1730
1646474491757 0.01468280200552148 1731
1646474491797 0.014607243088495642 1732
1646474491841 0.014531845823721313 1733
1646474491871 0.014456610555564738 1734
1646474491923 0.01438153762765216 1735
1646474491954 0.014306627382868404 1736
1646474492106 0.01423188016335532 1737
1646474492149 0.014157296310510046 1738
1646474492187 0.014082876164983646 1739
1646474492251 0.014008620066679458 1740
1646474492311 0.013934528354751551 1741
1646474492362 0.013860601367603195 1742
1646474492467 0.01378683944288528 1743
1646474492589 0.013713242917494827 1744
1646474492627 0.01363981212757339 1745
1646474492667 0.013566547408505575 1746
1646474492708 0.013493449094917467 1747
1646474492745 0.013420517520675126 1748
1646474492770 0.013347753018883066 1749
1646474492818 0.013275155921882654 1750
1646474492945 0.01320272656125077 1751
1646474492993 0.013130465267798111 1752
1646474493041 0.013058372371567737 1753
1646474493070 0.012986448201833646 1754
1646474493114 0.012914693087099135 1755
1646474493146 0.012843107355095378 1756
1646474493184 0.012771691332779984 1757
1646474493306 0.012700445346335344 1758
1646474493348 0.012629369721167285 1759
1646474493391 0.01255846478190354 1760
1646474493428 0.012487730852392225 1761
1646474493453 0.012417168255700415 1762
1646474493486 0.012346777314112658 1763
1646474493533 0.012276558349129467 1764
1646474493653 0.012206511681465887 1765
1646474493676 0.012136637631050039 1766
1646474493740 0.012066936517021579 1767
1646474493769 0.011997408657730383 1768
1646474493815 0.011928054370734954 1769
1646474493854 0.011858873972801047 1770
1646474493893 0.011789867779900215 1771
1646474494017 0.011721036107208302 1772
1646474494058 0.011652379269104136 1773
1646474494101 0.011583897579167966 1774
1646474494137 0.011515591350180054 1775
1646474494170 0.01144746089411934 1776
1646474494214 0.01137950652216188 1777
1646474494258 0.011311728544679496 1778
1646474494384 0.01124412727123843 1779
1646474494428 0.011176703010597746 1780
1646474494465 0.011109456070708103 1781
1646474494515 0.011042386758710243 1782
1646474494572 0.010975495380933621 1783
1646474494632 0.010908782242895008 1784
1646474494740 0.010842247649297088 1785
1646474494948 0.010775891904027068 1786
1646474494996 0.010709715310155294 1787
1646474495035 0.010643718169933855 1788
1646474495095 0.010577900784795232 1789
1646474495156 0.010512263455350872 1790
1646474495211 0.010446806481389882 1791
1646474495236 0.010381530161877548 1792
1646474495419 0.010316434794954152 1793
1646474495468 0.010251520677933394 1794
1646474495514 0.010186788107301193 1795
1646474495559 0.010122237378714316 1796
1646474495608 0.010057868786998908 1797
1646474495637 0.009993682626149294 1798
1646474495688 0.009929679189326548 1799
1646474495823 0.009865858768857165 1800
1646474495875 0.009802221656231812 1801
1646474495917 0.00973876814210381 1802
1646474495970 0.009675498516288003 1803
1646474496004 0.009612413067759323 1804
1646474496064 0.009549512084651508 1805
1646474496110 0.009486795854255768 1806
1646474496313 0.009424264663019481 1807
1646474496357 0.009361918796544893 1808
1646474496399 0.009299758539587808 1809
1646474496434 0.009237784176056271 1810
1646474496471 0.009175995989009299 1811
1646474496510 0.009114394260655564 1812
1646474496536 0.009052979272352138 1813
1646474496681 0.008991751304603121 1814
1646474496732 0.008930710637058518 1815
1646474496788 0.008869857548512808 1816
1646474496819 0.008809192316903707 1817
1646474496859 0.008748715219311002 1818
1646474496908 0.008688426531955128 1819
1646474496936 0.008628326530196014 1820
1646474497095 0.008568415488531796 1821
1646474497142 0.00850869368059757 1822
1646474497169 0.008449161379164107 1823
1646474497221 0.008389818856136658 1824
1646474497264 0.008330666382553682 1825
1646474497302 0.008271704228585617 1826
1646474497344 0.008212932663533628 1827
1646474497497 0.008154351955828412 1828
1646474497543 0.008095962373028948 1829
1646474497569 0.00803776418182128 1830
1646474497624 0.00797975764801726 1831
1646474497652 0.007921943036553452 1832
1646474497708 0.007864320611489771 1833
1646474497737 0.007806890636008386 1834
1646474497895 0.0077496533724124754 1835
1646474497958 0.007692609082124989 1836
1646474498000 0.007635758025687573 1837
1646474498051 0.007579100462759275 1838
1646474498101 0.00752263665211534 1839
1646474498147 0.007466366851646166 1840
1646474498189 0.007410291318355963 1841
1646474498350 0.00735441030836168 1842
1646474498403 0.00729872407689185 1843
1646474498489 0.007243232878285297 1844
1646474498544 0.007187936965990127 1845
1646474498632 0.007132836592562487 1846
1646474498728 0.007077932009665416 1847
1646474498776 0.007023223468067726 1848
1646474498960 0.006968711217642824 1849
1646474499014 0.006914395507367594 1850
1646474499071 0.006860276585321247 1851
1646474499135 0.006806354698684202 1852
1646474499210 0.006752630093736909 1853
1646474499272 0.006699103015858823 1854
1646474499322 0.006645773709527192 1855
1646474499473 0.006592642418315927 1856
1646474499518 0.006539709384894633 1857
1646474499559 0.006486974851027303 1858
1646474499598 0.006434439057571355 1859
1646474499642 0.006382102244476517 1860
1646474499686 0.006329964650783642 1861
1646474499734 0.0062780265146237186 1862
1646474500048 0.0062262880732167295 1863
1646474500102 0.006174749562870569 1864
1646474500162 0.006123411218980016 1865
1646474500199 0.006072273276025566 1866
1646474500242 0.006021335967572434 1867
1646474500298 0.005970599526269472 1868
1646474500349 0.005920064183848099 1869
1646474500516 0.005869730171121236 1870
1646474500564 0.005819597717982258 1871
1646474500608 0.005769667053403953 1872
1646474500647 0.005719938405437472 1873
1646474500683 0.00567041200121127 1874
1646474500725 0.005621088066930097 1875
1646474500754 0.00557196682787394 1876
1646474500924 0.00552304850839702 1877
1646474500975 0.005474333331926713 1878
1646474501016 0.005425821520962636 1879
1646474501055 0.005377513297075492 1880
1646474501086 0.005329408880906164 1881
1646474501138 0.0052815084921647 1882
1646474501169 0.005233812349629216 1883
1646474501344 0.005186320671145013 1884
1646474501425 0.005139033673623512 1885
1646474501488 0.0050919515730412914 1886
1646474501516 0.005045074584439097 1887
1646474501548 0.004998402921920835 1888
1646474501584 0.004951936798652629 1889
1646474501619 0.004905676426861829 1890
1646474501748 0.004859622017836047 1891
1646474501794 0.004813773781922187 1892
1646474501838 0.0047681319285254875 1893
1646474501873 0.004722696666108572 1894
1646474501915 0.004677468202190451 1895
1646474501961 0.00463244674334567 1896
1646474501995 0.004587632495203288 1897
1646474502125 0.004543025662445922 1898
1646474502167 0.004498626448808909 1899
1646474502206 0.004454435057079256 1900
1646474502248 0.004410451689094834 1901
1646474502282 0.004366676545743354 1902
1646474502324 0.0043231098269614805 1903
1646474502352 0.004279751731733984 1904
1646474502486 0.004236602458092715 1905
1646474502534 0.0041936622031157915 1906
1646474502569 0.004150931162926686 1907
1646474502606 0.004108409532693276 1908
1646474502637 0.0040660975066270045 1909
1646474502684 0.004023995277981982 1910
1646474502718 0.003982103039054096 1911
1646474502863 0.003940420981180137 1912
1646474502898 0.0038989492947369194 1913
1646474502934 0.003857688169140423 1914
1646474502974 0.003816637792844913 1915
1646474503003 0.00377579835334211 1916
1646474503049 0.00373517003716026 1917
1646474503087 0.0036947530298633907 1918
1646474503204 0.0036545475160503875 1919
1646474503240 0.0036145536793541415 1920
1646474503275 0.003574771702440786 1921
1646474503313 0.003535201767008779 1922
1646474503362 0.00349584405378811 1923
1646474503429 0.0034566987425395223 1924
1646474503469 0.0034177660120535704 1925
1646474503725 0.0033790460401499356 1926
1646474503816 0.003340539003676524 1927
1646474503877 0.0033022450785087005 1928
1646474503939 0.00326416443954847 1929
1646474504024 0.003226297260723691 1930
1646474504071 0.003188643714987268 1931
1646474504159 0.0031512039743163667 1932
1646474504355 0.0031139782097116277 1933
1646474504404 0.003076966591196388 1934
1646474504450 0.0030401692878159097 1935
1646474504502 0.0030035864676365917 1936
1646474504542 0.0029672182977452154 1937
1646474504586 0.0029310649442481776 1938
1646474504619 0.0028951265722707256 1939
1646474504773 0.0028594033459562232 1940
1646474504815 0.0028238954284653906 1941
1646474504853 0.0027886029819755172 1942
1646474504893 0.0027535261676798223 1943
1646474504918 0.002718665145786594 1944
1646474504951 0.002684020075518547 1945
1646474504990 0.0026495911151120937 1946
1646474505166 0.0026153784218165463 1947
1646474505262 0.002581382151893477 1948
1646474505285 0.0025476024606159702 1949
1646474505324 0.0025140395022679213 1950
1646474505352 0.0024806934301433276 1951
1646474505389 0.0024475643965455826 1952
1646474505420 0.002414652552786793 1953
1646474505530 0.0023819580491870867 1954
1646474505572 0.002349481035073915 1955
1646474505607 0.00231722165878138 1956
1646474505637 0.0022851800676495487 1957
1646474505668 0.0022533564080238037 1958
1646474505699 0.002221750825254118 1959
1646474505728 0.0021903634636944807 1960
1646474505846 0.0021591944667021562 1961
1646474505879 0.0021282439766370474 1962
1646474505914 0.0020975121348611055 1963
1646474505945 0.0020669990817375784 1964
1646474505969 0.0020367049566304674 1965
1646474506009 0.0020066298979038613 1966
1646474506035 0.0019767740429212414 1967
1646474506142 0.0019471375280449726 1968
1646474506178 0.0019177204886355577 1969
1646474506213 0.0018885230590511169 1970
1646474506250 0.0018595453726467156 1971
1646474506278 0.0018307875617737757 1972
1646474506310 0.0018022497577794773 1973
1646474506335 0.0017739320910061408 1974
1646474506459 0.001745834690790645 1975
1646474506494 0.0017179576854638337 1976
1646474506530 0.0016903012023499315 1977
1646474506564 0.0016628653677659558 1978
1646474506595 0.0016356503070211353 1979
1646474506632 0.0016086561444163695 1980
1646474506664 0.0015818830032436025 1981
1646474506781 0.0015553310057853343 1982
1646474506815 0.0015290002733139942 1983
1646474506854 0.001502890926091412 1984
1646474506887 0.0014770030833683087 1985
1646474506918 0.001451336863383674 1986
1646474506953 0.0014258923833642832 1987
1646474506984 0.0014006697595241656 1988
1646474507098 0.0013756691070640143 1989
1646474507132 0.001350890540170732 1990
1646474507166 0.0013263341720168647 1991
1646474507201 0.001302000114760097 1992
1646474507230 0.0012778884795427512 1993
1646474507267 0.0012539993764912555 1994
1646474507299 0.0012303329147156609 1995
1646474507451 0.0012068892023091413 1996
1646474507534 0.0011836683463474773 1997
1646474507588 0.0011606704528886013 1998
1646474507646 0.0011378956269720922 1999
1646474507685 0.001115343972618703 2000
1646474507749 0.0010930155928298624 2001
1646474507800 0.0010709105895872686 2002
1646474507948 0.0010490290638523229 2003
1646474507985 0.0010273711155657703 2004
1646474508027 0.0010059368436471814 2005
1646474508068 0.0009847263459945043 2006
1646474508102 0.000963739719483664 2007
1646474508149 0.0009429770599680519 2008
1646474508195 0.0009224384622781263 2009
1646474508339 0.0009021240202210126 2010
1646474508376 0.0008820338265799817 2011
1646474508415 0.0008621679731141276 2012
1646474508458 0.0008425265505578737 2013
1646474508486 0.0008231096486206064 2014
1646474508526 0.0008039173559862364 2015
1646474508572 0.0007849497603128103 2016
1646474508749 0.0007662069482320886 2017
1646474508807 0.000747689005349185 2018
1646474508893 0.0007293960162421442 2019
1646474508937 0.0007113280644615651 2020
1646474508964 0.0006934852325302335 2021
1646474508986 0.0006758676019427177 2022
1646474509009 0.0006584752531650071 2023
1646474509139 0.0006413082656341742 2024
1646474509175 0.000624366717757974 2025
1646474509206 0.0006076506869144732 2026
1646474509241 0.0005911602494517659 2027
1646474509269 0.0005748954806875473 2028
1646474509306 0.0005588564549088189 2029
1646474509332 0.0005430432453715275 2030
1646474509444 0.000527455924300238 2031
1646474509485 0.0005120945628878062 2032
1646474509520 0.0004969592312950392 2033
1646474509550 0.00048204999865039655 2034
1646474509580 0.00046736693304965705 2035
1646474509616 0.0004529101015556186 2036
1646474509642 0.00043867957019777656 2037
1646474509756 0.0004246754039720515 2038
1646474509792 0.00041089766684046205 2039
1646474509825 0.00039734642173083583 2040
1646474509861 0.00038402173053654333 2041
1646474509889 0.0003709236541162035 2042
1646474509922 0.00035805225229340067 2043
1646474509949 0.00034540758385641823 2044
1646474510060 0.0003329897065579498 2045
1646474510095 0.0003207986771148884 2046
1646474510131 0.000308834551207999 2047
1646474510162 0.0002970973834817017 2048
1646474510192 0.00028558722754385015 2049
1646474510225 0.0002743041359654092 2050
1646474510252 0.000263248160280283 2051
1646474510366 0.0002524193509850653 2052
1646474510413 0.00024181775753877825 2053
1646474510456 0.00023144342836267835 2054
1646474510492 0.00022129641084003433 2055
1646474510518 0.00021137675131588292 2056
1646474510557 0.00020168449509684564 2057
1646474510583 0.00019221968645092346 2058
1646474510699 0.00018298236860725802 2059
1646474510735 0.00017397258375597622 2060
1646474510769 0.00016519037304798495 2061
1646474510801 0.00015663577659475998 2062
1646474510835 0.00014830883346820726 2063
1646474510867 0.0001402095817004298 2064
1646474510898 0.00013233805828360547 2065
1646474511023 0.0001246942991697873 2066
1646474511074 0.00011727833927074226 2067
1646474511113 0.00011009021245781277 2068
1646474511171 0.00010312995156173331 2069
1646474511241 9.639758837249167e-05 2070
1646474511299 8.989315363919581e-05 2071
1646474511358 8.361667706991835e-05 2072
1646474511540 7.756818733155786e-05 2073
1646474511590 7.174771204972772e-05 2074
1646474511619 6.61552778086175e-05 2075
1646474511665 6.0790910150865196e-05 2076
1646474511710 5.565463357745169e-05 2077
1646474511752 5.07464715475788e-05 2078
1646474511803 4.606644647856922e-05 2079
1646474511937 4.161457974577774e-05 2080
1646474511980 3.7390891682458074e-05 2081
1646474512015 3.339540157970169e-05 2082
1646474512050 2.9628127686337992e-05 2083
1646474512085 2.6089087208845458e-05 2084
1646474512124 2.2778296311290572e-05 2085
1646474512169 1.9695770115227916e-05 2086
1646474512288 1.6841522699655765e-05 2087
1646474512333 1.4215567100938363e-05 2088
1646474512364 1.181791531276152e-05 2089
1646474512403 9.64857828603824e-06 2090
1646474512487 7.707565928919825e-06 2091
1646474512532 5.9948871066904034e-06 2092
1646474512625 4.51054964177248e-06 2093
1646474512733 3.2545603136603254e-06 2094
1646474512767 2.226924858908874e-06 2095
1646474512808 1.427647971089312e-06 2096
1646474512840 8.567333007890797e-07 2097
1646474512868 5.141834555785649e-07 2098
1646474512906 4.0000000000000003e-07 2099
1646474512930 5.141834555785649e-07 2100
