1646474389853 1.5893640518188477 0
1646474390411 1.5953912734985352 1
1646474390934 1.5956400632858276 2
1646474391283 1.565283179283142 3
1646474391645 1.5713286399841309 4
1646474392198 1.5615369081497192 5
1646474392666 1.547644019126892 6
1646474393082 1.5221929550170898 7
1646474393621 1.5359742641448975 8
1646474394009 1.536386251449585 9
1646474394377 1.47865629196167 10
1646474394710 1.4522160291671753 11
1646474395061 1.4241468906402588 12
1646474395413 1.4082062244415283 13
1646474395971 1.406238079071045 14
1646474396413 1.362728238105774 15
1646474396810 1.323011875152588 16
1646474397353 1.3187804222106934 17
1646474397716 1.2667275667190552 18
1646474398060 1.283434271812439 19
1646474398392 1.257097840309143 20
1646474398749 1.2498621940612793 21
1646474399094 1.2172470092773438 22
1646474399620 1.197574496269226 23
1646474400100 1.1392232179641724 24
1646474400521 1.1653313636779785 25
1646474401018 1.0536316633224487 26
1646474401425 1.1506942510604858 27
1646474401759 1.098024606704712 28
1646474402097 1.0927040576934814 29
1646474402460 1.0047653913497925 30
1646474402825 1.0128095149993896 31
1646474403302 1.0230791568756104 32
1646474403793 1.0223984718322754 33
1646474404213 1.0149900913238525 34
1646474404642 0.9820122122764587 35
1646474405077 0.9797673225402832 36
1646474405426 1.00804603099823 37
1646474405793 0.9869251847267151 38
1646474406126 0.9448336958885193 39
1646474406492 0.9119691252708435 40
1646474406816 0.9186864495277405 41
1646474407343 0.9130215644836426 42
1646474407781 0.9046399593353271 43
1646474408179 0.9434516429901123 44
1646474408630 0.8576949834823608 45
1646474408992 0.781829833984375 46
1646474409328 0.9169010519981384 47
1646474409677 0.9136791229248047 48
1646474410010 0.8933090567588806 49
1646474410358 0.7775833010673523 50
1646474410856 0.8122870326042175 51
1646474411363 0.8658654093742371 52
1646474411749 0.8261078596115112 53
1646474412281 0.8185741901397705 54
1646474412644 0.758044958114624 55
1646474412983 0.761208713054657 56
1646474413327 0.7700465321540833 57
1646474413688 0.7424739599227905 58
1646474414041 0.791793704032898 59
1646474414440 0.7838042974472046 60
1646474415030 0.7172682285308838 61
1646474415521 0.7591374516487122 62
1646474415933 0.5933192372322083 63
1646474416403 0.70060133934021 64
1646474416742 0.6861405372619629 65
1646474417076 0.7412875890731812 66
1646474417442 0.7538015842437744 67
1646474417809 0.7812814116477966 68
1646474418178 0.7228591442108154 69
1646474418758 0.7199140191078186 70
1646474419162 0.6073819398880005 71
1646474419547 0.6776507496833801 72
1646474420031 0.6257854104042053 73
1646474420375 0.602742075920105 74
1646474420704 0.6071919202804565 75
1646474421045 0.6468380093574524 76
1646474421408 0.5561011433601379 77
1646474421761 0.5895110964775085 78
1646474422319 0.6504029035568237 79
1646474422794 0.5758789777755737 80
1646474423209 0.48013290762901306 81
1646474423708 0.5862639546394348 82
1646474424057 0.5076382160186768 83
1646474424410 0.5766938328742981 84
1646474424742 0.5513855814933777 85
1646474425116 0.5778282284736633 86
1646474425476 0.5335578322410583 87
1646474426020 0.42951086163520813 88
1646474426474 0.4340553879737854 89
1646474426877 0.5198212265968323 90
1646474427405 0.5615387558937073 91
1646474427757 0.46975910663604736 92
1646474428091 0.4389146864414215 93
1646474428458 0.44082584977149963 94
1646474428794 0.41439226269721985 95
1646474429159 0.45673874020576477 96
1646474429670 0.4213472604751587 97
1646474430127 0.4680721163749695 98
1646474430541 0.4452802836894989 99
1646474431076 0.507236897945404 100
1646474431450 0.33761486411094666 101
1646474431793 0.4883216619491577 102
1646474432136 0.37725549936294556 103
1646474432491 0.39328643679618835 104
1646474432850 0.36086785793304443 105
1646474433323 0.45454710721969604 106
1646474433812 0.5484861731529236 107
1646474434240 0.42205411195755005 108
1646474434758 0.4423060715198517 109
1646474435117 0.3518929183483124 110
1646474435498 0.47110867500305176 111
1646474435873 0.3512202501296997 112
1646474436218 0.37195515632629395 113
1646474436592 0.31303951144218445 114
1646474437085 0.29511481523513794 115
1646474437587 0.39300480484962463 116
1646474438003 0.2836049795150757 117
1646474438557 0.2644965946674347 118
1646474438908 0.2928551435470581 119
1646474439362 0.34901949763298035 120
1646474439735 0.2554035186767578 121
1646474440091 0.37428805232048035 122
1646474440473 0.41429752111434937 123
1646474441045 0.27287715673446655 124
1646474441506 0.2499314248561859 125
1646474441979 0.27997851371765137 126
1646474442463 0.3059529960155487 127
1646474442840 0.2958037853240967 128
1646474443200 0.36666926741600037 129
1646474443565 0.42924419045448303 130
1646474443909 0.4732493758201599 131
1646474444301 0.32918357849121094 132
1646474444823 0.3764052987098694 133
1646474445306 0.31976082921028137 134
1646474445722 0.2783920168876648 135
1646474446226 0.2724123001098633 136
1646474446593 0.23840099573135376 137
1646474446963 0.22970248758792877 138
1646474447322 0.3344712555408478 139
1646474447690 0.3019810914993286 140
1646474448068 0.286356121301651 141
1646474448594 0.27181440591812134 142
1646474449067 0.3581893742084503 143
1646474449474 0.30331307649612427 144
1646474450062 0.34325847029685974 145
1646474450408 0.2507147490978241 146
1646474450822 0.18520095944404602 147
1646474451164 0.2498726099729538 148
1646474451526 0.2768022418022156 149
1646474451873 0.2634209990501404 150
1646474452453 0.22643153369426727 151
1646474452885 0.27476513385772705 152
1646474453298 0.2044418603181839 153
1646474453788 0.20819470286369324 154
1646474454158 0.19871976971626282 155
1646474454526 0.2498123198747635 156
1646474454857 0.27209097146987915 157
1646474455211 0.2571408748626709 158
1646474455613 0.1919763684272766 159
1646474456156 0.2517179846763611 160
1646474456627 0.21615536510944366 161
1646474457059 0.28311610221862793 162
1646474457575 0.22174054384231567 163
1646474457925 0.29763779044151306 164
1646474458256 0.28311818838119507 165
1646474458607 0.24633285403251648 166
1646474458954 0.18597199022769928 167
1646474459355 0.24172361195087433 168
1646474459828 0.2012283205986023 169
1646474460307 0.21472156047821045 170
1646474460709 0.21867045760154724 171
1646474461322 0.12621980905532837 172
1646474461672 0.22894258797168732 173
1646474462025 0.2239326536655426 174
1646474462375 0.14805515110492706 175
1646474462919 0.22333532571792603 176
1646474463274 0.18984048068523407 177
1646474463813 0.14992257952690125 178
1646474464245 0.18195794522762299 179
1646474464647 0.18473532795906067 180
1646474465123 0.1906135529279709 181
1646474465454 0.19221527874469757 182
1646474465806 0.17731446027755737 183
1646474466172 0.14048610627651215 184
1646474466534 0.14399558305740356 185
1646474466887 0.1189940869808197 186
1646474467322 0.21263523399829865 187
1646474467872 0.1556396186351776 188
1646474468273 0.14480078220367432 189
1646474468711 0.1947430819272995 190
1646474469140 0.14201858639717102 191
1646474469519 0.181546151638031 192
1646474469856 0.13662874698638916 193
1646474470188 0.1774543672800064 194
1646474470538 0.13098448514938354 195
1646474470900 0.19592761993408203 196
1646474471442 0.1782171130180359 197
1646474471895 0.19710026681423187 198
1646474472287 0.18756195902824402 199
1646474472788 0.1337079405784607 200
1646474473147 0.11779045313596725 201
1646474473506 0.15206460654735565 202
1646474473858 0.0944151058793068 203
1646474474235 0.1566687375307083 204
1646474474603 0.14322517812252045 205
1646474475140 0.1517367660999298 206
1646474475613 0.11740044504404068 207
1646474476009 0.17503830790519714 208
1646474476493 0.12646757066249847 209
1646474476842 0.13700520992279053 210
1646474477173 0.14317452907562256 211
1646474477538 0.12673088908195496 212
1646474477890 0.15058118104934692 213
1646474478254 0.16319331526756287 214
1646474478698 0.14105521142482758 215
1646474479294 0.12497130781412125 216
1646474479722 0.12883979082107544 217
1646474480205 0.13989728689193726 218
1646474480558 0.1315610706806183 219
1646474480888 0.1208990290760994 220
1646474481234 0.17663805186748505 221
1646474481588 0.14226862788200378 222
1646474481934 0.15680406987667084 223
1646474482271 0.1542792022228241 224
1646474482883 0.09581157565116882 225
1646474483404 0.15967528522014618 226
1646474483761 0.12872403860092163 227
1646474484155 0.08519288152456284 228
1646474484641 0.10636792331933975 229
1646474485106 0.09171580523252487 230
1646474485477 0.09998299181461334 231
1646474485824 0.12431211769580841 232
1646474486206 0.18996132910251617 233
1646474486588 0.12418205291032791 234
1646474486945 0.13665060698986053 235
1646474487499 0.12272357195615768 236
1646474487974 0.12514258921146393 237
1646474488400 0.09920015186071396 238
1646474488889 0.1375250369310379 239
1646474489244 0.16175782680511475 240
1646474489604 0.13320016860961914 241
1646474489957 0.17954792082309723 242
1646474490321 0.19028910994529724 243
1646474490669 0.13813763856887817 244
1646474491221 0.1128760278224945 245
1646474491658 0.145268976688385 246
1646474492053 0.13265863060951233 247
1646474492536 0.12129677832126617 248
1646474492897 0.16415268182754517 249
1646474493251 0.10318902879953384 250
1646474493616 0.17460857331752777 251
1646474493971 0.13500487804412842 252
1646474494338 0.1254979521036148 253
1646474494896 0.1612144112586975 254
1646474495366 0.13262052834033966 255
1646474495769 0.11958981305360794 256
1646474496274 0.11622825264930725 257
1646474496636 0.07919344305992126 258
1646474497041 0.09183181822299957 259
1646474497440 0.11508539319038391 260
1646474497851 0.12433026731014252 261
1646474498289 0.08599171787500381 262
1646474498909 0.08960945159196854 263
1646474499420 0.08801239728927612 264
1646474499965 0.12349221110343933 265
1646474500471 0.11681251972913742 266
1646474500857 0.07745236903429031 267
1646474501302 0.1045859232544899 268
1646474501706 0.100712351500988 269
1646474502070 0.10924095660448074 270
1646474502439 0.13885807991027832 271
1646474502804 0.12566089630126953 272
1646474503151 0.07248104363679886 273
1646474503667 0.05200280249118805 274
1646474504303 0.14245134592056274 275
1646474504720 0.0626751258969307 276
1646474505105 0.11898383498191833 277
1646474505501 0.1365257203578949 278
1646474505802 0.061778441071510315 279
1646474506107 0.14837710559368134 280
1646474506408 0.09755168855190277 281
1646474506736 0.16754217445850372 282
1646474507052 0.11768580973148346 283
1646474507390 0.10443973541259766 284
1646474507901 0.09303546696901321 285
1646474508286 0.11550237238407135 286
1646474508657 0.13013742864131927 287
1646474509086 0.09849923104047775 288
1646474509410 0.1085154339671135 289
1646474509714 0.0976615771651268 290
1646474510019 0.13029222190380096 291
1646474510319 0.09154685586690903 292
1646474510653 0.11593405157327652 293
1646474510985 0.11488422751426697 294
1646474511489 0.11285697668790817 295
1646474511885 0.07500127702951431 296
1646474512244 0.11141543835401535 297
1646474512683 0.08326908200979233 298
1646474513002 0.16908377408981323 299
