1646474387994 0.95 0
1646474389067 0.9499993783330846 1
1646474389155 0.9499975133477971 2
1646474389203 0.9499944050905136 3
1646474389237 0.9499900536385262 4
1646474389276 0.9499844591000408 5
1646474389327 0.9499776216141751 6
1646474389368 0.9499695413509548 7
1646474389917 0.949960218511309 8
1646474389961 0.9499496533270657 9
1646474389993 0.9499378460609461 10
1646474390041 0.9499247970065575 11
1646474390076 0.9499105064883867 12
1646474390127 0.9498949748617913 13
1646474390212 0.9498782025129912 14
1646474390492 0.949860189859059 15
1646474390548 0.9498409373479095 16
1646474390594 0.9498204454582888 17
1646474390677 0.949798714699762 18
1646474390738 0.9497757456127007 19
1646474390813 0.94975153876827 20
1646474390861 0.9497260947684136 21
1646474390996 0.9496994142458393 22
1646474391037 0.9496714978640027 23
1646474391060 0.9496423463170918 24
1646474391107 0.9496119603300086 25
1646474391127 0.9495803406583515 26
1646474391178 0.9495474880883967 27
1646474391209 0.9495134034370785 28
1646474391352 0.9494780875519688 29
1646474391394 0.9494415413112564 30
1646474391425 0.9494037656237247 31
1646474391469 0.9493647614287297 32
1646474391513 0.949324529696176 33
1646474391544 0.9492830714264932 34
1646474391583 0.9492403876506104 35
1646474391726 0.9491964794299315 36
1646474391800 0.9491513478563078 37
1646474391877 0.9491049940520119 38
1646474391952 0.9490574191697085 39
1646474392007 0.9490086243924272 40
1646474392070 0.9489586109335315 41
1646474392110 0.9489073800366903 42
1646474392317 0.9488549329758454 43
1646474392361 0.9488012710551812 44
1646474392394 0.9487463956090911 45
1646474392442 0.9486903080021453 46
1646474392477 0.948633009629056 47
1646474392528 0.9485745019146433 48
1646474392577 0.9485147863137998 49
1646474392740 0.9484538643114538 50
1646474392791 0.9483917374225332 51
1646474392827 0.9483284071919273 52
1646474392872 0.9482638751944483 53
1646474392917 0.9481981430347927 54
1646474392957 0.9481312123475005 55
1646474392997 0.9480630847969159 56
1646474393145 0.9479937620771444 57
1646474393189 0.9479232459120117 58
1646474393232 0.9478515380550205 59
1646474393313 0.947778640289307 60
1646474393370 0.9477045544275962 61
1646474393455 0.9476292823121573 62
1646474393513 0.9475528258147576 63
1646474393707 0.9474751868366162 64
1646474393761 0.9473963673083565 65
1646474393793 0.9473163691899582 66
1646474393838 0.9472351944707085 67
1646474393878 0.947152845169153 68
1646474393911 0.9470693233330452 69
1646474393948 0.9469846310392954 70
1646474394071 0.9468987703939197 71
1646474394125 0.9468117435319868 72
1646474394158 0.9467235526175657 73
1646474394198 0.9466341998436714 74
1646474394227 0.9465436874322102 75
1646474394269 0.9464520176339251 76
1646474394303 0.9463591927283393 77
1646474394434 0.9462652150236998 78
1646474394474 0.9461700868569197 79
1646474394507 0.9460738105935204 80
1646474394547 0.9459763886275725 81
1646474394578 0.9458778233816366 82
1646474394617 0.9457781173067029 83
1646474394644 0.94567727288213 84
1646474394780 0.9455752926155836 85
1646474394820 0.9454721790429741 86
1646474394844 0.9453679347283932 87
1646474394891 0.9452625622640507 88
1646474394926 0.9451560642702095 89
1646474394964 0.945048443395121 90
1646474394993 0.9449397023149583 91
1646474395121 0.944829843733751 92
1646474395162 0.9447188703833168 93
1646474395195 0.9446067850231942 94
1646474395234 0.9444935904405733 95
1646474395276 0.9443792894502276 96
1646474395311 0.9442638848944427 97
1646474395346 0.9441473796429463 98
1646474395475 0.9440297765928368 99
1646474395525 0.9439110786685114 100
1646474395562 0.9437912888215928 101
1646474395672 0.9436704100308564 102
1646474395739 0.9435484453021562 103
1646474395798 0.9434253976683494 104
1646474395855 0.9433012701892219 105
1646474396047 0.9431760659514115 106
1646474396108 0.9430497880683315 107
1646474396174 0.9429224396800933 108
1646474396223 0.9427940239534279 109
1646474396253 0.9426645440816077 110
1646474396305 0.942534003284367 111
1646474396327 0.9424024048078212 112
1646474396481 0.9422697519243874 113
1646474396529 0.9421360479327019 114
1646474396553 0.9420012961575386 115
1646474396610 0.9418654999497261 116
1646474396643 0.941728662686065 117
1646474396692 0.9415907877692434 118
1646474396726 0.941451878627752 119
1646474396885 0.9413119387157997 120
1646474396930 0.9411709715132269 121
1646474396970 0.9410289805254195 122
1646474397015 0.9408859692832215 123
1646474397059 0.9407419413428472 124
1646474397161 0.9405969002857928 125
1646474397213 0.9404508497187474 126
1646474397419 0.9403037932735031 127
1646474397469 0.9401557346068651 128
1646474397501 0.9400066774005603 129
1646474397536 0.9398566253611461 130
1646474397561 0.9397055822199181 131
1646474397618 0.9395535517328171 132
1646474397653 0.939400537680336 133
1646474397770 0.9392465438674261 134
1646474397818 0.9390915741234015 135
1646474397851 0.9389356323018446 136
1646474397889 0.9387787222805106 137
1646474397916 0.9386208479612299 138
1646474397958 0.9384620132698124 139
1646474397995 0.9383022221559488 140
1646474398118 0.9381414785931133 141
1646474398161 0.9379797865784638 142
1646474398192 0.9378171501327436 143
1646474398228 0.9376535733001805 144
1646474398259 0.9374890601483866 145
1646474398296 0.9373236147682574 146
1646474398326 0.9371572412738697 147
1646474398447 0.9369899438023792 148
1646474398489 0.936821726513918 149
1646474398518 0.9366525935914912 150
1646474398561 0.9364825492408725 151
1646474398600 0.9363115976904997 152
1646474398637 0.9361397431913695 153
1646474398675 0.9359669900169325 154
1646474398802 0.9357933424629858 155
1646474398842 0.9356188048475672 156
1646474398876 0.9354433815108469 157
1646474398913 0.9352670768150204 158
1646474398942 0.9350898951441995 159
1646474398986 0.9349118409043036 160
1646474399029 0.9347329185229498 161
1646474399155 0.9345531324493432 162
1646474399196 0.9343724871541659 163
1646474399226 0.9341909871294659 164
1646474399269 0.934008636888546 165
1646474399320 0.9338254409658502 166
1646474399372 0.9336414039168526 167
1646474399443 0.9334565303179428 168
1646474399699 0.9332708247663131 169
1646474399745 0.933084291879843 170
1646474399777 0.9328969362969856 171
1646474399839 0.9327087626766517 172
1646474399906 0.9325197756980937 173
1646474399960 0.9323299800607899 174
1646474400003 0.9321393804843269 175
1646474400170 0.9319479817082827 176
1646474400214 0.9317557884921089 177
1646474400242 0.9315628056150119 178
1646474400313 0.9313690378758346 179
1646474400358 0.9311744900929366 180
1646474400401 0.9309791671040749 181
1646474400440 0.9307830737662829 182
1646474400578 0.9305862149557502 183
1646474400635 0.9303885955677015 184
1646474400674 0.9301902205162739 185
1646474400720 0.9299910947343957 186
1646474400760 0.9297912231736634 187
1646474400801 0.9295906108042183 188
1646474400888 0.9293892626146236 189
1646474401105 0.9291871836117395 190
1646474401152 0.9289843788205991 191
1646474401178 0.9287808532842836 192
1646474401226 0.9285766120637968 193
1646474401258 0.928371660237939 194
1646474401296 0.9281660029031811 195
1646474401327 0.9279596451735372 196
1646474401470 0.9277525921804387 197
1646474401511 0.927544849072605 198
1646474401542 0.9273364210159172 199
1646474401577 0.9271273131932879 200
1646474401593 0.9269175308045341 201
1646474401643 0.9267070790662464 202
1646474401675 0.9264959632116602 203
1646474401815 0.9262841884905252 204
1646474401851 0.9260717601689749 205
1646474401876 0.9258586835293956 206
1646474401923 0.9256449638702953 207
1646474401946 0.9254306065061715 208
1646474401990 0.9252156167673797 209
1646474402010 0.9249999999999999 210
1646474402157 0.9247837615657049 211
1646474402200 0.9245669068416256 212
1646474402228 0.9243494412202183 213
1646474402274 0.9241313701091305 214
1646474402314 0.9239126989310659 215
1646474402344 0.9236934331236499 216
1646474402386 0.9234735781392945 217
1646474402521 0.9232531394450625 218
1646474402565 0.9230321225225315 219
1646474402593 0.9228105328676581 220
1646474402640 0.9225883759906404 221
1646474402675 0.9223656574157816 222
1646474402715 0.9221423826813525 223
1646474402743 0.9219185573394538 224
1646474402876 0.9216941869558779 225
1646474402920 0.9214692771099704 226
1646474402944 0.9212438333944919 227
1646474402993 0.9210178614154783 228
1646474403024 0.9207913667921016 229
1646474403074 0.9205643551565306 230
1646474403143 0.9203368321537899 231
1646474403397 0.9201088034416208 232
1646474403453 0.9198802746903394 233
1646474403493 0.9196512515826961 234
1646474403548 0.9194217398137348 235
1646474403597 0.9191917450906499 236
1646474403628 0.9189612731326464 237
1646474403699 0.9187303296707956 238
1646474403862 0.9184989204478939 239
1646474403912 0.9182670512183198 240
1646474403941 0.9180347277478902 241
1646474404005 0.9178019558137178 242
1646474404056 0.9175687412040671 243
1646474404091 0.9173350897182103 244
1646474404143 0.9171010071662834 245
1646474404278 0.9168664993691414 246
1646474404321 0.9166315721582141 247
1646474404343 0.9163962313753602 248
1646474404404 0.916160482872723 249
1646474404454 0.9159243325125842 250
1646474404502 0.9156877861672185 251
1646474404526 0.9154508497187474 252
1646474404706 0.9152135290589928 253
1646474404761 0.9149758300893309 254
1646474404813 0.9147377587205452 255
1646474404896 0.9144993208726793 256
1646474404933 0.9142605224748901 257
1646474404960 0.9140213694653001 258
1646474405004 0.9137818677908499 259
1646474405123 0.9135420234071502 260
1646474405185 0.9133018422783337 261
1646474405221 0.9130613303769068 262
1646474405261 0.9128204936836014 263
1646474405293 0.9125793381872254 264
1646474405331 0.9123378698845146 265
1646474405359 0.9120960947799833 266
1646474405494 0.9118540188857749 267
1646474405537 0.9116116482215121 268
1646474405560 0.9113689888141481 269
1646474405612 0.9111260466978157 270
1646474405641 0.910882827913678 271
1646474405681 0.9106393385097781 272
1646474405710 0.910395584540888 273
1646474405846 0.9101515720683587 274
1646474405890 0.9099073071599698 275
1646474405910 0.9096627958897776 276
1646474405963 0.9094180443379648 277
1646474405991 0.9091730585906891 278
1646474406031 0.9089278447399318 279
1646474406059 0.9086824088833465 280
1646474406201 0.9084367571241072 281
1646474406237 0.9081908955707568 282
1646474406274 0.9079448303370551 283
1646474406311 0.9076985675418267 284
1646474406344 0.9074521133088087 285
1646474406384 0.907205473766499 286
1646474406420 0.9069586550480032 287
1646474406540 0.9067116632908827 288
1646474406578 0.9064645046370017 289
1646474406611 0.9062171852323743 290
1646474406644 0.9059697112270122 291
1646474406677 0.9057220887747716 292
1646474406723 0.9054743240331998 293
1646474406759 0.9052264231633826 294
1646474406909 0.9049783923297908 295
1646474406956 0.9047302377001268 296
1646474407001 0.9044819654451717 297
1646474407058 0.9042335817386311 298
1646474407125 0.9039850927569826 299
1646474407193 0.9037365046793212 300
1646474407243 0.9034878236872063 301
1646474407421 0.9032390559645076 302
1646474407482 0.9029902076972517 303
1646474407529 0.902741285073468 304
1646474407558 0.9024922942830348 305
1646474407598 0.9022432415175257 306
1646474407656 0.9019941329700553 307
1646474407693 0.9017449748351251 308
1646474407840 0.9014957733084699 309
1646474407887 0.9012465345869036 310
1646474407926 0.9009972648681649 311
1646474407970 0.9007479703507631 312
1646474408008 0.9004986572338246 313
1646474408043 0.9002493317169379 314
1646474408092 0.8999999999999999 315
1646474408233 0.899750668283062 316
1646474408281 0.8995013427661753 317
1646474408356 0.8992520296492368 318
1646474408405 0.899002735131835 319
1646474408450 0.8987534654130963 320
1646474408523 0.8985042266915301 321
1646474408551 0.8982550251648749 322
1646474408688 0.8980058670299448 323
1646474408726 0.8977567584824743 324
1646474408757 0.8975077057169651 325
1646474408796 0.897258714926532 326
1646474408827 0.8970097923027482 327
1646474408880 0.8967609440354923 328
1646474408909 0.8965121763127937 329
1646474409040 0.8962634953206787 330
1646474409078 0.8960149072430174 331
1646474409111 0.8957664182613688 332
1646474409156 0.8955180345548283 333
1646474409200 0.8952697622998731 334
1646474409226 0.8950216076702091 335
1646474409266 0.8947735768366173 336
1646474409385 0.8945256759668001 337
1646474409427 0.8942779112252284 338
1646474409460 0.8940302887729877 339
1646474409498 0.8937828147676257 340
1646474409527 0.8935354953629984 341
1646474409572 0.8932883367091172 342
1646474409593 0.8930413449519967 343
1646474409728 0.892794526233501 344
1646474409767 0.8925478866911912 345
1646474409794 0.8923014324581733 346
1646474409825 0.8920551696629448 347
1646474409872 0.8918091044292431 348
1646474409912 0.8915632428758927 349
1646474409941 0.8913175911166534 350
1646474410073 0.8910721552600681 351
1646474410115 0.8908269414093108 352
1646474410143 0.8905819556620351 353
1646474410186 0.8903372041102223 354
1646474410209 0.8900926928400301 355
1646474410259 0.8898484279316412 356
1646474410275 0.8896044154591121 357
1646474410420 0.8893606614902219 358
1646474410461 0.8891171720863219 359
1646474410493 0.8888739533021842 360
1646474410533 0.8886310111858519 361
1646474410560 0.8883883517784879 362
1646474410621 0.8881459811142252 363
1646474410671 0.8879039052200166 364
1646474410955 0.8876621301154852 365
1646474411014 0.8874206618127746 366
1646474411061 0.8871795063163985 367
1646474411093 0.8869386696230931 368
1646474411164 0.8866981577216662 369
1646474411215 0.8864579765928498 370
1646474411274 0.88621813220915 371
1646474411418 0.8859786305346998 372
1646474411461 0.8857394775251098 373
1646474411493 0.8855006791273207 374
1646474411548 0.8852622412794547 375
1646474411593 0.885024169910669 376
1646474411624 0.8847864709410072 377
1646474411670 0.8845491502812526 378
1646474411821 0.8843122138327815 379
1646474411866 0.8840756674874157 380
1646474411904 0.8838395171272769 381
1646474411946 0.8836037686246397 382
1646474411974 0.8833684278417859 383
1646474412035 0.8831335006308585 384
1646474412125 0.8828989928337165 385
1646474412338 0.8826649102817896 386
1646474412386 0.8824312587959329 387
1646474412423 0.8821980441862821 388
1646474412459 0.8819652722521097 389
1646474412481 0.8817329487816802 390
1646474412530 0.881501079552106 391
1646474412558 0.8812696703292043 392
1646474412705 0.8810387268673535 393
1646474412746 0.88080825490935 394
1646474412777 0.8805782601862653 395
1646474412815 0.8803487484173038 396
1646474412842 0.8801197253096605 397
1646474412883 0.8798911965583791 398
1646474412919 0.87966316784621 399
1646474413048 0.8794356448434694 400
1646474413088 0.8792086332078983 401
1646474413108 0.8789821385845217 402
1646474413160 0.878756166605508 403
1646474413183 0.8785307228900295 404
1646474413225 0.878305813044122 405
1646474413263 0.8780814426605461 406
1646474413388 0.8778576173186474 407
1646474413433 0.8776343425842184 408
1646474413466 0.8774116240093596 409
1646474413507 0.8771894671323418 410
1646474413541 0.8769678774774684 411
1646474413575 0.8767468605549374 412
1646474413612 0.8765264218607054 413
1646474413745 0.87630656687635 414
1646474413788 0.8760873010689341 415
1646474413810 0.8758686298908694 416
1646474413860 0.8756505587797816 417
1646474413912 0.8754330931583744 418
1646474413941 0.8752162384342951 419
1646474413986 0.875 420
1646474414114 0.8747843832326203 421
1646474414160 0.8745693934938285 422
1646474414202 0.8743550361297047 423
1646474414244 0.8741413164706043 424
1646474414274 0.8739282398310251 425
1646474414319 0.8737158115094747 426
1646474414343 0.8735040367883398 427
1646474414547 0.8732929209337535 428
1646474414607 0.8730824691954658 429
1646474414674 0.872872686806712 430
1646474414755 0.8726635789840828 431
1646474414817 0.8724551509273949 432
1646474414866 0.8722474078195612 433
1646474414906 0.8720403548264626 434
1646474415096 0.8718339970968189 435
1646474415146 0.8716283397620609 436
1646474415260 0.8714233879362031 437
1646474415312 0.8712191467157163 438
1646474415376 0.8710156211794009 439
1646474415401 0.8708128163882605 440
1646474415452 0.8706107373853763 441
1646474415593 0.8704093891957816 442
1646474415640 0.8702087768263366 443
1646474415674 0.8700089052656043 444
1646474415725 0.8698097794837261 445
1646474415764 0.8696114044322985 446
1646474415802 0.8694137850442496 447
1646474415846 0.869216926233717 448
1646474416018 0.869020832895925 449
1646474416074 0.8688255099070633 450
1646474416177 0.8686309621241654 451
1646474416208 0.868437194384988 452
1646474416245 0.868244211507891 453
1646474416277 0.8680520182917172 454
1646474416317 0.8678606195156731 455
1646474416470 0.86767001993921 456
1646474416507 0.8674802243019062 457
1646474416538 0.8672912373233482 458
1646474416573 0.8671030637030144 459
1646474416592 0.8669157081201571 460
1646474416641 0.866729175233687 461
1646474416658 0.8665434696820571 462
1646474416803 0.8663585960831474 463
1646474416842 0.8661745590341497 464
1646474416874 0.865991363111454 465
1646474416914 0.865809012870534 466
1646474416943 0.8656275128458341 467
1646474416981 0.8654468675506567 468
1646474417009 0.8652670814770501 469
1646474417143 0.8650881590956964 470
1646474417186 0.8649101048558004 471
1646474417208 0.8647329231849795 472
1646474417262 0.864556618489153 473
1646474417285 0.8643811951524327 474
1646474417335 0.8642066575370141 475
1646474417358 0.8640330099830674 476
1646474417502 0.8638602568086304 477
1646474417547 0.8636884023095003 478
1646474417582 0.8635174507591274 479
1646474417622 0.8633474064085087 480
1646474417643 0.8631782734860819 481
1646474417695 0.8630100561976208 482
1646474417724 0.8628427587261303 483
1646474417856 0.8626763852317425 484
1646474417897 0.8625109398516133 485
1646474417926 0.8623464266998194 486
1646474417969 0.8621828498672562 487
1646474418011 0.8620202134215361 488
1646474418043 0.8618585214068867 489
1646474418084 0.8616977778440511 490
1646474418256 0.8615379867301876 491
1646474418312 0.86137915203877 492
1646474418377 0.8612212777194893 493
1646474418442 0.8610643676981553 494
1646474418498 0.8609084258765984 495
1646474418562 0.8607534561325738 496
1646474418617 0.8605994623196639 497
1646474418821 0.860446448267183 498
1646474418864 0.860294417780082 499
1646474418892 0.8601433746388538 500
1646474418943 0.8599933225994396 501
1646474418990 0.8598442653931349 502
1646474419038 0.8596962067264968 503
1646474419079 0.8595491502812526 504
1646474419227 0.8594030997142071 505
1646474419275 0.8592580586571528 506
1646474419312 0.8591140307167784 507
1646474419356 0.8589710194745804 508
1646474419396 0.858829028486773 509
1646474419426 0.8586880612842003 510
1646474419481 0.8585481213722479 511
1646474419638 0.8584092122307565 512
1646474419705 0.8582713373139349 513
1646474419751 0.8581345000502738 514
1646474419806 0.8579987038424614 515
1646474419906 0.857863952067298 516
1646474419926 0.8577302480756125 517
1646474419973 0.8575975951921787 518
1646474420093 0.857465996715633 519
1646474420138 0.8573354559183922 520
1646474420174 0.857205976046572 521
1646474420213 0.8570775603199067 522
1646474420243 0.8569502119316684 523
1646474420274 0.8568239340485885 524
1646474420311 0.856698729810778 525
1646474420434 0.8565746023316505 526
1646474420477 0.8564515546978437 527
1646474420509 0.8563295899691435 528
1646474420551 0.8562087111784071 529
1646474420575 0.8560889213314885 530
1646474420621 0.8559702234071631 531
1646474420642 0.8558526203570537 532
1646474420762 0.8557361151055572 533
1646474420803 0.8556207105497723 534
1646474420825 0.8555064095594266 535
1646474420878 0.8553932149768058 536
1646474420910 0.8552811296166831 537
1646474420948 0.8551701562662489 538
1646474420979 0.8550602976850417 539
1646474421107 0.854951556604879 540
1646474421146 0.8548439357297904 541
1646474421175 0.8547374377359492 542
1646474421225 0.8546320652716067 543
1646474421258 0.8545278209570258 544
1646474421302 0.8544247073844163 545
1646474421337 0.8543227271178699 546
1646474421468 0.854221882693297 547
1646474421510 0.8541221766183633 548
1646474421548 0.8540236113724274 549
1646474421586 0.8539261894064796 550
1646474421609 0.8538299131430802 551
1646474421657 0.8537347849763002 552
1646474421675 0.8536408072716606 553
1646474421820 0.8535479823660749 554
1646474421880 0.8534563125677898 555
1646474421942 0.8533658001563286 556
1646474421998 0.8532764473824342 557
1646474422065 0.8531882564680131 558
1646474422117 0.8531012296060803 559
1646474422182 0.8530153689607045 560
1646474422388 0.8529306766669548 561
1646474422449 0.8528471548308469 562
1646474422521 0.8527648055292915 563
1646474422556 0.8526836308100417 564
1646474422613 0.8526036326916434 565
1646474422642 0.8525248131633837 566
1646474422697 0.8524471741852423 567
1646474422855 0.8523707176878427 568
1646474422909 0.8522954455724038 569
1646474422943 0.8522213597106929 570
1646474422993 0.8521484619449794 571
1646474423035 0.8520767540879882 572
1646474423074 0.8520062379228556 573
1646474423130 0.851936915203084 574
1646474423278 0.8518687876524994 575
1646474423352 0.8518018569652073 576
1646474423404 0.8517361248055516 577
1646474423460 0.8516715928080726 578
1646474423538 0.8516082625774667 579
1646474423603 0.8515461356885461 580
1646474423624 0.8514852136862001 581
1646474423757 0.8514254980853566 582
1646474423801 0.851366990370944 583
1646474423825 0.8513096919978547 584
1646474423869 0.8512536043909088 585
1646474423893 0.8511987289448187 586
1646474423949 0.8511450670241545 587
1646474423979 0.8510926199633096 588
1646474424111 0.8510413890664684 589
1646474424160 0.8509913756075728 590
1646474424179 0.8509425808302914 591
1646474424212 0.8508950059479881 592
1646474424266 0.8508486521436921 593
1646474424304 0.8508035205700685 594
1646474424336 0.8507596123493896 595
1646474424462 0.8507169285735068 596
1646474424501 0.850675470303824 597
1646474424525 0.8506352385712702 598
1646474424574 0.8505962343762752 599
1646474424591 0.8505584586887436 600
1646474424645 0.8505219124480311 601
1646474424673 0.8504865965629215 602
1646474424806 0.8504525119116032 603
1646474424854 0.8504196593416484 604
1646474424891 0.8503880396699913 605
1646474424932 0.850357653682908 606
1646474424958 0.8503285021359972 607
1646474425004 0.8503005857541607 608
1646474425041 0.8502739052315863 609
1646474425169 0.8502484612317299 610
1646474425209 0.8502242543872992 611
1646474425243 0.850201285300238 612
1646474425284 0.8501795545417112 613
1646474425325 0.8501590626520904 614
1646474425359 0.850139810140941 615
1646474425405 0.8501217974870088 616
1646474425528 0.8501050251382086 617
1646474425573 0.8500894935116132 618
1646474425608 0.8500752029934424 619
1646474425668 0.8500621539390538 620
1646474425728 0.8500503466729342 621
1646474425802 0.850039781488691 622
1646474425893 0.8500304586490451 623
1646474426094 0.8500223783858248 624
1646474426153 0.8500155408999591 625
1646474426203 0.8500099463614738 626
1646474426257 0.8500055949094864 627
1646474426300 0.8500024866522028 628
1646474426325 0.8500006216669154 629
1646474426384 0.8500001141839123 630
1646474426548 0.8500004567351277 631
1646474426594 0.8500010276520816 632
1646474426626 0.8500018269321666 633
1646474426675 0.850002854571732 634
1646474426706 0.850004110566084 635
1646474426763 0.8500055949094864 636
1646474426805 0.8500073075951593 637
1646474426948 0.8500092486152805 638
1646474426984 0.8500114179609846 639
1646474427008 0.8500138156223634 640
1646474427060 0.850016441588466 641
1646474427110 0.8500192958472986 642
1646474427203 0.8500223783858248 643
1646474427250 0.8500256891899656 644
1646474427450 0.8500292282445993 645
1646474427494 0.8500329955335618 646
1646474427525 0.8500369910396466 647
1646474427563 0.8500412147446047 648
1646474427589 0.850045666629145 649
1646474427636 0.8500503466729342 650
1646474427659 0.8500552548545969 651
1646474427808 0.8500603911517155 652
1646474427852 0.8500657555408307 653
1646474427875 0.8500713479974417 654
1646474427921 0.8500771684960056 655
1646474427941 0.8500832170099379 656
1646474427991 0.8500894935116132 657
1646474428008 0.8500959979723643 658
1646474428142 0.8501027303624832 659
1646474428195 0.8501096906512204 660
1646474428230 0.850116878806786 661
1646474428271 0.850124294796349 662
1646474428292 0.850131938586038 663
1646474428343 0.850139810140941 664
1646474428357 0.8501479094251059 665
1646474428509 0.8501562364015404 666
1646474428550 0.8501647910322121 667
1646474428576 0.8501735732780491 668
1646474428626 0.8501825830989397 669
1646474428656 0.8501918204537328 670
1646474428698 0.850201285300238 671
1646474428725 0.8502109775952262 672
1646474428851 0.8502208972944292 673
1646474428895 0.85023104435254 674
1646474428925 0.8502414187232137 675
1646474428958 0.8502520203590664 676
1646474429006 0.850262849211677 677
1646474429040 0.8502739052315863 678
1646474429082 0.8502851883682973 679
1646474429217 0.850296698570276 680
1646474429256 0.8503084357849511 681
1646474429288 0.8503203999587147 682
1646474429335 0.850332591036922 683
1646474429372 0.8503450089638922 684
1646474429442 0.850357653682908 685
1646474429519 0.8503705251362167 686
1646474429748 0.8503836232650296 687
1646474429802 0.8503969480095228 688
1646474429849 0.8504104993088377 689
1646474429902 0.8504242771010805 690
1646474429966 0.850438281323323 691
1646474430004 0.8504525119116032 692
1646474430026 0.8504669688009249 693
1646474430192 0.850481651925258 694
1646474430238 0.8504965612175399 695
1646474430270 0.8505116966096742 696
1646474430325 0.8505270580325324 697
1646474430372 0.8505426454159531 698
1646474430407 0.8505584586887436 699
1646474430453 0.8505744977786787 700
1646474430618 0.8505907626125022 701
1646474430657 0.8506072531159269 702
1646474430691 0.8506239692136348 703
1646474430735 0.8506409108292775 704
1646474430808 0.8506580778854765 705
1646474430860 0.850675470303824 706
1646474430894 0.8506930880048822 707
1646474431132 0.8507109309081852 708
1646474431177 0.8507289989322379 709
1646474431213 0.8507472919945172 710
1646474431250 0.8507658100114721 711
1646474431275 0.8507845528985244 712
1646474431326 0.8508035205700685 713
1646474431341 0.8508227129394723 714
1646474431500 0.8508421299190775 715
1646474431538 0.8508617714201998 716
1646474431570 0.8508816373531294 717
1646474431612 0.8509017276271315 718
1646474431641 0.8509220421504468 719
1646474431689 0.8509425808302914 720
1646474431722 0.850963343572858 721
1646474431851 0.8509843302833157 722
1646474431893 0.8510055408658106 723
1646474431925 0.8510269752234666 724
1646474431966 0.8510486332583853 725
1646474431992 0.8510705148716468 726
1646474432033 0.8510926199633096 727
1646474432067 0.8511149484324124 728
1646474432186 0.8511375001769728 729
1646474432230 0.851160275093989 730
1646474432259 0.8511832730794398 731
1646474432305 0.8512064940282852 732
1646474432339 0.851229937834467 733
1646474432375 0.8512536043909088 734
1646474432419 0.8512774935895171 735
1646474432539 0.8513016053211814 736
1646474432583 0.8513259394757747 737
1646474432608 0.8513504959421545 738
1646474432661 0.8513752746081624 739
1646474432702 0.8514002753606256 740
1646474432740 0.8514254980853566 741
1646474432775 0.8514509426671544 742
1646474432908 0.8514766089898043 743
1646474432951 0.8515024969360792 744
1646474432988 0.8515286063877395 745
1646474433028 0.8515549372255342 746
1646474433059 0.8515814893292009 747
1646474433090 0.8516082625774667 748
1646474433156 0.8516352568480485 749
1646474433412 0.851662472017654 750
1646474433469 0.8516899079619817 751
1646474433515 0.851717564555722 752
1646474433572 0.8517454416725573 753
1646474433622 0.8517735391851629 754
1646474433686 0.8518018569652073 755
1646474433733 0.8518303948833533 756
1646474433872 0.851859152809258 757
1646474433925 0.8518881306115735 758
1646474433957 0.8519173281579482 759
1646474434012 0.8519467453150262 760
1646474434057 0.851976381948449 761
1646474434094 0.8520062379228556 762
1646474434158 0.8520363131018829 763
1646474434295 0.852066607348167 764
1646474434359 0.8520971205233432 765
1646474434405 0.852127852488047 766
1646474434440 0.8521588031019145 767
1646474434486 0.8521899722235834 768
1646474434531 0.8522213597106929 769
1646474434556 0.8522529654198855 770
1646474434799 0.8522847892068064 771
1646474434862 0.8523168309261051 772
1646474434898 0.8523490904314356 773
1646474434934 0.8523815675754574 774
1646474434958 0.8524142622098356 775
1646474435004 0.8524471741852423 776
1646474435039 0.8524803033513567 777
1646474435186 0.8525136495568661 778
1646474435224 0.8525472126494665 779
1646474435258 0.8525809924758634 780
1646474435299 0.852614988881772 781
1646474435339 0.8526492017119189 782
1646474435373 0.8526836308100417 783
1646474435411 0.8527182760188906 784
1646474435555 0.8527531371802285 785
1646474435595 0.8527882141348321 786
1646474435624 0.8528235067224923 787
1646474435675 0.8528590147820153 788
1646474435698 0.8528947381512233 789
1646474435746 0.8529306766669548 790
1646474435774 0.8529668301650658 791
1646474435928 0.8530031984804305 792
1646474435970 0.8530397814469417 793
1646474435999 0.853076578897512 794
1646474436044 0.8531135906640742 795
1646474436074 0.8531508165775826 796
1646474436117 0.8531882564680131 797
1646474436154 0.8532259101643643 798
1646474436279 0.8532637774946584 799
1646474436320 0.8533018582859418 800
1646474436357 0.853340152364286 801
1646474436404 0.8533786595547881 802
1646474436440 0.8534173796815723 803
1646474436477 0.8534563125677898 804
1646474436500 0.8534954580356202 805
1646474436653 0.8535348159062723 806
1646474436694 0.8535743859999848 807
1646474436724 0.8536141681360266 808
1646474436779 0.8536541621326988 809
1646474436808 0.8536943678073345 810
1646474436862 0.8537347849763002 811
1646474436917 0.8537754134549959 812
1646474437160 0.8538162530578571 813
1646474437216 0.8538573035983548 814
1646474437276 0.8538985648889964 815
1646474437334 0.8539400367413271 816
1646474437376 0.8539817189659299 817
1646474437457 0.8540236113724274 818
1646474437507 0.854065713769482 819
1646474437650 0.8541080259647971 820
1646474437699 0.8541505477651177 821
1646474437748 0.8541932789762317 822
1646474437800 0.8542362194029703 823
1646474437846 0.8542793688492094 824
1646474437887 0.8543227271178699 825
1646474437922 0.8543662940109193 826
1646474438063 0.8544100693293721 827
1646474438105 0.8544540528732907 828
1646474438154 0.8544982444417867 829
1646474438191 0.8545426438330213 830
1646474438248 0.8545872508442066 831
1646474438286 0.8546320652716067 832
1646474438381 0.8546770869105381 833
1646474438606 0.8547223155553707 834
1646474438647 0.8547677509995295 835
1646474438675 0.8548133930354943 836
1646474438724 0.8548592414548019 837
1646474438756 0.854905296048046 838
1646474438796 0.854951556604879 839
1646474438829 0.8549980229140125 840
1646474438995 0.8550446947632181 841
1646474439067 0.855091571939329 842
1646474439130 0.8551386542282404 843
1646474439172 0.8551859414149107 844
1646474439204 0.8552334332833623 845
1646474439247 0.8552811296166831 846
1646474439274 0.8553290301970269 847
1646474439420 0.8553771348056147 848
1646474439465 0.8554254432227355 849
1646474439491 0.8554739552277476 850
1646474439537 0.8555226705990794 851
1646474439558 0.8555715891142304 852
1646474439615 0.8556207105497723 853
1646474439655 0.85567003468135 854
1646474439788 0.8557195612836825 855
1646474439826 0.8557692901305645 856
1646474439857 0.8558192209948662 857
1646474439907 0.8558693536485358 858
1646474439924 0.8559196878625995 859
1646474439975 0.8559702234071631 860
1646474440006 0.8560209600514126 861
1646474440155 0.8560718975636158 862
1646474440198 0.8561230357111228 863
1646474440224 0.8561743742603676 864
1646474440278 0.8562259129768686 865
1646474440306 0.8562776516252302 866
1646474440339 0.8563295899691434 867
1646474440385 0.8563817277713875 868
1646474440542 0.8564340647938306 869
1646474440585 0.8564866007974304 870
1646474440632 0.8565393355422368 871
1646474440709 0.856592268787391 872
1646474440781 0.8566454002911283 873
1646474440848 0.856698729810778 874
1646474440907 0.8567522571027653 875
1646474441112 0.8568059819226118 876
1646474441166 0.8568599040249373 877
1646474441216 0.8569140231634602 878
1646474441260 0.8569683390909991 879
1646474441316 0.857022851559474 880
1646474441347 0.8570775603199067 881
1646474441403 0.8571324651224229 882
1646474441568 0.857187565716253 883
1646474441621 0.8572428618497326 884
1646474441655 0.8572983532703049 885
1646474441703 0.8573540397245205 886
1646474441732 0.8574099209580398 887
1646474441787 0.857465996715633 888
1646474441834 0.8575222667411823 889
1646474442034 0.8575787307776823 890
1646474442094 0.8576353885672419 891
1646474442170 0.8576922398510843 892
1646474442229 0.8577492843695499 893
1646474442279 0.8578065218620958 894
1646474442357 0.857863952067298 895
1646474442397 0.8579215747228524 896
1646474442520 0.8579793895655755 897
1646474442565 0.8580373963314065 898
1646474442600 0.858095594755408 899
1646474442644 0.8581539845717667 900
1646474442664 0.8582125655137957 901
1646474442720 0.8582713373139348 902
1646474442760 0.8583302997037525 903
1646474442900 0.8583894524139463 904
1646474442944 0.8584487951743448 905
1646474442964 0.8585083277139084 906
1646474443015 0.8585680497607309 907
1646474443040 0.8586279610420402 908
1646474443085 0.8586880612842003 909
1646474443127 0.8587483502127118 910
1646474443254 0.8588088275522139 911
1646474443294 0.8588694930264849 912
1646474443324 0.8589303463584439 913
1646474443368 0.8589913872701522 914
1646474443404 0.8590526154828141 915
1646474443439 0.8591140307167784 916
1646474443481 0.8591756326915401 917
1646474443620 0.8592374211257408 918
1646474443661 0.8592993957371707 919
1646474443691 0.8593615562427699 920
1646474443736 0.8594239023586289 921
1646474443765 0.8594864337999909 922
1646474443806 0.8595491502812526 923
1646474443847 0.8596120515159653 924
1646474443981 0.8596751372168369 925
1646474444025 0.8597384070957321 926
1646474444057 0.8598018608636753 927
1646474444106 0.8598654982308501 928
1646474444139 0.8599293189066022 929
1646474444186 0.8599933225994396 930
1646474444226 0.8600575090170349 931
1646474444360 0.8601218778662257 932
1646474444401 0.8601864288530165 933
1646474444439 0.8602511616825801 934
1646474444493 0.8603160760592583 935
1646474444562 0.8603811716865643 936
1646474444627 0.8604464482671829 937
1646474444683 0.8605119055029729 938
1646474444889 0.8605775430949676 939
1646474444940 0.8606433607433768 940
1646474445001 0.8607093581475879 941
1646474445073 0.8607755350061671 942
1646474445128 0.8608418910168611 943
1646474445167 0.8609084258765984 944
1646474445210 0.8609751392814907 945
1646474445372 0.861042030926834 946
1646474445422 0.8611091005071101 947
1646474445457 0.8611763477159886 948
1646474445511 0.8612437722463274 949
1646474445560 0.8613113737901746 950
1646474445589 0.86137915203877 951
1646474445639 0.8614471066825461 952
1646474445782 0.8615152374111297 953
1646474445824 0.8615835439133436 954
1646474445866 0.8616520258772076 955
1646474445950 0.8617206829899402 956
1646474446005 0.86178951493796 957
1646474446121 0.8618585214068867 958
1646474446161 0.8619277020815432 959
1646474446286 0.8619970566459569 960
1646474446328 0.8620665847833607 961
1646474446357 0.8621362861761948 962
1646474446403 0.8622061605061079 963
1646474446441 0.8622762074539593 964
1646474446472 0.8623464266998194 965
1646474446516 0.8624168179229721 966
1646474446652 0.8624873808019154 967
1646474446696 0.8625581150143635 968
1646474446731 0.8626290202372482 969
1646474446768 0.8627000961467199 970
1646474446790 0.8627713424181496 971
1646474446842 0.8628427587261303 972
1646474446857 0.862914344744478 973
1646474447030 0.8629861001462342 974
1646474447069 0.8630580246036661 975
1646474447102 0.8631301177882692 976
1646474447146 0.8632023793707683 977
1646474447174 0.8632748090211187 978
1646474447217 0.8633474064085087 979
1646474447241 0.8634201712013599 980
1646474447389 0.8634931030673297 981
1646474447429 0.8635662016733122 982
1646474447457 0.8636394666854401 983
1646474447501 0.8637128977690859 984
1646474447540 0.8637864945888636 985
1646474447572 0.8638602568086304 986
1646474447609 0.8639341840914879 987
1646474447750 0.8640082760997838 988
1646474447796 0.8640825324951136 989
1646474447832 0.8641569529383217 990
1646474447875 0.8642315370895036 991
1646474447905 0.8643062846080068 992
1646474447951 0.8643811951524327 993
1646474447988 0.8644562683806383 994
1646474448121 0.8645315039497371 995
1646474448160 0.8646069015161016 996
1646474448191 0.8646824607353644 997
1646474448240 0.8647581812624194 998
1646474448305 0.864834062751424 999
1646474448390 0.8649101048558004 1000
1646474448450 0.8649863072282372 1001
1646474448667 0.8650626695206911 1002
1646474448719 0.8651391913843881 1003
1646474448773 0.8652158724698257 1004
1646474448845 0.865292712426774 1005
1646474448896 0.8653697109042775 1006
1646474448926 0.8654468675506567 1007
1646474448976 0.8655241820135098 1008
1646474449133 0.865601653939714 1009
1646474449185 0.8656792829754274 1010
1646474449206 0.8657570687660906 1011
1646474449267 0.865835010956428 1012
1646474449311 0.86591310919045 1013
1646474449340 0.865991363111454 1014
1646474449389 0.8660697723620265 1015
1646474449548 0.8661483365840446 1016
1646474449593 0.8662270554186772 1017
1646474449623 0.8663059285063875 1018
1646474449694 0.8663849554869342 1019
1646474449762 0.8664641359993726 1020
1646474449812 0.8665434696820571 1021
1646474449864 0.8666229561726426 1022
1646474450116 0.8667025951080859 1023
1646474450154 0.8667823861246476 1024
1646474450186 0.8668623288578938 1025
1646474450219 0.8669424229426974 1026
1646474450247 0.8670226680132402 1027
1646474450292 0.8671030637030144 1028
1646474450328 0.8671836096448241 1029
1646474450472 0.8672643054707874 1030
1646474450515 0.8673451508123375 1031
1646474450548 0.8674261453002252 1032
1646474450585 0.8675072885645196 1033
1646474450607 0.8675885802346106 1034
1646474450660 0.86767001993921 1035
1646474450690 0.8677516073063538 1036
1646474450881 0.8678333419634032 1037
1646474450925 0.8679152235370472 1038
1646474450956 0.8679972516533032 1039
1646474450996 0.8680794259375197 1040
1646474451023 0.8681617460143773 1041
1646474451066 0.868244211507891 1042
1646474451104 0.8683268220414114 1043
1646474451227 0.8684095772376269 1044
1646474451266 0.8684924767185649 1045
1646474451291 0.8685755201055938 1046
1646474451342 0.868658707019425 1047
1646474451375 0.8687420370801142 1048
1646474451421 0.8688255099070633 1049
1646474451449 0.8689091251190221 1050
1646474451590 0.8689928823340901 1051
1646474451630 0.8690767811697184 1052
1646474451672 0.8691608212427109 1053
1646474451714 0.8692450021692267 1054
1646474451741 0.8693293235647817 1055
1646474451782 0.8694137850442496 1056
1646474451806 0.8694983862218651 1057
1646474451925 0.8695831267112243 1058
1646474451965 0.8696680061252872 1059
1646474452012 0.8697530240763792 1060
1646474452051 0.8698381801761932 1061
1646474452123 0.8699234740357906 1062
1646474452191 0.8700089052656043 1063
1646474452263 0.8700944734754392 1064
1646474452514 0.8701801782744748 1065
1646474452568 0.8702660192712668 1066
1646474452629 0.8703519960737487 1067
1646474452673 0.8704381082892338 1068
1646474452707 0.870524355524417 1069
1646474452762 0.8706107373853763 1070
1646474452803 0.8706972534775751 1071
1646474452934 0.8707839034058633 1072
1646474452983 0.8708706867744802 1073
1646474453022 0.8709576031870548 1074
1646474453070 0.8710446522466091 1075
1646474453105 0.871131833555559 1076
1646474453154 0.8712191467157163 1077
1646474453201 0.8713065913282907 1078
1646474453349 0.8713941669938915 1079
1646474453392 0.8714818733125294 1080
1646474453424 0.8715697098836184 1081
1646474453530 0.8716576763059775 1082
1646474453576 0.8717457721778328 1083
1646474453616 0.8718339970968189 1084
1646474453703 0.8719223506599812 1085
1646474453843 0.8720108324637776 1086
1646474453890 0.8720994421040801 1087
1646474453924 0.8721881791761767 1088
1646474453969 0.8722770432747738 1089
1646474454006 0.8723660339939974 1090
1646474454039 0.8724551509273948 1091
1646474454075 0.8725443936679376 1092
1646474454221 0.8726337618080222 1093
1646474454262 0.8727232549394726 1094
1646474454290 0.8728128726535415 1095
1646474454333 0.872902614540913 1096
1646474454370 0.872992480191704 1097
1646474454409 0.8730824691954658 1098
1646474454448 0.8731725811411868 1099
1646474454575 0.8732628156172935 1100
1646474454613 0.8733531722116529 1101
1646474454639 0.8734436505115741 1102
1646474454686 0.8735342501038106 1103
1646474454709 0.8736249705745618 1104
1646474454752 0.8737158115094747 1105
1646474454774 0.8738067724936467 1106
1646474454913 0.8738978531116264 1107
1646474454957 0.8739890529474161 1108
1646474454987 0.8740803715844737 1109
1646474455026 0.8741718086057144 1110
1646474455056 0.8742633635935129 1111
1646474455100 0.8743550361297047 1112
1646474455122 0.8744468257955886 1113
1646474455271 0.8745387321719288 1114
1646474455313 0.8746307548389558 1115
1646474455340 0.8747228933763695 1116
1646474455393 0.8748151473633402 1117
1646474455439 0.874907516378511 1118
1646474455473 0.875 1119
1646474455511 0.8750925978054012 1120
1646474455670 0.8751853093717874 1121
1646474455711 0.8752781342757121 1122
1646474455740 0.8753710720932107 1123
1646474455787 0.8754641223998031 1124
1646474455832 0.8755572847704953 1125
1646474455905 0.8756505587797816 1126
1646474455970 0.8757439440016463 1127
1646474456228 0.875837440009566 1128
1646474456270 0.8759310463765109 1129
1646474456321 0.8760247626749473 1130
1646474456380 0.8761185884768397 1131
1646474456426 0.8762125233536519 1132
1646474456456 0.87630656687635 1133
1646474456515 0.8764007186154038 1134
1646474456699 0.8764949781407887 1135
1646474456742 0.8765893450219877 1136
1646474456781 0.8766838188279937 1137
1646474456831 0.8767783991273113 1138
1646474456877 0.8768730854879582 1139
1646474456905 0.8769678774774683 1140
1646474456954 0.8770627746628928 1141
1646474457133 0.8771577766108024 1142
1646474457185 0.8772528828872892 1143
1646474457239 0.8773480930579691 1144
1646474457309 0.8774434066879833 1145
1646474457351 0.8775388233420003 1146
1646474457439 0.8776343425842184 1147
1646474457497 0.877729963978367 1148
1646474457622 0.8778256870877092 1149
1646474457662 0.8779215114750436 1150
1646474457695 0.8780174367027058 1151
1646474457739 0.8781134623325713 1152
1646474457771 0.8782095879260566 1153
1646474457810 0.878305813044122 1154
1646474457839 0.8784021372472731 1155
1646474457984 0.8784985600955628 1156
1646474458027 0.8785950811485936 1157
1646474458060 0.8786916999655197 1158
1646474458094 0.8787884161050481 1159
1646474458121 0.878885229125442 1160
1646474458152 0.8789821385845217 1161
1646474458191 0.8790791440396672 1162
1646474458320 0.87917624504782 1163
1646474458362 0.8792734411654852 1164
1646474458389 0.8793707319487334 1165
1646474458441 0.879468116953203 1166
1646474458471 0.879565595734102 1167
1646474458510 0.8796631678462099 1168
1646474458539 0.8797608328438803 1169
1646474458666 0.8798585902810421 1170
1646474458709 0.8799564397112024 1171
1646474458740 0.8800543806874479 1172
1646474458778 0.8801524127624473 1173
1646474458806 0.880250535488453 1174
1646474458840 0.8803487484173038 1175
1646474458883 0.8804470511004261 1176
1646474459005 0.8805454430888364 1177
1646474459048 0.8806439239331436 1178
1646474459073 0.8807424931835505 1179
1646474459123 0.8808411503898561 1180
1646474459154 0.8809398951014579 1181
1646474459208 0.8810387268673535 1182
1646474459249 0.8811376452361431 1183
1646474459411 0.8812366497560312 1184
1646474459457 0.881335739974829 1185
1646474459487 0.8814349154399558 1186
1646474459526 0.8815341756984422 1187
1646474459555 0.881633520296931 1188
1646474459614 0.8817329487816802 1189
1646474459675 0.8818324606985644 1190
1646474459914 0.8819320555930772 1191
1646474459966 0.8820317330103331 1192
1646474460007 0.88213149249507 1193
1646474460065 0.8822313335916505 1194
1646474460116 0.882331255844065 1195
1646474460176 0.8824312587959329 1196
1646474460225 0.8825313419905049 1197
1646474460364 0.8826315049706654 1198
1646474460414 0.8827317472789346 1199
1646474460456 0.8828320684574699 1200
1646474460497 0.8829324680480688 1201
1646474460542 0.8830329455921706 1202
1646474460573 0.8831335006308585 1203
1646474460628 0.8832341327048617 1204
1646474460786 0.8833348413545579 1205
1646474460883 0.8834356261199745 1206
1646474460949 0.8835364865407918 1207
1646474460995 0.8836374221563441 1208
1646474461023 0.8837384325056226 1209
1646474461076 0.8838395171272769 1210
1646474461140 0.8839406755596176 1211
1646474461374 0.8840419073406182 1212
1646474461419 0.8841432120079168 1213
1646474461438 0.8842445890988189 1214
1646474461489 0.8843460381502993 1215
1646474461521 0.8844475586990042 1216
1646474461558 0.8845491502812526 1217
1646474461588 0.8846508124330399 1218
1646474461725 0.8847525446900386 1219
1646474461762 0.8848543465876013 1220
1646474461788 0.8849562176607626 1221
1646474461834 0.8850581574442407 1222
1646474461856 0.8851601654724405 1223
1646474461904 0.8852622412794547 1224
1646474461925 0.8853643843990671 1225
1646474462070 0.8854665943647533 1226
1646474462111 0.885568870709684 1227
1646474462138 0.885671212966727 1228
1646474462184 0.8857736206684483 1229
1646474462206 0.8858760933471157 1230
1646474462258 0.8859786305346998 1231
1646474462286 0.8860812317628768 1232
1646474462441 0.8861838965630302 1233
1646474462486 0.8862866244662535 1234
1646474462521 0.8863894150033514 1235
1646474462567 0.8864922677048431 1236
1646474462590 0.8865951821009637 1237
1646474462645 0.8866981577216662 1238
1646474462687 0.8868011940966245 1239
1646474462980 0.8869042907552346 1240
1646474463024 0.8870074472266173 1241
1646474463060 0.8871106630396203 1242
1646474463100 0.8872139377228202 1243
1646474463122 0.8873172708045246 1244
1646474463170 0.8874206618127746 1245
1646474463189 0.8875241102753464 1246
1646474463332 0.8876276157197542 1247
1646474463389 0.8877311776732517 1248
1646474463446 0.8878347956628345 1249
1646474463523 0.8879384692152423 1250
1646474463577 0.888042197856961 1251
1646474463652 0.888145981114225 1252
1646474463717 0.8882498185130192 1253
1646474463874 0.888353709579081 1254
1646474463928 0.888457653837903 1255
1646474463983 0.8885616508147347 1256
1646474464032 0.8886657000345848 1257
1646474464065 0.8887698010222234 1258
1646474464115 0.8888739533021842 1259
1646474464146 0.8889781563987667 1260
1646474464304 0.8890824098360381 1261
1646474464352 0.8891867131378358 1262
1646474464399 0.8892910658277694 1263
1646474464437 0.8893954674292232 1264
1646474464480 0.8894999174653575 1265
1646474464518 0.8896044154591121 1266
1646474464559 0.8897089609332071 1267
1646474464710 0.8898135534101462 1268
1646474464751 0.8899181924122183 1269
1646474464777 0.8900228774614998 1270
1646474464855 0.8901276080798566 1271
1646474464917 0.8902323837889468 1272
1646474464953 0.8903372041102223 1273
1646474465049 0.8904420685649314 1274
1646474465161 0.8905469766741205 1275
1646474465210 0.8906519279586373 1276
1646474465238 0.8907569219391316 1277
1646474465279 0.8908619581360584 1278
1646474465312 0.89096703606968 1279
1646474465350 0.8910721552600681 1280
1646474465371 0.8911773152271059 1281
1646474465498 0.8912825154904902 1282
1646474465552 0.891387755569734 1283
1646474465589 0.8914930349841683 1284
1646474465628 0.8915983532529446 1285
1646474465655 0.8917037098950366 1286
1646474465707 0.8918091044292431 1287
1646474465737 0.8919145363741896 1288
1646474465870 0.892020005248331 1289
1646474465916 0.8921255105699532 1290
1646474465952 0.8922310518571758 1291
1646474465997 0.8923366286279542 1292
1646474466036 0.8924422404000816 1293
1646474466056 0.8925478866911912 1294
1646474466105 0.8926535670187591 1295
1646474466221 0.8927592809001053 1296
1646474466264 0.8928650278523969 1297
1646474466289 0.8929708073926498 1298
1646474466340 0.8930766190377313 1299
1646474466370 0.8931824623043617 1300
1646474466421 0.8932883367091172 1301
1646474466457 0.8933942417684316 1302
1646474466564 0.8935001769985987 1303
1646474466623 0.8936061419157747 1304
1646474466659 0.8937121360359799 1305
1646474466698 0.8938181588751013 1306
1646474466721 0.893924209948895 1307
1646474466772 0.8940302887729877 1308
1646474466804 0.8941363948628799 1309
1646474466942 0.894242527733947 1310
1646474466982 0.8943486869014424 1311
1646474467006 0.8944548718804994 1312
1646474467050 0.8945610821861334 1313
1646474467072 0.894667317333244 1314
1646474467126 0.8947735768366173 1315
1646474467156 0.8948798602109284 1316
1646474467417 0.8949861669707432 1317
1646474467476 0.8950924966305208 1318
1646474467541 0.8951988487046159 1319
1646474467587 0.8953052227072804 1320
1646474467631 0.8954116181526666 1321
1646474467690 0.8955180345548283 1322
1646474467740 0.895624471427724 1323
1646474467933 0.8957309282852185 1324
1646474467983 0.8958374046410855 1325
1646474468022 0.8959439000090094 1326
1646474468054 0.8960504139025879 1327
1646474468090 0.8961569458353341 1328
1646474468146 0.8962634953206787 1329
1646474468173 0.8963700618719723 1330
1646474468338 0.8964766450024872 1331
1646474468384 0.8965832442254206 1332
1646474468422 0.8966898590538956 1333
1646474468478 0.8967964890009643 1334
1646474468521 0.8969031335796098 1335
1646474468553 0.8970097923027482 1336
1646474468601 0.8971164646832313 1337
1646474468780 0.8972231502338479 1338
1646474468862 0.8973298484673276 1339
1646474468908 0.897436558896341 1340
1646474468939 0.8975432810335039 1341
1646474468979 0.897650014391378 1342
1646474469016 0.8977567584824742 1343
1646474469050 0.8978635128192541 1344
1646474469208 0.8979702769141327 1345
1646474469249 0.89807705027948 1346
1646474469283 0.8981838324276243 1347
1646474469323 0.8982906228708534 1348
1646474469353 0.8983974211214172 1349
1646474469383 0.8985042266915301 1350
1646474469434 0.8986110390933728 1351
1646474469568 0.8987178578390952 1352
1646474469610 0.8988246824408179 1353
1646474469639 0.8989315124106348 1354
1646474469684 0.8990383472606156 1355
1646474469715 0.8991451865028072 1356
1646474469738 0.8992520296492368 1357
1646474469784 0.8993588762119136 1358
1646474469908 0.8994657257028313 1359
1646474469951 0.8995725776339702 1360
1646474469985 0.8996794315172995 1361
1646474470021 0.8997862868647791 1362
1646474470052 0.899893143188363 1363
1646474470093 0.8999999999999999 1364
1646474470119 0.9001068568116369 1365
1646474470240 0.9002137131352208 1366
1646474470280 0.9003205684827005 1367
1646474470325 0.9004274223660297 1368
1646474470355 0.9005342742971686 1369
1646474470403 0.9006411237880864 1370
1646474470444 0.9007479703507631 1371
1646474470472 0.9008548134971928 1372
1646474470606 0.9009616527393843 1373
1646474470644 0.9010684875893651 1374
1646474470671 0.901175317559182 1375
1646474470715 0.9012821421609047 1376
1646474470750 0.9013889609066271 1377
1646474470786 0.9014957733084699 1378
1646474470827 0.9016025788785827 1379
1646474470967 0.9017093771291464 1380
1646474471029 0.9018161675723756 1381
1646474471089 0.9019229497205199 1382
1646474471164 0.9020297230858673 1383
1646474471214 0.9021364871807458 1384
1646474471275 0.9022432415175257 1385
1646474471339 0.9023499856086219 1386
1646474471516 0.902456718966496 1387
1646474471574 0.9025634411036589 1388
1646474471617 0.9026701515326724 1389
1646474471661 0.9027768497661519 1390
1646474471715 0.9028835353167687 1391
1646474471769 0.9029902076972517 1392
1646474471815 0.9030968664203901 1393
1646474471950 0.9032035109990356 1394
1646474471997 0.9033101409461043 1395
1646474472029 0.9034167557745794 1396
1646474472071 0.9035233549975127 1397
1646474472109 0.9036299381280276 1398
1646474472158 0.9037365046793212 1399
1646474472198 0.9038430541646658 1400
1646474472340 0.903949586097412 1401
1646474472390 0.9040560999909906 1402
1646474472420 0.9041625953589144 1403
1646474472505 0.9042690717147814 1404
1646474472562 0.9043755285722759 1405
1646474472622 0.9044819654451717 1406
1646474472711 0.9045883818473334 1407
1646474472835 0.9046947772927195 1408
1646474472879 0.9048011512953841 1409
1646474472904 0.9049075033694791 1410
1646474472951 0.9050138330292568 1411
1646474472971 0.9051201397890716 1412
1646474473025 0.9052264231633826 1413
1646474473053 0.9053326826667559 1414
1646474473205 0.9054389178138665 1415
1646474473247 0.9055451281195005 1416
1646474473271 0.9056513130985575 1417
1646474473324 0.905757472266053 1418
1646474473353 0.90586360513712 1419
1646474473396 0.9059697112270122 1420
1646474473431 0.906075790051105 1421
1646474473557 0.9061818411248986 1422
1646474473601 0.9062878639640201 1423
1646474473637 0.9063938580842252 1424
1646474473675 0.9064998230014012 1425
1646474473704 0.9066057582315683 1426
1646474473741 0.9067116632908827 1427
1646474473771 0.9068175376956382 1428
1646474473919 0.9069233809622687 1429
1646474473965 0.9070291926073502 1430
1646474473989 0.9071349721476031 1431
1646474474043 0.9072407190998947 1432
1646474474070 0.9073464329812408 1433
1646474474119 0.9074521133088087 1434
1646474474154 0.9075577595999184 1435
1646474474286 0.9076633713720458 1436
1646474474326 0.9077689481428242 1437
1646474474355 0.9078744894300468 1438
1646474474405 0.9079799947516689 1439
1646474474435 0.9080854636258103 1440
1646474474485 0.9081908955707568 1441
1646474474520 0.9082962901049634 1442
1646474474649 0.9084016467470554 1443
1646474474694 0.9085069650158316 1444
1646474474736 0.9086122444302659 1445
1646474474798 0.9087174845095097 1446
1646474474862 0.9088226847728941 1447
1646474474950 0.9089278447399318 1448
1646474475020 0.9090329639303198 1449
1646474475211 0.9091380418639415 1450
1646474475256 0.9092430780608685 1451
1646474475330 0.9093480720413626 1452
1646474475370 0.9094530233258793 1453
1646474475428 0.9095579314350686 1454
1646474475468 0.9096627958897776 1455
1646474475504 0.9097676162110532 1456
1646474475674 0.9098723919201434 1457
1646474475716 0.9099771225385002 1458
1646474475741 0.9100818075877816 1459
1646474475797 0.9101864465898537 1460
1646474475840 0.9102910390667929 1461
1646474475871 0.910395584540888 1462
1646474475922 0.9105000825346424 1463
1646474476065 0.9106045325707768 1464
1646474476109 0.9107089341722305 1465
1646474476142 0.9108132868621641 1466
1646474476241 0.9109175901639618 1467
1646474476292 0.9110218436012333 1468
1646474476320 0.9111260466978157 1469
1646474476406 0.9112301989777765 1470
1646474476551 0.9113342999654152 1471
1646474476588 0.9114383491852652 1472
1646474476617 0.911542346162097 1473
1646474476654 0.9116462904209188 1474
1646474476688 0.9117501814869807 1475
1646474476726 0.9118540188857749 1476
1646474476761 0.9119578021430388 1477
1646474476896 0.9120615307847576 1478
1646474476936 0.9121652043371654 1479
1646474476968 0.9122688223267482 1480
1646474477005 0.9123723842802457 1481
1646474477036 0.9124758897246535 1482
1646474477071 0.9125793381872254 1483
1646474477094 0.9126827291954753 1484
1646474477229 0.9127860622771797 1485
1646474477273 0.9128893369603795 1486
1646474477308 0.9129925527733826 1487
1646474477347 0.9130957092447654 1488
1646474477372 0.9131988059033754 1489
1646474477426 0.9133018422783337 1490
1646474477453 0.9134048178990363 1491
1646474477585 0.9135077322951568 1492
1646474477629 0.9136105849966485 1493
1646474477655 0.9137133755337464 1494
1646474477708 0.9138161034369696 1495
1646474477738 0.9139187682371231 1496
1646474477785 0.9140213694653001 1497
1646474477805 0.9141239066528842 1498
1646474477944 0.9142263793315516 1499
1646474477982 0.9143287870332729 1500
1646474478019 0.9144311292903158 1501
1646474478060 0.9145334056352467 1502
1646474478089 0.9146356156009329 1503
1646474478138 0.9147377587205452 1504
1646474478177 0.9148398345275595 1505
1646474478310 0.9149418425557593 1506
1646474478352 0.9150437823392373 1507
1646474478389 0.9151456534123985 1508
1646474478436 0.9152474553099613 1509
1646474478470 0.91534918756696 1510
1646474478512 0.9154508497187474 1511
1646474478550 0.9155524413009958 1512
1646474478808 0.9156539618497005 1513
1646474478873 0.915755410901181 1514
1646474478951 0.9158567879920831 1515
1646474478994 0.9159580926593818 1516
1646474479049 0.9160593244403822 1517
1646474479101 0.916160482872723 1518
1646474479142 0.9162615674943773 1519
1646474479351 0.9163625778436558 1520
1646474479402 0.9164635134592082 1521
1646474479434 0.9165643738800254 1522
1646474479484 0.9166651586454421 1523
1646474479525 0.9167658672951382 1524
1646474479577 0.9168664993691414 1525
1646474479603 0.9169670544078293 1526
1646474479771 0.9170675319519311 1527
1646474479819 0.9171679315425301 1528
1646474479855 0.9172682527210654 1529
1646474479909 0.9173684950293345 1530
1646474479936 0.9174686580094951 1531
1646474479990 0.9175687412040671 1532
1646474480035 0.9176687441559349 1533
1646474480268 0.9177686664083494 1534
1646474480307 0.91786850750493 1535
1646474480337 0.9179682669896668 1536
1646474480374 0.9180679444069227 1537
1646474480405 0.9181675393014356 1538
1646474480452 0.9182670512183198 1539
1646474480471 0.918366479703069 1540
1646474480616 0.9184658243015578 1541
1646474480659 0.9185650845600442 1542
1646474480687 0.918664260025171 1543
1646474480731 0.9187633502439687 1544
1646474480754 0.9188623547638568 1545
1646474480798 0.9189612731326464 1546
1646474480821 0.9190601048985421 1547
1646474480954 0.9191588496101438 1548
1646474480991 0.9192575068164495 1549
1646474481022 0.9193560760668563 1550
1646474481061 0.9194545569111635 1551
1646474481097 0.919552948899574 1552
1646474481120 0.9196512515826961 1553
1646474481167 0.9197494645115469 1554
1646474481287 0.9198475872375527 1555
1646474481329 0.919945619312552 1556
1646474481368 0.9200435602887975 1557
1646474481409 0.9201414097189579 1558
1646474481439 0.9202391671561196 1559
1646474481479 0.9203368321537899 1560
1646474481504 0.920434404265898 1561
1646474481636 0.9205318830467969 1562
1646474481677 0.9206292680512664 1563
1646474481703 0.9207265588345147 1564
1646474481758 0.9208237549521799 1565
1646474481797 0.9209208559603327 1566
1646474481836 0.9210178614154783 1567
1646474481876 0.921114770874558 1568
1646474481986 0.9212115838949518 1569
1646474482024 0.9213083000344803 1570
1646474482053 0.9214049188514062 1571
1646474482103 0.9215014399044371 1572
1646474482136 0.9215978627527268 1573
1646474482170 0.9216941869558779 1574
1646474482202 0.9217904120739433 1575
1646474482355 0.9218865376674287 1576
1646474482415 0.9219825632972941 1577
1646474482489 0.9220784885249563 1578
1646474482579 0.9221743129122907 1579
1646474482655 0.9222700360216329 1580
1646474482702 0.9223656574157816 1581
1646474482777 0.9224611766579996 1582
1646474483003 0.9225565933120167 1583
1646474483106 0.9226519069420308 1584
1646474483162 0.9227471171127106 1585
1646474483213 0.9228422233891975 1586
1646474483245 0.9229372253371071 1587
1646474483295 0.9230321225225315 1588
1646474483321 0.9231269145120418 1589
1646474483456 0.9232216008726887 1590
1646474483494 0.9233161811720062 1591
1646474483520 0.9234106549780122 1592
1646474483571 0.9235050218592112 1593
1646474483602 0.9235992813845961 1594
1646474483651 0.9236934331236499 1595
1646474483670 0.9237874766463481 1596
1646474483828 0.9238814115231604 1597
1646474483869 0.9239752373250526 1598
1646474483902 0.9240689536234891 1599
1646474483963 0.924162559990434 1600
1646474484008 0.9242560559983536 1601
1646474484038 0.9243494412202183 1602
1646474484085 0.9244427152295046 1603
1646474484211 0.9245358776001968 1604
1646474484277 0.9246289279067892 1605
1646474484321 0.9247218657242878 1606
1646474484347 0.9248146906282124 1607
1646474484402 0.9249074021945988 1608
1646474484436 0.9249999999999999 1609
1646474484486 0.9250924836214889 1610
1646474484736 0.9251848526366597 1611
1646474484787 0.9252771066236304 1612
1646474484832 0.925369245161044 1613
1646474484924 0.9254612678280711 1614
1646474484957 0.9255531742044112 1615
1646474485001 0.9256449638702953 1616
1646474485035 0.9257366364064871 1617
1646474485164 0.9258281913942854 1618
1646474485203 0.9259196284155262 1619
1646474485243 0.9260109470525838 1620
1646474485282 0.9261021468883736 1621
1646474485319 0.9261932275063532 1622
1646474485357 0.9262841884905252 1623
1646474485406 0.9263750294254381 1624
1646474485530 0.9264657498961894 1625
1646474485573 0.9265563494884258 1626
1646474485604 0.9266468277883471 1627
1646474485645 0.9267371843827065 1628
1646474485686 0.9268274188588131 1629
1646474485717 0.9269175308045341 1630
1646474485758 0.927007519808296 1631
1646474485900 0.9270973854590869 1632
1646474485948 0.9271871273464585 1633
1646474485986 0.9272767450605274 1634
1646474486026 0.9273662381919777 1635
1646474486054 0.9274556063320623 1636
1646474486103 0.927544849072605 1637
1646474486120 0.9276339660060027 1638
1646474486268 0.9277229567252261 1639
1646474486310 0.9278118208238232 1640
1646474486336 0.9279005578959199 1641
1646474486369 0.9279891675362223 1642
1646474486429 0.9280776493400187 1643
1646474486455 0.9281660029031811 1644
1646474486511 0.9282542278221672 1645
1646474486647 0.9283423236940225 1646
1646474486687 0.9284302901163816 1647
1646474486720 0.9285181266874706 1648
1646474486744 0.9286058330061084 1649
1646474486804 0.9286934086717092 1650
1646474486837 0.9287808532842836 1651
1646474486878 0.9288681664444409 1652
1646474487018 0.9289553477533908 1653
1646474487092 0.9290423968129451 1654
1646474487150 0.9291293132255197 1655
1646474487220 0.9292160965941365 1656
1646474487291 0.9293027465224248 1657
1646474487351 0.9293892626146236 1658
1646474487397 0.929475644475583 1659
1646474487590 0.9295618917107661 1660
1646474487644 0.9296480039262512 1661
1646474487693 0.9297339807287331 1662
1646474487749 0.9298198217255251 1663
1646474487786 0.9299055265245607 1664
1646474487836 0.9299910947343957 1665
1646474487882 0.9300765259642093 1666
1646474488044 0.9301618198238067 1667
1646474488089 0.9302469759236207 1668
1646474488119 0.9303319938747128 1669
1646474488180 0.9304168732887756 1670
1646474488223 0.9305016137781348 1671
1646474488253 0.9305862149557503 1672
1646474488301 0.9306706764352183 1673
1646474488504 0.9307549978307732 1674
1646474488561 0.930839178757289 1675
1646474488642 0.9309232188302815 1676
1646474488715 0.9310071176659098 1677
1646474488753 0.9310908748809779 1678
1646474488784 0.9311744900929366 1679
1646474488819 0.9312579629198857 1680
1646474488947 0.9313412929805749 1681
1646474488988 0.9314244798944061 1682
1646474489023 0.931507523281435 1683
1646474489061 0.931590422762373 1684
1646474489087 0.9316731779585884 1685
1646474489133 0.9317557884921089 1686
1646474489170 0.9318382539856226 1687
1646474489301 0.9319205740624802 1688
1646474489343 0.9320027483466967 1689
1646474489371 0.9320847764629527 1690
1646474489418 0.9321666580365967 1691
1646474489459 0.9322483926936462 1692
1646474489487 0.9323299800607899 1693
1646474489531 0.9324114197653893 1694
1646474489663 0.9324927114354803 1695
1646474489705 0.9325738546997747 1696
1646474489737 0.9326548491876624 1697
1646474489777 0.9327356945292126 1698
1646474489804 0.9328163903551758 1699
1646474489852 0.9328969362969856 1700
1646474489871 0.9329773319867597 1701
1646474490016 0.9330575770573025 1702
1646474490059 0.9331376711421061 1703
1646474490095 0.9332176138753523 1704
1646474490141 0.933297404891914 1705
1646474490169 0.9333770438273573 1706
1646474490216 0.9334565303179428 1707
1646474490249 0.9335358640006274 1708
1646474490376 0.9336150445130658 1709
1646474490421 0.9336940714936124 1710
1646474490451 0.9337729445813228 1711
1646474490493 0.9338516634159554 1712
1646474490532 0.9339302276379734 1713
1646474490570 0.934008636888546 1714
1646474490610 0.9340868908095499 1715
1646474490714 0.9341649890435719 1716
1646474490804 0.9342429312339093 1717
1646474490863 0.9343207170245724 1718
1646474490916 0.9343983460602859 1719
1646474490988 0.93447581798649 1720
1646474491078 0.9345531324493432 1721
1646474491123 0.9346302890957224 1722
1646474491300 0.934707287573226 1723
1646474491354 0.9347841275301743 1724
1646474491387 0.9348608086156118 1725
1646474491445 0.9349373304793089 1726
1646474491493 0.9350136927717627 1727
1646474491534 0.9350898951441995 1728
1646474491569 0.935165937248576 1729
1646474491727 0.9352418187375805 1730
1646474491769 0.9353175392646356 1731
1646474491807 0.9353930984838983 1732
1646474491851 0.9354684960502628 1733
1646474491887 0.9355437316193617 1734
1646474491937 0.9356188048475672 1735
1646474491970 0.9356937153919931 1736
1646474492115 0.9357684629104963 1737
1646474492161 0.9358430470616782 1738
1646474492194 0.9359174675048864 1739
1646474492271 0.9359917239002161 1740
1646474492328 0.936065815908512 1741
1646474492376 0.9361397431913695 1742
1646474492477 0.9362135054111363 1743
1646474492597 0.936287102230914 1744
1646474492641 0.9363605333145598 1745
1646474492671 0.9364337983266877 1746
1646474492719 0.9365068969326702 1747
1646474492754 0.93657982879864 1748
1646474492785 0.9366525935914912 1749
1646474492826 0.9367251909788812 1750
1646474492956 0.9367976206292317 1751
1646474493007 0.9368698822117307 1752
1646474493048 0.9369419753963338 1753
1646474493070 0.9370138998537657 1754
1646474493122 0.9370856552555219 1755
1646474493154 0.9371572412738697 1756
1646474493192 0.9372286575818503 1757
1646474493315 0.93729990385328 1758
1646474493363 0.9373709797627517 1759
1646474493402 0.9374418849856364 1760
1646474493440 0.9375126191980845 1761
1646474493468 0.9375831820770278 1762
1646474493497 0.9376535733001805 1763
1646474493543 0.9377237925460407 1764
1646474493653 0.9377938394938921 1765
1646474493705 0.9378637138238052 1766
1646474493747 0.9379334152166392 1767
1646474493785 0.938002943354043 1768
1646474493824 0.9380722979184567 1769
1646474493867 0.9381414785931133 1770
1646474493901 0.93821048506204 1771
1646474494029 0.9382793170100597 1772
1646474494074 0.9383479741227924 1773
1646474494109 0.9384164560866564 1774
1646474494147 0.9384847625888703 1775
1646474494170 0.9385528933174538 1776
1646474494230 0.9386208479612299 1777
1646474494270 0.9386886262098253 1778
1646474494398 0.9387562277536725 1779
1646474494439 0.9388236522840113 1780
1646474494475 0.9388908994928898 1781
1646474494519 0.938957969073166 1782
1646474494585 0.9390248607185092 1783
1646474494660 0.9390915741234015 1784
1646474494758 0.9391581089831388 1785
1646474494962 0.9392244649938328 1786
1646474495008 0.9392906418524121 1787
1646474495050 0.9393566392566232 1788
1646474495111 0.9394224569050323 1789
1646474495168 0.9394880944970271 1790
1646474495222 0.939553551732817 1791
1646474495252 0.9396188283134357 1792
1646474495434 0.9396839239407415 1793
1646474495487 0.9397488383174198 1794
1646474495520 0.9398135711469834 1795
1646474495575 0.9398781221337742 1796
1646474495619 0.939942490982965 1797
1646474495653 0.9400066774005603 1798
1646474495696 0.9400706810933978 1799
1646474495840 0.9401345017691499 1800
1646474495888 0.9401981391363247 1801
1646474495933 0.9402615929042678 1802
1646474495981 0.9403248627831631 1803
1646474496004 0.9403879484840346 1804
1646474496079 0.9404508497187474 1805
1646474496128 0.940513566200009 1806
1646474496328 0.9405760976413711 1807
1646474496368 0.94063844375723 1808
1646474496409 0.9407006042628292 1809
1646474496443 0.9407625788742592 1810
1646474496471 0.9408243673084599 1811
1646474496522 0.9408859692832215 1812
1646474496552 0.9409473845171858 1813
1646474496694 0.9410086127298477 1814
1646474496752 0.941069653641556 1815
1646474496796 0.9411305069735151 1816
1646474496819 0.941191172447786 1817
1646474496859 0.9412516497872881 1818
1646474496921 0.9413119387157997 1819
1646474496951 0.9413720389579597 1820
1646474497109 0.9414319502392691 1821
1646474497154 0.9414916722860915 1822
1646474497185 0.9415512048256551 1823
1646474497229 0.9416105475860537 1824
1646474497276 0.9416697002962474 1825
1646474497302 0.941728662686065 1826
1646474497357 0.9417874344862043 1827
1646474497510 0.9418460154282332 1828
1646474497555 0.941904405244592 1829
1646474497585 0.9419626036685933 1830
1646474497632 0.9420206104344244 1831
1646474497661 0.9420784252771476 1832
1646474497715 0.9421360479327019 1833
1646474497752 0.9421934781379041 1834
1646474497925 0.94225071563045 1835
1646474497972 0.9423077601489156 1836
1646474498003 0.9423646114327581 1837
1646474498061 0.9424212692223176 1838
1646474498114 0.9424777332588177 1839
1646474498153 0.942534003284367 1840
1646474498202 0.9425900790419601 1841
1646474498364 0.9426459602754794 1842
1646474498432 0.942701646729695 1843
1646474498503 0.9427571381502673 1844
1646474498576 0.942812434283747 1845
1646474498672 0.942867534877577 1846
1646474498740 0.9429224396800933 1847
1646474498798 0.942977148440526 1848
1646474498981 0.9430316609090008 1849
1646474499037 0.9430859768365397 1850
1646474499090 0.9431400959750627 1851
1646474499149 0.9431940180773881 1852
1646474499222 0.9432477428972347 1853
1646474499289 0.9433012701892219 1854
1646474499337 0.9433545997088716 1855
1646474499483 0.9434077312126089 1856
1646474499531 0.9434606644577631 1857
1646474499569 0.9435133992025695 1858
1646474499609 0.9435659352061694 1859
1646474499654 0.9436182722286124 1860
1646474499687 0.9436704100308564 1861
1646474499749 0.9437223483747698 1862
1646474500063 0.9437740870231314 1863
1646474500121 0.9438256257396324 1864
1646474500176 0.9438769642888771 1865
1646474500209 0.9439281024363841 1866
1646474500258 0.9439790399485873 1867
1646474500311 0.9440297765928368 1868
1646474500361 0.9440803121374004 1869
1646474500531 0.9441306463514642 1870
1646474500579 0.9441807790051338 1871
1646474500616 0.9442307098694355 1872
1646474500659 0.9442804387163174 1873
1646474500686 0.94432996531865 1874
1646474500736 0.9443792894502276 1875
1646474500769 0.9444284108857696 1876
1646474500937 0.9444773294009206 1877
1646474500989 0.9445260447722523 1878
1646474501020 0.9445745567772644 1879
1646474501062 0.9446228651943852 1880
1646474501102 0.944670969802973 1881
1646474501149 0.9447188703833168 1882
1646474501185 0.9447665667166376 1883
1646474501369 0.9448140585850893 1884
1646474501446 0.9448613457717595 1885
1646474501494 0.9449084280606709 1886
1646474501520 0.9449553052367818 1887
1646474501559 0.9450019770859874 1888
1646474501598 0.945048443395121 1889
1646474501619 0.9450947039519539 1890
1646474501760 0.9451407585451981 1891
1646474501807 0.9451866069645056 1892
1646474501848 0.9452322490004704 1893
1646474501883 0.9452776844446291 1894
1646474501927 0.9453229130894618 1895
1646474501972 0.9453679347283932 1896
1646474502002 0.9454127491557933 1897
1646474502134 0.9454573561669787 1898
1646474502181 0.9455017555582133 1899
1646474502216 0.9455459471267093 1900
1646474502258 0.9455899306706278 1901
1646474502285 0.9456337059890806 1902
1646474502332 0.94567727288213 1903
1646474502352 0.9457206311507905 1904
1646474502500 0.9457637805970296 1905
1646474502542 0.9458067210237683 1906
1646474502570 0.9458494522348823 1907
1646474502613 0.9458919740352029 1908
1646474502637 0.9459342862305179 1909
1646474502696 0.9459763886275725 1910
1646474502733 0.94601828103407 1911
1646474502873 0.9460599632586728 1912
1646474502910 0.9461014351110035 1913
1646474502944 0.9461426964016452 1914
1646474502988 0.9461837469421428 1915
1646474503019 0.9462245865450041 1916
1646474503060 0.9462652150236998 1917
1646474503096 0.9463056321926654 1918
1646474503214 0.9463458378673011 1919
1646474503251 0.9463858318639733 1920
1646474503284 0.9464256140000151 1921
1646474503328 0.9464651840937276 1922
1646474503375 0.9465045419643797 1923
1646474503440 0.9465436874322102 1924
1646474503496 0.9465826203184277 1925
1646474503759 0.9466213404452118 1926
1646474503840 0.946659847635714 1927
1646474503896 0.9466981417140581 1928
1646474503958 0.9467362225053415 1929
1646474504035 0.9467740898356356 1930
1646474504107 0.9468117435319868 1931
1646474504176 0.9468491834224173 1932
1646474504370 0.9468864093359257 1933
1646474504420 0.946923421102488 1934
1646474504464 0.9469602185530582 1935
1646474504516 0.9469968015195694 1936
1646474504555 0.9470331698349341 1937
1646474504598 0.9470693233330452 1938
1646474504633 0.9471052618487766 1939
1646474504785 0.9471409852179846 1940
1646474504831 0.9471764932775076 1941
1646474504853 0.9472117858651679 1942
1646474504904 0.9472468628197714 1943
1646474504934 0.9472817239811093 1944
1646474504967 0.9473163691899582 1945
1646474504998 0.947350798288081 1946
1646474505223 0.9473850111182279 1947
1646474505271 0.9474190075241365 1948
1646474505285 0.9474527873505334 1949
1646474505332 0.9474863504431338 1950
1646474505352 0.9475196966486432 1951
1646474505400 0.9475528258147576 1952
1646474505420 0.9475857377901643 1953
1646474505530 0.9476184324245426 1954
1646474505583 0.9476509095685643 1955
1646474505615 0.9476831690738948 1956
1646474505646 0.9477152107931935 1957
1646474505675 0.9477470345801144 1958
1646474505710 0.947778640289307 1959
1646474505735 0.9478100277764165 1960
1646474505856 0.9478411968980854 1961
1646474505891 0.9478721475119529 1962
1646474505921 0.9479028794766567 1963
1646474505953 0.947933392651833 1964
1646474505984 0.947963686898117 1965
1646474506016 0.9479937620771444 1966
1646474506035 0.9480236180515509 1967
1646474506149 0.9480532546849737 1968
1646474506190 0.9480826718420517 1969
1646474506218 0.9481118693884264 1970
1646474506258 0.948140847190742 1971
1646474506286 0.9481696051166466 1972
1646474506317 0.9481981430347927 1973
1646474506335 0.9482264608148371 1974
1646474506467 0.9482545583274427 1975
1646474506506 0.9482824354442779 1976
1646474506536 0.9483100920380182 1977
1646474506575 0.9483375279823459 1978
1646474506603 0.9483647431519514 1979
1646474506643 0.9483917374225332 1980
1646474506674 0.9484185106707991 1981
1646474506791 0.9484450627744657 1982
1646474506829 0.9484713936122604 1983
1646474506862 0.9484975030639208 1984
1646474506898 0.9485233910101957 1985
1646474506918 0.9485490573328457 1986
1646474506962 0.9485745019146433 1987
1646474506986 0.9485997246393744 1988
1646474507108 0.9486247253918375 1989
1646474507144 0.9486495040578454 1990
1646474507176 0.9486740605242252 1991
1646474507210 0.9486983946788186 1992
1646474507240 0.9487225064104828 1993
1646474507278 0.9487463956090911 1994
1646474507303 0.948770062165533 1995
1646474507485 0.9487935059717147 1996
1646474507546 0.9488167269205602 1997
1646474507607 0.948839724906011 1998
1646474507660 0.9488624998230272 1999
1646474507706 0.9488850515675875 2000
1646474507765 0.9489073800366903 2001
1646474507812 0.9489294851283532 2002
1646474507959 0.9489513667416146 2003
1646474507999 0.9489730247765333 2004
1646474508039 0.9489944591341893 2005
1646474508079 0.9490156697166843 2006
1646474508118 0.949036656427142 2007
1646474508167 0.9490574191697085 2008
1646474508208 0.9490779578495532 2009
1646474508348 0.9490982723728685 2010
1646474508388 0.9491183626468706 2011
1646474508420 0.9491382285798001 2012
1646474508471 0.9491578700809225 2013
1646474508501 0.9491772870605276 2014
1646474508547 0.9491964794299315 2015
1646474508581 0.9492154471014755 2016
1646474508763 0.9492341899885278 2017
1646474508819 0.9492527080054828 2018
1646474508911 0.9492710010677621 2019
1646474508944 0.9492890690918148 2020
1646474508970 0.9493069119951177 2021
1646474509001 0.949324529696176 2022
1646474509024 0.9493419221145234 2023
1646474509146 0.9493590891707224 2024
1646474509185 0.9493760307863651 2025
1646474509213 0.949392746884073 2026
1646474509250 0.9494092373874977 2027
1646474509269 0.9494255022213213 2028
1646474509313 0.9494415413112564 2029
1646474509335 0.9494573545840468 2030
1646474509444 0.9494729419674676 2031
1646474509497 0.9494883033903257 2032
1646474509528 0.94950343878246 2033
1646474509560 0.9495183480747419 2034
1646474509591 0.9495330311990751 2035
1646474509624 0.9495474880883967 2036
1646474509649 0.9495617186766769 2037
1646474509766 0.9495757228989194 2038
1646474509804 0.9495895006911622 2039
1646474509833 0.9496030519904771 2040
1646474509869 0.9496163767349703 2041
1646474509896 0.9496294748637832 2042
1646474509929 0.9496423463170919 2043
1646474509953 0.9496549910361077 2044
1646474510067 0.9496674089630779 2045
1646474510107 0.9496796000412853 2046
1646474510135 0.9496915642150489 2047
1646474510171 0.9497033014297239 2048
1646474510200 0.9497148116317027 2049
1646474510233 0.9497260947684136 2050
1646474510252 0.9497371507883229 2051
1646474510379 0.9497479796409335 2052
1646474510430 0.9497585812767863 2053
1646474510466 0.9497689556474599 2054
1646474510502 0.9497791027055708 2055
1646474510534 0.9497890224047737 2056
1646474510564 0.949798714699762 2057
1646474510585 0.9498081795462672 2058
1646474510710 0.9498174169010603 2059
1646474510745 0.9498264267219508 2060
1646474510775 0.9498352089677878 2061
1646474510813 0.9498437635984596 2062
1646474510843 0.9498520905748941 2063
1646474510877 0.949860189859059 2064
1646474510903 0.949868061413962 2065
1646474511036 0.9498757052036509 2066
1646474511082 0.9498831211932139 2067
1646474511113 0.9498903093487795 2068
1646474511196 0.9498972696375168 2069
1646474511257 0.9499040020276356 2070
1646474511320 0.9499105064883867 2071
1646474511378 0.949916782990062 2072
1646474511553 0.9499228315039944 2073
1646474511602 0.9499286520025583 2074
1646474511634 0.9499342444591692 2075
1646474511680 0.9499396088482844 2076
1646474511725 0.9499447451454031 2077
1646474511768 0.9499496533270657 2078
1646474511810 0.9499543333708549 2079
1646474511949 0.9499587852553952 2080
1646474511992 0.9499630089603534 2081
1646474512019 0.9499670044664381 2082
1646474512061 0.9499707717554007 2083
1646474512098 0.9499743108100344 2084
1646474512136 0.9499776216141751 2085
1646474512177 0.9499807041527013 2086
1646474512304 0.9499835584115339 2087
1646474512341 0.9499861843776365 2088
1646474512369 0.9499885820390154 2089
1646474512449 0.9499907513847194 2090
1646474512500 0.9499926924048406 2091
1646474512542 0.9499944050905136 2092
1646474512633 0.9499958894339159 2093
1646474512743 0.949997145428268 2094
1646474512783 0.9499981730678333 2095
1646474512814 0.9499989723479183 2096
1646474512848 0.9499995432648722 2097
1646474512868 0.9499998858160876 2098
1646474512913 0.95 2099
1646474512935 0.9499998858160876 2100
