1646496643451 0.5694444179534912 0
1646496643838 0.7175925970077515 1
1646496644936 0.7314814925193787 2
1646496645816 0.7824074029922485 3
1646496646711 0.8657407164573669 4
1646496647776 0.8842592835426331 5
1646496648716 0.8842592835426331 6
1646496650544 0.8842592835426331 7
1646496650924 0.9212962985038757 8
1646496659649 0.9166666865348816 9
1646496662257 0.9444444179534912 10
1646496663021 0.9351851940155029 11
1646496664746 0.9537037014961243 12
1646496665891 0.9583333134651184 13
1646496666837 0.9768518805503845 14
1646496667183 0.9722222089767456 15
1646496667557 0.9768518805503845 16
1646496668000 0.9629629850387573 17
1646496668359 0.9629629850387573 18
1646496668739 0.9814814925193787 19
1646496669600 0.9953703880310059 20
1646496670152 0.9953703880310059 21
1646496670774 1.0 22
1646496671171 0.9953703880310059 23
1646496671592 1.0 24
1646496672117 1.0 25
1646496672503 0.9953703880310059 26
1646496672870 1.0 27
1646496673228 1.0 28
1646496673613 0.9953703880310059 29
1646496674000 1.0 30
1646496674354 0.9953703880310059 31
1646496674951 0.9953703880310059 32
1646496675290 0.9907407164573669 33
1646496675634 0.9907407164573669 34
1646496676325 0.9953703880310059 35
1646496676704 0.9953703880310059 36
1646496677049 1.0 37
1646496677685 1.0 38
1646496678058 1.0 39
1646496678439 1.0 40
1646496678884 1.0 41
1646496679180 0.9953703880310059 42
1646496679475 0.9953703880310059 43
1646496679819 0.9953703880310059 44
1646496680151 1.0 45
1646496680506 1.0 46
1646496680847 1.0 47
1646496681160 1.0 48
1646496681476 1.0 49
1646496681890 1.0 50
1646496682301 1.0 51
1646496682662 1.0 52
1646496683028 1.0 53
1646496683373 1.0 54
1646496683731 1.0 55
1646496684022 1.0 56
1646496684367 1.0 57
1646496684672 1.0 58
1646496684964 1.0 59
1646496685297 1.0 60
1646496685577 1.0 61
1646496685850 1.0 62
1646496686152 1.0 63
1646496686476 1.0 64
1646496686819 1.0 65
1646496687153 1.0 66
1646496687461 1.0 67
1646496687777 1.0 68
1646496688135 1.0 69
1646496688483 1.0 70
1646496688844 1.0 71
1646496689176 1.0 72
1646496689573 1.0 73
1646496689916 1.0 74
1646496690255 1.0 75
1646496690568 1.0 76
1646496690904 1.0 77
1646496691245 1.0 78
1646496691543 1.0 79
1646496691859 1.0 80
1646496692153 1.0 81
1646496692487 1.0 82
1646496692827 1.0 83
1646496693172 1.0 84
1646496693470 1.0 85
1646496693805 1.0 86
1646496694121 1.0 87
1646496694476 1.0 88
1646496694840 1.0 89
1646496695203 1.0 90
1646496695556 1.0 91
1646496695862 1.0 92
1646496696165 1.0 93
1646496696570 1.0 94
1646496696915 1.0 95
1646496697294 1.0 96
1646496697663 1.0 97
1646496698002 1.0 98
1646496698319 1.0 99
1646496698715 1.0 100
1646496699116 1.0 101
1646496699581 1.0 102
1646496699960 1.0 103
1646496700295 1.0 104
1646496700603 1.0 105
1646496701192 1.0 106
1646496701574 1.0 107
1646496701879 1.0 108
1646496702188 1.0 109
1646496702548 1.0 110
1646496702939 1.0 111
1646496703414 1.0 112
1646496703899 1.0 113
1646496704307 1.0 114
1646496704804 1.0 115
1646496705314 1.0 116
1646496705732 1.0 117
1646496706089 1.0 118
1646496706501 1.0 119
