1646496643451 1.1090917587280273 0
1646496643838 0.6545451283454895 1
1646496644936 0.6133629679679871 2
1646496645816 0.5162379741668701 3
1646496646711 0.4609266221523285 4
1646496647776 0.3588995337486267 5
1646496648716 0.35321152210235596 6
1646496650544 0.31537681818008423 7
1646496650924 0.21343010663986206 8
1646496659649 0.21217727661132812 9
1646496662257 0.15976499021053314 10
1646496663021 0.1634247750043869 11
1646496664746 0.12714089453220367 12
1646496665891 0.11926737427711487 13
1646496666837 0.0910368412733078 14
1646496667183 0.11739911139011383 15
1646496667557 0.0768585130572319 16
1646496668000 0.0786481574177742 17
1646496668359 0.07461594045162201 18
1646496668739 0.043724723160266876 19
1646496669600 0.03392799571156502 20
1646496670152 0.02603749930858612 21
1646496670774 0.01662735641002655 22
1646496671171 0.020145142450928688 23
1646496671592 0.010003692470490932 24
1646496672117 0.010491718538105488 25
1646496672503 0.010729222558438778 26
1646496672870 0.009678956121206284 27
1646496673228 0.006466331891715527 28
1646496673613 0.008735821582376957 29
1646496674000 0.008217860013246536 30
1646496674354 0.01046585664153099 31
1646496674951 0.011131707578897476 32
1646496675290 0.03405909240245819 33
1646496675634 0.02616269513964653 34
1646496676325 0.03792729601264 35
1646496676704 0.013414688408374786 36
1646496677049 0.011389494873583317 37
1646496677685 0.009562904015183449 38
1646496678058 0.007124017924070358 39
1646496678439 0.004261485300958157 40
1646496678884 0.0027789806481450796 41
1646496679180 0.006071934942156076 42
1646496679475 0.015405417419970036 43
1646496679819 0.010501444339752197 44
1646496680151 0.006070557050406933 45
1646496680506 0.0025761444121599197 46
1646496680847 0.002545978408306837 47
1646496681160 0.006063870619982481 48
1646496681476 0.0009378076065331697 49
1646496681890 0.002034273464232683 50
1646496682301 0.0029140575788915157 51
1646496682662 0.002922346815466881 52
1646496683028 0.0010132754687219858 53
1646496683373 0.0030086576007306576 54
1646496683731 0.0011506081791594625 55
1646496684022 0.002502156887203455 56
1646496684367 0.0037323434371501207 57
1646496684672 0.001458228100091219 58
1646496684964 0.0006422516889870167 59
1646496685297 0.0018397270468994975 60
1646496685577 0.0013791980454698205 61
1646496685850 0.002373098162934184 62
1646496686152 0.0014872726751491427 63
1646496686476 0.0005217522848397493 64
1646496686819 0.0010758423013612628 65
1646496687153 0.0005929935723543167 66
1646496687461 0.00024892776855267584 67
1646496687777 0.000988673185929656 68
1646496688135 0.0003392595681361854 69
1646496688483 0.0007711837533861399 70
1646496688844 0.0003540171019267291 71
1646496689176 0.0008838985813781619 72
1646496689573 0.0004726237093564123 73
1646496689916 0.00035669529461301863 74
1646496690255 0.0003379378467798233 75
1646496690568 0.0004207434831187129 76
1646496690904 0.0034428578801453114 77
1646496691245 0.0038223708979785442 78
1646496691543 0.000903173815459013 79
1646496691859 0.0005338585469871759 80
1646496692153 0.0003523370542097837 81
1646496692487 0.000932547205593437 82
1646496692827 0.0005065807490609586 83
1646496693172 0.0015016173711046576 84
1646496693470 0.0013088338309898973 85
1646496693805 0.0015180980553850532 86
1646496694121 0.000479028036352247 87
1646496694476 0.00040524042560718954 88
1646496694840 0.00037679594242945313 89
1646496695203 9.99956828309223e-05 90
1646496695556 0.0003059466544073075 91
1646496695862 0.0007960028015077114 92
1646496696165 6.600657070521265e-05 93
1646496696570 0.0002494379587005824 94
1646496696915 0.00047591698239557445 95
1646496697294 6.711418245686218e-05 96
1646496697663 0.00017373978334944695 97
1646496698002 7.774800906190649e-05 98
1646496698319 0.002681346610188484 99
1646496698715 0.00043088235543109477 100
1646496699116 0.0003559609758667648 101
1646496699581 0.0011013190960511565 102
1646496699960 0.00027018183027394116 103
1646496700295 0.0018816263182088733 104
1646496700603 0.0011950721964240074 105
1646496701192 0.00016253060312010348 106
1646496701574 0.0003028932842426002 107
1646496701879 0.00034414988476783037 108
1646496702188 0.0007938807248137891 109
1646496702548 0.00021665227541234344 110
1646496702939 0.00021927674242760986 111
1646496703414 6.002187728881836e-05 112
1646496703899 0.00025932479184120893 113
1646496704307 0.00017607194604352117 114
1646496704804 0.0003538481832947582 115
1646496705314 6.850592762930319e-05 116
1646496705732 6.412621587514877e-05 117
1646496706089 0.00017791986465454102 118
1646496706501 0.00012023148156004027 119
