1646496729825 0.5601851940155029 0
1646496731137 0.7083333134651184 1
1646496731664 0.7268518805503845 2
1646496732565 0.7685185074806213 3
1646496733040 0.7824074029922485 4
1646496733442 0.8194444179534912 5
1646496733840 0.8472222089767456 6
1646496734191 0.8703703880310059 7
1646496734515 0.9120370149612427 8
1646496734890 0.9166666865348816 9
1646496735224 0.9583333134651184 10
1646496735599 0.9629629850387573 11
1646496736061 0.9768518805503845 12
1646496736514 0.9537037014961243 13
1646496736941 0.9861111044883728 14
1646496737295 0.9675925970077515 15
1646496737614 0.9675925970077515 16
1646496737941 0.9629629850387573 17
1646496738246 0.9814814925193787 18
1646496738523 0.9814814925193787 19
1646496738837 0.9953703880310059 20
1646496739114 0.9907407164573669 21
1646496739398 0.9768518805503845 22
1646496739713 0.9907407164573669 23
1646496740168 1.0 24
1646496740602 0.9861111044883728 25
1646496740982 0.9953703880310059 26
1646496741291 0.9953703880310059 27
1646496741568 0.9907407164573669 28
1646496741882 0.9861111044883728 29
1646496742168 0.9768518805503845 30
1646496742602 0.9907407164573669 31
1646496742911 1.0 32
1646496743197 0.9953703880310059 33
1646496743469 1.0 34
1646496743786 1.0 35
1646496744243 1.0 36
1646496744693 1.0 37
1646496745033 1.0 38
1646496745350 1.0 39
1646496745641 1.0 40
1646496745951 1.0 41
1646496746229 1.0 42
1646496746499 1.0 43
1646496746864 1.0 44
1646496747193 1.0 45
1646496747499 1.0 46
1646496747906 1.0 47
1646496748352 0.9907407164573669 48
1646496748837 0.9953703880310059 49
1646496749221 1.0 50
1646496749634 1.0 51
1646496749981 1.0 52
1646496750305 1.0 53
1646496750734 1.0 54
1646496751075 1.0 55
1646496751441 1.0 56
1646496751816 1.0 57
1646496752412 1.0 58
1646496752963 1.0 59
1646496753533 0.9953703880310059 60
1646496753955 1.0 61
1646496754367 0.9953703880310059 62
1646496754742 0.9953703880310059 63
1646496755140 0.9953703880310059 64
1646496755527 1.0 65
1646496755906 0.9814814925193787 66
1646496756471 0.9907407164573669 67
1646496756912 0.9907407164573669 68
1646496757323 0.9814814925193787 69
1646496757780 0.9907407164573669 70
1646496758600 1.0 71
1646496758972 0.9907407164573669 72
1646496759307 1.0 73
1646496759664 1.0 74
1646496760005 1.0 75
1646496760437 1.0 76
1646496760989 1.0 77
1646496761400 1.0 78
1646496761818 1.0 79
1646496762148 1.0 80
1646496762504 1.0 81
1646496762869 1.0 82
1646496763205 1.0 83
1646496763534 1.0 84
1646496764018 1.0 85
1646496764390 1.0 86
1646496764961 1.0 87
1646496765392 1.0 88
1646496765795 1.0 89
1646496766137 1.0 90
1646496766528 1.0 91
1646496766933 1.0 92
1646496767275 1.0 93
1646496767671 1.0 94
1646496768052 1.0 95
1646496768393 1.0 96
1646496769040 1.0 97
1646496769499 1.0 98
1646496769961 1.0 99
1646496770315 1.0 100
1646496770616 1.0 101
1646496770920 1.0 102
1646496771241 1.0 103
1646496771602 1.0 104
1646496771902 1.0 105
1646496772196 1.0 106
1646496772496 1.0 107
1646496772920 1.0 108
1646496773393 1.0 109
1646496773770 1.0 110
1646496774115 1.0 111
1646496774414 1.0 112
1646496774721 1.0 113
1646496775004 1.0 114
1646496775360 1.0 115
1646496775673 1.0 116
1646496775991 1.0 117
1646496776270 1.0 118
1646496776562 1.0 119
1646496777110 1.0 120
1646496777547 1.0 121
1646496777967 1.0 122
1646496778360 1.0 123
1646496778812 1.0 124
1646496779114 1.0 125
1646496779468 1.0 126
1646496779777 1.0 127
1646496780101 1.0 128
1646496780440 1.0 129
1646496780780 1.0 130
1646496781322 1.0 131
1646496781716 1.0 132
1646496782063 1.0 133
1646496782381 1.0 134
1646496782729 1.0 135
1646496783085 1.0 136
1646496783445 0.9953703880310059 137
1646496783812 0.9907407164573669 138
1646496784179 0.9675925970077515 139
1646496784531 0.9907407164573669 140
1646496784866 0.9814814925193787 141
1646496785432 1.0 142
1646496785850 1.0 143
1646496786180 1.0 144
1646496786583 1.0 145
1646496786916 1.0 146
1646496787248 1.0 147
1646496787558 1.0 148
1646496787912 1.0 149
1646496788259 1.0 150
1646496788572 1.0 151
1646496789102 1.0 152
1646496789629 1.0 153
1646496790101 1.0 154
1646496790482 1.0 155
1646496790811 1.0 156
1646496791136 1.0 157
1646496791440 1.0 158
1646496791777 1.0 159
1646496792091 1.0 160
1646496792407 1.0 161
1646496792723 1.0 162
1646496793085 1.0 163
1646496793584 1.0 164
1646496794049 1.0 165
1646496794467 1.0 166
1646496794818 1.0 167
1646496795155 1.0 168
