1646496729825 1.1007115840911865 0
1646496731137 0.7861927151679993 1
1646496731664 0.6380564570426941 2
1646496732565 0.5607324242591858 3
1646496733040 0.5078877210617065 4
1646496733442 0.4473775327205658 5
1646496733840 0.33349403738975525 6
1646496734191 0.336940199136734 7
1646496734515 0.26090607047080994 8
1646496734890 0.21619519591331482 9
1646496735224 0.1509631723165512 10
1646496735599 0.12102671712636948 11
1646496736061 0.1326068937778473 12
1646496736514 0.13326437771320343 13
1646496736941 0.06856434047222137 14
1646496737295 0.08076366037130356 15
1646496737614 0.0809498131275177 16
1646496737941 0.09243469685316086 17
1646496738246 0.0812062919139862 18
1646496738523 0.048757702112197876 19
1646496738837 0.037357132881879807 20
1646496739114 0.05104609951376915 21
1646496739398 0.058955591171979904 22
1646496739713 0.032622165977954865 23
1646496740168 0.02399260550737381 24
1646496740602 0.03149910643696785 25
1646496740982 0.014566280879080296 26
1646496741291 0.017455926164984703 27
1646496741568 0.02246997505426407 28
1646496741882 0.0315069742500782 29
1646496742168 0.06397200375795364 30
1646496742602 0.026142600923776627 31
1646496742911 0.01461495365947485 32
1646496743197 0.012942742556333542 33
1646496743469 0.008020531386137009 34
1646496743786 0.004429364111274481 35
1646496744243 0.0070247044786810875 36
1646496744693 0.003575022565200925 37
1646496745033 0.0023943481501191854 38
1646496745350 0.0019429413368925452 39
1646496745641 0.0034744918812066317 40
1646496745951 0.0020417566411197186 41
1646496746229 0.0015593746211379766 42
1646496746499 0.0017813910963013768 43
1646496746864 0.0020389817655086517 44
1646496747193 0.0018047026824206114 45
1646496747499 0.004553701728582382 46
1646496747906 0.003005468286573887 47
1646496748352 0.014309759251773357 48
1646496748837 0.006279965862631798 49
1646496749221 0.006308429874479771 50
1646496749634 0.008159023709595203 51
1646496749981 0.0021101203747093678 52
1646496750305 0.004871088545769453 53
1646496750734 0.0036272320430725813 54
1646496751075 0.003458781633526087 55
1646496751441 0.0017069975147023797 56
1646496751816 0.0009596217423677444 57
1646496752412 0.001796960597857833 58
1646496752963 0.0014066637959331274 59
1646496753533 0.009430854581296444 60
1646496753955 0.0026178713887929916 61
1646496754367 0.006450398825109005 62
1646496754742 0.011744753457605839 63
1646496755140 0.019547374919056892 64
1646496755527 0.005132891703397036 65
1646496755906 0.03318062424659729 66
1646496756471 0.01887933909893036 67
1646496756912 0.03596946969628334 68
1646496757323 0.043766219168901443 69
1646496757780 0.029914118349552155 70
1646496758600 0.008455327711999416 71
1646496758972 0.017569415271282196 72
1646496759307 0.0037612179294228554 73
1646496759664 0.004366103559732437 74
1646496760005 0.0032133758068084717 75
1646496760437 0.005994947627186775 76
1646496760989 0.002568296855315566 77
1646496761400 0.0030480045825242996 78
1646496761818 0.0017473563784733415 79
1646496762148 0.0007329569780267775 80
1646496762504 0.0028370823711156845 81
1646496762869 0.0016210878966376185 82
1646496763205 0.0009513685945421457 83
1646496763534 0.0007158328080549836 84
1646496764018 0.0026992273051291704 85
1646496764390 0.0033433090429753065 86
1646496764961 0.0002546353207435459 87
1646496765392 0.0007421395857818425 88
1646496765795 0.001133953919634223 89
1646496766137 0.0009340737597085536 90
1646496766528 0.001525206840597093 91
1646496766933 0.0005159072461538017 92
1646496767275 0.0003545449289958924 93
1646496767671 0.000558104133233428 94
1646496768052 0.0001851267006713897 95
1646496768393 0.00015580106992274523 96
1646496769040 0.00025146338157355785 97
1646496769499 0.0004335723351687193 98
1646496769961 0.0006717848591506481 99
1646496770315 0.0006485945777967572 100
1646496770616 0.0003505890490487218 101
1646496770920 0.0011071414919570088 102
1646496771241 0.00015221403737086803 103
1646496771602 0.0006576334126293659 104
1646496771902 0.0002506934688426554 105
1646496772196 0.0004095658368896693 106
1646496772496 0.0009610195993445814 107
1646496772920 0.00025135991745628417 108
1646496773393 0.0006852933438494802 109
1646496773770 0.00019248735043220222 110
1646496774115 0.00023968784080352634 111
1646496774414 0.00023647394846193492 112
1646496774721 0.0003245503467041999 113
1646496775004 0.00010319113789591938 114
1646496775360 5.440073800855316e-05 115
1646496775673 0.0001184574794024229 116
1646496775991 0.00019209019956178963 117
1646496776270 0.0004584548296406865 118
1646496776562 0.00010236915113637224 119
1646496777110 0.00023865590628702193 120
1646496777547 6.950639362912625e-05 121
1646496777967 0.00010092482989421114 122
1646496778360 9.692133608041331e-05 123
1646496778812 0.0005816153716295958 124
1646496779114 0.00030704375240020454 125
1646496779468 0.0003083202464040369 126
1646496779777 0.0005282356287352741 127
1646496780101 8.30640274216421e-05 128
1646496780440 0.00011047287262044847 129
1646496780780 3.375620872247964e-05 130
1646496781322 6.355248478939757e-05 131
1646496781716 0.00012976575817447156 132
1646496782063 4.32022352470085e-05 133
1646496782381 0.0002959198027383536 134
1646496782729 8.196569979190826e-05 135
1646496783085 4.2446241423022e-05 136
1646496783445 0.004461176227778196 137
1646496783812 0.0508551150560379 138
1646496784179 0.09441150724887848 139
1646496784531 0.027710402384400368 140
1646496784866 0.04651195928454399 141
1646496785432 0.01263416837900877 142
1646496785850 0.004311108496040106 143
1646496786180 0.005847378633916378 144
1646496786583 0.0010361798340454698 145
1646496786916 0.0020207250490784645 146
1646496787248 0.0008382251835428178 147
1646496787558 0.0005730375414714217 148
1646496787912 0.0004578694642987102 149
1646496788259 0.00039910877239890397 150
1646496788572 0.0007874098373576999 151
1646496789102 0.0017327441601082683 152
1646496789629 0.00030383860575966537 153
1646496790101 0.00021580127940978855 154
1646496790482 0.00035403083893470466 155
1646496790811 0.00043131833081133664 156
1646496791136 0.00014857370115350932 157
1646496791440 0.0006075092242099345 158
1646496791777 0.00030360164237208664 159
1646496792091 0.00014270326937548816 160
1646496792407 0.000353148760041222 161
1646496792723 0.00010859179747058079 162
1646496793085 0.00030106320627965033 163
1646496793584 0.000785567332059145 164
1646496794049 9.935385605785996e-05 165
1646496794467 0.00022436055587604642 166
1646496794818 0.0002879708481486887 167
1646496795155 0.0004630566982086748 168
