1646496473034 0.48148149251937866 0
1646496473610 0.7037037014961243 1
1646496474134 0.7407407164573669 2
1646496474695 0.7685185074806213 3
1646496475075 0.8194444179534912 4
1646496475490 0.8333333134651184 5
1646496475943 0.8333333134651184 6
1646496476247 0.8611111044883728 7
1646496476598 0.8796296119689941 8
1646496476949 0.9074074029922485 9
1646496477247 0.9259259104728699 10
1646496477566 0.9351851940155029 11
1646496478060 0.9398148059844971 12
1646496478583 0.9675925970077515 13
1646496479039 0.9675925970077515 14
1646496479473 0.9583333134651184 15
1646496479872 0.9814814925193787 16
1646496480252 0.9814814925193787 17
1646496480669 1.0 18
1646496481076 0.9907407164573669 19
1646496481513 0.9907407164573669 20
1646496482195 0.9907407164573669 21
1646496482675 0.9953703880310059 22
1646496483096 0.9953703880310059 23
1646496483526 0.9953703880310059 24
1646496483906 1.0 25
1646496484250 0.9953703880310059 26
1646496484622 1.0 27
1646496484979 1.0 28
1646496485336 0.9953703880310059 29
1646496485681 1.0 30
1646496486217 1.0 31
1646496486761 1.0 32
1646496487215 1.0 33
1646496487558 0.9953703880310059 34
1646496487927 0.9907407164573669 35
1646496488205 0.9907407164573669 36
1646496488550 0.9861111044883728 37
1646496488901 0.9768518805503845 38
1646496489223 0.9814814925193787 39
1646496489591 0.9814814925193787 40
1646496489944 0.9907407164573669 41
1646496490546 0.9907407164573669 42
1646496490931 0.9861111044883728 43
1646496491369 0.9814814925193787 44
1646496491763 0.9953703880310059 45
1646496492208 0.9907407164573669 46
1646496492543 0.9953703880310059 47
1646496492894 1.0 48
1646496493239 1.0 49
1646496493554 1.0 50
1646496493884 1.0 51
1646496494354 1.0 52
1646496494909 1.0 53
1646496495414 0.9953703880310059 54
1646496495828 1.0 55
1646496496229 1.0 56
1646496496568 1.0 57
1646496496965 1.0 58
1646496497351 1.0 59
1646496497728 1.0 60
1646496498195 1.0 61
1646496498737 1.0 62
1646496499147 1.0 63
1646496499533 1.0 64
1646496499884 1.0 65
1646496500210 1.0 66
1646496500497 1.0 67
1646496500865 1.0 68
1646496501206 1.0 69
1646496501539 1.0 70
1646496501897 1.0 71
1646496502280 1.0 72
1646496502813 1.0 73
1646496503225 0.9953703880310059 74
1646496503581 0.9953703880310059 75
1646496503947 0.9861111044883728 76
1646496504271 0.9768518805503845 77
1646496504623 0.9814814925193787 78
1646496504945 0.9861111044883728 79
1646496505290 0.9953703880310059 80
1646496505620 1.0 81
1646496505942 1.0 82
1646496506322 1.0 83
1646496506935 1.0 84
1646496507364 1.0 85
1646496507764 1.0 86
1646496508130 1.0 87
1646496508441 1.0 88
1646496508756 1.0 89
1646496509098 1.0 90
1646496509464 1.0 91
1646496509831 1.0 92
1646496510151 1.0 93
1646496510726 1.0 94
1646496511279 1.0 95
1646496511800 1.0 96
1646496512231 1.0 97
1646496512634 1.0 98
1646496513013 1.0 99
1646496513372 1.0 100
1646496513761 1.0 101
1646496514152 1.0 102
1646496514579 1.0 103
1646496515095 1.0 104
1646496515530 1.0 105
1646496515859 1.0 106
1646496516192 1.0 107
1646496516481 1.0 108
1646496516782 0.9953703880310059 109
1646496517051 1.0 110
1646496517337 1.0 111
1646496517625 1.0 112
