1646496473034 1.2149970531463623 0
1646496473610 0.7487549781799316 1
1646496474134 0.5966912508010864 2
1646496474695 0.5693103075027466 3
1646496475075 0.47211864590644836 4
1646496475490 0.42632943391799927 5
1646496475943 0.40275198221206665 6
1646496476247 0.3559716045856476 7
1646496476598 0.31003573536872864 8
1646496476949 0.2399596869945526 9
1646496477247 0.1901177614927292 10
1646496477566 0.176756352186203 11
1646496478060 0.1644466668367386 12
1646496478583 0.11008897423744202 13
1646496479039 0.10849792510271072 14
1646496479473 0.0955500453710556 15
1646496479872 0.05731192231178284 16
1646496480252 0.052780505269765854 17
1646496480669 0.0293418075889349 18
1646496481076 0.03753454238176346 19
1646496481513 0.05040447786450386 20
1646496482195 0.034578628838062286 21
1646496482675 0.032983068376779556 22
1646496483096 0.019617386162281036 23
1646496483526 0.02752716839313507 24
1646496483906 0.014561708085238934 25
1646496484250 0.019409682601690292 26
1646496484622 0.009401985444128513 27
1646496484979 0.0121767558157444 28
1646496485336 0.01372640859335661 29
1646496485681 0.012516609393060207 30
1646496486217 0.00783061608672142 31
1646496486761 0.006117041688412428 32
1646496487215 0.005076748318970203 33
1646496487558 0.013945871032774448 34
1646496487927 0.026967572048306465 35
1646496488205 0.021999292075634003 36
1646496488550 0.07109109312295914 37
1646496488901 0.03800792992115021 38
1646496489223 0.03275833651423454 39
1646496489591 0.04067883640527725 40
1646496489944 0.026152539998292923 41
1646496490546 0.03599856421351433 42
1646496490931 0.07149265706539154 43
1646496491369 0.07123486697673798 44
1646496491763 0.05376667156815529 45
1646496492208 0.020792677998542786 46
1646496492543 0.020785067230463028 47
1646496492894 0.009263123385608196 48
1646496493239 0.00524861877784133 49
1646496493554 0.0028413457330316305 50
1646496493884 0.004970574751496315 51
1646496494354 0.002255405066534877 52
1646496494909 0.004393573384732008 53
1646496495414 0.007750967983156443 54
1646496495828 0.002481399569660425 55
1646496496229 0.003823904087767005 56
1646496496568 0.0018205828964710236 57
1646496496965 0.0014605970354750752 58
1646496497351 0.0019478201866149902 59
1646496497728 0.0021929768845438957 60
1646496498195 0.000923637009691447 61
1646496498737 0.0007078144117258489 62
1646496499147 0.0008602513698861003 63
1646496499533 0.0004939407808706164 64
1646496499884 0.0010863968636840582 65
1646496500210 0.0012783005367964506 66
1646496500497 0.0008493744535371661 67
1646496500865 0.0014107039896771312 68
1646496501206 0.0010043649235740304 69
1646496501539 0.0008372831507585943 70
1646496501897 0.0003792585339397192 71
1646496502280 0.00028727820608764887 72
1646496502813 0.004554297309368849 73
1646496503225 0.059555768966674805 74
1646496503581 0.04114064201712608 75
1646496503947 0.07945433259010315 76
1646496504271 0.09381309151649475 77
1646496504623 0.05770593136548996 78
1646496504945 0.0431460440158844 79
1646496505290 0.018004348501563072 80
1646496505620 0.007889053784310818 81
1646496505942 0.0031008475925773382 82
1646496506322 0.001360622001811862 83
1646496506935 0.003668108256533742 84
1646496507364 0.002167976927012205 85
1646496507764 0.0018303433898836374 86
1646496508130 0.00212916755117476 87
1646496508441 0.0020997519604861736 88
1646496508756 0.0010086921975016594 89
1646496509098 0.0006574363214895129 90
1646496509464 0.0004914149758405983 91
1646496509831 0.0006637058104388416 92
1646496510151 0.00266392738558352 93
1646496510726 0.0006732020992785692 94
1646496511279 0.0005752300494350493 95
1646496511800 0.0005028906161896884 96
1646496512231 0.00037228554720059037 97
1646496512634 0.00044906060793437064 98
1646496513013 0.0006095435819588602 99
1646496513372 0.0007652475032955408 100
1646496513761 0.0004351377720013261 101
1646496514152 0.00031482611666433513 102
1646496514579 0.0003327181620988995 103
1646496515095 0.00033990840893238783 104
1646496515530 0.0009323488338850439 105
1646496515859 0.000496370776090771 106
1646496516192 0.0003074990236200392 107
1646496516481 0.0005304819205775857 108
1646496516782 0.003909265156835318 109
1646496517051 0.0006194919697009027 110
1646496517337 0.002106166211888194 111
1646496517625 0.003936505876481533 112
