1647223460921 0.6158730387687683 0
1647223474770 0.8253968358039856 1
1647223484958 0.879365086555481 2
1647223495158 0.9396825432777405 3
1647223503578 0.961904764175415 4
1647223511978 0.9746031761169434 5
1647223520453 0.9873015880584717 6
1647223530803 0.9714285731315613 7
1647223539307 0.9936507940292358 8
1647223547760 0.9873015880584717 9
1647223558189 0.9904761910438538 10
1647223566626 0.9841269850730896 11
1647223575233 0.9968253970146179 12
1647223584120 0.9873015880584717 13
1647223593957 0.9936507940292358 14
1647223602805 0.9968253970146179 15
1647223611270 1.0 16
1647223619734 0.9968253970146179 17
1647223629963 1.0 18
1647223640178 0.9904761910438538 19
1647223650400 0.9936507940292358 20
1647223658845 1.0 21
1647223667471 0.9968253970146179 22
1647223713462 0.9968253970146179 23
