1647223460921 0.9396669268608093 0
1647223474770 0.5053554177284241 1
1647223484958 0.31558600068092346 2
1647223495158 0.22149750590324402 3
1647223503578 0.13000206649303436 4
1647223511978 0.09876483678817749 5
1647223520453 0.08832305669784546 6
1647223530803 0.09919214248657227 7
1647223539307 0.038495540618896484 8
1647223547760 0.06595177948474884 9
1647223558189 0.05573197454214096 10
1647223566626 0.04666624963283539 11
1647223575233 0.01708396151661873 12
1647223584120 0.05535699054598808 13
1647223593957 0.02547891065478325 14
1647223602805 0.017670394852757454 15
1647223611270 0.010423201136291027 16
1647223619734 0.015487022697925568 17
1647223629963 0.01325190905481577 18
1647223640178 0.04868162423372269 19
1647223650400 0.02508566901087761 20
1647223658845 0.01564997434616089 21
1647223667471 0.009772117249667645 22
1647223713462 0.01708396151661873 23
