1647221423695 0.5809524059295654 0
1647221432189 0.8317460417747498 1
1647221442466 0.8920634984970093 2
1647221450879 0.9492063522338867 3
1647221459323 0.9523809552192688 4
1647221469691 0.9650793671607971 5
1647221479939 0.9492063522338867 6
1647221488510 0.9746031761169434 7
1647221496981 0.9809523820877075 8
1647221507199 0.9936507940292358 9
1647221517416 0.9904761910438538 10
1647221525862 0.9873015880584717 11
1647221536242 1.0 12
1647221546266 0.9936507940292358 13
1647221554705 1.0 14
1647221563099 1.0 15
1647221571521 0.9968253970146179 16
1647221579953 0.9936507940292358 17
1647221590161 0.9936507940292358 18
1647221598979 1.0 19
1647221607399 0.9968253970146179 20
1647221617651 0.9968253970146179 21
1647221628055 1.0 22
1647221672902 1.0 23
