1647221423695 0.9783379435539246 0
1647221432189 0.4967242181301117 1
1647221442466 0.3140453100204468 2
1647221450879 0.19468975067138672 3
1647221459323 0.1561751663684845 4
1647221469691 0.12462734431028366 5
1647221479939 0.13138338923454285 6
1647221488510 0.08522588014602661 7
1647221496981 0.06533795595169067 8
1647221507199 0.0433216355741024 9
1647221517416 0.04486968368291855 10
1647221525862 0.035389311611652374 11
1647221536242 0.020593086257576942 12
1647221546266 0.02002296969294548 13
1647221554705 0.013758434914052486 14
1647221563099 0.011331290006637573 15
1647221571521 0.011962920427322388 16
1647221579953 0.018265167251229286 17
1647221590161 0.025963908061385155 18
1647221598979 0.009985283948481083 19
1647221607399 0.024063823744654655 20
1647221617651 0.011759279295802116 21
1647221628055 0.007911426946520805 22
1647221672902 0.020593086257576942 23
