1646497032652 0.5324074029922485 0
1646497032998 0.7407407164573669 1
1646497033494 0.7916666865348816 2
1646497033963 0.7962962985038757 3
1646497034460 0.8287037014961243 4
1646497034864 0.8472222089767456 5
1646497035226 0.8842592835426331 6
1646497035570 0.8703703880310059 7
1646497035888 0.9120370149612427 8
1646497036207 0.9027777910232544 9
1646497036517 0.9259259104728699 10
1646497036847 0.9166666865348816 11
1646497037158 0.9537037014961243 12
1646497037465 0.9629629850387573 13
1646497037890 0.9768518805503845 14
1646497038539 1.0 15
1646497039212 0.9907407164573669 16
1646497039609 0.9953703880310059 17
1646497039952 0.9953703880310059 18
1646497040289 0.9907407164573669 19
1646497040621 0.9907407164573669 20
1646497040933 0.9768518805503845 21
1646497041236 0.9722222089767456 22
1646497041563 0.9861111044883728 23
1646497041895 0.9861111044883728 24
1646497042362 0.9907407164573669 25
1646497042757 0.9953703880310059 26
1646497043053 1.0 27
1646497043461 1.0 28
1646497043755 1.0 29
1646497044042 1.0 30
1646497044339 1.0 31
1646497044648 1.0 32
1646497044932 1.0 33
1646497045242 1.0 34
1646497045738 1.0 35
1646497046389 1.0 36
1646497047073 1.0 37
1646497047810 1.0 38
1646497048280 1.0 39
1646497048727 1.0 40
1646497049174 1.0 41
1646497049542 1.0 42
1646497050042 1.0 43
1646497050702 1.0 44
1646497051147 1.0 45
1646497051583 1.0 46
1646497051966 1.0 47
1646497052328 1.0 48
1646497052692 1.0 49
1646497053185 1.0 50
1646497053636 1.0 51
1646497054044 1.0 52
1646497054713 1.0 53
1646497055219 1.0 54
1646497055672 1.0 55
1646497056140 1.0 56
1646497056560 1.0 57
1646497056962 1.0 58
1646497057346 1.0 59
1646497058147 1.0 60
1646497058601 1.0 61
1646497059242 0.9953703880310059 62
1646497059606 1.0 63
1646497060046 1.0 64
1646497060398 1.0 65
1646497060748 1.0 66
1646497061090 1.0 67
1646497061403 1.0 68
1646497061731 1.0 69
1646497062030 1.0 70
1646497062412 1.0 71
1646497062861 1.0 72
1646497063255 1.0 73
1646497063598 1.0 74
1646497063925 1.0 75
1646497064228 1.0 76
1646497064542 1.0 77
1646497064865 1.0 78
1646497065166 1.0 79
1646497065479 1.0 80
1646497065906 1.0 81
1646497066219 1.0 82
1646497066692 1.0 83
1646497067109 1.0 84
1646497067458 1.0 85
1646497067800 1.0 86
1646497068122 0.9953703880310059 87
1646497068471 1.0 88
1646497068815 0.9675925970077515 89
1646497069131 0.9861111044883728 90
1646497069459 0.9907407164573669 91
1646497069791 0.9768518805503845 92
1646497070088 0.9675925970077515 93
1646497070510 0.9629629850387573 94
1646497071110 0.9907407164573669 95
1646497071551 0.9953703880310059 96
1646497071946 0.9907407164573669 97
1646497072290 0.9953703880310059 98
1646497072653 1.0 99
1646497072987 0.9953703880310059 100
1646497073352 1.0 101
1646497073725 1.0 102
1646497074086 0.9907407164573669 103
1646497074494 0.9953703880310059 104
1646497075002 1.0 105
1646497075433 1.0 106
1646497075825 1.0 107
1646497076176 1.0 108
1646497076518 1.0 109
1646497076871 1.0 110
1646497077198 1.0 111
1646497077538 1.0 112
