1646497032652 1.1535087823867798 0
1646497032998 0.7233604788780212 1
1646497033494 0.5279113054275513 2
1646497033963 0.5033748149871826 3
1646497034460 0.41064170002937317 4
1646497034864 0.38596493005752563 5
1646497035226 0.32711029052734375 6
1646497035570 0.2893531024456024 7
1646497035888 0.2584449350833893 8
1646497036207 0.25236180424690247 9
1646497036517 0.19845688343048096 10
1646497036847 0.20508839190006256 11
1646497037158 0.1414375901222229 12
1646497037465 0.11359401792287827 13
1646497037890 0.0879463478922844 14
1646497038539 0.04601424187421799 15
1646497039212 0.04800402373075485 16
1646497039609 0.036290090531110764 17
1646497039952 0.02835739776492119 18
1646497040289 0.037293870002031326 19
1646497040621 0.03863837197422981 20
1646497040933 0.05073392018675804 21
1646497041236 0.08498544991016388 22
1646497041563 0.04880797863006592 23
1646497041895 0.03642113506793976 24
1646497042362 0.029438350349664688 25
1646497042757 0.01786205545067787 26
1646497043053 0.01261525321751833 27
1646497043461 0.005044548772275448 28
1646497043755 0.007560958620160818 29
1646497044042 0.008428622968494892 30
1646497044339 0.004355760291218758 31
1646497044648 0.0016416115686297417 32
1646497044932 0.0028039279859513044 33
1646497045242 0.002894946373999119 34
1646497045738 0.0023179594427347183 35
1646497046389 0.003063509939238429 36
1646497047073 0.0037918686866760254 37
1646497047810 0.0027390033937990665 38
1646497048280 0.0019070470007136464 39
1646497048727 0.0015842890134081244 40
1646497049174 0.0009860643185675144 41
1646497049542 0.0012545239878818393 42
1646497050042 0.0010753863025456667 43
1646497050702 0.0008061028202064335 44
1646497051147 0.002759126015007496 45
1646497051583 0.004116103518754244 46
1646497051966 0.0012987485388293862 47
1646497052328 0.0009678257047198713 48
1646497052692 0.0018836481031030416 49
1646497053185 0.002505631186068058 50
1646497053636 0.0008643782930448651 51
1646497054044 0.0007761091692373157 52
1646497054713 0.0012228491250425577 53
1646497055219 0.0007902156794443727 54
1646497055672 0.0007167275762185454 55
1646497056140 0.0023120816331356764 56
1646497056560 0.0007058630581013858 57
1646497056962 0.0009979107417166233 58
1646497057346 0.000599670282099396 59
1646497058147 0.0020622971933335066 60
1646497058601 0.00198764237575233 61
1646497059242 0.005941981449723244 62
1646497059606 0.007106745149940252 63
1646497060046 0.006772024091333151 64
1646497060398 0.004472607746720314 65
1646497060748 0.0008770494605414569 66
1646497061090 0.0025582220405340195 67
1646497061403 0.002675409894436598 68
1646497061731 0.0020238058641552925 69
1646497062030 0.001596011919900775 70
1646497062412 0.002242211950942874 71
1646497062861 0.0036922190338373184 72
1646497063255 0.0007393283303827047 73
1646497063598 0.00037539584445767105 74
1646497063925 0.0012900097062811255 75
1646497064228 0.0004286227631382644 76
1646497064542 0.0005495684454217553 77
1646497064865 0.0003119051398243755 78
1646497065166 0.0003936396969947964 79
1646497065479 0.0002541069989092648 80
1646497065906 0.0004542663518805057 81
1646497066219 0.0001703499729046598 82
1646497066692 0.00034678392694331706 83
1646497067109 0.0019997137133032084 84
1646497067458 0.00142938201315701 85
1646497067800 0.0007870162953622639 86
1646497068122 0.005465744994580746 87
1646497068471 0.0011955659138038754 88
1646497068815 0.1264372020959854 89
1646497069131 0.04183102026581764 90
1646497069459 0.030510637909173965 91
1646497069791 0.06469722837209702 92
1646497070088 0.08752245455980301 93
1646497070510 0.0867544636130333 94
1646497071110 0.02638300321996212 95
1646497071551 0.01769004948437214 96
1646497071946 0.013204807415604591 97
1646497072290 0.009404744952917099 98
1646497072653 0.004504573065787554 99
1646497072987 0.01719578728079796 100
1646497073352 0.008224873803555965 101
1646497073725 0.0035237621050328016 102
1646497074086 0.015132815577089787 103
1646497074494 0.007437937892973423 104
1646497075002 0.0009270061855204403 105
1646497075433 0.002447444712743163 106
1646497075825 0.001511775772087276 107
1646497076176 0.0006443368620239198 108
1646497076518 0.0004262397123966366 109
1646497076871 0.0006905992631800473 110
1646497077198 0.0006570567493326962 111
1646497077538 0.0017195346299558878 112
