1646514004139 0.37037035822868347 0
1646514004455 0.37962964177131653 1
1646514004765 0.42129629850387573 2
1646514005117 0.42592594027519226 3
1646514005712 0.46759259700775146 4
1646514006211 0.4722222089767456 5
1646514006653 0.5277777910232544 6
1646514007056 0.5046296119689941 7
1646514007400 0.5 8
1646514007731 0.5277777910232544 9
1646514008088 0.5462962985038757 10
1646514008458 0.5787037014961243 11
1646514008739 0.5601851940155029 12
1646514009217 0.5787037014961243 13
1646514009567 0.6157407164573669 14
1646514009924 0.5925925970077515 15
1646514010302 0.6342592835426331 16
1646514010714 0.6435185074806213 17
1646514011080 0.6527777910232544 18
1646514011394 0.6620370149612427 19
1646514011748 0.6666666865348816 20
1646514012123 0.6620370149612427 21
1646514012521 0.7037037014961243 22
1646514013029 0.7314814925193787 23
1646514013425 0.6666666865348816 24
1646514013782 0.6990740895271301 25
1646514014479 0.7129629850387573 26
1646514014830 0.7407407164573669 27
1646514015251 0.6898148059844971 28
1646514015680 0.7314814925193787 29
1646514015998 0.7546296119689941 30
1646514016465 0.7685185074806213 31
1646514017021 0.7731481194496155 32
1646514017432 0.8009259104728699 33
1646514017916 0.7685185074806213 34
1646514018404 0.7731481194496155 35
1646514018816 0.8055555820465088 36
1646514019129 0.7870370149612427 37
1646514019547 0.7685185074806213 38
1646514019920 0.7916666865348816 39
1646514020332 0.7685185074806213 40
1646514020974 0.7777777910232544 41
1646514021377 0.8101851940155029 42
1646514021744 0.7777777910232544 43
1646514022315 0.7824074029922485 44
1646514022613 0.7916666865348816 45
1646514023049 0.8055555820465088 46
1646514023438 0.8611111044883728 47
1646514023789 0.8472222089767456 48
1646514024235 0.7962962985038757 49
1646514024646 0.8287037014961243 50
1646514025025 0.8703703880310059 51
1646514025480 0.8194444179534912 52
1646514025895 0.8333333134651184 53
1646514026193 0.8148148059844971 54
1646514026496 0.8009259104728699 55
1646514026794 0.8611111044883728 56
1646514027139 0.8518518805503845 57
1646514027439 0.8703703880310059 58
1646514027755 0.8472222089767456 59
1646514028272 0.8518518805503845 60
1646514028639 0.8796296119689941 61
1646514028977 0.8657407164573669 62
1646514029428 0.8888888955116272 63
1646514029722 0.9027777910232544 64
1646514030024 0.8796296119689941 65
1646514030331 0.8611111044883728 66
1646514030626 0.8981481194496155 67
1646514030951 0.9074074029922485 68
1646514031329 0.8888888955116272 69
1646514031912 0.8518518805503845 70
1646514032292 0.8796296119689941 71
1646514032661 0.9074074029922485 72
1646514033197 0.9027777910232544 73
1646514033562 0.9074074029922485 74
1646514033968 0.8518518805503845 75
1646514034431 0.8981481194496155 76
1646514034811 0.9120370149612427 77
1646514035357 0.9074074029922485 78
1646514035795 0.9027777910232544 79
1646514036159 0.8703703880310059 80
1646514036684 0.9074074029922485 81
1646514036984 0.9444444179534912 82
1646514037301 0.8796296119689941 83
1646514037601 0.9444444179534912 84
1646514037920 0.9398148059844971 85
1646514038217 0.9351851940155029 86
1646514038544 0.9074074029922485 87
1646514038843 0.9259259104728699 88
1646514039355 0.9212962985038757 89
1646514039759 0.9259259104728699 90
1646514040126 0.9583333134651184 91
1646514040599 0.9305555820465088 92
1646514040904 0.9629629850387573 93
1646514041213 0.9583333134651184 94
1646514041514 0.9212962985038757 95
1646514041815 0.9398148059844971 96
1646514042114 0.9305555820465088 97
1646514042430 0.9444444179534912 98
1646514042879 0.9490740895271301 99
1646514043289 0.9398148059844971 100
1646514043643 0.9259259104728699 101
1646514044143 0.9444444179534912 102
1646514044444 0.9629629850387573 103
1646514044760 0.9675925970077515 104
1646514045060 0.9351851940155029 105
1646514045360 0.9583333134651184 106
1646514045660 0.9537037014961243 107
1646514045976 0.9490740895271301 108
1646514046437 0.9537037014961243 109
1646514046867 0.9675925970077515 110
1646514047241 0.9537037014961243 111
1646514047671 0.9398148059844971 112
1646514048039 0.9583333134651184 113
1646514048344 0.9722222089767456 114
1646514048641 0.9675925970077515 115
1646514048988 0.9629629850387573 116
1646514049354 0.9583333134651184 117
1646514049723 0.9305555820465088 118
1646514050197 0.9722222089767456 119
1646514050683 0.9814814925193787 120
1646514051047 0.9768518805503845 121
1646514051533 0.9861111044883728 122
1646514051843 0.9629629850387573 123
1646514052163 0.9583333134651184 124
1646514052462 0.9675925970077515 125
1646514052781 0.9583333134651184 126
1646514053099 0.9722222089767456 127
1646514053425 0.9768518805503845 128
1646514053742 0.9768518805503845 129
1646514054243 0.9722222089767456 130
1646514054624 0.9814814925193787 131
1646514055039 0.9814814925193787 132
1646514055430 0.9861111044883728 133
1646514055731 0.9583333134651184 134
1646514056034 0.9861111044883728 135
1646514056332 0.9861111044883728 136
1646514056650 0.9583333134651184 137
1646514056964 0.9907407164573669 138
1646514057267 0.9629629850387573 139
1646514057755 0.9768518805503845 140
1646514058131 0.9768518805503845 141
1646514058491 0.9722222089767456 142
1646514058994 0.9722222089767456 143
1646514059297 0.9675925970077515 144
1646514059597 0.9768518805503845 145
1646514059898 0.9907407164573669 146
1646514060211 0.9861111044883728 147
1646514060497 0.9907407164573669 148
1646514060812 0.9814814925193787 149
1646514061128 0.9722222089767456 150
1646514061622 0.9907407164573669 151
1646514061991 1.0 152
1646514062324 0.9907407164573669 153
1646514062792 0.9907407164573669 154
1646514063128 0.9722222089767456 155
1646514063432 0.9814814925193787 156
1646514063735 0.9768518805503845 157
1646514064053 0.9814814925193787 158
1646514064360 0.9675925970077515 159
1646514064679 0.9953703880310059 160
1646514065212 0.9814814925193787 161
1646514065693 0.9907407164573669 162
1646514066113 0.9953703880310059 163
1646514066639 0.9675925970077515 164
1646514067101 0.9907407164573669 165
1646514067470 0.9907407164573669 166
1646514067838 0.9953703880310059 167
1646514068186 0.9814814925193787 168
1646514068521 0.9861111044883728 169
1646514068995 0.9907407164573669 170
1646514069390 0.9814814925193787 171
1646514069770 0.9722222089767456 172
1646514070358 0.9768518805503845 173
1646514070672 1.0 174
1646514070985 0.9953703880310059 175
1646514071286 0.9814814925193787 176
1646514071650 0.9953703880310059 177
1646514071964 0.9861111044883728 178
1646514072277 0.9768518805503845 179
1646514072901 0.9814814925193787 180
1646514073300 0.9953703880310059 181
1646514073601 0.9814814925193787 182
1646514074100 0.9907407164573669 183
1646514074464 0.9953703880310059 184
1646514074786 0.9953703880310059 185
1646514075289 1.0 186
1646514075593 0.9675925970077515 187
1646514075910 0.9953703880310059 188
1646514076221 1.0 189
1646514076534 1.0 190
1646514076842 0.9953703880310059 191
1646514077159 0.9953703880310059 192
1646514077538 0.9907407164573669 193
1646514077970 0.9814814925193787 194
1646514078333 0.9907407164573669 195
1646514078682 0.9953703880310059 196
1646514079139 0.9907407164573669 197
1646514079443 0.9907407164573669 198
1646514079842 0.9861111044883728 199
1646514080156 0.9953703880310059 200
1646514080456 0.9861111044883728 201
1646514080788 0.9861111044883728 202
1646514081212 0.9907407164573669 203
1646514081777 0.9953703880310059 204
1646514082242 0.9861111044883728 205
1646514082744 0.9768518805503845 206
1646514083334 0.9907407164573669 207
1646514083711 0.9907407164573669 208
1646514084025 1.0 209
1646514084339 0.9907407164573669 210
1646514084651 0.9907407164573669 211
1646514085017 0.9861111044883728 212
1646514085503 0.9768518805503845 213
1646514085892 0.9907407164573669 214
1646514086236 0.9907407164573669 215
1646514086697 0.9907407164573669 216
1646514087111 0.9953703880310059 217
1646514087474 0.9907407164573669 218
1646514087860 0.9907407164573669 219
1646514088221 0.9814814925193787 220
1646514088536 0.9907407164573669 221
1646514089077 0.9861111044883728 222
1646514089493 1.0 223
1646514089930 0.9953703880310059 224
1646514090531 0.9907407164573669 225
1646514090863 0.9907407164573669 226
1646514091238 0.9953703880310059 227
1646514091616 0.9907407164573669 228
1646514091933 0.9814814925193787 229
1646514092262 0.9907407164573669 230
1646514092737 0.9814814925193787 231
1646514093113 0.9953703880310059 232
1646514093514 0.9953703880310059 233
1646514094076 1.0 234
1646514094503 0.9907407164573669 235
1646514094877 0.9861111044883728 236
1646514095283 0.9907407164573669 237
1646514095671 0.9907407164573669 238
1646514096052 0.9861111044883728 239
1646514096668 0.9953703880310059 240
1646514097145 0.9907407164573669 241
1646514097561 0.9907407164573669 242
1646514098283 1.0 243
1646514098852 0.9953703880310059 244
1646514099377 0.9861111044883728 245
1646514099785 0.9907407164573669 246
1646514100085 0.9953703880310059 247
1646514100442 1.0 248
1646514100769 1.0 249
1646514101180 1.0 250
1646514101810 0.9953703880310059 251
1646514102311 0.9953703880310059 252
1646514102945 1.0 253
1646514103499 0.9907407164573669 254
1646514103827 1.0 255
1646514104159 1.0 256
1646514104510 0.9953703880310059 257
1646514104853 0.9953703880310059 258
1646514105242 0.9861111044883728 259
1646514105811 1.0 260
1646514106212 0.9953703880310059 261
1646514106767 0.9907407164573669 262
1646514107127 1.0 263
1646514107487 0.9907407164573669 264
1646514107810 1.0 265
1646514108171 1.0 266
1646514108560 0.9907407164573669 267
1646514109095 0.9907407164573669 268
1646514109608 0.9861111044883728 269
1646514109986 1.0 270
1646514110551 1.0 271
1646514111069 0.9907407164573669 272
1646514111453 0.9953703880310059 273
1646514111929 0.9907407164573669 274
1646514112443 0.9907407164573669 275
1646514113336 0.9907407164573669 276
1646514114572 0.9953703880310059 277
1646514115598 0.9907407164573669 278
1646514116395 0.9953703880310059 279
1646514117131 1.0 280
1646514117870 1.0 281
1646514118493 0.9907407164573669 282
1646514118950 1.0 283
1646514119566 0.9953703880310059 284
1646514119915 1.0 285
1646514120289 0.9953703880310059 286
1646514120647 1.0 287
1646514121094 0.9861111044883728 288
1646514121710 0.9907407164573669 289
1646514122237 0.9907407164573669 290
1646514122723 0.9861111044883728 291
1646514123325 0.9953703880310059 292
1646514123692 0.9907407164573669 293
1646514124025 0.9907407164573669 294
1646514124358 0.9907407164573669 295
1646514124700 0.9953703880310059 296
1646514125032 1.0 297
1646514125482 1.0 298
1646514125865 0.9953703880310059 299
