1646514001450 0.004 0
1646514002929 0.004000596800238801 1
1646514003010 0.004002387186114745 2
1646514003054 0.004005371113106879 3
1646514003099 0.004009548507014876 4
1646514003138 0.004014919263960817 5
1646514003177 0.004021483250391852 6
1646514003200 0.004029240303083395 7
1646514004164 0.004038190229143396 8
1646514004208 0.004048332806016894 9
1646514004239 0.004059667781491735 10
1646514004268 0.004072194873704721 11
1646514004308 0.004085913771148725 12
1646514004335 0.004100824132680342 13
1646514004367 0.004116925587528436 14
1646514004489 0.004134217735303369 15
1646514004533 0.004152700146006827 16
1646514004564 0.004172372360042753 17
1646514004588 0.004193233888228523 18
1646514004624 0.00421528421180728 19
1646514004654 0.00423852278246073 20
1646514004685 0.004262949022322882 21
1646514004795 0.004288562323994313 22
1646514004827 0.004315362050557339 23
1646514004861 0.004343347535591804 24
1646514004893 0.004372518083191737 25
1646514004934 0.004402872967982557 26
1646514004972 0.004434411435139132 27
1646514005015 0.004467132700404622 28
1646514005184 0.004501035950109908 29
1646514005248 0.004536120341193842 30
1646514005331 0.004572385001224186 31
1646514005382 0.0046098290284194154 32
1646514005443 0.00464845149167098 33
1646514005507 0.004688251430566573 34
1646514005559 0.00472922785541402 35
1646514005758 0.004771379747265783 36
1646514005811 0.004814706057944401 37
1646514005869 0.004859205710068537 38
1646514005928 0.004904877597079721 39
1646514005982 0.004951720583269897 40
1646514006037 0.004999733503809695 41
1646514006086 0.005048915164777332 42
1646514006270 0.005099264343188359 43
1646514006305 0.005150779787026036 44
1646514006350 0.0052034602152724735 45
1646514006382 0.0052573043179405116 46
1646514006421 0.005312310756106234 47
1646514006466 0.005368478161942372 48
1646514006500 0.005425805138752182 49
1646514006704 0.005484290261004263 50
1646514006774 0.005543932074367999 51
1646514006844 0.005604729095749744 52
1646514006875 0.005666679813329564 53
1646514006900 0.005729782686599044 54
1646514006939 0.005794036146399437 55
1646514006974 0.0058594385949607 56
1646514007106 0.005925988405941329 57
1646514007155 0.005993683924468696 58
1646514007193 0.006062523467180211 59
1646514007231 0.006132505322265253 60
1646514007266 0.00620362774950764 61
1646514007302 0.006275888980328992 62
1646514007323 0.006349287217832622 63
1646514007440 0.006423820636848349 64
1646514007476 0.006499487383977681 65
1646514007518 0.006576285577640131 66
1646514007549 0.006654213308119827 67
1646514007584 0.006733268637613102 68
1646514007617 0.006813449600276647 69
1646514007648 0.006894754202276393 70
1646514007774 0.006977180421837106 71
1646514007809 0.007060726209292614 72
1646514007846 0.007145389487136861 73
1646514007882 0.007231168150075476 74
1646514007918 0.007318060065078194 75
1646514007967 0.007406063071431879 76
1646514008007 0.007495174980794203 77
1646514008127 0.007585393577248162 78
1646514008164 0.007676716617357068 79
1646514008207 0.007769141830220441 80
1646514008275 0.007862666917530362 81
1646514008318 0.007957289553628788 82
1646514008349 0.008053007385565164 83
1646514008380 0.008149818033155162 84
1646514008481 0.008247719089039693 85
1646514008522 0.00834670811874487 86
1646514008555 0.008446782660742488 87
1646514008576 0.008547940226511286 88
1646514008607 0.008650178300598804 89
1646514008636 0.008753494340683884 90
1646514008667 0.00885788577763999 91
1646514008774 0.008963350015599003 92
1646514008812 0.009069884432015826 93
1646514008839 0.009177486377733593 94
1646514008876 0.009286153177049505 95
1646514008924 0.009395882127781405 96
1646514008998 0.009506670501334968 97
1646514009056 0.009618515542771502 98
1646514009268 0.009731414470876582 99
1646514009298 0.009845364478229035 100
1646514009345 0.009960362731270891 101
1646514009388 0.01007640637037778 102
1646514009419 0.010193492509930055 103
1646514009446 0.010311618238384529 104
1646514009488 0.010430780618346944 105
1646514009601 0.010550976686644925 106
1646514009644 0.010672203454401688 107
1646514009688 0.010794457907110436 108
1646514009728 0.010917737004709188 109
1646514009759 0.011042037681656541 110
1646514009793 0.011167356847007703 111
1646514009824 0.011293691384491558 112
1646514009953 0.011421038152587992 113
1646514009997 0.011549393984606124 114
1646514010028 0.011678755688762962 115
1646514010058 0.011809120048262886 116
1646514010105 0.011940483821377482 117
1646514010141 0.012072843741526285 118
1646514010172 0.012206196517358006 119
1646514010363 0.012340538832832246 120
1646514010475 0.01247586734730212 121
1646514010499 0.012612178695597207 122
1646514010531 0.012749469488107304 123
1646514010561 0.012887736310866635 124
1646514010593 0.013026975725638892 125
1646514010621 0.013167184270002533 126
1646514010755 0.013308358457437025 127
1646514010792 0.013450494777409519 128
1646514010826 0.013593589695462094 129
1646514010862 0.01373763965329973 130
1646514010900 0.013882641068878668 131
1646514010960 0.014028590336495617 132
1646514011001 0.01417548382687736 133
1646514011118 0.014323317887270925 134
1646514011155 0.014472088841534572 135
1646514011190 0.014621792990229088 136
1646514011217 0.014772426610709821 137
1646514011248 0.014923985957219221 138
1646514011284 0.015076467260980053 139
1646514011315 0.01522986673028906 140
1646514011431 0.01538418055061122 141
1646514011468 0.01553940488467466 142
1646514011507 0.015695535872566085 143
1646514011544 0.01585256963182667 144
1646514011581 0.016010502257548756 145
1646514011623 0.016169329822472794 146
1646514011660 0.016329048377085084 147
1646514011792 0.016489653949715966 148
1646514011831 0.016651142546638617 149
1646514011872 0.01681351015216835 150
1646514011907 0.016976752728762368 151
1646514011954 0.01714086621712034 152
1646514011996 0.01730584653628521 153
1646514012030 0.017471689583744746 154
1646514012185 0.017638391235533513 155
1646514012229 0.017805947346335463 156
1646514012296 0.017974353749586933 157
1646514012336 0.01814360625758038 158
1646514012374 0.018313700661568413 159
1646514012407 0.01848463273186851 160
1646514012440 0.018656398217968134 161
1646514012553 0.018828992848630502 162
1646514012587 0.019002412332000743 163
1646514012628 0.019176652355712642 164
1646514012685 0.019351708586995878 165
1646514012751 0.01952757667278375 166
1646514012813 0.019704252239821474 167
1646514012868 0.01988173089477481 168
1646514013076 0.020060008224339468 169
1646514013127 0.02023907979535075 170
1646514013181 0.020418941154893788 171
1646514013217 0.02059958783041435 172
1646514013250 0.02078101532982994 173
1646514013291 0.020963219141641634 174
1646514013326 0.021146194735046114 175
1646514013468 0.02132993756004853 176
1646514013508 0.021514443047575424 177
1646514013549 0.02169970660958853 178
1646514013588 0.02188572363919876 179
1646514013627 0.022072489510780793 180
1646514013668 0.02225999958008809 181
1646514013699 0.022448249184368413 182
1646514013818 0.0226372336424797 183
1646514013853 0.022826948255006557 184
1646514013887 0.023017388304377093 185
1646514013955 0.02320854905498014 186
1646514014181 0.023400425753283174 187
1646514014250 0.023593013627950354 188
1646514014305 0.023786307889961292 189
1646514014546 0.02398030373273008 190
1646514014592 0.02417499633222485 191
1646514014630 0.024370380847087675 192
1646514014661 0.024566452418755005 193
1646514014692 0.024763206171578483 194
1646514014731 0.024960637212946155 195
1646514014762 0.02515874063340416 196
1646514014880 0.0253575115067788 197
1646514014931 0.025556944890299083 198
1646514014976 0.025757035824719512 199
1646514015023 0.025957779334443556 200
1646514015090 0.026159170427647246 201
1646514015128 0.026361204096403426 202
1646514015173 0.026563875316806165 203
1646514015291 0.026767179049095785 204
1646514015352 0.026971110237784104 205
1646514015411 0.0271756638117802 206
1646514015472 0.027380834684516506 207
1646514015521 0.027586617754075282 208
1646514015572 0.027793007903315486 209
1646514015619 0.027999999999999997 210
1646514015714 0.02820758889692332 211
1646514015754 0.028415769432039453 212
1646514015786 0.028624536428590378 213
1646514015813 0.02883388469523468 214
1646514015847 0.02904380902617673 215
1646514015876 0.029254304201296072 216
1646514015916 0.029465364986277248 217
1646514016031 0.029676986132739974 218
1646514016075 0.029889162378369652 219
1646514016110 0.030101888447048183 220
1646514016148 0.0303151590489852 221
1646514016196 0.030528968880849647 222
1646514016257 0.030743312625901534 223
1646514016312 0.030958184954124293 224
1646514016526 0.03117358052235722 225
1646514016585 0.03138949397442836 226
1646514016636 0.03160591994128775 227
1646514016690 0.03182285304114085 228
1646514016770 0.03204028787958242 229
1646514016825 0.03225821904973064 230
1646514016872 0.03247664113236158 231
1646514017069 0.03269554869604396 232
1646514017114 0.03291493629727417 233
1646514017163 0.03313479848061167 234
1646514017204 0.03335512977881465 235
1646514017255 0.03357592471297598 236
1646514017298 0.033797177792659436 237
1646514017339 0.034018883516036214 238
1646514017484 0.03424103637002181 239
1646514017525 0.034463630830413025 240
1646514017590 0.03468666136202542 241
1646514017622 0.034910122418830875 242
1646514017668 0.035134008444095546 243
1646514017715 0.03535831387051806 244
1646514017751 0.035583033120367896 245
1646514017976 0.035808160605624154 246
1646514018028 0.036033690728114465 247
1646514018079 0.03625961787965419 248
1646514018181 0.03648593644218592 249
1646514018231 0.03671264078791915 250
1646514018270 0.03693972527947022 251
1646514018310 0.037167184270002526 252
1646514018454 0.03739501210336689 253
1646514018481 0.037623203114242276 254
1646514018514 0.0378517516282766 255
1646514018570 0.03808065196222787 256
1646514018601 0.038309898424105496 257
1646514018632 0.038539485313311875 258
1646514018669 0.038769406920784046 259
1646514018847 0.038999657529135756 260
1646514018891 0.039230231412799604 261
1646514018923 0.03946112283816936 262
1646514018954 0.03969232606374264 263
1646514018985 0.03992383534026359 264
1646514019019 0.040155644910865915 265
1646514019050 0.04038774901121596 266
1646514019165 0.04062014186965612 267
1646514019198 0.04085281770734836 268
1646514019245 0.041085770738417855 269
1646514019288 0.04131899517009691 270
1646514019341 0.04155248520286901 271
1646514019386 0.041786235030613024 272
1646514019431 0.04202023884074756 273
1646514019589 0.04225449081437555 274
1646514019613 0.042488985126428916 275
1646514019644 0.042723715945813444 276
1646514019680 0.04295867743555375 277
1646514019723 0.04319386375293845 278
1646514019776 0.043429269049665445 279
1646514019821 0.04366488747198734 280
1646514019971 0.04390071316085705 281
1646514020018 0.0441367402520734 282
1646514020064 0.044372962876427044 283
1646514020083 0.0446093751598464 284
1646514020116 0.04484597122354363 285
1646514020148 0.04508274518416096 286
1646514020191 0.04531969115391687 287
1646514020391 0.04555680324075254 288
1646514020457 0.045794075548478405 289
1646514020542 0.04603150217692071 290
1646514020592 0.046269077222068286 291
1646514020653 0.046506794776219273 292
1646514020723 0.04674464892812815 293
1646514020782 0.046982633763152634 294
1646514021023 0.0472207433634008 295
1646514021072 0.04745897180787822 296
1646514021126 0.047697313172635196 297
1646514021183 0.047935761530914084 298
1646514021232 0.048174310953296676 299
1646514021263 0.048412955507851636 300
1646514021286 0.048651689260281995 301
1646514021414 0.04889050627407272 302
1646514021444 0.04912940061063836 303
1646514021476 0.04936836632947072 304
1646514021512 0.04960739748828654 305
1646514021543 0.049846488143175285 306
1646514021584 0.05008563234874696 307
1646514021628 0.05032482415827995 308
1646514021793 0.050564057623868876 309
1646514021843 0.050803326796572505 310
1646514022018 0.051042625726561694 311
1646514022072 0.05128194846326735 312
1646514022116 0.05152128905552836 313
1646514022162 0.051760641551739615 314
1646514022205 0.052000000000000005 315
1646514022345 0.05223935844826039 316
1646514022373 0.052478710944471645 317
1646514022404 0.052718051536732646 318
1646514022430 0.0529573742734383 319
1646514022473 0.0531966732034275 320
1646514022495 0.05343594237613112 321
1646514022528 0.05367517584172004 322
1646514022648 0.05391436765125303 323
1646514022693 0.0541535118568247 324
1646514022741 0.054392602511713475 325
1646514022793 0.05463163367052929 326
1646514022834 0.054870599389361646 327
1646514022876 0.0551094937259273 328
1646514022915 0.05534831073971802 329
1646514023082 0.055587044492148366 330
1646514023101 0.05582568904670332 331
1646514023136 0.05606423846908592 332
1646514023189 0.056302686827364806 333
1646514023241 0.056541028192121784 334
1646514023281 0.0567792566365992 335
1646514023319 0.05701736623684736 336
1646514023485 0.05725535107187185 337
1646514023529 0.05749320522378073 338
1646514023571 0.05773092277793172 339
1646514023599 0.05796849782307928 340
1646514023631 0.05820592445152159 341
1646514023673 0.05844319675924745 342
1646514023705 0.058680308846083135 343
1646514023817 0.05891725481583904 344
1646514023858 0.05915402877645638 345
1646514023895 0.05939062484015362 346
1646514023929 0.059627037123572965 347
1646514023973 0.05986325974792661 348
1646514023998 0.060099286839142965 349
1646514024068 0.06033511252801266 350
1646514024293 0.06057073095033456 351
1646514024346 0.060806136247061555 352
1646514024397 0.06104132256444625 353
1646514024446 0.06127628405418655 354
1646514024496 0.06151101487357108 355
1646514024520 0.06174550918562445 356
1646514024561 0.061979761159252446 357
1646514024684 0.06221376496938698 358
1646514024730 0.06244751479713099 359
1646514024762 0.0626810048299031 360
1646514024805 0.06291422926158215 361
1646514024846 0.06314718229265165 362
1646514024887 0.06337985813034389 363
1646514024934 0.06361225098878405 364
1646514025072 0.06384435508913411 365
1646514025114 0.06407616465973642 366
1646514025155 0.06430767393625736 367
1646514025193 0.06453887716183064 368
1646514025235 0.0647697685872004 369
1646514025285 0.06500034247086425 370
1646514025314 0.06523059307921597 371
1646514025531 0.06546051468668813 372
1646514025642 0.0656901015758945 373
1646514025683 0.06591934803777214 374
1646514025715 0.06614824837172341 375
1646514025744 0.06637679688575773 376
1646514025776 0.0666049878966331 377
1646514025811 0.06683281572999747 378
1646514025919 0.06706027472052978 379
1646514025960 0.06728735921208084 380
1646514025978 0.06751406355781409 381
1646514026014 0.0677403821203458 382
1646514026046 0.06796630927188553 383
1646514026084 0.06819183939437584 384
1646514026131 0.0684169668796321 385
1646514026228 0.06864168612948196 386
1646514026270 0.06886599155590446 387
1646514026285 0.06908987758116913 388
1646514026325 0.06931333863797458 389
1646514026362 0.06953636916958697 390
1646514026386 0.06975896362997819 391
1646514026417 0.06998111648396378 392
1646514026527 0.07020282220734056 393
1646514026566 0.07042407528702402 394
1646514026598 0.07064487022118535 395
1646514026622 0.07086520151938834 396
1646514026662 0.07108506370272583 397
1646514026683 0.07130445130395605 398
1646514026714 0.07152335886763841 399
1646514026841 0.07174178095026935 400
1646514026878 0.07195971212041757 401
1646514026925 0.07217714695885914 402
1646514026965 0.07239408005871224 403
1646514027006 0.07261050602557165 404
1646514027039 0.07282641947764279 405
1646514027066 0.07304181504587573 406
1646514027167 0.07325668737409848 407
1646514027206 0.07347103111915038 408
1646514027239 0.0736848409510148 409
1646514027270 0.07389811155295183 410
1646514027301 0.07411083762163034 411
1646514027339 0.07432301386726002 412
1646514027371 0.07453463501372275 413
1646514027474 0.07474569579870394 414
1646514027516 0.07495619097382326 415
1646514027539 0.07516611530476532 416
1646514027572 0.07537546357140963 417
1646514027604 0.07558423056796054 418
1646514027637 0.07579241110307669 419
1646514027668 0.076 420
1646514027802 0.07620699209668452 421
1646514027860 0.07641338224592471 422
1646514027922 0.07661916531548349 423
1646514027982 0.07682433618821982 424
1646514028037 0.0770288897622159 425
1646514028125 0.07723282095090424 426
1646514028167 0.07743612468319383 427
1646514028312 0.07763879590359658 428
1646514028338 0.07784082957235275 429
1646514028375 0.07804222066555645 430
1646514028421 0.0782429641752805 431
1646514028463 0.07844305510970093 432
1646514028505 0.0786424884932212 433
1646514028547 0.07884125936659585 434
1646514028674 0.07903936278705387 435
1646514028712 0.07923679382842153 436
1646514028744 0.079433547581245 437
1646514028787 0.07962961915291233 438
1646514028822 0.07982500366777515 439
1646514028855 0.0800196962672699 440
1646514028886 0.0802136921100387 441
1646514029062 0.08040698637204964 442
1646514029109 0.08059957424671685 443
1646514029180 0.08079145094501985 444
1646514029231 0.08098261169562293 445
1646514029279 0.08117305174499345 446
1646514029310 0.08136276635752032 447
1646514029350 0.0815517508156316 448
1646514029451 0.08174000041991192 449
1646514029492 0.08192751048921922 450
1646514029524 0.08211427636080125 451
1646514029552 0.08230029339041146 452
1646514029583 0.08248555695242459 453
1646514029613 0.08267006243995148 454
1646514029650 0.0828538052649539 455
1646514029750 0.08303678085835839 456
1646514029788 0.08321898467017007 457
1646514029820 0.08340041216958566 458
1646514029850 0.08358105884510621 459
1646514029881 0.08376092020464924 460
1646514029916 0.08393999177566053 461
1646514029950 0.08411826910522519 462
1646514030050 0.08429574776017855 463
1646514030091 0.08447242332721626 464
1646514030106 0.08464829141300415 465
1646514030150 0.08482334764428737 466
1646514030181 0.08499758766799928 467
1646514030214 0.08517100715136951 468
1646514030250 0.08534360178203187 469
1646514030350 0.0855153672681315 470
1646514030385 0.0856862993384316 471
1646514030416 0.08585639374241963 472
1646514030451 0.08602564625041308 473
1646514030482 0.08619405265366455 474
1646514030517 0.0863616087644665 475
1646514030551 0.08652831041625525 476
1646514030656 0.0866941534637148 477
1646514030702 0.08685913378287967 478
1646514030718 0.08702324727123764 479
1646514030757 0.08718648984783166 480
1646514030789 0.08734885745336138 481
1646514030827 0.08751034605028403 482
1646514030867 0.08767095162291494 483
1646514030973 0.08783067017752721 484
1646514031011 0.08798949774245125 485
1646514031042 0.08814743036817332 486
1646514031087 0.08830446412743394 487
1646514031123 0.08846059511532535 488
1646514031174 0.0886158194493888 489
1646514031215 0.08877013326971095 490
1646514031381 0.08892353273901994 491
1646514031433 0.08907601404278077 492
1646514031515 0.08922757338929019 493
1646514031645 0.08937820700977092 494
1646514031694 0.08952791115846542 495
1646514031756 0.08967668211272907 496
1646514031817 0.08982451617312266 497
1646514031955 0.08997140966350438 498
1646514031982 0.09011735893112133 499
1646514032029 0.09026236034670027 500
1646514032067 0.0904064103045379 501
1646514032114 0.09054950522259048 502
1646514032153 0.09069164154256298 503
1646514032200 0.09083281572999748 504
1646514032328 0.09097302427436112 505
1646514032350 0.09111226368913336 506
1646514032404 0.0912505305118927 507
1646514032446 0.09138782130440279 508
1646514032483 0.09152413265269789 509
1646514032517 0.09165946116716775 510
1646514032559 0.091793803482642 511
1646514032722 0.09192715625847371 512
1646514032799 0.09205951617862253 513
1646514032850 0.09219087995173712 514
1646514032913 0.09232124431123703 515
1646514032960 0.09245060601539389 516
1646514033013 0.092578961847412 517
1646514033078 0.09270630861550845 518
1646514033221 0.0928326431529923 519
1646514033266 0.09295796231834347 520
1646514033309 0.09308226299529081 521
1646514033350 0.09320554209288957 522
1646514033394 0.09332779654559832 523
1646514033435 0.09344902331335508 524
1646514033479 0.09356921938165307 525
1646514033616 0.09368838176161547 526
1646514033642 0.09380650749006995 527
1646514033694 0.09392359362962223 528
1646514033751 0.09403963726872912 529
1646514033779 0.09415463552177097 530
1646514033813 0.09426858552912343 531
1646514033859 0.0943814844572285 532
1646514034022 0.09449332949866504 533
1646514034079 0.0946041178722186 534
1646514034132 0.09471384682295049 535
1646514034180 0.0948225136222664 536
1646514034239 0.09493011556798417 537
1646514034289 0.095036649984401 538
1646514034336 0.09514211422236002 539
1646514034479 0.09524650565931612 540
1646514034518 0.0953498216994012 541
1646514034550 0.09545205977348871 542
1646514034598 0.09555321733925752 543
1646514034644 0.09565329188125515 544
1646514034680 0.09575228091096032 545
1646514034711 0.09585018196684485 546
1646514034839 0.09594699261443485 547
1646514034886 0.09604271044637124 548
1646514034935 0.09613733308246963 549
1646514034985 0.09623085816977958 550
1646514035025 0.09632328338264294 551
1646514035073 0.09641460642275185 552
1646514035125 0.09650482501920579 553
1646514035403 0.09659393692856813 554
1646514035486 0.0966819399349218 555
1646514035525 0.09676883184992453 556
1646514035559 0.09685461051286315 557
1646514035599 0.0969392737907074 558
1646514035643 0.0970228195781629 559
1646514035680 0.0971052457977236 560
1646514035818 0.09718655039972335 561
1646514035868 0.09726673136238691 562
1646514035899 0.0973457866918802 563
1646514035960 0.09742371442235989 564
1646514035991 0.09750051261602233 565
1646514036024 0.09757617936315167 566
1646514036059 0.09765071278216737 567
1646514036190 0.09772411101967103 568
1646514036235 0.09779637225049237 569
1646514036274 0.09786749467773476 570
1646514036309 0.0979374765328198 571
1646514036354 0.09800631607553131 572
1646514036386 0.09807401159405868 573
1646514036443 0.09814056140503931 574
1646514036710 0.09820596385360059 575
1646514036745 0.09827021731340096 576
1646514036784 0.09833332018667043 577
1646514036810 0.09839527090425026 578
1646514036841 0.098456067925632 579
1646514036884 0.09851570973899575 580
1646514036915 0.09857419486124784 581
1646514037021 0.09863152183805765 582
1646514037063 0.09868768924389378 583
1646514037085 0.09874269568205951 584
1646514037125 0.09879653978472754 585
1646514037172 0.09884922021297397 586
1646514037190 0.09890073565681165 587
1646514037222 0.09895108483522268 588
1646514037331 0.09900026649619031 589
1646514037371 0.09904827941673011 590
1646514037401 0.09909512240292029 591
1646514037433 0.09914079428993147 592
1646514037464 0.0991852939420556 593
1646514037505 0.09922862025273423 594
1646514037536 0.09927077214458599 595
1646514037639 0.09931174856943342 596
1646514037681 0.09935154850832903 597
1646514037701 0.0993901709715806 598
1646514037735 0.09942761499877581 599
1646514037766 0.09946387965880618 600
1646514037799 0.0994989640498901 601
1646514037830 0.09953286729959539 602
1646514037942 0.09956558856486088 603
1646514037986 0.09959712703201745 604
1646514038017 0.09962748191680826 605
1646514038042 0.0996566524644082 606
1646514038073 0.09968463794944267 607
1646514038106 0.0997114376760057 608
1646514038137 0.09973705097767713 609
1646514038249 0.09976147721753928 610
1646514038288 0.09978471578819273 611
1646514038320 0.09980676611177149 612
1646514038357 0.09982762763995724 613
1646514038402 0.09984729985399317 614
1646514038428 0.09986578226469665 615
1646514038460 0.09988307441247157 616
1646514038566 0.09989917586731967 617
1646514038609 0.0999140862288513 618
1646514038640 0.09992780512629529 619
1646514038663 0.09994033221850827 620
1646514038702 0.0999516671939831 621
1646514038725 0.09996180977085661 622
1646514038757 0.0999707596969166 623
1646514038921 0.09997851674960817 624
1646514038979 0.09998508073603919 625
1646514039043 0.09999045149298513 626
1646514039099 0.09999462888689313 627
1646514039145 0.09999761281388526 628
1646514039213 0.09999940319976121 629
1646514039258 0.09999988581654443 630
1646514039407 0.09999954326669921 631
1646514039439 0.09999897235202891 632
1646514039483 0.0999981730751411 633
1646514039530 0.09999714543968634 634
1646514039563 0.09999588945035823 635
1646514039610 0.09999440511289331 636
1646514039656 0.09999269243407109 637
1646514039797 0.09999075142171397 638
1646514039844 0.09998858208468725 639
1646514039875 0.09998618443289907 640
1646514039916 0.09998355847730035 641
1646514039955 0.09998070422988478 642
1646514039996 0.09997762170368871 643
1646514040039 0.09997431091279116 644
1646514040202 0.09997077187231367 645
1646514040282 0.0999670045984203 646
1646514040333 0.09996300910831754 647
1646514040439 0.09995878542025423 648
1646514040470 0.09995433355352143 649
1646514040490 0.09994965352845243 650
1646514040527 0.09994474536642255 651
1646514040644 0.09993960908984914 652
1646514040668 0.09993424472219138 653
1646514040699 0.09992865228795028 654
1646514040731 0.09992283181266845 655
1646514040762 0.0999167833229301 656
1646514040793 0.09991050684636081 657
1646514040828 0.09990400241162752 658
1646514040930 0.09989727004843828 659
1646514040971 0.0998903097875422 660
1646514041003 0.09988312166072927 661
1646514041035 0.09987570570083022 662
1646514041066 0.0998680619417164 663
1646514041100 0.09986019041829958 664
1646514041128 0.09985209116653179 665
1646514041236 0.09984376422340524 666
1646514041280 0.09983520962695201 667
1646514041311 0.09982642741624403 668
1646514041329 0.09981741763139274 669
1646514041376 0.09980818031354909 670
1646514041398 0.09979871550490317 671
1646514041429 0.09978902324868413 672
1646514041539 0.09977910358915996 673
1646514041582 0.09976895657163733 674
1646514041613 0.09975858224246123 675
1646514041639 0.09974798064901494 676
1646514041671 0.09973715183971972 677
1646514041713 0.0997260958640346 678
1646514041745 0.09971481277245615 679
1646514041840 0.0997033026165183 680
1646514041874 0.09969156544879201 681
1646514041914 0.09967960132288511 682
1646514041949 0.09966741029344206 683
1646514041980 0.09965499241614359 684
1646514042015 0.09964234774770661 685
1646514042046 0.0996294763458838 686
1646514042151 0.09961637826946346 687
1646514042193 0.09960305357826917 688
1646514042214 0.09958950233315954 689
1646514042248 0.09957572459602795 690
1646514042280 0.09956172042980223 691
1646514042314 0.09954748989844439 692
1646514042346 0.09953303306695035 693
1646514042455 0.0995183500013496 694
1646514042493 0.09950344076870497 695
1646514042531 0.0994883054371122 696
1646514042564 0.09947294407569977 697
1646514042631 0.09945735675462848 698
1646514042693 0.09944154354509119 699
1646514042748 0.09942550451931245 700
1646514042934 0.09940923975054825 701
1646514042968 0.09939274931308553 702
1646514043020 0.09937603328224204 703
1646514043053 0.09935909173436584 704
1646514043089 0.099341924746835 705
1646514043124 0.09932453239805729 706
1646514043171 0.09930691476746976 707
1646514043315 0.09928907193553844 708
1646514043358 0.09927100398375785 709
1646514043405 0.09925271099465081 710
1646514043444 0.09923419305176792 711
1646514043490 0.09921545023968721 712
1646514043513 0.09919648264401378 713
1646514043559 0.0991772903513794 714
1646514043690 0.09915787344944213 715
1646514043727 0.09913823202688588 716
1646514043759 0.09911836617342003 717
1646514043791 0.099098275979779 718
1646514043838 0.09907796153772187 719
1646514043906 0.09905742294003195 720
1646514043949 0.09903666028051634 721
1646514044180 0.0990156736540055 722
1646514044219 0.09899446315635282 723
1646514044251 0.09897302888443424 724
1646514044281 0.09895137093614768 725
1646514044312 0.09892948941041274 726
1646514044347 0.09890738440717015 727
1646514044378 0.09888505602738132 728
1646514044480 0.0988625043730279 729
1646514044518 0.09883972954711141 730
1646514044549 0.09881673165365253 731
1646514044581 0.09879351079769086 732
1646514044613 0.09877006708528434 733
1646514044646 0.09874640062350874 734
1646514044678 0.09872251152045726 735
1646514044781 0.09869839988523992 736
1646514044822 0.09867406582798315 737
1646514044844 0.09864950945982928 738
1646514044887 0.098624730892936 739
1646514044928 0.09859973024047584 740
1646514044954 0.0985745076166357 741
1646514044986 0.09854906313661634 742
1646514045090 0.0985233969166317 743
1646514045131 0.0984975090739086 744
1646514045170 0.09847139972668602 745
1646514045195 0.09844506899421467 746
1646514045229 0.0984185169967564 747
1646514045260 0.09839174385558365 748
1646514045291 0.09836474969297887 749
1646514045392 0.09833753463223405 750
1646514045432 0.09831009879765007 751
1646514045463 0.09828244231453617 752
1646514045496 0.09825456530920935 753
1646514045529 0.09822646790899386 754
1646514045560 0.09819815024222053 755
1646514045591 0.09816961243822624 756
1646514045694 0.0981408546273533 757
1646514045734 0.09811187694094889 758
1646514045750 0.09808267951136446 759
1646514045790 0.09805326247195503 760
1646514045830 0.09802362595707877 761
1646514045859 0.09799377010209614 762
1646514045891 0.09796369504336953 763
1646514046023 0.09793340091826243 764
1646514046061 0.09790288786513891 765
1646514046108 0.09787215602336295 766
1646514046152 0.09784120553329785 767
1646514046183 0.09781003653630553 768
1646514046244 0.0977786491747459 769
1646514046273 0.09774704359197621 770
1646514046498 0.09771521993235047 771
1646514046559 0.09768317834121862 772
1646514046610 0.09765091896492609 773
1646514046648 0.09761844195081291 774
1646514046689 0.09758574744721321 775
1646514046736 0.09755283560345443 776
1646514046764 0.09751970656985669 777
1646514046890 0.09748636049773209 778
1646514046931 0.09745279753938403 779
1646514046971 0.09741901784810654 780
1646514047002 0.09738502157818346 781
1646514047049 0.09735080888488792 782
1646514047080 0.09731637992448146 783
1646514047133 0.09728173485421342 784
1646514047264 0.09724687383232018 785
1646514047308 0.09721179701802449 786
1646514047348 0.09717650457153462 787
1646514047381 0.09714099665404377 788
1646514047428 0.09710527342772927 789
1646514047464 0.09706933505575184 790
1646514047511 0.09703318170225479 791
1646514047731 0.09699681353236342 792
1646514047802 0.09696023071218408 793
1646514047836 0.0969234334088036 794
1646514047865 0.09688642179028838 795
1646514047896 0.09684919602568365 796
1646514047930 0.09681175628501273 797
1646514047961 0.09677410273927631 798
1646514048066 0.09673623556045154 799
1646514048106 0.09669815492149131 800
1646514048137 0.09665986099632348 801
1646514048163 0.09662135395985007 802
1646514048195 0.09658263398794643 803
1646514048230 0.09654370125746049 804
1646514048261 0.09650455594621189 805
1646514048376 0.09646519823299123 806
1646514048408 0.09642562829755921 807
1646514048437 0.09638584632064587 808
1646514048465 0.09634585248394963 809
1646514048499 0.09630564697013662 810
1646514048529 0.09626522996283975 811
1646514048561 0.0962246016466579 812
1646514048662 0.09618376220715508 813
1646514048704 0.09614271183085958 814
1646514048753 0.09610145070526309 815
1646514048784 0.09605997901881987 816
1646514048822 0.09601829696094591 817
1646514048866 0.09597640472201803 818
1646514048897 0.095934302493373 819
1646514049034 0.09589199046730673 820
1646514049067 0.09584946883707332 821
1646514049098 0.09580673779688421 822
1646514049155 0.0957637975419073 823
1646514049186 0.09572064826826603 824
1646514049223 0.09567729017303851 825
1646514049270 0.09563372345425666 826
1646514049392 0.09558994831090517 827
1646514049423 0.09554596494292075 828
1646514049472 0.0955017735511911 829
1646514049504 0.09545737433755408 830
1646514049545 0.09541276750479673 831
1646514049592 0.09536795325665434 832
1646514049628 0.09532293179780955 833
1646514049746 0.09527770333389145 834
1646514049781 0.09523226807147452 835
1646514049823 0.09518662621807782 836
1646514049863 0.09514077798216396 837
1646514049910 0.09509472357313818 838
1646514049960 0.09504846320134738 839
1646514050039 0.09500199707807919 840
1646514050258 0.09495532541556093 841
1646514050349 0.09490844842695872 842
1646514050398 0.0948613663263765 843
1646514050448 0.094814079328855 844
1646514050496 0.0947665876503708 845
1646514050553 0.09471889150783531 846
1646514050599 0.09467099111909384 847
1646514050718 0.09462288670292453 848
1646514050767 0.09457457847903737 849
1646514050810 0.09452606666807328 850
1646514050844 0.094477351491603 851
1646514050879 0.09442843317212607 852
1646514050918 0.09437931193306992 853
1646514050965 0.09432998799878874 854
1646514051079 0.09428046159456253 855
1646514051123 0.09423073294659605 856
1646514051155 0.09418080228201775 857
1646514051205 0.09413066982887877 858
1646514051237 0.0940803358161519 859
1646514051280 0.09402980047373054 860
1646514051342 0.09397906403242758 861
1646514051586 0.09392812672397445 862
1646514051607 0.09387698878102001 863
1646514051638 0.09382565043712943 864
1646514051672 0.09377411192678328 865
1646514051718 0.09372237348537629 866
1646514051739 0.09367043534921637 867
1646514051777 0.0936182977555235 868
1646514051876 0.09356596094242865 869
1646514051913 0.0935134251489727 870
1646514051945 0.09346069061510538 871
1646514051980 0.09340775758168408 872
1646514052027 0.09335462629047282 873
1646514052062 0.09330129698414119 874
1646514052077 0.09324776990626309 875
1646514052188 0.09319404530131581 876
1646514052228 0.09314012341467875 877
1646514052262 0.09308600449263241 878
1646514052289 0.09303168878235718 879
1646514052321 0.09297717653193228 880
1646514052362 0.09292246799033459 881
1646514052393 0.09286756340743753 882
1646514052497 0.09281246303400989 883
1646514052540 0.09275716712171472 884
1646514052562 0.09270167592310816 885
1646514052596 0.09264598969163833 886
1646514052627 0.09259010868164405 887
1646514052663 0.09253403314835384 888
1646514052694 0.09247776334788467 889
1646514052804 0.09242129953724074 890
1646514052846 0.09236464197431243 891
1646514052878 0.092307790917875 892
1646514052903 0.09225074662758755 893
1646514052934 0.09219350936399162 894
1646514052970 0.09213607938851023 895
1646514053001 0.09207845696344655 896
1646514053129 0.09202064235198275 897
1646514053172 0.09196263581817875 898
1646514053203 0.09190443762697105 899
1646514053240 0.09184604804417158 900
1646514053279 0.09178746733646638 901
1646514053312 0.09172869577141439 902
1646514053344 0.09166973361744632 903
1646514053450 0.09161058114386335 904
1646514053493 0.0915512386208359 905
1646514053524 0.09149170631940244 906
1646514053544 0.09143198451146821 907
1646514053579 0.091372073469804 908
1646514053612 0.09131197346804489 909
1646514053643 0.091251684780689 910
1646514053797 0.0911912076830963 911
1646514053847 0.09113054245148722 912
1646514053924 0.09106968936294149 913
1646514053984 0.09100864869539688 914
1646514054035 0.09094742072764787 915
1646514054108 0.09088600573934444 916
1646514054159 0.0908244040109907 917
1646514054281 0.09076261582394374 918
1646514054321 0.09070064146041219 919
1646514054352 0.0906384812034551 920
1646514054395 0.09057613533698053 921
1646514054427 0.09051360414574423 922
1646514054477 0.0904508879153485 923
1646514054511 0.09038798693224069 924
1646514054655 0.09032490148371201 925
1646514054703 0.0902616318578962 926
1646514054734 0.09019817834376821 927
1646514054777 0.09013454123114283 928
1646514054809 0.09007072081067347 929
1646514054844 0.09000671737385073 930
1646514054889 0.0899425312130011 931
1646514055090 0.0898781626212857 932
1646514055151 0.0898136118926988 933
1646514055220 0.08974887932206663 934
1646514055261 0.08968396520504587 935
1646514055290 0.08961886983812245 936
1646514055321 0.08955359351861014 937
1646514055354 0.08948813654464913 938
1646514055455 0.08942249921520477 939
1646514055495 0.08935668183006615 940
1646514055531 0.08929068468984472 941
1646514055557 0.08922450809597293 942
1646514055588 0.08915815235070293 943
1646514055617 0.089091617757105 944
1646514055646 0.08902490461906638 945
1646514055751 0.08895801324128978 946
1646514055797 0.0888909439292919 947
1646514055831 0.08882369698940226 948
1646514055854 0.08875627272876158 949
1646514055885 0.0886886714553205 950
1646514055915 0.08862089347783814 951
1646514055947 0.08855293910588066 952
1646514056057 0.08848480864981995 953
1646514056096 0.08841650242083204 954
1646514056131 0.08834802073089587 955
1646514056162 0.0882793638927917 956
1646514056193 0.08821053222009981 957
1646514056231 0.08814152602719895 958
1646514056263 0.08807234562926505 959
1646514056364 0.08800299134226963 960
1646514056406 0.08793346348297842 961
1646514056432 0.08786376236894998 962
1646514056467 0.08779388831853412 963
1646514056502 0.08772384165087055 964
1646514056532 0.08765362268588736 965
1646514056563 0.08758323174429958 966
1646514056671 0.08751266914760779 967
1646514056710 0.08744193521809647 968
1646514056748 0.08737103027883272 969
1646514056778 0.08729995465366468 970
1646514056810 0.08722870866722003 971
1646514056843 0.08715729264490463 972
1646514056874 0.08708570691290088 973
1646514056990 0.08701395179816636 974
1646514057032 0.08694202762843227 975
1646514057063 0.0868699347322019 976
1646514057086 0.08679767343874924 977
1646514057117 0.08672524407811735 978
1646514057156 0.08665264698111695 979
1646514057187 0.08657988247932488 980
1646514057291 0.08650695090508254 981
1646514057333 0.08643385259149444 982
1646514057364 0.0863605878724266 983
1646514057429 0.08628715708250519 984
1646514057473 0.08621356055711472 985
1646514057549 0.08613979863239682 986
1646514057611 0.08606587164524845 987
1646514057802 0.08599177993332055 988
1646514057833 0.08591752383501637 989
1646514057871 0.08584310368948996 990
1646514057899 0.0857685198366447 991
1646514057946 0.08569377261713158 992
1646514057980 0.08561886237234785 993
1646514058027 0.08554378944443528 994
1646514058156 0.08546855417627869 995
1646514058201 0.08539315691150438 996
1646514058248 0.08531759799447851 997
1646514058272 0.08524187777030565 998
1646514058319 0.08516599658482699 999
1646514058356 0.085089954784619 1000
1646514058394 0.08501375271699167 1001
1646514058535 0.084937390729987 1002
1646514058565 0.08486086917237745 1003
1646514058596 0.08478418839366421 1004
1646514058635 0.08470734874407575 1005
1646514058672 0.08463035057456612 1006
1646514058702 0.08455319423681344 1007
1646514058792 0.0844758800832182 1008
1646514059033 0.08439840846690169 1009
1646514059052 0.08432077974170443 1010
1646514059094 0.08424299426218444 1011
1646514059121 0.08416505238361578 1012
1646514059153 0.08408695446198675 1013
1646514059180 0.08400870085399842 1014
1646514059211 0.08393029191706292 1015
1646514059317 0.08385172800930181 1016
1646514059360 0.08377300948954447 1017
1646514059394 0.08369413671732644 1018
1646514059416 0.0836151100528878 1019
1646514059447 0.08353592985717145 1020
1646514059482 0.08345659649182165 1021
1646514059513 0.08337711031918209 1022
1646514059615 0.0832974717022945 1023
1646514059649 0.0832176810048968 1024
1646514059678 0.08313773859142158 1025
1646514059717 0.08305764482699435 1026
1646514059749 0.08297740007743183 1027
1646514059779 0.08289700470924045 1028
1646514059811 0.08281645908961449 1029
1646514059922 0.08273576358643453 1030
1646514059962 0.08265491856826568 1031
1646514059995 0.08257392440435597 1032
1646514060032 0.08249278146463462 1033
1646514060079 0.08241149011971037 1034
1646514060095 0.08233005074086974 1035
1646514060126 0.08224846370007544 1036
1646514060233 0.08216672936996457 1037
1646514060267 0.08208484812384692 1038
1646514060311 0.08200282033570337 1039
1646514060336 0.08192064638018404 1040
1646514060368 0.08183832663260669 1041
1646514060403 0.08175586146895497 1042
1646514060434 0.08167325126587667 1043
1646514060535 0.08159049640068203 1044
1646514060577 0.08150759725134202 1045
1646514060596 0.0814245541964866 1046
1646514060635 0.08134136761540303 1047
1646514060667 0.08125803788803408 1048
1646514060701 0.0811745653949763 1049
1646514060737 0.08109095051747836 1050
1646514060845 0.08100719363743916 1051
1646514060885 0.08092329513740626 1052
1646514060917 0.08083925540057403 1053
1646514060950 0.08075507481078188 1054
1646514060981 0.0806707537525126 1055
1646514061016 0.0805862926108905 1056
1646514061047 0.08050169177167975 1057
1646514061171 0.08041695162128251 1058
1646514061234 0.08033207254673727 1059
1646514061297 0.08024705493571704 1060
1646514061343 0.08016189917652754 1061
1646514061424 0.08007660565810545 1062
1646514061483 0.07999117477001676 1063
1646514061525 0.0799056069024547 1064
1646514061679 0.07981990244623828 1065
1646514061726 0.07973406179281028 1066
1646514061744 0.07964808533423559 1067
1646514061787 0.07956197346319932 1068
1646514061818 0.0794757265730051 1069
1646514061860 0.0793893450575732 1070
1646514061907 0.07930282931143882 1071
1646514062026 0.07921617972975023 1072
1646514062067 0.07912939670826691 1073
1646514062099 0.07904248064335789 1074
1646514062144 0.07895543193199983 1075
1646514062176 0.0788682509717752 1076
1646514062204 0.07878093816087055 1077
1646514062245 0.07869349389807459 1078
1646514062351 0.07860591858277646 1079
1646514062385 0.07851821261496385 1080
1646514062416 0.07843037639522116 1081
1646514062457 0.07834241032472773 1082
1646514062506 0.07825431480525596 1083
1646514062561 0.07816609023916948 1084
1646514062617 0.07807773702942139 1085
1646514062826 0.07798925557955222 1086
1646514062869 0.07790064629368836 1087
1646514062892 0.07781190957653995 1088
1646514062930 0.07772304583339924 1089
1646514062961 0.07763405547013864 1090
1646514063000 0.07754493889320883 1091
1646514063031 0.07745569650963702 1092
1646514063148 0.07736632872702497 1093
1646514063177 0.07727683595354719 1094
1646514063227 0.07718721859794911 1095
1646514063257 0.07709747706954512 1096
1646514063293 0.07700761177821679 1097
1646514063319 0.0769176231344109 1098
1646514063351 0.07682751154913771 1099
1646514063463 0.07673727743396895 1100
1646514063504 0.07664692120103597 1101
1646514063535 0.07655644326302792 1102
1646514063564 0.07646584403318979 1103
1646514063594 0.07637512392532053 1104
1646514063628 0.07628428335377127 1105
1646514063660 0.07619332273344324 1106
1646514063778 0.07610224247978606 1107
1646514063796 0.07601104300879569 1108
1646514063846 0.07591972473701261 1109
1646514063878 0.07582828808151994 1110
1646514063909 0.07573673345994147 1111
1646514063942 0.07564506129043984 1112
1646514063978 0.07555327199171448 1113
1646514064078 0.07546136598299985 1114
1646514064116 0.07536934368406346 1115
1646514064148 0.07527720551520398 1116
1646514064182 0.07518495189724923 1117
1646514064213 0.07509258325155439 1118
1646514064245 0.0750001 1119
1646514064279 0.07490750256499003 1120
1646514064395 0.07481479136945 1121
1646514064436 0.07472196683682494 1122
1646514064467 0.07462902939107763 1123
1646514064497 0.0745359794566865 1124
1646514064528 0.07444281745864377 1125
1646514064559 0.07434954382245348 1126
1646514064595 0.07425615897412961 1127
1646514064731 0.07416266334019404 1128
1646514064762 0.07406905734767466 1129
1646514064795 0.0739753414241034 1130
1646514064836 0.07388151599751429 1131
1646514064879 0.07378758149644153 1132
1646514064934 0.07369353834991745 1133
1646514065011 0.07359938698747061 1134
1646514065265 0.07350512783912388 1135
1646514065315 0.07341076133539239 1136
1646514065383 0.07331628790728158 1137
1646514065439 0.07322170798628527 1138
1646514065507 0.07312702200438372 1139
1646514065546 0.07303223039404153 1140
1646514065593 0.0729373335882058 1141
1646514065731 0.07284233202030403 1142
1646514065781 0.07274722612424228 1143
1646514065812 0.07265201633440309 1144
1646514065871 0.07255670308564348 1145
1646514065902 0.07246128681329309 1146
1646514065962 0.07236576795315197 1147
1646514065993 0.07227014694148887 1148
1646514066146 0.07217442421503903 1149
1646514066199 0.07207860021100225 1150
1646514066230 0.07198267536704092 1151
1646514066268 0.07188665012127801 1152
1646514066315 0.07179052491229503 1153
1646514066409 0.07169430017913009 1154
1646514066470 0.07159797636127585 1155
1646514066694 0.07150155389867752 1156
1646514066751 0.07140503323173088 1157
1646514066816 0.07130841480128018 1158
1646514066878 0.07121169904861628 1159
1646514066939 0.0711148864154745 1160
1646514066971 0.07101797734403262 1161
1646514067016 0.07092097227690894 1162
1646514067132 0.07082387165716014 1163
1646514067184 0.07072667592827944 1164
1646514067216 0.07062938553419432 1165
1646514067246 0.07053200091926472 1166
1646514067285 0.07043452252828089 1167
1646514067321 0.0703369508064614 1168
1646514067370 0.07023928619945106 1169
1646514067505 0.07014152915331899 1170
1646514067547 0.07004368011455644 1171
1646514067586 0.06994573953007484 1172
1646514067616 0.06984770784720377 1173
1646514067647 0.06974958551368889 1174
1646514067694 0.06965137297768985 1175
1646514067741 0.06955307068777833 1176
1646514067876 0.06945467909293594 1177
1646514067902 0.06935619864255214 1178
1646514067934 0.06925762978642228 1179
1646514067986 0.06915897297474545 1180
1646514068033 0.06906022865812249 1181
1646514068070 0.0689613972875539 1182
1646514068101 0.06886247931443776 1183
1646514068231 0.06876347519056775 1184
1646514068272 0.06866438536813095 1185
1646514068304 0.06856521029970594 1186
1646514068343 0.06846595043826062 1187
1646514068371 0.06836660623715013 1188
1646514068403 0.06826717815011489 1189
1646514068435 0.06816766663127838 1190
1646514068545 0.0680680721351452 1191
1646514068591 0.06796839511659894 1192
1646514068608 0.06786863603090004 1193
1646514068650 0.06776879533368381 1194
1646514068718 0.06766887348095833 1195
1646514068771 0.06756887092910233 1196
1646514068833 0.06746878813486307 1197
1646514069042 0.0673686255553544 1198
1646514069068 0.0672683836480545 1199
1646514069123 0.06716806287080392 1200
1646514069154 0.06706766368180335 1201
1646514069196 0.06696718653961176 1202
1646514069239 0.06686663190314403 1203
1646514069279 0.06676600023166905 1204
1646514069423 0.06666529198480751 1205
1646514069457 0.06656450762252991 1206
1646514069504 0.06646364760515434 1207
1646514069536 0.06636271239334447 1208
1646514069582 0.06626170244810739 1209
1646514069623 0.06616061823079152 1210
1646514069670 0.06605946020308452 1211
1646514069809 0.06595822882701116 1212
1646514069844 0.06585692456493124 1213
1646514069881 0.06575554787953744 1214
1646514069931 0.0656540992338532 1215
1646514070051 0.06555257909123066 1216
1646514070105 0.0654509879153485 1217
1646514070162 0.06534932617020985 1218
1646514070397 0.06524759432014013 1219
1646514070430 0.06514579282978496 1220
1646514070454 0.06504392216410806 1221
1646514070490 0.06494198278838906 1222
1646514070536 0.06483997516822142 1223
1646514070556 0.06473789976951033 1224
1646514070587 0.06463575705847052 1225
1646514070699 0.06453354750162416 1226
1646514070733 0.06443127156579871 1227
1646514070770 0.06432892971812486 1228
1646514070799 0.0642265224260343 1229
1646514070830 0.06412405015725764 1230
1646514070869 0.06402151337982227 1231
1646514070900 0.06391891256205022 1232
1646514071013 0.06381624817255596 1233
1646514071054 0.06371352068024438 1234
1646514071086 0.06361073055430858 1235
1646514071111 0.06350787826422767 1236
1646514071154 0.06340496427976475 1237
1646514071176 0.06330198907096464 1238
1646514071207 0.06319895310815188 1239
1646514071324 0.06309585686192841 1240
1646514071354 0.06299270080317156 1241
1646514071401 0.06288948540303181 1242
1646514071448 0.06278621113293069 1243
1646514071487 0.06268287846455858 1244
1646514071526 0.06257948786987269 1245
1646514071576 0.06247603982109465 1246
1646514071678 0.0623725347907086 1247
1646514071718 0.062268973251458935 1248
1646514071750 0.06216535567634809 1249
1646514071777 0.062061682538634484 1250
1646514071808 0.06195795431183031 1251
1646514071847 0.061854171469699334 1252
1646514071877 0.06175033448625481 1253
1646514071998 0.06164644383575726 1254
1646514072042 0.06154249999271228 1255
1646514072077 0.06143850343186853 1256
1646514072102 0.061334454628215324 1257
1646514072133 0.06123035405698065 1258
1646514072166 0.06112620219362893 1259
1646514072208 0.06102199951385886 1260
1646514072303 0.060917746493601224 1261
1646514072347 0.06081344360901673 1262
1646514072378 0.06070909133649383 1263
1646514072432 0.060604690152646565 1264
1646514072519 0.06050024053431233 1265
1646514072623 0.0603957429585498 1266
1646514072737 0.060291197902636665 1267
1646514072952 0.060186605844067424 1268
1646514072990 0.06008196726055132 1269
1646514073048 0.059977282630010065 1270
1646514073105 0.059872552430575675 1271
1646514073143 0.05976777714058832 1272
1646514073176 0.059662957238594105 1273
1646514073225 0.059558093203342884 1274
1646514073334 0.05945318551378608 1275
1646514073373 0.0593482346490745 1276
1646514073416 0.0592432410885562 1277
1646514073439 0.05913820531177416 1278
1646514073470 0.05903312779846423 1279
1646514073501 0.05892800902855288 1280
1646514073533 0.05882284948215499 1281
1646514073635 0.05871764963957172 1282
1646514073674 0.05861240998128823 1283
1646514073717 0.05850713098797158 1284
1646514073799 0.05840181314046844 1285
1646514073849 0.05829645691980298 1286
1646514073904 0.05819106280717461 1287
1646514073975 0.058085631283955816 1288
1646514074146 0.057980162831689955 1289
1646514074185 0.057874657932089055 1290
1646514074216 0.05776911706703158 1291
1646514074254 0.05766354071856031 1292
1646514074285 0.057557929368880045 1293
1646514074337 0.057452283500355486 1294
1646514074369 0.05734660359550898 1295
1646514074490 0.0572408901370183 1296
1646514074534 0.05713514360771452 1297
1646514074565 0.057029364490579715 1298
1646514074605 0.056923553268744854 1299
1646514074637 0.056817710425487486 1300
1646514074686 0.05671183644422961 1301
1646514074717 0.05660593180853546 1302
1646514074824 0.056499997002109226 1303
1646514074866 0.05639403250879297 1304
1646514074902 0.05628803881256428 1305
1646514074938 0.05618201639753418 1306
1646514074986 0.05607596574794482 1307
1646514075049 0.0559698873481673 1308
1646514075102 0.05586378168269955 1309
1646514075312 0.055757649236163914 1310
1646514075357 0.05565149049330513 1311
1646514075389 0.05554530593898801 1312
1646514075413 0.055439096058195296 1313
1646514075444 0.055332861336025344 1314
1646514075478 0.05522660225769002 1315
1646514075509 0.05512031930851241 1316
1646514075618 0.05501401297392465 1317
1646514075659 0.05490768373946564 1318
1646514075690 0.054801332090778906 1319
1646514075719 0.054694958513610364 1320
1646514075758 0.054588563493806024 1321
1646514075798 0.0544821475173099 1322
1646514075829 0.05437571107016168 1323
1646514075939 0.054269254638494566 1324
1646514075982 0.05416277870853303 1325
1646514076013 0.05405628376659061 1326
1646514076047 0.053949770299067674 1327
1646514076074 0.053843238792449184 1328
1646514076108 0.0537366897333025 1329
1646514076139 0.053630123608275175 1330
1646514076259 0.053523540904092705 1331
1646514076279 0.05341694210755628 1332
1646514076314 0.053310327705540596 1333
1646514076359 0.05320369818499166 1334
1646514076390 0.05309705403292447 1335
1646514076418 0.05299039573642093 1336
1646514076449 0.05288372378262746 1337
1646514076559 0.05277703865875294 1338
1646514076598 0.05267034085206632 1339
1646514076631 0.052563630849894544 1340
1646514076666 0.052456909139620256 1341
1646514076697 0.052350176208679516 1342
1646514076731 0.05224343254455968 1343
1646514076760 0.052136678634797116 1344
1646514076869 0.05202991496697501 1345
1646514076913 0.05192314202872104 1346
1646514076944 0.05181636030770532 1347
1646514076974 0.051709570291638036 1348
1646514077005 0.051602772468267256 1349
1646514077042 0.051495967325376694 1350
1646514077075 0.05138915535078352 1351
1646514077186 0.05128233703233613 1352
1646514077224 0.05117551285791184 1353
1646514077259 0.05106868331541472 1354
1646514077290 0.0509618488927734 1355
1646514077321 0.05085501007793878 1356
1646514077359 0.05074816735888178 1357
1646514077391 0.05064132122359121 1358
1646514077591 0.05053447216007148 1359
1646514077638 0.05042762065634031 1360
1646514077693 0.05032076720042663 1361
1646514077756 0.05021391228036826 1362
1646514077794 0.05010705638420974 1363
1646514077840 0.0500002 1364
1646514077887 0.049893343615790266 1365
1646514077998 0.04978648771963174 1366
1646514078041 0.049679632799573374 1367
1646514078088 0.04957277934365971 1368
1646514078129 0.04946592783992853 1369
1646514078160 0.049359078776408785 1370
1646514078213 0.049252232641118235 1371
1646514078244 0.049145389922061224 1372
1646514078364 0.0490385511072266 1373
1646514078406 0.048931716684585284 1374
1646514078429 0.048824887142088165 1375
1646514078471 0.04871806296766387 1376
1646514078513 0.04861124464921647 1377
1646514078544 0.04850443267462332 1378
1646514078590 0.048397627531732754 1379
1646514078745 0.04829082970836198 1380
1646514078800 0.048184039692294685 1381
1646514078887 0.04807725797127896 1382
1646514078976 0.047970485033025013 1383
1646514079008 0.047863721365202894 1384
1646514079036 0.04775696745544034 1385
1646514079071 0.047650223791320494 1386
1646514079165 0.047543490860379754 1387
1646514079205 0.04743676915010546 1388
1646514079236 0.04733005914793368 1389
1646514079273 0.047223361341247085 1390
1646514079304 0.047116676217372554 1391
1646514079335 0.047010004263579076 1392
1646514079356 0.04690334596707554 1393
1646514079488 0.046796701815008356 1394
1646514079531 0.04669007229445942 1395
1646514079588 0.04658345789244373 1396
1646514079638 0.04647685909590729 1397
1646514079681 0.046370276391724835 1398
1646514079739 0.046263710266697504 1399
1646514079778 0.04615716120755084 1400
1646514079873 0.046050629700932336 1401
1646514079915 0.04594411623340938 1402
1646514079946 0.04583762129146698 1403
1646514079988 0.04573114536150543 1404
1646514080023 0.04562468892983833 1405
1646514080043 0.04551825248269011 1406
1646514080072 0.04541183650619397 1407
1646514080178 0.04530544148638965 1408
1646514080216 0.0451990679092211 1409
1646514080256 0.04509271626053438 1410
1646514080279 0.04498638702607535 1411
1646514080310 0.04488008069148759 1412
1646514080342 0.04477379774230999 1413
1646514080372 0.04466753866397466 1414
1646514080483 0.044561303941804714 1415
1646514080523 0.044455094061012 1416
1646514080556 0.0443489095066949 1417
1646514080588 0.0442427507638361 1418
1646514080634 0.04413661831730046 1419
1646514080656 0.0440305126518327 1420
1646514080688 0.04392443425205519 1421
1646514080816 0.04381838360246583 1422
1646514080858 0.043712361187435725 1423
1646514080904 0.04360636749120703 1424
1646514080941 0.04350040299789078 1425
1646514080987 0.04339446819146456 1426
1646514081034 0.043288563555770404 1427
1646514081070 0.04318268957451252 1428
1646514081280 0.04307684673125514 1429
1646514081338 0.042971035509420295 1430
1646514081391 0.042865256392285486 1431
1646514081473 0.042759509862981715 1432
1646514081524 0.04265379640449103 1433
1646514081582 0.04254811649964451 1434
1646514081632 0.04244247063111996 1435
1646514081827 0.04233685928143969 1436
1646514081888 0.04223128293296843 1437
1646514081947 0.042125742067910955 1438
1646514081990 0.042020237168310055 1439
1646514082041 0.04191476871604419 1440
1646514082091 0.041809337192825397 1441
1646514082122 0.041703943080197044 1442
1646514082284 0.041598586859531564 1443
1646514082333 0.04149326901202844 1444
1646514082364 0.04138799001871178 1445
1646514082415 0.041282750360428284 1446
1646514082449 0.04117755051784502 1447
1646514082519 0.04107239097144713 1448
1646514082560 0.04096727220153579 1449
1646514082786 0.04086219468822585 1450
1646514082918 0.040757158911443804 1451
1646514082964 0.04065216535092551 1452
1646514083011 0.04054721448621393 1453
1646514083062 0.04044230679665713 1454
1646514083123 0.040337442761405905 1455
1646514083188 0.04023262285941167 1456
1646514083389 0.04012784756942433 1457
1646514083441 0.04002311736998995 1458
1646514083494 0.0399184327394487 1459
1646514083540 0.039813794155932586 1460
1646514083570 0.03970920209736335 1461
1646514083601 0.039604657041450206 1462
1646514083636 0.03950015946568767 1463
1646514083739 0.03939570984735346 1464
1646514083769 0.03929130866350617 1465
1646514083818 0.039186956390983275 1466
1646514083846 0.039082653506398786 1467
1646514083884 0.03897840048614113 1468
1646514083910 0.03887419780637107 1469
1646514083941 0.03877004594301936 1470
1646514084048 0.0386659453717847 1471
1646514084092 0.03856189656813148 1472
1646514084123 0.03845790000728771 1473
1646514084146 0.03835395616424277 1474
1646514084185 0.03825006551374519 1475
1646514084218 0.038146228530300676 1476
1646514084250 0.0380424456881697 1477
1646514084369 0.03793871746136551 1478
1646514084406 0.037835044323651916 1479
1646514084438 0.037731426748541075 1480
1646514084469 0.037627865209291414 1481
1646514084503 0.03752436017890536 1482
1646514084532 0.037420912130127326 1483
1646514084569 0.03731752153544142 1484
1646514084679 0.03721418886706933 1485
1646514084719 0.03711091459696821 1486
1646514084750 0.037007699196828454 1487
1646514084787 0.03690454313807158 1488
1646514084818 0.036801446891848125 1489
1646514084870 0.03669841092903536 1490
1646514084901 0.036595435720235284 1491
1646514085072 0.036492521735772346 1492
1646514085150 0.036389669445691435 1493
1646514085201 0.036286879319755626 1494
1646514085272 0.03618415182744404 1495
1646514085326 0.0360814874379498 1496
1646514085372 0.03597888662017773 1497
1646514085404 0.03587634984274237 1498
1646514085541 0.035773877573965704 1499
1646514085580 0.03567147028187514 1500
1646514085620 0.035569128434201305 1501
1646514085656 0.03546685249837586 1502
1646514085698 0.0353646429415295 1503
1646514085741 0.03526250023048967 1504
1646514085791 0.03516042483177858 1505
1646514085926 0.03505841721161096 1506
1646514085953 0.034956477835891946 1507
1646514086000 0.034854607170215046 1508
1646514086041 0.03475280567985989 1509
1646514086073 0.03465107382979015 1510
1646514086104 0.03454941208465151 1511
1646514086142 0.03444782090876935 1512
1646514086304 0.03434630076614682 1513
1646514086372 0.03424485212046257 1514
1646514086484 0.03414347543506876 1515
1646514086518 0.03404217117298885 1516
1646514086548 0.03394093979691549 1517
1646514086584 0.0338397817692085 1518
1646514086613 0.03373869755189263 1519
1646514086743 0.03363768760665553 1520
1646514086790 0.033536752394845666 1521
1646514086831 0.033435892377470106 1522
1646514086878 0.0333351080151925 1523
1646514086939 0.033234399768330966 1524
1646514086986 0.03313376809685598 1525
1646514087026 0.03303321346038826 1526
1646514087143 0.03293273631819665 1527
1646514087185 0.032832337129196115 1528
1646514087216 0.03273201635194551 1529
1646514087238 0.03263177444464562 1530
1646514087283 0.03253161186513693 1531
1646514087304 0.03243152907089768 1532
1646514087349 0.03233152651904167 1533
1646514087521 0.032231604666316194 1534
1646514087575 0.03213176396909999 1535
1646514087624 0.03203200488340108 1536
1646514087673 0.031932327864854795 1537
1646514087716 0.03183273336872164 1538
1646514087751 0.03173322184988512 1539
1646514087783 0.031633793762849874 1540
1646514087885 0.0315344495617394 1541
1646514087924 0.031435189700294054 1542
1646514087958 0.03133601463186906 1543
1646514087997 0.031236924809432277 1544
1646514088034 0.031137920685562263 1545
1646514088085 0.03103900271244612 1546
1646514088136 0.03094017134187751 1547
1646514088258 0.030841427025254563 1548
1646514088295 0.030742770213577728 1549
1646514088333 0.030644201357447873 1550
1646514088362 0.030545720907064082 1551
1646514088386 0.030447329312221667 1552
1646514088417 0.030349027022310158 1553
1646514088456 0.030250814486311124 1554
1646514088562 0.030152692152796243 1555
1646514088602 0.030054660469925172 1556
1646514088641 0.02995671988544359 1557
1646514088703 0.02985887084668103 1558
1646514088788 0.029761113800548935 1559
1646514088859 0.02966344919353861 1560
1646514088921 0.029565877471719113 1561
1646514089119 0.029468399080735296 1562
1646514089177 0.02937101446580569 1563
1646514089215 0.029273724071720568 1564
1646514089262 0.02917652834283987 1565
1646514089315 0.02907942772309107 1566
1646514089347 0.0289824226559674 1567
1646514089393 0.02888551358452552 1568
1646514089549 0.028788700951383705 1569
1646514089581 0.028691985198719825 1570
1646514089612 0.028595366768269147 1571
1646514089658 0.02849884610132249 1572
1646514089693 0.028402423638724167 1573
1646514089732 0.028306099820869922 1574
1646514089794 0.028209875087704988 1575
1646514089985 0.02811374987872201 1576
1646514090057 0.028017724632959092 1577
1646514090115 0.027921799788997764 1578
1646514090219 0.02782597578496098 1579
1646514090282 0.02773025305851113 1580
1646514090332 0.027634632046848028 1581
1646514090434 0.027539113186706952 1582
1646514090557 0.027443696914356514 1583
1646514090598 0.02734838366559692 1584
1646514090629 0.027253173875757743 1585
1646514090664 0.027158067979695975 1586
1646514090695 0.027063066411794238 1587
1646514090739 0.02696816960595849 1588
1646514090782 0.026873377995616298 1589
1646514090898 0.026778692013714737 1590
1646514090932 0.026684112092718447 1591
1646514090971 0.026589638664607635 1592
1646514091007 0.02649527216087613 1593
1646514091029 0.02640101301252939 1594
1646514091066 0.026306861650082565 1595
1646514091097 0.026212818503558485 1596
1646514091290 0.02611888400248571 1597
1646514091329 0.026025058575896615 1598
1646514091364 0.02593134265232537 1599
1646514091400 0.02583773665980597 1600
1646514091436 0.025744241025870387 1601
1646514091485 0.02565085617754652 1602
1646514091519 0.02555758254135624 1603
1646514091656 0.025464420543313528 1604
1646514091688 0.025371370608922368 1605
1646514091714 0.025278433163175056 1606
1646514091745 0.025185608630550027 1607
1646514091776 0.02509289743500996 1608
1646514091814 0.025000300000000013 1609
1646514091846 0.024907816748445624 1610
1646514091981 0.024815448102750767 1611
1646514092014 0.02472319448479604 1612
1646514092046 0.024631056315936546 1613
1646514092079 0.02453903401700016 1614
1646514092115 0.024447128008285544 1615
1646514092149 0.024355338709560182 1616
1646514092180 0.024263666540058532 1617
1646514092286 0.02417211191848008 1618
1646514092329 0.024080675262987412 1619
1646514092361 0.023989356991204337 1620
1646514092400 0.023898157520213972 1621
1646514092446 0.023807077266556752 1622
1646514092499 0.023716116646228726 1623
1646514092592 0.023625276074679475 1624
1646514092789 0.023534555966810214 1625
1646514092825 0.0234439567369721 1626
1646514092856 0.02335347879896404 1627
1646514092920 0.02326312256603105 1628
1646514092951 0.023172888450862305 1629
1646514092998 0.023082776865589114 1630
1646514093036 0.02299278822178324 1631
1646514093159 0.022902922930454896 1632
1646514093185 0.022813181402050887 1633
1646514093229 0.022723564046452822 1634
1646514093282 0.022634071272975044 1635
1646514093338 0.02254470349036299 1636
1646514093370 0.022455461106791173 1637
1646514093411 0.02236634452986137 1638
1646514093570 0.02227735416660076 1639
1646514093613 0.022188490423460064 1640
1646514093644 0.02209975370631166 1641
1646514093688 0.022011144420447784 1642
1646514093729 0.021922662970578623 1643
1646514093775 0.021834309760830513 1644
1646514093919 0.02174608519474405 1645
1646514094152 0.0216579896752723 1646
1646514094203 0.02157002360477885 1647
1646514094241 0.02148218738503618 1648
1646514094298 0.021394481417223554 1649
1646514094330 0.02130690610192541 1650
1646514094373 0.02121946183912947 1651
1646514094405 0.021132149028224818 1652
1646514094528 0.02104496806800019 1653
1646514094573 0.020957919356642124 1654
1646514094604 0.020871003291733102 1655
1646514094651 0.020784220270249794 1656
1646514094682 0.020697570688561186 1657
1646514094723 0.02061105494242681 1658
1646514094767 0.02052467342699492 1659
1646514094937 0.020438426536800693 1660
1646514094992 0.02035231466576442 1661
1646514095044 0.020266338207189722 1662
1646514095080 0.02018049755376174 1663
1646514095110 0.0200947930975453 1664
1646514095164 0.020009225229983257 1665
1646514095194 0.01992379434189454 1666
1646514095312 0.019838500823472473 1667
1646514095360 0.019753345064282987 1668
1646514095377 0.019668327453262732 1669
1646514095423 0.019583448378717498 1670
1646514095451 0.019498708228320283 1671
1646514095494 0.0194141073891095 1672
1646514095541 0.01932964624748742 1673
1646514095713 0.019245325189218135 1674
1646514095749 0.01916114459942599 1675
1646514095802 0.01907710486259375 1676
1646514095849 0.018993206362560855 1677
1646514095892 0.018909449482521663 1678
1646514095925 0.0188258346050237 1679
1646514095968 0.018742362111965925 1680
1646514096072 0.018659032384596968 1681
1646514096116 0.0185758458035134 1682
1646514096184 0.018492802748657992 1683
1646514096239 0.018409903599317986 1684
1646514096292 0.01832714873412336 1685
1646514096355 0.018244538531045032 1686
1646514096422 0.018162073367393308 1687
1646514096751 0.01807975361981598 1688
1646514096813 0.017997579664296638 1689
1646514096881 0.017915551876153096 1690
1646514096924 0.017833670630035454 1691
1646514096980 0.017751936299924557 1692
1646514097026 0.01767034925913027 1693
1646514097066 0.017588909880289653 1694
1646514097184 0.01750761853536539 1695
1646514097229 0.017426475595644038 1696
1646514097261 0.017345481431734314 1697
1646514097292 0.01726463641356548 1698
1646514097339 0.01718394091038552 1699
1646514097377 0.017103395290759566 1700
1646514097431 0.017022999922568182 1701
1646514097647 0.016942755173005676 1702
1646514097710 0.016862661408578426 1703
1646514097789 0.0167827189951032 1704
1646514097842 0.016702928297705515 1705
1646514097903 0.01662328968081792 1706
1646514097968 0.01654380350817838 1707
1646514098047 0.016464470142828543 1708
1646514098336 0.016385289947112216 1709
1646514098457 0.016306263282673573 1710
1646514098554 0.016227390510455526 1711
1646514098596 0.016148671990698204 1712
1646514098647 0.016070108082937094 1713
1646514098699 0.015991699146001584 1714
1646514098749 0.01591344553801327 1715
1646514098889 0.015835347616384245 1716
1646514098936 0.01575740573781557 1717
1646514098992 0.015679620258295588 1718
1646514099032 0.015601991533098313 1719
1646514099103 0.015524519916781809 1720
1646514099154 0.015447205763186572 1721
1646514099245 0.01537004942543389 1722
1646514099438 0.015293051255924268 1723
1646514099499 0.015216211606335801 1724
1646514099539 0.015139530827622559 1725
1646514099590 0.015063009270012992 1726
1646514099641 0.014986647283008355 1727
1646514099669 0.01491044521538101 1728
1646514099709 0.01483440341517301 1729
1646514099810 0.014758522229694374 1730
1646514099849 0.01468280200552148 1731
1646514099869 0.014607243088495642 1732
1646514099911 0.014531845823721313 1733
1646514099942 0.014456610555564738 1734
1646514099975 0.01438153762765216 1735
1646514100006 0.014306627382868404 1736
1646514100125 0.01423188016335532 1737
1646514100173 0.014157296310510046 1738
1646514100220 0.014082876164983646 1739
1646514100257 0.014008620066679458 1740
1646514100294 0.013934528354751551 1741
1646514100328 0.013860601367603195 1742
1646514100360 0.01378683944288528 1743
1646514100470 0.013713242917494827 1744
1646514100505 0.01363981212757339 1745
1646514100538 0.013566547408505575 1746
1646514100583 0.013493449094917467 1747
1646514100625 0.013420517520675126 1748
1646514100671 0.013347753018883066 1749
1646514100704 0.013275155921882654 1750
1646514100805 0.01320272656125077 1751
1646514100863 0.013130465267798111 1752
1646514100929 0.013058372371567737 1753
1646514100979 0.012986448201833646 1754
1646514101019 0.012914693087099135 1755
1646514101061 0.012843107355095378 1756
1646514101086 0.012771691332779984 1757
1646514101225 0.012700445346335344 1758
1646514101271 0.012629369721167285 1759
1646514101323 0.01255846478190354 1760
1646514101382 0.012487730852392225 1761
1646514101486 0.012417168255700415 1762
1646514101588 0.012346777314112658 1763
1646514101661 0.012276558349129467 1764
1646514101881 0.012206511681465887 1765
1646514101961 0.012136637631050039 1766
1646514102017 0.012066936517021579 1767
1646514102075 0.011997408657730383 1768
1646514102122 0.011928054370734954 1769
1646514102170 0.011858873972801047 1770
1646514102220 0.011789867779900215 1771
1646514102337 0.011721036107208302 1772
1646514102370 0.011652379269104136 1773
1646514102419 0.011583897579167966 1774
1646514102458 0.011515591350180054 1775
1646514102512 0.01144746089411934 1776
1646514102672 0.01137950652216188 1777
1646514102829 0.011311728544679496 1778
1646514103075 0.01124412727123843 1779
1646514103139 0.011176703010597746 1780
1646514103204 0.011109456070708103 1781
1646514103269 0.011042386758710243 1782
1646514103329 0.010975495380933621 1783
1646514103385 0.010908782242895008 1784
1646514103409 0.010842247649297088 1785
1646514103538 0.010775891904027068 1786
1646514103577 0.010709715310155294 1787
1646514103609 0.010643718169933855 1788
1646514103650 0.010577900784795232 1789
1646514103677 0.010512263455350872 1790
1646514103719 0.010446806481389882 1791
1646514103748 0.010381530161877548 1792
1646514103870 0.010316434794954152 1793
1646514103912 0.010251520677933394 1794
1646514103943 0.010186788107301193 1795
1646514103976 0.010122237378714316 1796
1646514104029 0.010057868786998908 1797
1646514104063 0.009993682626149294 1798
1646514104094 0.009929679189326548 1799
1646514104213 0.009865858768857165 1800
1646514104256 0.009802221656231812 1801
1646514104291 0.00973876814210381 1802
1646514104329 0.009675498516288003 1803
1646514104360 0.009612413067759323 1804
1646514104399 0.009549512084651508 1805
1646514104426 0.009486795854255768 1806
1646514104552 0.009424264663019481 1807
1646514104590 0.009361918796544893 1808
1646514104626 0.009299758539587808 1809
1646514104666 0.009237784176056271 1810
1646514104693 0.009175995989009299 1811
1646514104736 0.009114394260655564 1812
1646514104772 0.009052979272352138 1813
1646514104898 0.008991751304603121 1814
1646514104944 0.008930710637058518 1815
1646514104976 0.008869857548512808 1816
1646514105030 0.008809192316903707 1817
1646514105062 0.008748715219311002 1818
1646514105100 0.008688426531955128 1819
1646514105126 0.008628326530196014 1820
1646514105341 0.008568415488531796 1821
1646514105418 0.00850869368059757 1822
1646514105480 0.008449161379164107 1823
1646514105541 0.008389818856136658 1824
1646514105615 0.008330666382553682 1825
1646514105657 0.008271704228585617 1826
1646514105716 0.008212932663533628 1827
1646514105859 0.008154351955828412 1828
1646514105907 0.008095962373028948 1829
1646514105942 0.00803776418182128 1830
1646514105999 0.00797975764801726 1831
1646514106053 0.007921943036553452 1832
1646514106096 0.007864320611489771 1833
1646514106133 0.007806890636008386 1834
1646514106258 0.0077496533724124754 1835
1646514106300 0.007692609082124989 1836
1646514106349 0.007635758025687573 1837
1646514106388 0.007579100462759275 1838
1646514106435 0.00752263665211534 1839
1646514106472 0.007466366851646166 1840
1646514106515 0.007410291318355963 1841
1646514106818 0.00735441030836168 1842
1646514106857 0.00729872407689185 1843
1646514106898 0.007243232878285297 1844
1646514106932 0.007187936965990127 1845
1646514106959 0.007132836592562487 1846
1646514107012 0.007077932009665416 1847
1646514107042 0.007023223468067726 1848
1646514107170 0.006968711217642824 1849
1646514107227 0.006914395507367594 1850
1646514107259 0.006860276585321247 1851
1646514107302 0.006806354698684202 1852
1646514107326 0.006752630093736909 1853
1646514107371 0.006699103015858823 1854
1646514107401 0.006645773709527192 1855
1646514107524 0.006592642418315927 1856
1646514107566 0.006539709384894633 1857
1646514107602 0.006486974851027303 1858
1646514107641 0.006434439057571355 1859
1646514107673 0.006382102244476517 1860
1646514107711 0.006329964650783642 1861
1646514107739 0.0062780265146237186 1862
1646514107859 0.0062262880732167295 1863
1646514107900 0.006174749562870569 1864
1646514107942 0.006123411218980016 1865
1646514107982 0.006072273276025566 1866
1646514108023 0.006021335967572434 1867
1646514108059 0.005970599526269472 1868
1646514108093 0.005920064183848099 1869
1646514108202 0.005869730171121236 1870
1646514108247 0.005819597717982258 1871
1646514108288 0.005769667053403953 1872
1646514108328 0.005719938405437472 1873
1646514108360 0.00567041200121127 1874
1646514108401 0.005621088066930097 1875
1646514108429 0.00557196682787394 1876
1646514108634 0.00552304850839702 1877
1646514108680 0.005474333331926713 1878
1646514108723 0.005425821520962636 1879
1646514108759 0.005377513297075492 1880
1646514108803 0.005329408880906164 1881
1646514108870 0.0052815084921647 1882
1646514108922 0.005233812349629216 1883
1646514109156 0.005186320671145013 1884
1646514109218 0.005139033673623512 1885
1646514109292 0.0050919515730412914 1886
1646514109343 0.005045074584439097 1887
1646514109395 0.004998402921920835 1888
1646514109451 0.004951936798652629 1889
1646514109500 0.004905676426861829 1890
1646514109648 0.004859622017836047 1891
1646514109689 0.004813773781922187 1892
1646514109726 0.0047681319285254875 1893
1646514109771 0.004722696666108572 1894
1646514109817 0.004677468202190451 1895
1646514109853 0.00463244674334567 1896
1646514109901 0.004587632495203288 1897
1646514110021 0.004543025662445922 1898
1646514110063 0.004498626448808909 1899
1646514110101 0.004454435057079256 1900
1646514110145 0.004410451689094834 1901
1646514110216 0.004366676545743354 1902
1646514110264 0.0043231098269614805 1903
1646514110318 0.004279751731733984 1904
1646514110622 0.004236602458092715 1905
1646514110693 0.0041936622031157915 1906
1646514110744 0.004150931162926686 1907
1646514110804 0.004108409532693276 1908
1646514110863 0.0040660975066270045 1909
1646514110910 0.004023995277981982 1910
1646514110960 0.003982103039054096 1911
1646514111094 0.003940420981180137 1912
1646514111153 0.0038989492947369194 1913
1646514111197 0.003857688169140423 1914
1646514111253 0.003816637792844913 1915
1646514111284 0.00377579835334211 1916
1646514111330 0.00373517003716026 1917
1646514111380 0.0036947530298633907 1918
1646514111494 0.0036545475160503875 1919
1646514111588 0.0036145536793541415 1920
1646514111651 0.003574771702440786 1921
1646514111701 0.003535201767008779 1922
1646514111738 0.00349584405378811 1923
1646514111787 0.0034566987425395223 1924
1646514111827 0.0034177660120535704 1925
1646514111976 0.0033790460401499356 1926
1646514112025 0.003340539003676524 1927
1646514112083 0.0033022450785087005 1928
1646514112148 0.00326416443954847 1929
1646514112202 0.003226297260723691 1930
1646514112245 0.003188643714987268 1931
1646514112303 0.0031512039743163667 1932
1646514112478 0.0031139782097116277 1933
1646514112517 0.003076966591196388 1934
1646514112561 0.0030401692878159097 1935
1646514112603 0.0030035864676365917 1936
1646514112670 0.0029672182977452154 1937
1646514112795 0.0029310649442481776 1938
1646514112917 0.0028951265722707256 1939
1646514113474 0.0028594033459562232 1940
1646514113604 0.0028238954284653906 1941
1646514113805 0.0027886029819755172 1942
1646514113889 0.0027535261676798223 1943
1646514113956 0.002718665145786594 1944
1646514114103 0.002684020075518547 1945
1646514114250 0.0026495911151120937 1946
1646514114688 0.0026153784218165463 1947
1646514114761 0.002581382151893477 1948
1646514114891 0.0025476024606159702 1949
1646514114996 0.0025140395022679213 1950
1646514115102 0.0024806934301433276 1951
1646514115208 0.0024475643965455826 1952
1646514115297 0.002414652552786793 1953
1646514115672 0.0023819580491870867 1954
1646514115751 0.002349481035073915 1955
1646514115804 0.00231722165878138 1956
1646514115864 0.0022851800676495487 1957
1646514115925 0.0022533564080238037 1958
1646514116126 0.002221750825254118 1959
1646514116176 0.0021903634636944807 1960
1646514116449 0.0021591944667021562 1961
1646514116514 0.0021282439766370474 1962
1646514116607 0.0020975121348611055 1963
1646514116674 0.0020669990817375784 1964
1646514116770 0.0020367049566304674 1965
1646514116855 0.0020066298979038613 1966
1646514116936 0.0019767740429212414 1967
1646514117198 0.0019471375280449726 1968
1646514117288 0.0019177204886355577 1969
1646514117356 0.0018885230590511169 1970
1646514117517 0.0018595453726467156 1971
1646514117587 0.0018307875617737757 1972
1646514117646 0.0018022497577794773 1973
1646514117701 0.0017739320910061408 1974
1646514117921 0.001745834690790645 1975
1646514117974 0.0017179576854638337 1976
1646514118034 0.0016903012023499315 1977
1646514118120 0.0016628653677659558 1978
1646514118180 0.0016356503070211353 1979
1646514118250 0.0016086561444163695 1980
1646514118313 0.0015818830032436025 1981
1646514118549 0.0015553310057853343 1982
1646514118604 0.0015290002733139942 1983
1646514118663 0.001502890926091412 1984
1646514118713 0.0014770030833683087 1985
1646514118773 0.001451336863383674 1986
1646514118815 0.0014258923833642832 1987
1646514118861 0.0014006697595241656 1988
1646514118995 0.0013756691070640143 1989
1646514119041 0.001350890540170732 1990
1646514119088 0.0013263341720168647 1991
1646514119124 0.001302000114760097 1992
1646514119219 0.0012778884795427512 1993
1646514119294 0.0012539993764912555 1994
1646514119365 0.0012303329147156609 1995
1646514119590 0.0012068892023091413 1996
1646514119637 0.0011836683463474773 1997
1646514119669 0.0011606704528886013 1998
1646514119715 0.0011378956269720922 1999
1646514119746 0.001115343972618703 2000
1646514119782 0.0010930155928298624 2001
1646514119815 0.0010709105895872686 2002
1646514119953 0.0010490290638523229 2003
1646514119999 0.0010273711155657703 2004
1646514120031 0.0010059368436471814 2005
1646514120087 0.0009847263459945043 2006
1646514120131 0.000963739719483664 2007
1646514120171 0.0009429770599680519 2008
1646514120202 0.0009224384622781263 2009
1646514120337 0.0009021240202210126 2010
1646514120363 0.0008820338265799817 2011
1646514120410 0.0008621679731141276 2012
1646514120458 0.0008425265505578737 2013
1646514120489 0.0008231096486206064 2014
1646514120519 0.0008039173559862364 2015
1646514120550 0.0007849497603128103 2016
1646514120675 0.0007662069482320886 2017
1646514120717 0.000747689005349185 2018
1646514120748 0.0007293960162421442 2019
1646514120784 0.0007113280644615651 2020
1646514120826 0.0006934852325302335 2021
1646514120873 0.0006758676019427177 2022
1646514120917 0.0006584752531650071 2023
1646514121185 0.0006413082656341742 2024
1646514121256 0.000624366717757974 2025
1646514121298 0.0006076506869144732 2026
1646514121344 0.0005911602494517659 2027
1646514121397 0.0005748954806875473 2028
1646514121440 0.0005588564549088189 2029
1646514121503 0.0005430432453715275 2030
1646514121767 0.000527455924300238 2031
1646514121813 0.0005120945628878062 2032
1646514121869 0.0004969592312950392 2033
1646514121924 0.00048204999865039655 2034
1646514121989 0.00046736693304965705 2035
1646514122065 0.0004529101015556186 2036
1646514122111 0.00043867957019777656 2037
1646514122276 0.0004246754039720515 2038
1646514122323 0.00041089766684046205 2039
1646514122384 0.00039734642173083583 2040
1646514122431 0.00038402173053654333 2041
1646514122481 0.0003709236541162035 2042
1646514122529 0.00035805225229340067 2043
1646514122580 0.00034540758385641823 2044
1646514122764 0.0003329897065579498 2045
1646514122809 0.0003207986771148884 2046
1646514122851 0.000308834551207999 2047
1646514122902 0.0002970973834817017 2048
1646514123016 0.00028558722754385015 2049
1646514123092 0.0002743041359654092 2050
1646514123139 0.000263248160280283 2051
1646514123366 0.0002524193509850653 2052
1646514123401 0.00024181775753877825 2053
1646514123438 0.00023144342836267835 2054
1646514123476 0.00022129641084003433 2055
1646514123520 0.00021137675131588292 2056
1646514123563 0.00020168449509684564 2057
1646514123597 0.00019221968645092346 2058
1646514123731 0.00018298236860725802 2059
1646514123767 0.00017397258375597622 2060
1646514123807 0.00016519037304798495 2061
1646514123855 0.00015663577659475998 2062
1646514123874 0.00014830883346820726 2063
1646514123911 0.0001402095817004298 2064
1646514123942 0.00013233805828360547 2065
1646514124058 0.0001246942991697873 2066
1646514124098 0.00011727833927074226 2067
1646514124129 0.00011009021245781277 2068
1646514124169 0.00010312995156173331 2069
1646514124200 9.639758837249167e-05 2070
1646514124238 8.989315363919581e-05 2071
1646514124274 8.361667706991835e-05 2072
1646514124390 7.756818733155786e-05 2073
1646514124437 7.174771204972772e-05 2074
1646514124481 6.61552778086175e-05 2075
1646514124522 6.0790910150865196e-05 2076
1646514124550 5.565463357745169e-05 2077
1646514124578 5.07464715475788e-05 2078
1646514124610 4.606644647856922e-05 2079
1646514124732 4.161457974577774e-05 2080
1646514124772 3.7390891682458074e-05 2081
1646514124803 3.339540157970169e-05 2082
1646514124839 2.9628127686337992e-05 2083
1646514124866 2.6089087208845458e-05 2084
1646514124907 2.2778296311290572e-05 2085
1646514124938 1.9695770115227916e-05 2086
1646514125054 1.6841522699655765e-05 2087
1646514125093 1.4215567100938363e-05 2088
1646514125124 1.181791531276152e-05 2089
1646514125159 9.64857828603824e-06 2090
1646514125190 7.707565928919825e-06 2091
1646514125267 5.9948871066904034e-06 2092
1646514125329 4.51054964177248e-06 2093
1646514125529 3.2545603136603254e-06 2094
1646514125552 2.226924858908874e-06 2095
1646514125592 1.427647971089312e-06 2096
1646514125634 8.567333007890797e-07 2097
1646514125692 5.141834555785649e-07 2098
1646514125721 4.0000000000000003e-07 2099
1646514125768 5.141834555785649e-07 2100
