1646514004139 1.3979933261871338 0
1646514004455 1.3821219205856323 1
1646514004765 1.3370962142944336 2
1646514005117 1.3119537830352783 3
1646514005712 1.2974635362625122 4
1646514006211 1.2768449783325195 5
1646514006653 1.2457566261291504 6
1646514007056 1.2256234884262085 7
1646514007400 1.2088483572006226 8
1646514007731 1.1959205865859985 9
1646514008088 1.1435531377792358 10
1646514008458 1.103236198425293 11
1646514008739 1.0944386720657349 12
1646514009217 1.0531525611877441 13
1646514009567 1.0037059783935547 14
1646514009924 0.9849967360496521 15
1646514010302 0.9259548187255859 16
1646514010714 0.8807784914970398 17
1646514011080 0.8589844703674316 18
1646514011394 0.8278526663780212 19
1646514011748 0.8246649503707886 20
1646514012123 0.8187953233718872 21
1646514012521 0.7162270545959473 22
1646514013029 0.722949206829071 23
1646514013425 0.739512026309967 24
1646514013782 0.6968247890472412 25
1646514014479 0.6911187171936035 26
1646514014830 0.6511317491531372 27
1646514015251 0.7195909023284912 28
1646514015680 0.6474281549453735 29
1646514015998 0.621371865272522 30
1646514016465 0.6004997491836548 31
1646514017021 0.5801908373832703 32
1646514017432 0.5425482988357544 33
1646514017916 0.5758718848228455 34
1646514018404 0.5411435961723328 35
1646514018816 0.5110432505607605 36
1646514019129 0.5185899138450623 37
1646514019547 0.5304908156394958 38
1646514019920 0.5171458125114441 39
1646514020332 0.5062089562416077 40
1646514020974 0.5157273411750793 41
1646514021377 0.4638480842113495 42
1646514021744 0.4857463538646698 43
1646514022315 0.5273823738098145 44
1646514022613 0.4754836857318878 45
1646514023049 0.43922707438468933 46
1646514023438 0.41617676615715027 47
1646514023789 0.3813879191875458 48
1646514024235 0.47392943501472473 49
1646514024646 0.42206647992134094 50
1646514025025 0.398825466632843 51
1646514025480 0.4078506529331207 52
1646514025895 0.3846946954727173 53
1646514026193 0.40440696477890015 54
1646514026496 0.48200833797454834 55
1646514026794 0.39513498544692993 56
1646514027139 0.38488104939460754 57
1646514027439 0.36616644263267517 58
1646514027755 0.3432252109050751 59
1646514028272 0.3287345767021179 60
1646514028639 0.29064688086509705 61
1646514028977 0.3130704462528229 62
1646514029428 0.2781633734703064 63
1646514029722 0.24646227061748505 64
1646514030024 0.32818084955215454 65
1646514030331 0.34400686621665955 66
1646514030626 0.29174697399139404 67
1646514030951 0.2961611747741699 68
1646514031329 0.2840648889541626 69
1646514031912 0.313486248254776 70
1646514032292 0.27188175916671753 71
1646514032661 0.26810863614082336 72
1646514033197 0.21417254209518433 73
1646514033562 0.22369875013828278 74
1646514033968 0.31296008825302124 75
1646514034431 0.31793212890625 76
1646514034811 0.2920401692390442 77
1646514035357 0.23368142545223236 78
1646514035795 0.270806223154068 79
1646514036159 0.275106817483902 80
1646514036684 0.1990784853696823 81
1646514036984 0.18059033155441284 82
1646514037301 0.28215688467025757 83
1646514037601 0.19235414266586304 84
1646514037920 0.16412588953971863 85
1646514038217 0.17596353590488434 86
1646514038544 0.21922579407691956 87
1646514038843 0.18230049312114716 88
1646514039355 0.20046156644821167 89
1646514039759 0.1849815547466278 90
1646514040126 0.1333039551973343 91
1646514040599 0.1810733824968338 92
1646514040904 0.12756499648094177 93
1646514041213 0.14502468705177307 94
1646514041514 0.19283393025398254 95
1646514041815 0.1810094565153122 96
1646514042114 0.18112313747406006 97
1646514042430 0.17301928997039795 98
1646514042879 0.1274176836013794 99
1646514043289 0.18842123448848724 100
1646514043643 0.3147698938846588 101
1646514044143 0.12934544682502747 102
1646514044444 0.10232549160718918 103
1646514044760 0.0991293415427208 104
1646514045060 0.16764210164546967 105
1646514045360 0.11628419905900955 106
1646514045660 0.11079982668161392 107
1646514045976 0.0961255133152008 108
1646514046437 0.15402382612228394 109
1646514046867 0.10202967375516891 110
1646514047241 0.10954632610082626 111
1646514047671 0.1692424863576889 112
1646514048039 0.11354327201843262 113
1646514048344 0.0860254317522049 114
1646514048641 0.08532363176345825 115
1646514048988 0.10188596695661545 116
1646514049354 0.1124623641371727 117
1646514049723 0.1801508665084839 118
1646514050197 0.0876842513680458 119
1646514050683 0.06309082359075546 120
1646514051047 0.07523860782384872 121
1646514051533 0.052875369787216187 122
1646514051843 0.08644390106201172 123
1646514052163 0.10558666288852692 124
1646514052462 0.08332611620426178 125
1646514052781 0.10342227667570114 126
1646514053099 0.0701228454709053 127
1646514053425 0.0736294761300087 128
1646514053742 0.06193758547306061 129
1646514054243 0.05823283642530441 130
1646514054624 0.0458059124648571 131
1646514055039 0.06408099085092545 132
1646514055430 0.05286692827939987 133
1646514055731 0.12696799635887146 134
1646514056034 0.044119808822870255 135
1646514056332 0.06409739702939987 136
1646514056650 0.08295365422964096 137
1646514056964 0.03984984755516052 138
1646514057267 0.08433371037244797 139
1646514057755 0.0715733990073204 140
1646514058131 0.05717730149626732 141
1646514058491 0.06898093223571777 142
1646514058994 0.12106631696224213 143
1646514059297 0.09134160727262497 144
1646514059597 0.059209275990724564 145
1646514059898 0.046223774552345276 146
1646514060211 0.028672782704234123 147
1646514060497 0.03127116709947586 148
1646514060812 0.035763636231422424 149
1646514061128 0.06481852382421494 150
1646514061622 0.029323698952794075 151
1646514061991 0.020784420892596245 152
1646514062324 0.02472832053899765 153
1646514062792 0.027856877073645592 154
1646514063128 0.06605969369411469 155
1646514063432 0.049004632979631424 156
1646514063735 0.04234515130519867 157
1646514064053 0.05976638197898865 158
1646514064360 0.09033984690904617 159
1646514064679 0.04307179898023605 160
1646514065212 0.05667967349290848 161
1646514065693 0.02697913721203804 162
1646514066113 0.02831404283642769 163
1646514066639 0.06682230532169342 164
1646514067101 0.02687849849462509 165
1646514067470 0.02674468420445919 166
1646514067838 0.025093432515859604 167
1646514068186 0.055950313806533813 168
1646514068521 0.0406358428299427 169
1646514068995 0.03945491835474968 170
1646514069390 0.06032105162739754 171
1646514069770 0.07223355025053024 172
1646514070358 0.047952014952898026 173
1646514070672 0.019219812005758286 174
1646514070985 0.041865356266498566 175
1646514071286 0.04336852580308914 176
1646514071650 0.020415998995304108 177
1646514071964 0.041254084557294846 178
1646514072277 0.03248947486281395 179
1646514072901 0.07539038360118866 180
1646514073300 0.034249529242515564 181
1646514073601 0.038465335965156555 182
1646514074100 0.028499290347099304 183
1646514074464 0.016456736251711845 184
1646514074786 0.017057539895176888 185
1646514075289 0.013374323025345802 186
1646514075593 0.0898393914103508 187
1646514075910 0.02796216867864132 188
1646514076221 0.01883584074676037 189
1646514076534 0.009664070792496204 190
1646514076842 0.020543543621897697 191
1646514077159 0.024741671979427338 192
1646514077538 0.024741720408201218 193
1646514077970 0.036005500704050064 194
1646514078333 0.03520168364048004 195
1646514078682 0.02185771055519581 196
1646514079139 0.026717649772763252 197
1646514079443 0.020543977618217468 198
1646514079842 0.03302345797419548 199
1646514080156 0.025352831929922104 200
1646514080456 0.03577756881713867 201
1646514080788 0.027286801487207413 202
1646514081212 0.03718957677483559 203
1646514081777 0.02176392450928688 204
1646514082242 0.051628582179546356 205
1646514082744 0.050120022147893906 206
1646514083334 0.03071838617324829 207
1646514083711 0.03039654716849327 208
1646514084025 0.018001213669776917 209
1646514084339 0.02221292443573475 210
1646514084651 0.027306266129016876 211
1646514085017 0.025792451575398445 212
1646514085503 0.04209090769290924 213
1646514085892 0.021425442770123482 214
1646514086236 0.031923990696668625 215
1646514086697 0.039132412523031235 216
1646514087111 0.022778216749429703 217
1646514087474 0.026036152616143227 218
1646514087860 0.022802449762821198 219
1646514088221 0.06205324828624725 220
1646514088536 0.02216360904276371 221
1646514089077 0.029030421748757362 222
1646514089493 0.013791084289550781 223
1646514089930 0.03363243490457535 224
1646514090531 0.019569680094718933 225
1646514090863 0.027912046760320663 226
1646514091238 0.010966621339321136 227
1646514091616 0.027757950127124786 228
1646514091933 0.061120323836803436 229
1646514092262 0.027930665761232376 230
1646514092737 0.04046275466680527 231
1646514093113 0.01776270382106304 232
1646514093514 0.017687490209937096 233
1646514094076 0.012249428778886795 234
1646514094503 0.03587019816040993 235
1646514094877 0.03378814831376076 236
1646514095283 0.025184938684105873 237
1646514095671 0.023684153333306313 238
1646514096052 0.031942009925842285 239
1646514096668 0.017000041902065277 240
1646514097145 0.016480157151818275 241
1646514097561 0.02408548630774021 242
1646514098283 0.014279592782258987 243
1646514098852 0.02079128473997116 244
1646514099377 0.02849840745329857 245
1646514099785 0.0553327277302742 246
1646514100085 0.016293630003929138 247
1646514100442 0.0069739241153001785 248
1646514100769 0.009518463164567947 249
1646514101180 0.012205111794173717 250
1646514101810 0.010290829464793205 251
1646514102311 0.016230836510658264 252
1646514102945 0.017923541367053986 253
1646514103499 0.014953671023249626 254
1646514103827 0.010243379510939121 255
1646514104159 0.010643250308930874 256
1646514104510 0.012258144095540047 257
1646514104853 0.015460122376680374 258
1646514105242 0.03641180694103241 259
1646514105811 0.011789887212216854 260
1646514106212 0.015864308923482895 261
1646514106767 0.026792041957378387 262
1646514107127 0.009705983102321625 263
1646514107487 0.023533394560217857 264
1646514107810 0.00666309567168355 265
1646514108171 0.0092219403013587 266
1646514108560 0.022585315629839897 267
1646514109095 0.023725435137748718 268
1646514109608 0.02006436698138714 269
1646514109986 0.011796490289270878 270
1646514110551 0.012709989212453365 271
1646514111069 0.029181241989135742 272
1646514111453 0.02722318284213543 273
1646514111929 0.012632220052182674 274
1646514112443 0.025596948340535164 275
1646514113336 0.016400668770074844 276
1646514114572 0.016201896592974663 277
1646514115598 0.017775770276784897 278
1646514116395 0.016817213967442513 279
1646514117131 0.009927544742822647 280
1646514117870 0.015205079689621925 281
1646514118493 0.01489256788045168 282
1646514118950 0.008681233040988445 283
1646514119566 0.02405928261578083 284
1646514119915 0.010864434763789177 285
1646514120289 0.022362593561410904 286
1646514120647 0.006491986569017172 287
1646514121094 0.036363836377859116 288
1646514121710 0.02401226945221424 289
1646514122237 0.016712382435798645 290
1646514122723 0.04945860430598259 291
1646514123325 0.016479339450597763 292
1646514123692 0.02403632365167141 293
1646514124025 0.028944801539182663 294
1646514124358 0.023908361792564392 295
1646514124700 0.016440842300653458 296
1646514125032 0.008109640330076218 297
1646514125482 0.01596873253583908 298
1646514125865 0.03206368163228035 299
