1646514001466 0.95 0
1646514002939 0.9499993783330846 1
1646514003022 0.9499975133477971 2
1646514003072 0.9499944050905136 3
1646514003100 0.9499900536385262 4
1646514003150 0.9499844591000408 5
1646514003185 0.9499776216141751 6
1646514003216 0.9499695413509548 7
1646514004182 0.949960218511309 8
1646514004208 0.9499496533270657 9
1646514004255 0.9499378460609461 10
1646514004284 0.9499247970065575 11
1646514004308 0.9499105064883867 12
1646514004351 0.9498949748617913 13
1646514004382 0.9498782025129912 14
1646514004508 0.949860189859059 15
1646514004533 0.9498409373479095 16
1646514004564 0.9498204454582888 17
1646514004604 0.949798714699762 18
1646514004640 0.9497757456127007 19
1646514004669 0.94975153876827 20
1646514004701 0.9497260947684136 21
1646514004808 0.9496994142458393 22
1646514004845 0.9496714978640027 23
1646514004876 0.9496423463170918 24
1646514004915 0.9496119603300086 25
1646514004950 0.9495803406583515 26
1646514004988 0.9495474880883967 27
1646514005025 0.9495134034370785 28
1646514005202 0.9494780875519688 29
1646514005284 0.9494415413112564 30
1646514005341 0.9494037656237247 31
1646514005392 0.9493647614287297 32
1646514005460 0.949324529696176 33
1646514005523 0.9492830714264932 34
1646514005581 0.9492403876506104 35
1646514005772 0.9491964794299315 36
1646514005829 0.9491513478563078 37
1646514005887 0.9491049940520119 38
1646514005945 0.9490574191697085 39
1646514005998 0.9490086243924272 40
1646514006055 0.9489586109335315 41
1646514006098 0.9489073800366903 42
1646514006270 0.9488549329758454 43
1646514006321 0.9488012710551812 44
1646514006350 0.9487463956090911 45
1646514006397 0.9486903080021453 46
1646514006437 0.948633009629056 47
1646514006466 0.9485745019146433 48
1646514006500 0.9485147863137998 49
1646514006722 0.9484538643114538 50
1646514006805 0.9483917374225332 51
1646514006844 0.9483284071919273 52
1646514006875 0.9482638751944483 53
1646514006916 0.9481981430347927 54
1646514006954 0.9481312123475005 55
1646514006989 0.9480630847969159 56
1646514007121 0.9479937620771444 57
1646514007164 0.9479232459120117 58
1646514007207 0.9478515380550205 59
1646514007242 0.947778640289307 60
1646514007277 0.9477045544275962 61
1646514007310 0.9476292823121573 62
1646514007323 0.9475528258147576 63
1646514007452 0.9474751868366162 64
1646514007483 0.9473963673083565 65
1646514007527 0.9473163691899582 66
1646514007549 0.9472351944707085 67
1646514007592 0.947152845169153 68
1646514007626 0.9470693233330452 69
1646514007656 0.9469846310392954 70
1646514007782 0.9468987703939197 71
1646514007819 0.9468117435319868 72
1646514007856 0.9467235526175657 73
1646514007892 0.9466341998436714 74
1646514007931 0.9465436874322102 75
1646514007985 0.9464520176339251 76
1646514008016 0.9463591927283393 77
1646514008137 0.9462652150236998 78
1646514008175 0.9461700868569197 79
1646514008230 0.9460738105935204 80
1646514008284 0.9459763886275725 81
1646514008328 0.9458778233816366 82
1646514008349 0.9457781173067029 83
1646514008380 0.94567727288213 84
1646514008499 0.9455752926155836 85
1646514008524 0.9454721790429741 86
1646514008555 0.9453679347283932 87
1646514008592 0.9452625622640507 88
1646514008624 0.9451560642702095 89
1646514008651 0.945048443395121 90
1646514008683 0.9449397023149583 91
1646514008792 0.944829843733751 92
1646514008824 0.9447188703833168 93
1646514008855 0.9446067850231942 94
1646514008892 0.9444935904405733 95
1646514008939 0.9443792894502276 96
1646514009026 0.9442638848944427 97
1646514009077 0.9441473796429463 98
1646514009278 0.9440297765928368 99
1646514009313 0.9439110786685114 100
1646514009345 0.9437912888215928 101
1646514009388 0.9436704100308564 102
1646514009419 0.9435484453021562 103
1646514009462 0.9434253976683494 104
1646514009504 0.9433012701892219 105
1646514009620 0.9431760659514115 106
1646514009660 0.9430497880683315 107
1646514009688 0.9429224396800933 108
1646514009743 0.9427940239534279 109
1646514009774 0.9426645440816077 110
1646514009809 0.942534003284367 111
1646514009840 0.9424024048078212 112
1646514009973 0.9422697519243874 113
1646514009997 0.9421360479327019 114
1646514010028 0.9420012961575386 115
1646514010073 0.9418654999497261 116
1646514010121 0.941728662686065 117
1646514010156 0.9415907877692434 118
1646514010188 0.941451878627752 119
1646514010432 0.9413119387157997 120
1646514010483 0.9411709715132269 121
1646514010515 0.9410289805254195 122
1646514010546 0.9408859692832215 123
1646514010576 0.9407419413428472 124
1646514010609 0.9405969002857928 125
1646514010636 0.9404508497187474 126
1646514010763 0.9403037932735031 127
1646514010804 0.9401557346068651 128
1646514010836 0.9400066774005603 129
1646514010874 0.9398566253611461 130
1646514010914 0.9397055822199181 131
1646514010974 0.9395535517328171 132
1646514011009 0.939400537680336 133
1646514011125 0.9392465438674261 134
1646514011164 0.9390915741234015 135
1646514011198 0.9389356323018446 136
1646514011217 0.9387787222805106 137
1646514011248 0.9386208479612299 138
1646514011294 0.9384620132698124 139
1646514011315 0.9383022221559488 140
1646514011441 0.9381414785931133 141
1646514011478 0.9379797865784638 142
1646514011518 0.9378171501327436 143
1646514011554 0.9376535733001805 144
1646514011591 0.9374890601483866 145
1646514011631 0.9373236147682574 146
1646514011671 0.9371572412738697 147
1646514011804 0.9369899438023792 148
1646514011842 0.936821726513918 149
1646514011879 0.9366525935914912 150
1646514011923 0.9364825492408725 151
1646514011968 0.9363115976904997 152
1646514012007 0.9361397431913695 153
1646514012043 0.9359669900169325 154
1646514012212 0.9357933424629858 155
1646514012261 0.9356188048475672 156
1646514012312 0.9354433815108469 157
1646514012346 0.9352670768150204 158
1646514012383 0.9350898951441995 159
1646514012416 0.9349118409043036 160
1646514012449 0.9347329185229498 161
1646514012561 0.9345531324493432 162
1646514012599 0.9343724871541659 163
1646514012639 0.9341909871294659 164
1646514012702 0.934008636888546 165
1646514012768 0.9338254409658502 166
1646514012827 0.9336414039168526 167
1646514012883 0.9334565303179428 168
1646514013091 0.9332708247663131 169
1646514013141 0.933084291879843 170
1646514013191 0.9328969362969856 171
1646514013226 0.9327087626766517 172
1646514013266 0.9325197756980937 173
1646514013301 0.9323299800607899 174
1646514013342 0.9321393804843269 175
1646514013477 0.9319479817082827 176
1646514013521 0.9317557884921089 177
1646514013558 0.9315628056150119 178
1646514013597 0.9313690378758346 179
1646514013642 0.9311744900929366 180
1646514013677 0.9309791671040749 181
1646514013709 0.9307830737662829 182
1646514013827 0.9305862149557502 183
1646514013861 0.9303885955677015 184
1646514013907 0.9301902205162739 185
1646514013974 0.9299910947343957 186
1646514014210 0.9297912231736634 187
1646514014267 0.9295906108042183 188
1646514014330 0.9293892626146236 189
1646514014560 0.9291871836117395 190
1646514014602 0.9289843788205991 191
1646514014630 0.9287808532842836 192
1646514014676 0.9285766120637968 193
1646514014707 0.928371660237939 194
1646514014731 0.9281660029031811 195
1646514014762 0.9279596451735372 196
1646514014887 0.9277525921804387 197
1646514014946 0.927544849072605 198
1646514014988 0.9273364210159172 199
1646514015044 0.9271273131932879 200
1646514015098 0.9269175308045341 201
1646514015139 0.9267070790662464 202
1646514015184 0.9264959632116602 203
1646514015304 0.9262841884905252 204
1646514015367 0.9260717601689749 205
1646514015430 0.9258586835293956 206
1646514015485 0.9256449638702953 207
1646514015530 0.9254306065061715 208
1646514015590 0.9252156167673797 209
1646514015627 0.9249999999999999 210
1646514015733 0.9247837615657049 211
1646514015754 0.9245669068416256 212
1646514015786 0.9243494412202183 213
1646514015831 0.9241313701091305 214
1646514015862 0.9239126989310659 215
1646514015895 0.9236934331236499 216
1646514015931 0.9234735781392945 217
1646514016050 0.9232531394450625 218
1646514016075 0.9230321225225315 219
1646514016120 0.9228105328676581 220
1646514016166 0.9225883759906404 221
1646514016216 0.9223656574157816 222
1646514016279 0.9221423826813525 223
1646514016329 0.9219185573394538 224
1646514016547 0.9216941869558779 225
1646514016597 0.9214692771099704 226
1646514016649 0.9212438333944919 227
1646514016707 0.9210178614154783 228
1646514016789 0.9207913667921016 229
1646514016841 0.9205643551565306 230
1646514016882 0.9203368321537899 231
1646514017084 0.9201088034416208 232
1646514017125 0.9198802746903394 233
1646514017175 0.9196512515826961 234
1646514017216 0.9194217398137348 235
1646514017267 0.9191917450906499 236
1646514017318 0.9189612731326464 237
1646514017349 0.9187303296707956 238
1646514017489 0.9184989204478939 239
1646514017540 0.9182670512183198 240
1646514017606 0.9180347277478902 241
1646514017637 0.9178019558137178 242
1646514017684 0.9175687412040671 243
1646514017731 0.9173350897182103 244
1646514017768 0.9171010071662834 245
1646514017994 0.9168664993691414 246
1646514018044 0.9166315721582141 247
1646514018096 0.9163962313753602 248
1646514018191 0.916160482872723 249
1646514018241 0.9159243325125842 250
1646514018285 0.9156877861672185 251
1646514018325 0.9154508497187474 252
1646514018454 0.9152135290589928 253
1646514018499 0.9149758300893309 254
1646514018530 0.9147377587205452 255
1646514018570 0.9144993208726793 256
1646514018601 0.9142605224748901 257
1646514018648 0.9140213694653001 258
1646514018685 0.9137818677908499 259
1646514018869 0.9135420234071502 260
1646514018891 0.9133018422783337 261
1646514018923 0.9130613303769068 262
1646514018969 0.9128204936836014 263
1646514019001 0.9125793381872254 264
1646514019034 0.9123378698845146 265
1646514019065 0.9120960947799833 266
1646514019169 0.9118540188857749 267
1646514019209 0.9116116482215121 268
1646514019257 0.9113689888141481 269
1646514019305 0.9111260466978157 270
1646514019351 0.910882827913678 271
1646514019398 0.9106393385097781 272
1646514019446 0.910395584540888 273
1646514019593 0.9101515720683587 274
1646514019629 0.9099073071599698 275
1646514019660 0.9096627958897776 276
1646514019699 0.9094180443379648 277
1646514019735 0.9091730585906891 278
1646514019793 0.9089278447399318 279
1646514019834 0.9086824088833465 280
1646514019986 0.9084367571241072 281
1646514020037 0.9081908955707568 282
1646514020074 0.9079448303370551 283
1646514020099 0.9076985675418267 284
1646514020132 0.9074521133088087 285
1646514020163 0.907205473766499 286
1646514020202 0.9069586550480032 287
1646514020409 0.9067116632908827 288
1646514020478 0.9064645046370017 289
1646514020557 0.9062171852323743 290
1646514020621 0.9059697112270122 291
1646514020683 0.9057220887747716 292
1646514020744 0.9054743240331998 293
1646514020809 0.9052264231633826 294
1646514021038 0.9049783923297908 295
1646514021092 0.9047302377001268 296
1646514021144 0.9044819654451717 297
1646514021203 0.9042335817386311 298
1646514021232 0.9039850927569826 299
1646514021263 0.9037365046793212 300
1646514021301 0.9034878236872063 301
1646514021415 0.9032390559645076 302
1646514021460 0.9029902076972517 303
1646514021491 0.902741285073468 304
1646514021528 0.9024922942830348 305
1646514021559 0.9022432415175257 306
1646514021600 0.9019941329700553 307
1646514021644 0.9017449748351251 308
1646514021812 0.9014957733084699 309
1646514021925 0.9012465345869036 310
1646514022041 0.9009972648681649 311
1646514022089 0.9007479703507631 312
1646514022132 0.9004986572338246 313
1646514022179 0.9002493317169379 314
1646514022220 0.8999999999999999 315
1646514022345 0.899750668283062 316
1646514022388 0.8995013427661753 317
1646514022404 0.8992520296492368 318
1646514022446 0.899002735131835 319
1646514022473 0.8987534654130963 320
1646514022513 0.8985042266915301 321
1646514022544 0.8982550251648749 322
1646514022670 0.8980058670299448 323
1646514022704 0.8977567584824743 324
1646514022750 0.8975077057169651 325
1646514022803 0.897258714926532 326
1646514022844 0.8970097923027482 327
1646514022888 0.8967609440354923 328
1646514022936 0.8965121763127937 329
1646514023082 0.8962634953206787 330
1646514023120 0.8960149072430174 331
1646514023159 0.8957664182613688 332
1646514023201 0.8955180345548283 333
1646514023250 0.8952697622998731 334
1646514023291 0.8950216076702091 335
1646514023338 0.8947735768366173 336
1646514023501 0.8945256759668001 337
1646514023541 0.8942779112252284 338
1646514023581 0.8940302887729877 339
1646514023599 0.8937828147676257 340
1646514023646 0.8935354953629984 341
1646514023673 0.8932883367091172 342
1646514023705 0.8930413449519967 343
1646514023837 0.892794526233501 344
1646514023876 0.8925478866911912 345
1646514023911 0.8923014324581733 346
1646514023945 0.8920551696629448 347
1646514023973 0.8918091044292431 348
1646514024014 0.8915632428758927 349
1646514024084 0.8913175911166534 350
1646514024306 0.8910721552600681 351
1646514024367 0.8908269414093108 352
1646514024417 0.8905819556620351 353
1646514024461 0.8903372041102223 354
1646514024496 0.8900926928400301 355
1646514024536 0.8898484279316412 356
1646514024577 0.8896044154591121 357
1646514024703 0.8893606614902219 358
1646514024730 0.8891171720863219 359
1646514024777 0.8888739533021842 360
1646514024821 0.8886310111858519 361
1646514024862 0.8883883517784879 362
1646514024903 0.8881459811142252 363
1646514024946 0.8879039052200166 364
1646514025072 0.8876621301154852 365
1646514025127 0.8874206618127746 366
1646514025164 0.8871795063163985 367
1646514025207 0.8869386696230931 368
1646514025248 0.8866981577216662 369
1646514025298 0.8864579765928498 370
1646514025329 0.88621813220915 371
1646514025565 0.8859786305346998 372
1646514025660 0.8857394775251098 373
1646514025699 0.8855006791273207 374
1646514025730 0.8852622412794547 375
1646514025760 0.885024169910669 376
1646514025792 0.8847864709410072 377
1646514025826 0.8845491502812526 378
1646514025938 0.8843122138327815 379
1646514025962 0.8840756674874157 380
1646514025994 0.8838395171272769 381
1646514026030 0.8836037686246397 382
1646514026061 0.8833684278417859 383
1646514026100 0.8831335006308585 384
1646514026131 0.8828989928337165 385
1646514026247 0.8826649102817896 386
1646514026270 0.8824312587959329 387
1646514026301 0.8821980441862821 388
1646514026341 0.8819652722521097 389
1646514026362 0.8817329487816802 390
1646514026402 0.881501079552106 391
1646514026433 0.8812696703292043 392
1646514026546 0.8810387268673535 393
1646514026566 0.88080825490935 394
1646514026598 0.8805782601862653 395
1646514026638 0.8803487484173038 396
1646514026662 0.8801197253096605 397
1646514026698 0.8798911965583791 398
1646514026730 0.87966316784621 399
1646514026856 0.8794356448434694 400
1646514026894 0.8792086332078983 401
1646514026941 0.8789821385845217 402
1646514026983 0.878756166605508 403
1646514027014 0.8785307228900295 404
1646514027039 0.878305813044122 405
1646514027081 0.8780814426605461 406
1646514027185 0.8778576173186474 407
1646514027206 0.8776343425842184 408
1646514027255 0.8774116240093596 409
1646514027286 0.8771894671323418 410
1646514027324 0.8769678774774684 411
1646514027355 0.8767468605549374 412
1646514027386 0.8765264218607054 413
1646514027492 0.87630656687635 414
1646514027524 0.8760873010689341 415
1646514027555 0.8758686298908694 416
1646514027588 0.8756505587797816 417
1646514027624 0.8754330931583744 418
1646514027653 0.8752162384342951 419
1646514027684 0.875 420
1646514027818 0.8747843832326203 421
1646514027878 0.8745693934938285 422
1646514027941 0.8743550361297047 423
1646514027998 0.8741413164706043 424
1646514028064 0.8739282398310251 425
1646514028136 0.8737158115094747 426
1646514028185 0.8735040367883398 427
1646514028313 0.8732929209337535 428
1646514028353 0.8730824691954658 429
1646514028390 0.872872686806712 430
1646514028436 0.8726635789840828 431
1646514028479 0.8724551509273949 432
1646514028521 0.8722474078195612 433
1646514028563 0.8720403548264626 434
1646514028692 0.8718339970968189 435
1646514028728 0.8716283397620609 436
1646514028759 0.8714233879362031 437
1646514028803 0.8712191467157163 438
1646514028822 0.8710156211794009 439
1646514028871 0.8708128163882605 440
1646514028906 0.8706107373853763 441
1646514029078 0.8704093891957816 442
1646514029127 0.8702087768263366 443
1646514029190 0.8700089052656043 444
1646514029249 0.8698097794837261 445
1646514029295 0.8696114044322985 446
1646514029326 0.8694137850442496 447
1646514029350 0.869216926233717 448
1646514029469 0.869020832895925 449
1646514029493 0.8688255099070633 450
1646514029524 0.8686309621241654 451
1646514029567 0.868437194384988 452
1646514029599 0.868244211507891 453
1646514029629 0.8680520182917172 454
1646514029650 0.8678606195156731 455
1646514029750 0.86767001993921 456
1646514029788 0.8674802243019062 457
1646514029820 0.8672912373233482 458
1646514029866 0.8671030637030144 459
1646514029897 0.8669157081201571 460
1646514029932 0.866729175233687 461
1646514029950 0.8665434696820571 462
1646514030067 0.8663585960831474 463
1646514030091 0.8661745590341497 464
1646514030122 0.865991363111454 465
1646514030150 0.865809012870534 466
1646514030197 0.8656275128458341 467
1646514030229 0.8654468675506567 468
1646514030250 0.8652670814770501 469
1646514030369 0.8650881590956964 470
1646514030401 0.8649101048558004 471
1646514030432 0.8647329231849795 472
1646514030467 0.864556618489153 473
1646514030498 0.8643811951524327 474
1646514030532 0.8642066575370141 475
1646514030551 0.8640330099830674 476
1646514030675 0.8638602568086304 477
1646514030702 0.8636884023095003 478
1646514030733 0.8635174507591274 479
1646514030773 0.8633474064085087 480
1646514030804 0.8631782734860819 481
1646514030842 0.8630100561976208 482
1646514030867 0.8628427587261303 483
1646514030991 0.8626763852317425 484
1646514031011 0.8625109398516133 485
1646514031051 0.8623464266998194 486
1646514031097 0.8621828498672562 487
1646514031142 0.8620202134215361 488
1646514031191 0.8618585214068867 489
1646514031231 0.8616977778440511 490
1646514031401 0.8615379867301876 491
1646514031442 0.86137915203877 492
1646514031530 0.8612212777194893 493
1646514031665 0.8610643676981553 494
1646514031724 0.8609084258765984 495
1646514031766 0.8607534561325738 496
1646514031827 0.8605994623196639 497
1646514031956 0.860446448267183 498
1646514031998 0.860294417780082 499
1646514032045 0.8601433746388538 500
1646514032082 0.8599933225994396 501
1646514032129 0.8598442653931349 502
1646514032169 0.8596962067264968 503
1646514032216 0.8595491502812526 504
1646514032333 0.8594030997142071 505
1646514032365 0.8592580586571528 506
1646514032420 0.8591140307167784 507
1646514032461 0.8589710194745804 508
1646514032501 0.858829028486773 509
1646514032532 0.8586880612842003 510
1646514032574 0.8585481213722479 511
1646514032738 0.8584092122307565 512
1646514032814 0.8582713373139349 513
1646514032864 0.8581345000502738 514
1646514032926 0.8579987038424614 515
1646514032973 0.857863952067298 516
1646514033031 0.8577302480756125 517
1646514033099 0.8575975951921787 518
1646514033240 0.857465996715633 519
1646514033278 0.8573354559183922 520
1646514033325 0.857205976046572 521
1646514033366 0.8570775603199067 522
1646514033410 0.8569502119316684 523
1646514033450 0.8568239340485885 524
1646514033479 0.856698729810778 525
1646514033618 0.8565746023316505 526
1646514033657 0.8564515546978437 527
1646514033710 0.8563295899691435 528
1646514033751 0.8562087111784071 529
1646514033794 0.8560889213314885 530
1646514033828 0.8559702234071631 531
1646514033859 0.8558526203570537 532
1646514034036 0.8557361151055572 533
1646514034094 0.8556207105497723 534
1646514034148 0.8555064095594266 535
1646514034191 0.8553932149768058 536
1646514034257 0.8552811296166831 537
1646514034307 0.8551701562662489 538
1646514034348 0.8550602976850417 539
1646514034479 0.854951556604879 540
1646514034519 0.8548439357297904 541
1646514034571 0.8547374377359492 542
1646514034613 0.8546320652716067 543
1646514034644 0.8545278209570258 544
1646514034680 0.8544247073844163 545
1646514034727 0.8543227271178699 546
1646514034857 0.854221882693297 547
1646514034896 0.8541221766183633 548
1646514034952 0.8540236113724274 549
1646514034993 0.8539261894064796 550
1646514035039 0.8538299131430802 551
1646514035086 0.8537347849763002 552
1646514035138 0.8536408072716606 553
1646514035423 0.8535479823660749 554
1646514035496 0.8534563125677898 555
1646514035533 0.8533658001563286 556
1646514035575 0.8532764473824342 557
1646514035615 0.8531882564680131 558
1646514035659 0.8531012296060803 559
1646514035696 0.8530153689607045 560
1646514035844 0.8529306766669548 561
1646514035868 0.8528471548308469 562
1646514035915 0.8527648055292915 563
1646514035960 0.8526836308100417 564
1646514036007 0.8526036326916434 565
1646514036043 0.8525248131633837 566
1646514036074 0.8524471741852423 567
1646514036209 0.8523707176878427 568
1646514036243 0.8522954455724038 569
1646514036290 0.8522213597106929 570
1646514036324 0.8521484619449794 571
1646514036370 0.8520767540879882 572
1646514036401 0.8520062379228556 573
1646514036490 0.851936915203084 574
1646514036729 0.8518687876524994 575
1646514036760 0.8518018569652073 576
1646514036784 0.8517361248055516 577
1646514036825 0.8516715928080726 578
1646514036857 0.8516082625774667 579
1646514036884 0.8515461356885461 580
1646514036915 0.8514852136862001 581
1646514037040 0.8514254980853566 582
1646514037063 0.851366990370944 583
1646514037100 0.8513096919978547 584
1646514037141 0.8512536043909088 585
1646514037172 0.8511987289448187 586
1646514037206 0.8511450670241545 587
1646514037237 0.8510926199633096 588
1646514037349 0.8510413890664684 589
1646514037371 0.8509913756075728 590
1646514037416 0.8509425808302914 591
1646514037449 0.8508950059479881 592
1646514037485 0.8508486521436921 593
1646514037520 0.8508035205700685 594
1646514037536 0.8507596123493896 595
1646514037658 0.8507169285735068 596
1646514037685 0.850675470303824 597
1646514037717 0.8506352385712702 598
1646514037751 0.8505962343762752 599
1646514037782 0.8505584586887436 600
1646514037815 0.8505219124480311 601
1646514037846 0.8504865965629215 602
1646514037960 0.8504525119116032 603
1646514037986 0.8504196593416484 604
1646514038017 0.8503880396699913 605
1646514038057 0.850357653682908 606
1646514038086 0.8503285021359972 607
1646514038122 0.8503005857541607 608
1646514038153 0.8502739052315863 609
1646514038267 0.8502484612317299 610
1646514038288 0.8502242543872992 611
1646514038335 0.850201285300238 612
1646514038373 0.8501795545417112 613
1646514038402 0.8501590626520904 614
1646514038444 0.850139810140941 615
1646514038475 0.8501217974870088 616
1646514038586 0.8501050251382086 617
1646514038609 0.8500894935116132 618
1646514038640 0.8500752029934424 619
1646514038678 0.8500621539390538 620
1646514038702 0.8500503466729342 621
1646514038741 0.850039781488691 622
1646514038772 0.8500304586490451 623
1646514038939 0.8500223783858248 624
1646514038993 0.8500155408999591 625
1646514039058 0.8500099463614738 626
1646514039112 0.8500055949094864 627
1646514039169 0.8500024866522028 628
1646514039229 0.8500006216669154 629
1646514039258 0.8500001141839123 630
1646514039407 0.8500004567351277 631
1646514039461 0.8500010276520816 632
1646514039499 0.8500018269321666 633
1646514039539 0.850002854571732 634
1646514039579 0.850004110566084 635
1646514039625 0.8500055949094864 636
1646514039672 0.8500073075951593 637
1646514039816 0.8500092486152805 638
1646514039860 0.8500114179609846 639
1646514039891 0.8500138156223634 640
1646514039939 0.850016441588466 641
1646514039971 0.8500192958472986 642
1646514040012 0.8500223783858248 643
1646514040055 0.8500256891899656 644
1646514040223 0.8500292282445993 645
1646514040292 0.8500329955335618 646
1646514040402 0.8500369910396466 647
1646514040439 0.8500412147446047 648
1646514040470 0.850045666629145 649
1646514040508 0.8500503466729342 650
1646514040527 0.8500552548545969 651
1646514040644 0.8500603911517155 652
1646514040684 0.8500657555408307 653
1646514040712 0.8500713479974417 654
1646514040747 0.8500771684960056 655
1646514040778 0.8500832170099379 656
1646514040808 0.8500894935116132 657
1646514040828 0.8500959979723643 658
1646514040948 0.8501027303624832 659
1646514040971 0.8501096906512204 660
1646514041013 0.850116878806786 661
1646514041050 0.850124294796349 662
1646514041082 0.850131938586038 663
1646514041113 0.850139810140941 664
1646514041144 0.8501479094251059 665
1646514041255 0.8501562364015404 666
1646514041280 0.8501647910322121 667
1646514041313 0.8501735732780491 668
1646514041344 0.8501825830989397 669
1646514041376 0.8501918204537328 670
1646514041413 0.850201285300238 671
1646514041445 0.8502109775952262 672
1646514041557 0.8502208972944292 673
1646514041582 0.85023104435254 674
1646514041613 0.8502414187232137 675
1646514041655 0.8502520203590664 676
1646514041686 0.850262849211677 677
1646514041713 0.8502739052315863 678
1646514041745 0.8502851883682973 679
1646514041858 0.850296698570276 680
1646514041890 0.8503084357849511 681
1646514041929 0.8503203999587147 682
1646514041965 0.850332591036922 683
1646514041996 0.8503450089638922 684
1646514042015 0.850357653682908 685
1646514042046 0.8503705251362167 686
1646514042170 0.8503836232650296 687
1646514042193 0.8503969480095228 688
1646514042230 0.8504104993088377 689
1646514042264 0.8504242771010805 690
1646514042295 0.850438281323323 691
1646514042330 0.8504525119116032 692
1646514042361 0.8504669688009249 693
1646514042473 0.850481651925258 694
1646514042509 0.8504965612175399 695
1646514042531 0.8505116966096742 696
1646514042579 0.8505270580325324 697
1646514042646 0.8505426454159531 698
1646514042715 0.8505584586887436 699
1646514042776 0.8505744977786787 700
1646514042943 0.8505907626125022 701
1646514042989 0.8506072531159269 702
1646514043020 0.8506239692136348 703
1646514043068 0.8506409108292775 704
1646514043104 0.8506580778854765 705
1646514043139 0.850675470303824 706
1646514043189 0.8506930880048822 707
1646514043334 0.8507109309081852 708
1646514043374 0.8507289989322379 709
1646514043421 0.8507472919945172 710
1646514043460 0.8507658100114721 711
1646514043490 0.8507845528985244 712
1646514043528 0.8508035205700685 713
1646514043559 0.8508227129394723 714
1646514043690 0.8508421299190775 715
1646514043728 0.8508617714201998 716
1646514043775 0.8508816373531294 717
1646514043807 0.8509017276271315 718
1646514043838 0.8509220421504468 719
1646514043921 0.8509425808302914 720
1646514043980 0.850963343572858 721
1646514044199 0.8509843302833157 722
1646514044219 0.8510055408658106 723
1646514044266 0.8510269752234666 724
1646514044296 0.8510486332583853 725
1646514044328 0.8510705148716468 726
1646514044362 0.8510926199633096 727
1646514044378 0.8511149484324124 728
1646514044498 0.8511375001769728 729
1646514044533 0.851160275093989 730
1646514044564 0.8511832730794398 731
1646514044597 0.8512064940282852 732
1646514044628 0.851229937834467 733
1646514044662 0.8512536043909088 734
1646514044678 0.8512774935895171 735
1646514044799 0.8513016053211814 736
1646514044828 0.8513259394757747 737
1646514044860 0.8513504959421545 738
1646514044903 0.8513752746081624 739
1646514044928 0.8514002753606256 740
1646514044970 0.8514254980853566 741
1646514045001 0.8514509426671544 742
1646514045108 0.8514766089898043 743
1646514045131 0.8515024969360792 744
1646514045174 0.8515286063877395 745
1646514045210 0.8515549372255342 746
1646514045229 0.8515814893292009 747
1646514045276 0.8516082625774667 748
1646514045291 0.8516352568480485 749
1646514045412 0.851662472017654 750
1646514045432 0.8516899079619817 751
1646514045479 0.851717564555722 752
1646514045512 0.8517454416725573 753
1646514045545 0.8517735391851629 754
1646514045576 0.8518018569652073 755
1646514045591 0.8518303948833533 756
1646514045711 0.851859152809258 757
1646514045734 0.8518881306115735 758
1646514045765 0.8519173281579482 759
1646514045806 0.8519467453150262 760
1646514045830 0.851976381948449 761
1646514045875 0.8520062379228556 762
1646514045906 0.8520363131018829 763
1646514046030 0.852066607348167 764
1646514046077 0.8520971205233432 765
1646514046124 0.852127852488047 766
1646514046163 0.8521588031019145 767
1646514046203 0.8521899722235834 768
1646514046252 0.8522213597106929 769
1646514046303 0.8522529654198855 770
1646514046519 0.8522847892068064 771
1646514046570 0.8523168309261051 772
1646514046620 0.8523490904314356 773
1646514046664 0.8523815675754574 774
1646514046705 0.8524142622098356 775
1646514046748 0.8524471741852423 776
1646514046780 0.8524803033513567 777
1646514046908 0.8525136495568661 778
1646514046948 0.8525472126494665 779
1646514046986 0.8525809924758634 780
1646514047018 0.852614988881772 781
1646514047065 0.8526492017119189 782
1646514047112 0.8526836308100417 783
1646514047148 0.8527182760188906 784
1646514047283 0.8527531371802285 785
1646514047324 0.8527882141348321 786
1646514047364 0.8528235067224923 787
1646514047397 0.8528590147820153 788
1646514047428 0.8528947381512233 789
1646514047479 0.8529306766669548 790
1646514047526 0.8529668301650658 791
1646514047772 0.8530031984804305 792
1646514047820 0.8530397814469417 793
1646514047852 0.853076578897512 794
1646514047880 0.8531135906640742 795
1646514047912 0.8531508165775826 796
1646514047945 0.8531882564680131 797
1646514047977 0.8532259101643643 798
1646514048085 0.8532637774946584 799
1646514048106 0.8533018582859418 800
1646514048137 0.853340152364286 801
1646514048179 0.8533786595547881 802
1646514048210 0.8534173796815723 803
1646514048246 0.8534563125677898 804
1646514048261 0.8534954580356202 805
1646514048385 0.8535348159062723 806
1646514048409 0.8535743859999848 807
1646514048437 0.8536141681360266 808
1646514048481 0.8536541621326988 809
1646514048515 0.8536943678073345 810
1646514048545 0.8537347849763002 811
1646514048576 0.8537754134549959 812
1646514048681 0.8538162530578571 813
1646514048722 0.8538573035983548 814
1646514048753 0.8538985648889964 815
1646514048799 0.8539400367413271 816
1646514048837 0.8539817189659299 817
1646514048882 0.8540236113724274 818
1646514048913 0.854065713769482 819
1646514049034 0.8541080259647971 820
1646514049082 0.8541505477651177 821
1646514049121 0.8541932789762317 822
1646514049155 0.8542362194029703 823
1646514049202 0.8542793688492094 824
1646514049239 0.8543227271178699 825
1646514049270 0.8543662940109193 826
1646514049410 0.8544100693293721 827
1646514049441 0.8544540528732907 828
1646514049472 0.8544982444417867 829
1646514049523 0.8545426438330213 830
1646514049561 0.8545872508442066 831
1646514049607 0.8546320652716067 832
1646514049644 0.8546770869105381 833
1646514049766 0.8547223155553707 834
1646514049797 0.8547677509995295 835
1646514049839 0.8548133930354943 836
1646514049879 0.8548592414548019 837
1646514049923 0.854905296048046 838
1646514049992 0.854951556604879 839
1646514050055 0.8549980229140125 840
1646514050298 0.8550446947632181 841
1646514050367 0.855091571939329 842
1646514050410 0.8551386542282404 843
1646514050461 0.8551859414149107 844
1646514050511 0.8552334332833623 845
1646514050566 0.8552811296166831 846
1646514050618 0.8553290301970269 847
1646514050737 0.8553771348056147 848
1646514050779 0.8554254432227355 849
1646514050810 0.8554739552277476 850
1646514050860 0.8555226705990794 851
1646514050895 0.8555715891142304 852
1646514050934 0.8556207105497723 853
1646514050979 0.85567003468135 854
1646514051098 0.8557195612836825 855
1646514051123 0.8557692901305645 856
1646514051170 0.8558192209948662 857
1646514051221 0.8558693536485358 858
1646514051252 0.8559196878625995 859
1646514051295 0.8559702234071631 860
1646514051358 0.8560209600514126 861
1646514051586 0.8560718975636158 862
1646514051622 0.8561230357111228 863
1646514051653 0.8561743742603676 864
1646514051687 0.8562259129768686 865
1646514051718 0.8562776516252302 866
1646514051754 0.8563295899691434 867
1646514051777 0.8563817277713875 868
1646514051894 0.8564340647938306 869
1646514051929 0.8564866007974304 870
1646514051962 0.8565393355422368 871
1646514051996 0.856592268787391 872
1646514052027 0.8566454002911283 873
1646514052062 0.856698729810778 874
1646514052093 0.8567522571027653 875
1646514052206 0.8568059819226118 876
1646514052228 0.8568599040249373 877
1646514052262 0.8569140231634602 878
1646514052305 0.8569683390909991 879
1646514052336 0.857022851559474 880
1646514052362 0.8570775603199067 881
1646514052393 0.8571324651224229 882
1646514052515 0.857187565716253 883
1646514052541 0.8572428618497326 884
1646514052578 0.8572983532703049 885
1646514052612 0.8573540397245205 886
1646514052643 0.8574099209580398 887
1646514052679 0.857465996715633 888
1646514052710 0.8575222667411823 889
1646514052822 0.8575787307776823 890
1646514052846 0.8576353885672419 891
1646514052878 0.8576922398510843 892
1646514052918 0.8577492843695499 893
1646514052950 0.8578065218620958 894
1646514052986 0.857863952067298 895
1646514053017 0.8579215747228524 896
1646514053148 0.8579793895655755 897
1646514053187 0.8580373963314065 898
1646514053219 0.858095594755408 899
1646514053256 0.8581539845717667 900
1646514053294 0.8582125655137957 901
1646514053328 0.8582713373139348 902
1646514053359 0.8583302997037525 903
1646514053463 0.8583894524139463 904
1646514053493 0.8584487951743448 905
1646514053524 0.8585083277139084 906
1646514053563 0.8585680497607309 907
1646514053595 0.8586279610420402 908
1646514053628 0.8586880612842003 909
1646514053659 0.8587483502127118 910
1646514053800 0.8588088275522139 911
1646514053863 0.8588694930264849 912
1646514053942 0.8589303463584439 913
1646514053999 0.8589913872701522 914
1646514054054 0.8590526154828141 915
1646514054126 0.8591140307167784 916
1646514054167 0.8591756326915401 917
1646514054300 0.8592374211257408 918
1646514054321 0.8592993957371707 919
1646514054368 0.8593615562427699 920
1646514054411 0.8594239023586289 921
1646514054442 0.8594864337999909 922
1646514054477 0.8595491502812526 923
1646514054527 0.8596120515159653 924
1646514054677 0.8596751372168369 925
1646514054703 0.8597384070957321 926
1646514054750 0.8598018608636753 927
1646514054793 0.8598654982308501 928
1646514054824 0.8599293189066022 929
1646514054859 0.8599933225994396 930
1646514054904 0.8600575090170349 931
1646514055100 0.8601218778662257 932
1646514055171 0.8601864288530165 933
1646514055230 0.8602511616825801 934
1646514055261 0.8603160760592583 935
1646514055305 0.8603811716865643 936
1646514055330 0.8604464482671829 937
1646514055369 0.8605119055029729 938
1646514055473 0.8605775430949676 939
1646514055495 0.8606433607433768 940
1646514055531 0.8607093581475879 941
1646514055572 0.8607755350061671 942
1646514055603 0.8608418910168611 943
1646514055630 0.8609084258765984 944
1646514055662 0.8609751392814907 945
1646514055769 0.861042030926834 946
1646514055797 0.8611091005071101 947
1646514055831 0.8611763477159886 948
1646514055869 0.8612437722463274 949
1646514055901 0.8613113737901746 950
1646514055931 0.86137915203877 951
1646514055962 0.8614471066825461 952
1646514056075 0.8615152374111297 953
1646514056096 0.8615835439133436 954
1646514056131 0.8616520258772076 955
1646514056177 0.8617206829899402 956
1646514056209 0.86178951493796 957
1646514056231 0.8618585214068867 958
1646514056263 0.8619277020815432 959
1646514056382 0.8619970566459569 960
1646514056406 0.8620665847833607 961
1646514056447 0.8621362861761948 962
1646514056482 0.8622061605061079 963
1646514056517 0.8622762074539593 964
1646514056547 0.8623464266998194 965
1646514056579 0.8624168179229721 966
1646514056689 0.8624873808019154 967
1646514056726 0.8625581150143635 968
1646514056748 0.8626290202372482 969
1646514056794 0.8627000961467199 970
1646514056825 0.8627713424181496 971
1646514056859 0.8628427587261303 972
1646514056890 0.862914344744478 973
1646514057008 0.8629861001462342 974
1646514057032 0.8630580246036661 975
1646514057063 0.8631301177882692 976
1646514057102 0.8632023793707683 977
1646514057132 0.8632748090211187 978
1646514057171 0.8633474064085087 979
1646514057187 0.8634201712013599 980
1646514057309 0.8634931030673297 981
1646514057333 0.8635662016733122 982
1646514057380 0.8636394666854401 983
1646514057433 0.8637128977690859 984
1646514057504 0.8637864945888636 985
1646514057564 0.8638602568086304 986
1646514057633 0.8639341840914879 987
1646514057802 0.8640082760997838 988
1646514057848 0.8640825324951136 989
1646514057871 0.8641569529383217 990
1646514057915 0.8642315370895036 991
1646514057956 0.8643062846080068 992
1646514057996 0.8643811951524327 993
1646514058043 0.8644562683806383 994
1646514058175 0.8645315039497371 995
1646514058201 0.8646069015161016 996
1646514058256 0.8646824607353644 997
1646514058287 0.8647581812624194 998
1646514058334 0.864834062751424 999
1646514058372 0.8649101048558004 1000
1646514058410 0.8649863072282372 1001
1646514058551 0.8650626695206911 1002
1646514058580 0.8651391913843881 1003
1646514058612 0.8652158724698257 1004
1646514058651 0.865292712426774 1005
1646514058688 0.8653697109042775 1006
1646514058717 0.8654468675506567 1007
1646514058808 0.8655241820135098 1008
1646514059036 0.865601653939714 1009
1646514059068 0.8656792829754274 1010
1646514059094 0.8657570687660906 1011
1646514059137 0.865835010956428 1012
1646514059168 0.86591310919045 1013
1646514059196 0.865991363111454 1014
1646514059227 0.8660697723620265 1015
1646514059336 0.8661483365840446 1016
1646514059360 0.8662270554186772 1017
1646514059394 0.8663059285063875 1018
1646514059432 0.8663849554869342 1019
1646514059463 0.8664641359993726 1020
1646514059497 0.8665434696820571 1021
1646514059528 0.8666229561726426 1022
1646514059634 0.8667025951080859 1023
1646514059665 0.8667823861246476 1024
1646514059694 0.8668623288578938 1025
1646514059733 0.8669424229426974 1026
1646514059764 0.8670226680132402 1027
1646514059795 0.8671030637030144 1028
1646514059827 0.8671836096448241 1029
1646514059939 0.8672643054707874 1030
1646514059962 0.8673451508123375 1031
1646514060010 0.8674261453002252 1032
1646514060047 0.8675072885645196 1033
1646514060079 0.8675885802346106 1034
1646514060111 0.86767001993921 1035
1646514060142 0.8677516073063538 1036
1646514060252 0.8678333419634032 1037
1646514060280 0.8679152235370472 1038
1646514060311 0.8679972516533032 1039
1646514060352 0.8680794259375197 1040
1646514060380 0.8681617460143773 1041
1646514060418 0.868244211507891 1042
1646514060434 0.8683268220414114 1043
1646514060553 0.8684095772376269 1044
1646514060581 0.8684924767185649 1045
1646514060612 0.8685755201055938 1046
1646514060651 0.868658707019425 1047
1646514060681 0.8687420370801142 1048
1646514060716 0.8688255099070633 1049
1646514060753 0.8689091251190221 1050
1646514060863 0.8689928823340901 1051
1646514060885 0.8690767811697184 1052
1646514060932 0.8691608212427109 1053
1646514060966 0.8692450021692267 1054
1646514060996 0.8693293235647817 1055
1646514061031 0.8694137850442496 1056
1646514061063 0.8694983862218651 1057
1646514061181 0.8695831267112243 1058
1646514061250 0.8696680061252872 1059
1646514061312 0.8697530240763792 1060
1646514061359 0.8698381801761932 1061
1646514061442 0.8699234740357906 1062
1646514061501 0.8700089052656043 1063
1646514061543 0.8700944734754392 1064
1646514061680 0.8701801782744748 1065
1646514061726 0.8702660192712668 1066
1646514061759 0.8703519960737487 1067
1646514061803 0.8704381082892338 1068
1646514061844 0.870524355524417 1069
1646514061876 0.8706107373853763 1070
1646514061923 0.8706972534775751 1071
1646514062044 0.8707839034058633 1072
1646514062083 0.8708706867744802 1073
1646514062114 0.8709576031870548 1074
1646514062144 0.8710446522466091 1075
1646514062176 0.871131833555559 1076
1646514062220 0.8712191467157163 1077
1646514062260 0.8713065913282907 1078
1646514062369 0.8713941669938915 1079
1646514062400 0.8714818733125294 1080
1646514062432 0.8715697098836184 1081
1646514062473 0.8716576763059775 1082
1646514062506 0.8717457721778328 1083
1646514062586 0.8718339970968189 1084
1646514062617 0.8719223506599812 1085
1646514062846 0.8720108324637776 1086
1646514062877 0.8720994421040801 1087
1646514062908 0.8721881791761767 1088
1646514062946 0.8722770432747738 1089
1646514062977 0.8723660339939974 1090
1646514063016 0.8724551509273948 1091
1646514063047 0.8725443936679376 1092
1646514063166 0.8726337618080222 1093
1646514063196 0.8727232549394726 1094
1646514063227 0.8728128726535415 1095
1646514063273 0.872902614540913 1096
1646514063293 0.872992480191704 1097
1646514063335 0.8730824691954658 1098
1646514063366 0.8731725811411868 1099
1646514063480 0.8732628156172935 1100
1646514063504 0.8733531722116529 1101
1646514063535 0.8734436505115741 1102
1646514063578 0.8735342501038106 1103
1646514063609 0.8736249705745618 1104
1646514063644 0.8737158115094747 1105
1646514063660 0.8738067724936467 1106
1646514063778 0.8738978531116264 1107
1646514063815 0.8739890529474161 1108
1646514063846 0.8740803715844737 1109
1646514063893 0.8741718086057144 1110
1646514063925 0.8742633635935129 1111
1646514063958 0.8743550361297047 1112
1646514063978 0.8744468257955886 1113
1646514064096 0.8745387321719288 1114
1646514064116 0.8746307548389558 1115
1646514064163 0.8747228933763695 1116
1646514064197 0.8748151473633402 1117
1646514064228 0.874907516378511 1118
1646514064261 0.875 1119
1646514064294 0.8750925978054012 1120
1646514064413 0.8751853093717874 1121
1646514064436 0.8752781342757121 1122
1646514064479 0.8753710720932107 1123
1646514064513 0.8754641223998031 1124
1646514064544 0.8755572847704953 1125
1646514064574 0.8756505587797816 1126
1646514064595 0.8757439440016463 1127
1646514064736 0.875837440009566 1128
1646514064779 0.8759310463765109 1129
1646514064811 0.8760247626749473 1130
1646514064851 0.8761185884768397 1131
1646514064895 0.8762125233536519 1132
1646514064950 0.87630656687635 1133
1646514065042 0.8764007186154038 1134
1646514065275 0.8764949781407887 1135
1646514065334 0.8765893450219877 1136
1646514065396 0.8766838188279937 1137
1646514065463 0.8767783991273113 1138
1646514065518 0.8768730854879582 1139
1646514065562 0.8769678774774683 1140
1646514065593 0.8770627746628928 1141
1646514065746 0.8771577766108024 1142
1646514065781 0.8772528828872892 1143
1646514065828 0.8773480930579691 1144
1646514065886 0.8774434066879833 1145
1646514065918 0.8775388233420003 1146
1646514065962 0.8776343425842184 1147
1646514066009 0.877729963978367 1148
1646514066165 0.8778256870877092 1149
1646514066199 0.8779215114750436 1150
1646514066247 0.8780174367027058 1151
1646514066284 0.8781134623325713 1152
1646514066331 0.8782095879260566 1153
1646514066425 0.878305813044122 1154
1646514066479 0.8784021372472731 1155
1646514066714 0.8784985600955628 1156
1646514066773 0.8785950811485936 1157
1646514066829 0.8786916999655197 1158
1646514066891 0.8787884161050481 1159
1646514066953 0.878885229125442 1160
1646514066987 0.8789821385845217 1161
1646514067026 0.8790791440396672 1162
1646514067152 0.87917624504782 1163
1646514067184 0.8792734411654852 1164
1646514067216 0.8793707319487334 1165
1646514067261 0.879468116953203 1166
1646514067301 0.879565595734102 1167
1646514067336 0.8796631678462099 1168
1646514067385 0.8797608328438803 1169
1646514067525 0.8798585902810421 1170
1646514067563 0.8799564397112024 1171
1646514067601 0.8800543806874479 1172
1646514067632 0.8801524127624473 1173
1646514067670 0.880250535488453 1174
1646514067709 0.8803487484173038 1175
1646514067741 0.8804470511004261 1176
1646514067876 0.8805454430888364 1177
1646514067918 0.8806439239331436 1178
1646514067949 0.8807424931835505 1179
1646514068002 0.8808411503898561 1180
1646514068033 0.8809398951014579 1181
1646514068070 0.8810387268673535 1182
1646514068117 0.8811376452361431 1183
1646514068250 0.8812366497560312 1184
1646514068288 0.881335739974829 1185
1646514068319 0.8814349154399558 1186
1646514068343 0.8815341756984422 1187
1646514068386 0.881633520296931 1188
1646514068419 0.8817329487816802 1189
1646514068450 0.8818324606985644 1190
1646514068563 0.8819320555930772 1191
1646514068592 0.8820317330103331 1192
1646514068623 0.88213149249507 1193
1646514068671 0.8822313335916505 1194
1646514068718 0.882331255844065 1195
1646514068787 0.8824312587959329 1196
1646514068849 0.8825313419905049 1197
1646514069044 0.8826315049706654 1198
1646514069084 0.8827317472789346 1199
1646514069139 0.8828320684574699 1200
1646514069170 0.8829324680480688 1201
1646514069212 0.8830329455921706 1202
1646514069254 0.8831335006308585 1203
1646514069295 0.8832341327048617 1204
1646514069442 0.8833348413545579 1205
1646514069473 0.8834356261199745 1206
1646514069520 0.8835364865407918 1207
1646514069551 0.8836374221563441 1208
1646514069598 0.8837384325056226 1209
1646514069639 0.8838395171272769 1210
1646514069670 0.8839406755596176 1211
1646514069809 0.8840419073406182 1212
1646514069860 0.8841432120079168 1213
1646514069897 0.8842445890988189 1214
1646514069962 0.8843460381502993 1215
1646514070068 0.8844475586990042 1216
1646514070125 0.8845491502812526 1217
1646514070180 0.8846508124330399 1218
1646514070407 0.8847525446900386 1219
1646514070432 0.8848543465876013 1220
1646514070470 0.8849562176607626 1221
1646514070508 0.8850581574442407 1222
1646514070543 0.8851601654724405 1223
1646514070571 0.8852622412794547 1224
1646514070602 0.8853643843990671 1225
1646514070717 0.8854665943647533 1226
1646514070754 0.885568870709684 1227
1646514070785 0.885671212966727 1228
1646514070815 0.8857736206684483 1229
1646514070854 0.8858760933471157 1230
1646514070884 0.8859786305346998 1231
1646514070916 0.8860812317628768 1232
1646514071031 0.8861838965630302 1233
1646514071054 0.8862866244662535 1234
1646514071086 0.8863894150033514 1235
1646514071127 0.8864922677048431 1236
1646514071154 0.8865951821009637 1237
1646514071191 0.8866981577216662 1238
1646514071222 0.8868011940966245 1239
1646514071340 0.8869042907552346 1240
1646514071370 0.8870074472266173 1241
1646514071417 0.8871106630396203 1242
1646514071457 0.8872139377228202 1243
1646514071497 0.8873172708045246 1244
1646514071548 0.8874206618127746 1245
1646514071576 0.8875241102753464 1246
1646514071696 0.8876276157197542 1247
1646514071718 0.8877311776732517 1248
1646514071750 0.8878347956628345 1249
1646514071793 0.8879384692152423 1250
1646514071824 0.888042197856961 1251
1646514071863 0.888145981114225 1252
1646514071892 0.8882498185130192 1253
1646514072017 0.888353709579081 1254
1646514072042 0.888457653837903 1255
1646514072077 0.8885616508147347 1256
1646514072118 0.8886657000345848 1257
1646514072149 0.8887698010222234 1258
1646514072177 0.8888739533021842 1259
1646514072208 0.8889781563987667 1260
1646514072322 0.8890824098360381 1261
1646514072348 0.8891867131378358 1262
1646514072393 0.8892910658277694 1263
1646514072448 0.8893954674292232 1264
1646514072553 0.8894999174653575 1265
1646514072662 0.8896044154591121 1266
1646514072785 0.8897089609332071 1267
1646514072960 0.8898135534101462 1268
1646514073016 0.8899181924122183 1269
1646514073063 0.8900228774614998 1270
1646514073112 0.8901276080798566 1271
1646514073158 0.8902323837889468 1272
1646514073201 0.8903372041102223 1273
1646514073241 0.8904420685649314 1274
1646514073352 0.8905469766741205 1275
1646514073388 0.8906519279586373 1276
1646514073416 0.8907569219391316 1277
1646514073455 0.8908619581360584 1278
1646514073486 0.89096703606968 1279
1646514073517 0.8910721552600681 1280
1646514073549 0.8911773152271059 1281
1646514073654 0.8912825154904902 1282
1646514073690 0.891387755569734 1283
1646514073748 0.8914930349841683 1284
1646514073802 0.8915983532529446 1285
1646514073865 0.8917037098950366 1286
1646514073924 0.8918091044292431 1287
1646514073995 0.8919145363741896 1288
1646514074150 0.892020005248331 1289
1646514074201 0.8921255105699532 1290
1646514074232 0.8922310518571758 1291
1646514074269 0.8923366286279542 1292
1646514074301 0.8924422404000816 1293
1646514074337 0.8925478866911912 1294
1646514074369 0.8926535670187591 1295
1646514074509 0.8927592809001053 1296
1646514074549 0.8928650278523969 1297
1646514074585 0.8929708073926498 1298
1646514074621 0.8930766190377313 1299
1646514074652 0.8931824623043617 1300
1646514074686 0.8932883367091172 1301
1646514074717 0.8933942417684316 1302
1646514074842 0.8935001769985987 1303
1646514074866 0.8936061419157747 1304
1646514074917 0.8937121360359799 1305
1646514074954 0.8938181588751013 1306
1646514075002 0.893924209948895 1307
1646514075064 0.8940302887729877 1308
1646514075118 0.8941363948628799 1309
1646514075331 0.894242527733947 1310
1646514075357 0.8943486869014424 1311
1646514075389 0.8944548718804994 1312
1646514075428 0.8945610821861334 1313
1646514075458 0.894667317333244 1314
1646514075493 0.8947735768366173 1315
1646514075525 0.8948798602109284 1316
1646514075636 0.8949861669707432 1317
1646514075659 0.8950924966305208 1318
1646514075706 0.8951988487046159 1319
1646514075735 0.8953052227072804 1320
1646514075774 0.8954116181526666 1321
1646514075813 0.8955180345548283 1322
1646514075844 0.895624471427724 1323
1646514075959 0.8957309282852185 1324
1646514075997 0.8958374046410855 1325
1646514076029 0.8959439000090094 1326
1646514076059 0.8960504139025879 1327
1646514076090 0.8961569458353341 1328
1646514076123 0.8962634953206787 1329
1646514076159 0.8963700618719723 1330
1646514076259 0.8964766450024872 1331
1646514076298 0.8965832442254206 1332
1646514076330 0.8966898590538956 1333
1646514076359 0.8967964890009643 1334
1646514076390 0.8969031335796098 1335
1646514076434 0.8970097923027482 1336
1646514076459 0.8971164646832313 1337
1646514076575 0.8972231502338479 1338
1646514076600 0.8973298484673276 1339
1646514076647 0.897436558896341 1340
1646514076682 0.8975432810335039 1341
1646514076713 0.897650014391378 1342
1646514076747 0.8977567584824742 1343
1646514076775 0.8978635128192541 1344
1646514076888 0.8979702769141327 1345
1646514076913 0.89807705027948 1346
1646514076944 0.8981838324276243 1347
1646514076989 0.8982906228708534 1348
1646514077021 0.8983974211214172 1349
1646514077059 0.8985042266915301 1350
1646514077091 0.8986110390933728 1351
1646514077204 0.8987178578390952 1352
1646514077240 0.8988246824408179 1353
1646514077259 0.8989315124106348 1354
1646514077305 0.8990383472606156 1355
1646514077337 0.8991451865028072 1356
1646514077375 0.8992520296492368 1357
1646514077406 0.8993588762119136 1358
1646514077607 0.8994657257028313 1359
1646514077662 0.8995725776339702 1360
1646514077713 0.8996794315172995 1361
1646514077764 0.8997862868647791 1362
1646514077812 0.899893143188363 1363
1646514077855 0.8999999999999999 1364
1646514077902 0.9001068568116369 1365
1646514078016 0.9002137131352208 1366
1646514078056 0.9003205684827005 1367
1646514078103 0.9004274223660297 1368
1646514078144 0.9005342742971686 1369
1646514078175 0.9006411237880864 1370
1646514078229 0.9007479703507631 1371
1646514078260 0.9008548134971928 1372
1646514078382 0.9009616527393843 1373
1646514078413 0.9010684875893651 1374
1646514078444 0.901175317559182 1375
1646514078486 0.9012821421609047 1376
1646514078513 0.9013889609066271 1377
1646514078559 0.9014957733084699 1378
1646514078606 0.9016025788785827 1379
1646514078768 0.9017093771291464 1380
1646514078826 0.9018161675723756 1381
1646514078927 0.9019229497205199 1382
1646514078992 0.9020297230858673 1383
1646514079008 0.9021364871807458 1384
1646514079051 0.9022432415175257 1385
1646514079071 0.9023499856086219 1386
1646514079183 0.902456718966496 1387
1646514079205 0.9025634411036589 1388
1646514079256 0.9026701515326724 1389
1646514079288 0.9027768497661519 1390
1646514079319 0.9028835353167687 1391
1646514079350 0.9029902076972517 1392
1646514079371 0.9030968664203901 1393
1646514079498 0.9032035109990356 1394
1646514079549 0.9033101409461043 1395
1646514079607 0.9034167557745794 1396
1646514079652 0.9035233549975127 1397
1646514079697 0.9036299381280276 1398
1646514079752 0.9037365046793212 1399
1646514079787 0.9038430541646658 1400
1646514079892 0.903949586097412 1401
1646514079915 0.9040560999909906 1402
1646514079956 0.9041625953589144 1403
1646514079996 0.9042690717147814 1404
1646514080030 0.9043755285722759 1405
1646514080056 0.9044819654451717 1406
1646514080087 0.9045883818473334 1407
1646514080196 0.9046947772927195 1408
1646514080232 0.9048011512953841 1409
1646514080256 0.9049075033694791 1410
1646514080295 0.9050138330292568 1411
1646514080326 0.9051201397890716 1412
1646514080356 0.9052264231633826 1413
1646514080387 0.9053326826667559 1414
1646514080502 0.9054389178138665 1415
1646514080523 0.9055451281195005 1416
1646514080572 0.9056513130985575 1417
1646514080603 0.905757472266053 1418
1646514080634 0.90586360513712 1419
1646514080672 0.9059697112270122 1420
1646514080703 0.906075790051105 1421
1646514080834 0.9061818411248986 1422
1646514080873 0.9062878639640201 1423
1646514080920 0.9063938580842252 1424
1646514080957 0.9064998230014012 1425
1646514081003 0.9066057582315683 1426
1646514081050 0.9067116632908827 1427
1646514081086 0.9068175376956382 1428
1646514081300 0.9069233809622687 1429
1646514081351 0.9070291926073502 1430
1646514081412 0.9071349721476031 1431
1646514081491 0.9072407190998947 1432
1646514081542 0.9073464329812408 1433
1646514081602 0.9074521133088087 1434
1646514081645 0.9075577595999184 1435
1646514081848 0.9076633713720458 1436
1646514081909 0.9077689481428242 1437
1646514081959 0.9078744894300468 1438
1646514082010 0.9079799947516689 1439
1646514082061 0.9080854636258103 1440
1646514082101 0.9081908955707568 1441
1646514082142 0.9082962901049634 1442
1646514082294 0.9084016467470554 1443
1646514082333 0.9085069650158316 1444
1646514082380 0.9086122444302659 1445
1646514082433 0.9087174845095097 1446
1646514082480 0.9088226847728941 1447
1646514082534 0.9089278447399318 1448
1646514082575 0.9090329639303198 1449
1646514082817 0.9091380418639415 1450
1646514082936 0.9092430780608685 1451
1646514082980 0.9093480720413626 1452
1646514083026 0.9094530233258793 1453
1646514083080 0.9095579314350686 1454
1646514083139 0.9096627958897776 1455
1646514083210 0.9097676162110532 1456
1646514083405 0.9098723919201434 1457
1646514083456 0.9099771225385002 1458
1646514083511 0.9100818075877816 1459
1646514083550 0.9101864465898537 1460
1646514083585 0.9102910390667929 1461
1646514083617 0.910395584540888 1462
1646514083652 0.9105000825346424 1463
1646514083757 0.9106045325707768 1464
1646514083787 0.9107089341722305 1465
1646514083818 0.9108132868621641 1466
1646514083862 0.9109175901639618 1467
1646514083884 0.9110218436012333 1468
1646514083926 0.9111260466978157 1469
1646514083957 0.9112301989777765 1470
1646514084069 0.9113342999654152 1471
1646514084092 0.9114383491852652 1472
1646514084123 0.911542346162097 1473
1646514084162 0.9116462904209188 1474
1646514084200 0.9117501814869807 1475
1646514084234 0.9118540188857749 1476
1646514084269 0.9119578021430388 1477
1646514084369 0.9120615307847576 1478
1646514084407 0.9121652043371654 1479
1646514084438 0.9122688223267482 1480
1646514084485 0.9123723842802457 1481
1646514084519 0.9124758897246535 1482
1646514084547 0.9125793381872254 1483
1646514084585 0.9126827291954753 1484
1646514084697 0.9127860622771797 1485
1646514084735 0.9128893369603795 1486
1646514084769 0.9129925527733826 1487
1646514084802 0.9130957092447654 1488
1646514084834 0.9131988059033754 1489
1646514084885 0.9133018422783337 1490
1646514084917 0.9134048178990363 1491
1646514085103 0.9135077322951568 1492
1646514085170 0.9136105849966485 1493
1646514085217 0.9137133755337464 1494
1646514085282 0.9138161034369696 1495
1646514085341 0.9139187682371231 1496
1646514085372 0.9140213694653001 1497
1646514085419 0.9141239066528842 1498
1646514085559 0.9142263793315516 1499
1646514085596 0.9143287870332729 1500
1646514085636 0.9144311292903158 1501
1646514085672 0.9145334056352467 1502
1646514085714 0.9146356156009329 1503
1646514085757 0.9147377587205452 1504
1646514085807 0.9148398345275595 1505
1646514085926 0.9149418425557593 1506
1646514085968 0.9150437823392373 1507
1646514086000 0.9151456534123985 1508
1646514086041 0.9152474553099613 1509
1646514086073 0.91534918756696 1510
1646514086120 0.9154508497187474 1511
1646514086142 0.9155524413009958 1512
1646514086322 0.9156539618497005 1513
1646514086405 0.915755410901181 1514
1646514086502 0.9158567879920831 1515
1646514086533 0.9159580926593818 1516
1646514086563 0.9160593244403822 1517
1646514086584 0.916160482872723 1518
1646514086629 0.9162615674943773 1519
1646514086753 0.9163625778436558 1520
1646514086802 0.9164635134592082 1521
1646514086844 0.9165643738800254 1522
1646514086896 0.9166651586454421 1523
1646514086952 0.9167658672951382 1524
1646514086999 0.9168664993691414 1525
1646514087047 0.9169670544078293 1526
1646514087162 0.9170675319519311 1527
1646514087185 0.9171679315425301 1528
1646514087216 0.9172682527210654 1529
1646514087254 0.9173684950293345 1530
1646514087291 0.9174686580094951 1531
1646514087319 0.9175687412040671 1532
1646514087359 0.9176687441559349 1533
1646514087539 0.9177686664083494 1534
1646514087589 0.91786850750493 1535
1646514087637 0.9179682669896668 1536
1646514087686 0.9180679444069227 1537
1646514087725 0.9181675393014356 1538
1646514087760 0.9182670512183198 1539
1646514087791 0.918366479703069 1540
1646514087901 0.9184658243015578 1541
1646514087924 0.9185650845600442 1542
1646514087960 0.918664260025171 1543
1646514088007 0.9187633502439687 1544
1646514088047 0.9188623547638568 1545
1646514088099 0.9189612731326464 1546
1646514088145 0.9190601048985421 1547
1646514088269 0.9191588496101438 1548
1646514088306 0.9192575068164495 1549
1646514088342 0.9193560760668563 1550
1646514088377 0.9194545569111635 1551
1646514088401 0.919552948899574 1552
1646514088433 0.9196512515826961 1553
1646514088471 0.9197494645115469 1554
1646514088580 0.9198475872375527 1555
1646514088610 0.919945619312552 1556
1646514088657 0.9200435602887975 1557
1646514088718 0.9201414097189579 1558
1646514088807 0.9202391671561196 1559
1646514088879 0.9203368321537899 1560
1646514088944 0.920434404265898 1561
1646514089138 0.9205318830467969 1562
1646514089192 0.9206292680512664 1563
1646514089231 0.9207265588345147 1564
1646514089277 0.9208237549521799 1565
1646514089316 0.9209208559603327 1566
1646514089363 0.9210178614154783 1567
1646514089408 0.921114770874558 1568
1646514089559 0.9212115838949518 1569
1646514089597 0.9213083000344803 1570
1646514089628 0.9214049188514062 1571
1646514089673 0.9215014399044371 1572
1646514089709 0.9215978627527268 1573
1646514089764 0.9216941869558779 1574
1646514089805 0.9217904120739433 1575
1646514090006 0.9218865376674287 1576
1646514090075 0.9219825632972941 1577
1646514090139 0.9220784885249563 1578
1646514090235 0.9221743129122907 1579
1646514090298 0.9222700360216329 1580
1646514090393 0.9223656574157816 1581
1646514090454 0.9224611766579996 1582
1646514090576 0.9225565933120167 1583
1646514090598 0.9226519069420308 1584
1646514090645 0.9227471171127106 1585
1646514090680 0.9228422233891975 1586
1646514090714 0.9229372253371071 1587
1646514090749 0.9230321225225315 1588
1646514090790 0.9231269145120418 1589
1646514090907 0.9232216008726887 1590
1646514090943 0.9233161811720062 1591
1646514090980 0.9234106549780122 1592
1646514091014 0.9235050218592112 1593
1646514091045 0.9235992813845961 1594
1646514091082 0.9236934331236499 1595
1646514091114 0.9237874766463481 1596
1646514091302 0.9238814115231604 1597
1646514091337 0.9239752373250526 1598
1646514091372 0.9240689536234891 1599
1646514091409 0.924162559990434 1600
1646514091447 0.9242560559983536 1601
1646514091496 0.9243494412202183 1602
1646514091532 0.9244427152295046 1603
1646514091664 0.9245358776001968 1604
1646514091695 0.9246289279067892 1605
1646514091714 0.9247218657242878 1606
1646514091760 0.9248146906282124 1607
1646514091792 0.9249074021945988 1608
1646514091814 0.9249999999999999 1609
1646514091846 0.9250924836214889 1610
1646514091985 0.9251848526366597 1611
1646514092014 0.9252771066236304 1612
1646514092061 0.925369245161044 1613
1646514092094 0.9254612678280711 1614
1646514092130 0.9255531742044112 1615
1646514092165 0.9256449638702953 1616
1646514092180 0.9257366364064871 1617
1646514092304 0.9258281913942854 1618
1646514092338 0.9259196284155262 1619
1646514092375 0.9260109470525838 1620
1646514092415 0.9261021468883736 1621
1646514092462 0.9261932275063532 1622
1646514092531 0.9262841884905252 1623
1646514092614 0.9263750294254381 1624
1646514092798 0.9264657498961894 1625
1646514092840 0.9265563494884258 1626
1646514092872 0.9266468277883471 1627
1646514092927 0.9267371843827065 1628
1646514092967 0.9268274188588131 1629
1646514093013 0.9269175308045341 1630
1646514093052 0.927007519808296 1631
1646514093159 0.9270973854590869 1632
1646514093198 0.9271871273464585 1633
1646514093260 0.9272767450605274 1634
1646514093298 0.9273662381919777 1635
1646514093339 0.9274556063320623 1636
1646514093386 0.927544849072605 1637
1646514093426 0.9276339660060027 1638
1646514093577 0.9277229567252261 1639
1646514093628 0.9278118208238232 1640
1646514093659 0.9279005578959199 1641
1646514093700 0.9279891675362223 1642
1646514093741 0.9280776493400187 1643
1646514093857 0.9281660029031811 1644
1646514093939 0.9282542278221672 1645
1646514094162 0.9283423236940225 1646
1646514094213 0.9284302901163816 1647
1646514094251 0.9285181266874706 1648
1646514094314 0.9286058330061084 1649
1646514094347 0.9286934086717092 1650
1646514094376 0.9287808532842836 1651
1646514094405 0.9288681664444409 1652
1646514094546 0.9289553477533908 1653
1646514094573 0.9290423968129451 1654
1646514094620 0.9291293132255197 1655
1646514094667 0.9292160965941365 1656
1646514094698 0.9293027465224248 1657
1646514094738 0.9293892626146236 1658
1646514094767 0.929475644475583 1659
1646514094953 0.9295618917107661 1660
1646514095011 0.9296480039262512 1661
1646514095054 0.9297339807287331 1662
1646514095089 0.9298198217255251 1663
1646514095130 0.9299055265245607 1664
1646514095178 0.9299910947343957 1665
1646514095194 0.9300765259642093 1666
1646514095334 0.9301618198238067 1667
1646514095361 0.9302469759236207 1668
1646514095392 0.9303319938747128 1669
1646514095438 0.9304168732887756 1670
1646514095467 0.9305016137781348 1671
1646514095509 0.9305862149557503 1672
1646514095562 0.9306706764352183 1673
1646514095722 0.9307549978307732 1674
1646514095767 0.930839178757289 1675
1646514095815 0.9309232188302815 1676
1646514095866 0.9310071176659098 1677
1646514095908 0.9310908748809779 1678
1646514095940 0.9311744900929366 1679
1646514095968 0.9312579629198857 1680
1646514096092 0.9313412929805749 1681
1646514096131 0.9314244798944061 1682
1646514096199 0.931507523281435 1683
1646514096254 0.931590422762373 1684
1646514096307 0.9316731779585884 1685
1646514096376 0.9317557884921089 1686
1646514096445 0.9318382539856226 1687
1646514096768 0.9319205740624802 1688
1646514096834 0.9320027483466967 1689
1646514096893 0.9320847764629527 1690
1646514096942 0.9321666580365967 1691
1646514096994 0.9322483926936462 1692
1646514097038 0.9323299800607899 1693
1646514097082 0.9324114197653893 1694
1646514097204 0.9324927114354803 1695
1646514097229 0.9325738546997747 1696
1646514097267 0.9326548491876624 1697
1646514097308 0.9327356945292126 1698
1646514097355 0.9328163903551758 1699
1646514097392 0.9328969362969856 1700
1646514097447 0.9329773319867597 1701
1646514097665 0.9330575770573025 1702
1646514097720 0.9331376711421061 1703
1646514097801 0.9332176138753523 1704
1646514097862 0.933297404891914 1705
1646514097923 0.9333770438273573 1706
1646514097989 0.9334565303179428 1707
1646514098070 0.9335358640006274 1708
1646514098406 0.9336150445130658 1709
1646514098508 0.9336940714936124 1710
1646514098566 0.9337729445813228 1711
1646514098617 0.9338516634159554 1712
1646514098665 0.9339302276379734 1713
1646514098709 0.934008636888546 1714
1646514098768 0.9340868908095499 1715
1646514098905 0.9341649890435719 1716
1646514098959 0.9342429312339093 1717
1646514099002 0.9343207170245724 1718
1646514099053 0.9343983460602859 1719
1646514099124 0.93447581798649 1720
1646514099174 0.9345531324493432 1721
1646514099266 0.9346302890957224 1722
1646514099456 0.934707287573226 1723
1646514099509 0.9347841275301743 1724
1646514099558 0.9348608086156118 1725
1646514099608 0.9349373304793089 1726
1646514099651 0.9350136927717627 1727
1646514099685 0.9350898951441995 1728
1646514099724 0.935165937248576 1729
1646514099828 0.9352418187375805 1730
1646514099849 0.9353175392646356 1731
1646514099885 0.9353930984838983 1732
1646514099926 0.9354684960502628 1733
1646514099958 0.9355437316193617 1734
1646514099991 0.9356188048475672 1735
1646514100022 0.9356937153919931 1736
1646514100145 0.9357684629104963 1737
1646514100186 0.9358430470616782 1738
1646514100231 0.9359174675048864 1739
1646514100266 0.9359917239002161 1740
1646514100304 0.936065815908512 1741
1646514100338 0.9361397431913695 1742
1646514100373 0.9362135054111363 1743
1646514100470 0.936287102230914 1744
1646514100506 0.9363605333145598 1745
1646514100538 0.9364337983266877 1746
1646514100595 0.9365068969326702 1747
1646514100639 0.93657982879864 1748
1646514100683 0.9366525935914912 1749
1646514100714 0.9367251909788812 1750
1646514100825 0.9367976206292317 1751
1646514100871 0.9368698822117307 1752
1646514100950 0.9369419753963338 1753
1646514100988 0.9370138998537657 1754
1646514101032 0.9370856552555219 1755
1646514101070 0.9371572412738697 1756
1646514101101 0.9372286575818503 1757
1646514101239 0.93729990385328 1758
1646514101286 0.9373709797627517 1759
1646514101342 0.9374418849856364 1760
1646514101415 0.9375126191980845 1761
1646514101505 0.9375831820770278 1762
1646514101604 0.9376535733001805 1763
1646514101674 0.9377237925460407 1764
1646514101904 0.9377938394938921 1765
1646514101974 0.9378637138238052 1766
1646514102035 0.9379334152166392 1767
1646514102088 0.938002943354043 1768
1646514102139 0.9380722979184567 1769
1646514102190 0.9381414785931133 1770
1646514102230 0.93821048506204 1771
1646514102349 0.9382793170100597 1772
1646514102388 0.9383479741227924 1773
1646514102419 0.9384164560866564 1774
1646514102474 0.9384847625888703 1775
1646514102538 0.9385528933174538 1776
1646514102733 0.9386208479612299 1777
1646514102845 0.9386886262098253 1778
1646514103091 0.9387562277536725 1779
1646514103158 0.9388236522840113 1780
1646514103217 0.9388908994928898 1781
1646514103285 0.938957969073166 1782
1646514103351 0.9390248607185092 1783
1646514103398 0.9390915741234015 1784
1646514103425 0.9391581089831388 1785
1646514103550 0.9392244649938328 1786
1646514103590 0.9392906418524121 1787
1646514103609 0.9393566392566232 1788
1646514103658 0.9394224569050323 1789
1646514103677 0.9394880944970271 1790
1646514103728 0.939553551732817 1791
1646514103756 0.9396188283134357 1792
1646514103881 0.9396839239407415 1793
1646514103920 0.9397488383174198 1794
1646514103943 0.9398135711469834 1795
1646514103999 0.9398781221337742 1796
1646514104038 0.939942490982965 1797
1646514104072 0.9400066774005603 1798
1646514104103 0.9400706810933978 1799
1646514104221 0.9401345017691499 1800
1646514104268 0.9401981391363247 1801
1646514104299 0.9402615929042678 1802
1646514104340 0.9403248627831631 1803
1646514104360 0.9403879484840346 1804
1646514104411 0.9404508497187474 1805
1646514104426 0.940513566200009 1806
1646514104561 0.9405760976413711 1807
1646514104603 0.94063844375723 1808
1646514104626 0.9407006042628292 1809
1646514104678 0.9407625788742592 1810
1646514104709 0.9408243673084599 1811
1646514104749 0.9408859692832215 1812
1646514104785 0.9409473845171858 1813
1646514104911 0.9410086127298477 1814
1646514104953 0.941069653641556 1815
1646514104992 0.9411305069735151 1816
1646514105042 0.941191172447786 1817
1646514105062 0.9412516497872881 1818
1646514105109 0.9413119387157997 1819
1646514105141 0.9413720389579597 1820
1646514105357 0.9414319502392691 1821
1646514105434 0.9414916722860915 1822
1646514105500 0.9415512048256551 1823
1646514105560 0.9416105475860537 1824
1646514105626 0.9416697002962474 1825
1646514105672 0.941728662686065 1826
1646514105732 0.9417874344862043 1827
1646514105875 0.9418460154282332 1828
1646514105919 0.941904405244592 1829
1646514105958 0.9419626036685933 1830
1646514106015 0.9420206104344244 1831
1646514106067 0.9420784252771476 1832
1646514106108 0.9421360479327019 1833
1646514106141 0.9421934781379041 1834
1646514106269 0.94225071563045 1835
1646514106316 0.9423077601489156 1836
1646514106359 0.9423646114327581 1837
1646514106393 0.9424212692223176 1838
1646514106444 0.9424777332588177 1839
1646514106477 0.942534003284367 1840
1646514106527 0.9425900790419601 1841
1646514106827 0.9426459602754794 1842
1646514106871 0.942701646729695 1843
1646514106906 0.9427571381502673 1844
1646514106940 0.942812434283747 1845
1646514106967 0.942867534877577 1846
1646514107022 0.9429224396800933 1847
1646514107042 0.942977148440526 1848
1646514107183 0.9430316609090008 1849
1646514107238 0.9430859768365397 1850
1646514107268 0.9431400959750627 1851
1646514107311 0.9431940180773881 1852
1646514107341 0.9432477428972347 1853
1646514107381 0.9433012701892219 1854
1646514107409 0.9433545997088716 1855
1646514107535 0.9434077312126089 1856
1646514107579 0.9434606644577631 1857
1646514107609 0.9435133992025695 1858
1646514107649 0.9435659352061694 1859
1646514107677 0.9436182722286124 1860
1646514107719 0.9436704100308564 1861
1646514107744 0.9437223483747698 1862
1646514107869 0.9437740870231314 1863
1646514107916 0.9438256257396324 1864
1646514107950 0.9438769642888771 1865
1646514107995 0.9439281024363841 1866
1646514108036 0.9439790399485873 1867
1646514108070 0.9440297765928368 1868
1646514108093 0.9440803121374004 1869
1646514108202 0.9441306463514642 1870
1646514108259 0.9441807790051338 1871
1646514108299 0.9442307098694355 1872
1646514108338 0.9442804387163174 1873
1646514108371 0.94432996531865 1874
1646514108409 0.9443792894502276 1875
1646514108440 0.9444284108857696 1876
1646514108651 0.9444773294009206 1877
1646514108691 0.9445260447722523 1878
1646514108736 0.9445745567772644 1879
1646514108772 0.9446228651943852 1880
1646514108819 0.944670969802973 1881
1646514108892 0.9447188703833168 1882
1646514108943 0.9447665667166376 1883
1646514109176 0.9448140585850893 1884
1646514109233 0.9448613457717595 1885
1646514109307 0.9449084280606709 1886
1646514109356 0.9449553052367818 1887
1646514109409 0.9450019770859874 1888
1646514109468 0.945048443395121 1889
1646514109515 0.9450947039519539 1890
1646514109663 0.9451407585451981 1891
1646514109705 0.9451866069645056 1892
1646514109741 0.9452322490004704 1893
1646514109786 0.9452776844446291 1894
1646514109833 0.9453229130894618 1895
1646514109869 0.9453679347283932 1896
1646514109901 0.9454127491557933 1897
1646514110040 0.9454573561669787 1898
1646514110086 0.9455017555582133 1899
1646514110117 0.9455459471267093 1900
1646514110161 0.9455899306706278 1901
1646514110226 0.9456337059890806 1902
1646514110277 0.94567727288213 1903
1646514110333 0.9457206311507905 1904
1646514110651 0.9457637805970296 1905
1646514110703 0.9458067210237683 1906
1646514110764 0.9458494522348823 1907
1646514110835 0.9458919740352029 1908
1646514110879 0.9459342862305179 1909
1646514110926 0.9459763886275725 1910
1646514110975 0.94601828103407 1911
1646514111110 0.9460599632586728 1912
1646514111169 0.9461014351110035 1913
1646514111212 0.9461426964016452 1914
1646514111253 0.9461837469421428 1915
1646514111299 0.9462245865450041 1916
1646514111346 0.9462652150236998 1917
1646514111380 0.9463056321926654 1918
1646514111517 0.9463458378673011 1919
1646514111610 0.9463858318639733 1920
1646514111666 0.9464256140000151 1921
1646514111712 0.9464651840937276 1922
1646514111752 0.9465045419643797 1923
1646514111799 0.9465436874322102 1924
1646514111840 0.9465826203184277 1925
1646514111991 0.9466213404452118 1926
1646514112044 0.946659847635714 1927
1646514112105 0.9466981417140581 1928
1646514112166 0.9467362225053415 1929
1646514112211 0.9467740898356356 1930
1646514112266 0.9468117435319868 1931
1646514112318 0.9468491834224173 1932
1646514112488 0.9468864093359257 1933
1646514112529 0.946923421102488 1934
1646514112570 0.9469602185530582 1935
1646514112628 0.9469968015195694 1936
1646514112728 0.9470331698349341 1937
1646514112856 0.9470693233330452 1938
1646514112944 0.9471052618487766 1939
1646514113499 0.9471409852179846 1940
1646514113693 0.9471764932775076 1941
1646514113837 0.9472117858651679 1942
1646514113904 0.9472468628197714 1943
1646514114004 0.9472817239811093 1944
1646514114118 0.9473163691899582 1945
1646514114267 0.947350798288081 1946
1646514114702 0.9473850111182279 1947
1646514114839 0.9474190075241365 1948
1646514114924 0.9474527873505334 1949
1646514115019 0.9474863504431338 1950
1646514115134 0.9475196966486432 1951
1646514115237 0.9475528258147576 1952
1646514115333 0.9475857377901643 1953
1646514115696 0.9476184324245426 1954
1646514115765 0.9476509095685643 1955
1646514115823 0.9476831690738948 1956
1646514115883 0.9477152107931935 1957
1646514115940 0.9477470345801144 1958
1646514116139 0.947778640289307 1959
1646514116196 0.9478100277764165 1960
1646514116472 0.9478411968980854 1961
1646514116535 0.9478721475119529 1962
1646514116624 0.9479028794766567 1963
1646514116696 0.947933392651833 1964
1646514116799 0.947963686898117 1965
1646514116878 0.9479937620771444 1966
1646514116960 0.9480236180515509 1967
1646514117232 0.9480532546849737 1968
1646514117305 0.9480826718420517 1969
1646514117377 0.9481118693884264 1970
1646514117539 0.948140847190742 1971
1646514117606 0.9481696051166466 1972
1646514117666 0.9481981430347927 1973
1646514117721 0.9482264608148371 1974
1646514117938 0.9482545583274427 1975
1646514117990 0.9482824354442779 1976
1646514118072 0.9483100920380182 1977
1646514118135 0.9483375279823459 1978
1646514118194 0.9483647431519514 1979
1646514118281 0.9483917374225332 1980
1646514118334 0.9484185106707991 1981
1646514118565 0.9484450627744657 1982
1646514118626 0.9484713936122604 1983
1646514118681 0.9484975030639208 1984
1646514118737 0.9485233910101957 1985
1646514118787 0.9485490573328457 1986
1646514118824 0.9485745019146433 1987
1646514118869 0.9485997246393744 1988
1646514119009 0.9486247253918375 1989
1646514119057 0.9486495040578454 1990
1646514119104 0.9486740605242252 1991
1646514119157 0.9486983946788186 1992
1646514119253 0.9487225064104828 1993
1646514119314 0.9487463956090911 1994
1646514119385 0.948770062165533 1995
1646514119609 0.9487935059717147 1996
1646514119638 0.9488167269205602 1997
1646514119685 0.948839724906011 1998
1646514119715 0.9488624998230272 1999
1646514119762 0.9488850515675875 2000
1646514119798 0.9489073800366903 2001
1646514119831 0.9489294851283532 2002
1646514119969 0.9489513667416146 2003
1646514119999 0.9489730247765333 2004
1646514120062 0.9489944591341893 2005
1646514120102 0.9490156697166843 2006
1646514120147 0.949036656427142 2007
1646514120187 0.9490574191697085 2008
1646514120215 0.9490779578495532 2009
1646514120339 0.9490982723728685 2010
1646514120379 0.9491183626468706 2011
1646514120416 0.9491382285798001 2012
1646514120458 0.9491578700809225 2013
1646514120489 0.9491772870605276 2014
1646514120535 0.9491964794299315 2015
1646514120566 0.9492154471014755 2016
1646514120694 0.9492341899885278 2017
1646514120717 0.9492527080054828 2018
1646514120764 0.9492710010677621 2019
1646514120800 0.9492890690918148 2020
1646514120841 0.9493069119951177 2021
1646514120888 0.949324529696176 2022
1646514120932 0.9493419221145234 2023
1646514121205 0.9493590891707224 2024
1646514121270 0.9493760307863651 2025
1646514121308 0.949392746884073 2026
1646514121360 0.9494092373874977 2027
1646514121406 0.9494255022213213 2028
1646514121452 0.9494415413112564 2029
1646514121524 0.9494573545840468 2030
1646514121782 0.9494729419674676 2031
1646514121829 0.9494883033903257 2032
1646514121888 0.94950343878246 2033
1646514121939 0.9495183480747419 2034
1646514122008 0.9495330311990751 2035
1646514122080 0.9495474880883967 2036
1646514122129 0.9495617186766769 2037
1646514122292 0.9495757228989194 2038
1646514122342 0.9495895006911622 2039
1646514122399 0.9496030519904771 2040
1646514122446 0.9496163767349703 2041
1646514122500 0.9496294748637832 2042
1646514122548 0.9496423463170919 2043
1646514122597 0.9496549910361077 2044
1646514122779 0.9496674089630779 2045
1646514122822 0.9496796000412853 2046
1646514122862 0.9496915642150489 2047
1646514122954 0.9497033014297239 2048
1646514123039 0.9497148116317027 2049
1646514123107 0.9497260947684136 2050
1646514123155 0.9497371507883229 2051
1646514123375 0.9497479796409335 2052
1646514123411 0.9497585812767863 2053
1646514123447 0.9497689556474599 2054
1646514123485 0.9497791027055708 2055
1646514123533 0.9497890224047737 2056
1646514123572 0.949798714699762 2057
1646514123606 0.9498081795462672 2058
1646514123744 0.9498174169010603 2059
1646514123780 0.9498264267219508 2060
1646514123822 0.9498352089677878 2061
1646514123863 0.9498437635984596 2062
1646514123890 0.9498520905748941 2063
1646514123927 0.949860189859059 2064
1646514123942 0.949868061413962 2065
1646514124077 0.9498757052036509 2066
1646514124113 0.9498831211932139 2067
1646514124145 0.9498903093487795 2068
1646514124184 0.9498972696375168 2069
1646514124216 0.9499040020276356 2070
1646514124254 0.9499105064883867 2071
1646514124274 0.949916782990062 2072
1646514124405 0.9499228315039944 2073
1646514124452 0.9499286520025583 2074
1646514124489 0.9499342444591692 2075
1646514124532 0.9499396088482844 2076
1646514124566 0.9499447451454031 2077
1646514124594 0.9499496533270657 2078
1646514124625 0.9499543333708549 2079
1646514124750 0.9499587852553952 2080
1646514124788 0.9499630089603534 2081
1646514124819 0.9499670044664381 2082
1646514124850 0.9499707717554007 2083
1646514124882 0.9499743108100344 2084
1646514124923 0.9499776216141751 2085
1646514124950 0.9499807041527013 2086
1646514125073 0.9499835584115339 2087
1646514125093 0.9499861843776365 2088
1646514125124 0.9499885820390154 2089
1646514125175 0.9499907513847194 2090
1646514125206 0.9499926924048406 2091
1646514125282 0.9499944050905136 2092
1646514125351 0.9499958894339159 2093
1646514125529 0.949997145428268 2094
1646514125568 0.9499981730678333 2095
1646514125607 0.9499989723479183 2096
1646514125649 0.9499995432648722 2097
1646514125692 0.9499998858160876 2098
1646514125737 0.95 2099
1646514125792 0.9499998858160876 2100
