1647220727466 0.6063492298126221 0
1647220760692 0.8190476298332214 1
1647220769170 0.8888888955116272 2
1647220777556 0.920634925365448 3
1647220786100 0.9428571462631226 4
1647220794458 0.9777777791023254 5
1647220804879 0.9809523820877075 6
1647220815134 0.9873015880584717 7
1647220825240 0.9777777791023254 8
1647220835456 0.9841269850730896 9
1647220843858 0.9809523820877075 10
1647220852406 0.9904761910438538 11
1647220862944 1.0 12
1647220871345 0.9936507940292358 13
1647220881585 1.0 14
1647220890428 0.9904761910438538 15
1647220900227 1.0 16
1647220910483 0.9936507940292358 17
1647220918870 0.9968253970146179 18
1647220927301 0.9968253970146179 19
1647220937509 0.9936507940292358 20
1647220947896 1.0 21
1647220956425 1.0 22
1647220966565 1.0 23
1647220976818 1.0 24
1647220987052 1.0 25
1647220997294 0.9968253970146179 26
1647221007521 1.0 27
1647221015965 1.0 28
1647221024409 1.0 29
1647221032851 1.0 30
1647221041427 1.0 31
1647221087517 1.0 32
