1647220727466 0.9882662296295166 0
1647220760692 0.4937771260738373 1
1647220769170 0.33357319235801697 2
1647220777556 0.235632061958313 3
1647220786100 0.17574214935302734 4
1647220794458 0.11618193238973618 5
1647220804879 0.0796828344464302 6
1647220815134 0.0609990693628788 7
1647220825240 0.09385046362876892 8
1647220835456 0.052842698991298676 9
1647220843858 0.05322327837347984 10
1647220852406 0.04311380907893181 11
1647220862944 0.016644099727272987 12
1647220871345 0.02554645575582981 13
1647220881585 0.01818503439426422 14
1647220890428 0.023851711302995682 15
1647220900227 0.010189983062446117 16
1647220910483 0.031794223934412 17
1647220918870 0.021811021491885185 18
1647220927301 0.01269402727484703 19
1647220937509 0.024725966155529022 20
1647220947896 0.01265900582075119 21
1647220956425 0.008264663629233837 22
1647220966565 0.005415982101112604 23
1647220976818 0.007063832134008408 24
1647220987052 0.004885357804596424 25
1647220997294 0.01148011814802885 26
1647221007521 0.009445300325751305 27
1647221015965 0.009853145107626915 28
1647221024409 0.0032960455864667892 29
1647221032851 0.00500896479934454 30
1647221041427 0.004471838008612394 31
1647221087517 0.01265900582075119 32
