1647221712984 0.6000000238418579 0
1647221721451 0.8126984238624573 1
1647221731751 0.8666666746139526 2
1647221740142 0.9333333373069763 3
1647221748564 0.9650793671607971 4
1647221756982 0.9714285731315613 5
1647221767348 0.9650793671607971 6
1647221775910 0.9873015880584717 7
1647221784356 0.9809523820877075 8
1647221792781 0.9904761910438538 9
1647221803034 0.9936507940292358 10
1647221811583 0.9936507940292358 11
1647221820157 0.9936507940292358 12
1647221830218 1.0 13
1647221838616 1.0 14
1647221848872 0.9936507940292358 15
1647221859123 0.9968253970146179 16
1647221869295 0.9968253970146179 17
1647221879567 1.0 18
1647221889777 0.9968253970146179 19
1647221900011 0.9904761910438538 20
1647221910232 0.9968253970146179 21
1647221920696 1.0 22
1647221965931 0.9936507940292358 23
