1647221712984 1.0174070596694946 0
1647221721451 0.5164350271224976 1
1647221731751 0.36623573303222656 2
1647221740142 0.23356826603412628 3
1647221748564 0.1459144949913025 4
1647221756982 0.10223675519227982 5
1647221767348 0.12047971785068512 6
1647221775910 0.0883789137005806 7
1647221784356 0.08214163780212402 8
1647221792781 0.04738365486264229 9
1647221803034 0.033231232315301895 10
1647221811583 0.0330510139465332 11
1647221820157 0.019779985770583153 12
1647221830218 0.019206581637263298 13
1647221838616 0.014438179321587086 14
1647221848872 0.017595848068594933 15
1647221859123 0.01490651722997427 16
1647221869295 0.015249775722622871 17
1647221879567 0.013089779764413834 18
1647221889777 0.011175597086548805 19
1647221900011 0.0339747779071331 20
1647221910232 0.014659835025668144 21
1647221920696 0.00631101755425334 22
1647221965931 0.019779985770583153 23
