1646496385581 0.5740740895271301 0
1646496385913 0.7129629850387573 1
1646496386233 0.7824074029922485 2
1646496386544 0.8148148059844971 3
1646496387088 0.8379629850387573 4
1646496387437 0.8842592835426331 5
1646496387758 0.9027777910232544 6
1646496388072 0.8981481194496155 7
1646496388430 0.8842592835426331 8
1646496388808 0.8703703880310059 9
1646496389120 0.9259259104728699 10
1646496389405 0.9305555820465088 11
1646496389710 0.9629629850387573 12
1646496390048 0.9629629850387573 13
1646496390478 0.9768518805503845 14
1646496390824 0.9722222089767456 15
1646496391137 0.9861111044883728 16
1646496391436 0.9861111044883728 17
1646496391744 0.9814814925193787 18
1646496392026 0.9814814925193787 19
1646496392310 0.9907407164573669 20
1646496392626 0.9907407164573669 21
1646496392939 1.0 22
1646496393220 0.9953703880310059 23
1646496393498 1.0 24
1646496393796 1.0 25
1646496394249 1.0 26
1646496394650 1.0 27
1646496394973 1.0 28
1646496395288 1.0 29
1646496395571 1.0 30
1646496395869 0.9953703880310059 31
1646496396158 0.9953703880310059 32
1646496396439 1.0 33
1646496396784 1.0 34
1646496397078 1.0 35
1646496397409 1.0 36
1646496397763 1.0 37
1646496398244 1.0 38
1646496398817 1.0 39
1646496399399 1.0 40
1646496399829 1.0 41
1646496400215 1.0 42
1646496400563 1.0 43
1646496400945 1.0 44
1646496401390 0.9907407164573669 45
1646496401811 0.9861111044883728 46
1646496402434 0.9953703880310059 47
1646496402835 0.9768518805503845 48
1646496403235 0.9861111044883728 49
1646496403606 0.9907407164573669 50
1646496403982 1.0 51
1646496404319 1.0 52
1646496404719 1.0 53
1646496405026 0.9907407164573669 54
1646496405399 0.9953703880310059 55
1646496405755 0.9953703880310059 56
1646496406042 1.0 57
1646496406406 1.0 58
1646496406763 1.0 59
1646496407190 1.0 60
1646496407656 1.0 61
1646496408067 1.0 62
1646496408410 1.0 63
1646496408773 1.0 64
1646496409080 1.0 65
1646496409443 1.0 66
1646496409898 1.0 67
1646496410289 1.0 68
1646496410628 0.9953703880310059 69
1646496411001 0.9953703880310059 70
1646496411537 0.9953703880310059 71
1646496411998 0.9722222089767456 72
1646496412509 1.0 73
1646496412853 0.9675925970077515 74
1646496413182 0.9722222089767456 75
1646496413513 0.9722222089767456 76
1646496413864 0.9768518805503845 77
1646496414185 0.9814814925193787 78
1646496414536 0.9861111044883728 79
1646496414950 1.0 80
1646496415482 1.0 81
1646496415969 1.0 82
1646496416458 0.9953703880310059 83
1646496416934 1.0 84
1646496417277 1.0 85
1646496417676 1.0 86
1646496418049 1.0 87
1646496418403 1.0 88
1646496418763 1.0 89
1646496419082 1.0 90
1646496419617 1.0 91
1646496420135 1.0 92
1646496420539 1.0 93
1646496420897 1.0 94
1646496421217 1.0 95
1646496421502 1.0 96
1646496421836 1.0 97
1646496422117 1.0 98
1646496422400 1.0 99
1646496422691 1.0 100
1646496422964 1.0 101
1646496423246 1.0 102
1646496423729 1.0 103
1646496424207 1.0 104
1646496424655 1.0 105
1646496425030 1.0 106
1646496425372 1.0 107
1646496425711 1.0 108
1646496426026 1.0 109
1646496426310 1.0 110
1646496426615 1.0 111
1646496426940 1.0 112
1646496427235 1.0 113
1646496427608 1.0 114
1646496428047 1.0 115
1646496428411 1.0 116
1646496428736 1.0 117
1646496429055 1.0 118
1646496429325 1.0 119
1646496429607 1.0 120
1646496429910 1.0 121
1646496430184 0.9953703880310059 122
1646496430574 1.0 123
1646496430895 1.0 124
1646496431202 1.0 125
1646496431613 1.0 126
1646496432129 1.0 127
1646496432521 1.0 128
1646496432873 1.0 129
1646496433190 1.0 130
1646496433543 1.0 131
1646496433903 1.0 132
1646496434209 1.0 133
1646496434481 1.0 134
1646496434882 1.0 135
1646496435151 1.0 136
1646496435444 1.0 137
1646496435892 1.0 138
1646496436291 1.0 139
1646496436587 1.0 140
1646496436904 1.0 141
1646496437177 1.0 142
1646496437458 1.0 143
1646496437761 1.0 144
1646496438062 1.0 145
1646496438345 1.0 146
1646496438647 1.0 147
1646496438925 1.0 148
1646496439219 1.0 149
1646496439558 1.0 150
1646496440011 1.0 151
1646496440402 1.0 152
1646496440738 1.0 153
1646496441041 1.0 154
1646496441337 1.0 155
1646496441673 1.0 156
1646496441982 1.0 157
1646496442267 1.0 158
1646496442571 1.0 159
1646496442920 1.0 160
1646496443256 1.0 161
1646496443692 1.0 162
1646496444181 1.0 163
1646496444577 1.0 164
1646496444980 1.0 165
1646496445351 1.0 166
1646496445693 1.0 167
1646496446024 1.0 168
1646496446344 1.0 169
1646496446781 1.0 170
1646496447155 1.0 171
1646496447509 1.0 172
1646496448162 1.0 173
