1646496385581 1.0722664594650269 0
1646496385913 0.7215495109558105 1
1646496386233 0.5705682039260864 2
1646496386544 0.46146026253700256 3
1646496387088 0.4503360986709595 4
1646496387437 0.343151330947876 5
1646496387758 0.2862471342086792 6
1646496388072 0.27521803975105286 7
1646496388430 0.26195991039276123 8
1646496388808 0.28776979446411133 9
1646496389120 0.20038291811943054 10
1646496389405 0.17931979894638062 11
1646496389710 0.10425486415624619 12
1646496390048 0.09162870794534683 13
1646496390478 0.082057885825634 14
1646496390824 0.07271148264408112 15
1646496391137 0.042716048657894135 16
1646496391436 0.07332739233970642 17
1646496391744 0.05501529574394226 18
1646496392026 0.039388686418533325 19
1646496392310 0.02834695391356945 20
1646496392626 0.04128868877887726 21
1646496392939 0.013546389527618885 22
1646496393220 0.014489519409835339 23
1646496393498 0.009896070696413517 24
1646496393796 0.006322729401290417 25
1646496394249 0.005884059239178896 26
1646496394650 0.004201582167297602 27
1646496394973 0.0027582061011344194 28
1646496395288 0.005686858203262091 29
1646496395571 0.0036192969419062138 30
1646496395869 0.004781439900398254 31
1646496396158 0.008619277738034725 32
1646496396439 0.00633954955264926 33
1646496396784 0.006888151168823242 34
1646496397078 0.00379335624165833 35
1646496397409 0.0023513094056397676 36
1646496397763 0.003248508321121335 37
1646496398244 0.0051212310791015625 38
1646496398817 0.001858505536802113 39
1646496399399 0.0045493533834815025 40
1646496399829 0.0053766337223351 41
1646496400215 0.0024632560089230537 42
1646496400563 0.004471495281904936 43
1646496400945 0.0022353348322212696 44
1646496401390 0.02107182890176773 45
1646496401811 0.06411232799291611 46
1646496402434 0.018641935661435127 47
1646496402835 0.08203741908073425 48
1646496403235 0.03574823960661888 49
1646496403606 0.020426154136657715 50
1646496403982 0.010111752897500992 51
1646496404319 0.008076775819063187 52
1646496404719 0.006195552181452513 53
1646496405026 0.010135012678802013 54
1646496405399 0.012567810714244843 55
1646496405755 0.0142054483294487 56
1646496406042 0.0067856996320188046 57
1646496406406 0.0028852212708443403 58
1646496406763 0.0014966672752052546 59
1646496407190 0.004213447216898203 60
1646496407656 0.002247101627290249 61
1646496408067 0.0022066019009798765 62
1646496408410 0.003602429060265422 63
1646496408773 0.0012745675630867481 64
1646496409080 0.001588644227012992 65
1646496409443 0.00033554580295458436 66
1646496409898 0.002981171477586031 67
1646496410289 0.002881442429497838 68
1646496410628 0.004366002045571804 69
1646496411001 0.005704880226403475 70
1646496411537 0.02397078275680542 71
1646496411998 0.054580267518758774 72
1646496412509 0.014462514780461788 73
1646496412853 0.14574499428272247 74
1646496413182 0.08005305379629135 75
1646496413513 0.07926211506128311 76
1646496413864 0.10175758600234985 77
1646496414185 0.03946482762694359 78
1646496414536 0.017652258276939392 79
1646496414950 0.009750224649906158 80
1646496415482 0.004772705025970936 81
1646496415969 0.005726333241909742 82
1646496416458 0.008746661245822906 83
1646496416934 0.0016986142145469785 84
1646496417277 0.0017067729495465755 85
1646496417676 0.0023967293091118336 86
1646496418049 0.0015375547809526324 87
1646496418403 0.0008082141284830868 88
1646496418763 0.001849656575359404 89
1646496419082 0.0005614407709799707 90
1646496419617 0.0005823280662298203 91
1646496420135 0.0005087502649985254 92
1646496420539 0.0003201151266694069 93
1646496420897 0.0002082410064758733 94
1646496421217 0.0005845812265761197 95
1646496421502 0.000563957029953599 96
1646496421836 0.00026109040481969714 97
1646496422117 8.187042840290815e-05 98
1646496422400 0.000574411591514945 99
1646496422691 0.00020992517238482833 100
1646496422964 0.0019702634308487177 101
1646496423246 0.0007076765177771449 102
1646496423729 0.0008570787031203508 103
1646496424207 9.48217129916884e-05 104
1646496424655 0.0001294775865972042 105
1646496425030 0.0007514420431107283 106
1646496425372 0.0007743605528958142 107
1646496425711 5.797729318146594e-05 108
1646496426026 6.78781361784786e-05 109
1646496426310 0.00040513393469154835 110
1646496426615 0.0003204097447451204 111
1646496426940 0.00014836117043159902 112
1646496427235 7.105377153493464e-05 113
1646496427608 0.00023015837359707803 114
1646496428047 0.00011556934623513371 115
1646496428411 0.00014914933126419783 116
1646496428736 0.00010690087947295979 117
1646496429055 0.00012920638255309314 118
1646496429325 0.0009015034884214401 119
1646496429607 0.0002104105515172705 120
1646496429910 0.0014961642445996404 121
1646496430184 0.005870818626135588 122
1646496430574 0.0003636463370639831 123
1646496430895 0.0006674700998701155 124
1646496431202 0.0012297203065827489 125
1646496431613 0.00010389254020992666 126
1646496432129 0.0002440786047372967 127
1646496432521 0.0004014823934994638 128
1646496432873 0.00012732592585962266 129
1646496433190 8.680010796524584e-05 130
1646496433543 6.471414235420525e-05 131
1646496433903 0.0002646631037350744 132
1646496434209 6.576176383532584e-05 133
1646496434481 0.000796926615294069 134
1646496434882 0.00011930069013033062 135
1646496435151 0.0001420364569639787 136
1646496435444 0.00017810898134484887 137
1646496435892 0.0014065064024180174 138
1646496436291 0.00011763945803977549 139
1646496436587 9.753328777151182e-05 140
1646496436904 0.0007991439197212458 141
1646496437177 0.00011558522237464786 142
1646496437458 0.0004934518947266042 143
1646496437761 0.0001632525963941589 144
1646496438062 7.29878811398521e-05 145
1646496438345 0.00017423029930796474 146
1646496438647 2.343340020161122e-05 147
1646496438925 0.00013787829084321856 148
1646496439219 0.00012947442883159965 149
1646496439558 6.933901022421196e-05 150
1646496440011 0.0002547077019698918 151
1646496440402 5.238724043010734e-05 152
1646496440738 0.0001064729003701359 153
1646496441041 0.00020966546435374767 154
1646496441337 4.775303023052402e-05 155
1646496441673 5.350791980163194e-05 156
1646496441982 4.906996400677599e-05 157
1646496442267 0.0001339162263320759 158
1646496442571 7.39297247491777e-05 159
1646496442920 4.163318590144627e-05 160
1646496443256 8.069911564234644e-05 161
1646496443692 0.00010408633534098044 162
1646496444181 0.00010488610132597387 163
1646496444577 7.319465657928959e-05 164
1646496444980 0.0001614685170352459 165
1646496445351 0.00023795019660610706 166
1646496445693 8.290071127703413e-05 167
1646496446024 6.216562906047329e-05 168
1646496446344 7.645586447324604e-05 169
1646496446781 3.772599666262977e-05 170
1646496447155 0.0001016496607917361 171
1646496447509 2.435397072986234e-05 172
1646496448162 2.925169246736914e-05 173
