1646514449984 0.25925925374031067 0
1646514450352 0.34259259700775146 1
1646514450859 0.37037035822868347 2
1646514451236 0.4444444477558136 3
1646514451625 0.38425925374031067 4
1646514452114 0.4861111044883728 5
1646514452418 0.5277777910232544 6
1646514452718 0.5462962985038757 7
1646514453099 0.5740740895271301 8
1646514453384 0.5462962985038757 9
1646514453719 0.625 10
1646514454066 0.625 11
1646514454615 0.6712962985038757 12
1646514455046 0.6805555820465088 13
1646514455384 0.6990740895271301 14
1646514455879 0.6851851940155029 15
1646514456366 0.6851851940155029 16
1646514456776 0.7268518805503845 17
1646514457445 0.7037037014961243 18
1646514457980 0.6851851940155029 19
1646514458425 0.7407407164573669 20
1646514458793 0.7222222089767456 21
1646514459168 0.7268518805503845 22
1646514459631 0.75 23
1646514460131 0.7592592835426331 24
1646514460534 0.7916666865348816 25
1646514461070 0.7777777910232544 26
1646514461438 0.7777777910232544 27
1646514461755 0.7592592835426331 28
1646514462072 0.8101851940155029 29
1646514462359 0.7777777910232544 30
1646514462662 0.7870370149612427 31
1646514462973 0.8101851940155029 32
1646514463461 0.8240740895271301 33
1646514463883 0.7962962985038757 34
1646514464294 0.8240740895271301 35
1646514464804 0.8055555820465088 36
1646514465173 0.8472222089767456 37
1646514465518 0.8101851940155029 38
1646514465860 0.7685185074806213 39
1646514466205 0.8240740895271301 40
1646514466582 0.8287037014961243 41
1646514466974 0.8425925970077515 42
1646514467533 0.8194444179534912 43
1646514467880 0.8611111044883728 44
1646514468282 0.8472222089767456 45
1646514468750 0.8148148059844971 46
1646514469112 0.8564814925193787 47
1646514469443 0.8564814925193787 48
1646514469777 0.8888888955116272 49
1646514470124 0.8657407164573669 50
1646514470451 0.8333333134651184 51
1646514470974 0.8657407164573669 52
1646514471440 0.8703703880310059 53
1646514471789 0.8657407164573669 54
1646514472333 0.8425925970077515 55
1646514472680 0.8796296119689941 56
1646514473145 0.8425925970077515 57
1646514473626 0.8981481194496155 58
1646514474020 0.8842592835426331 59
1646514474353 0.8842592835426331 60
1646514474848 0.8425925970077515 61
1646514475231 0.9212962985038757 62
1646514475567 0.8888888955116272 63
1646514476034 0.8981481194496155 64
1646514476337 0.8842592835426331 65
1646514476645 0.8333333134651184 66
1646514476952 0.8981481194496155 67
1646514477267 0.9027777910232544 68
1646514477583 0.8935185074806213 69
1646514477900 0.9212962985038757 70
1646514478358 0.9074074029922485 71
1646514478746 0.8842592835426331 72
1646514479135 0.9259259104728699 73
1646514479663 0.9166666865348816 74
1646514479966 0.9259259104728699 75
1646514480286 0.9166666865348816 76
1646514480586 0.9166666865348816 77
1646514480907 0.9259259104728699 78
1646514481303 0.9444444179534912 79
1646514481652 0.9212962985038757 80
1646514482307 0.9305555820465088 81
1646514482811 0.9444444179534912 82
1646514483231 0.8518518805503845 83
1646514483630 0.9444444179534912 84
1646514483998 0.9212962985038757 85
1646514484309 0.9398148059844971 86
1646514484676 0.9212962985038757 87
1646514485018 0.9398148059844971 88
1646514485367 0.9212962985038757 89
1646514485679 0.9537037014961243 90
1646514486205 0.9120370149612427 91
1646514486627 0.9675925970077515 92
1646514487036 0.9490740895271301 93
1646514487662 0.9490740895271301 94
1646514488265 0.9074074029922485 95
1646514488707 0.9444444179534912 96
1646514489024 0.9490740895271301 97
1646514489366 0.9490740895271301 98
1646514489924 0.9537037014961243 99
1646514490409 0.9583333134651184 100
1646514490814 0.9722222089767456 101
1646514491316 0.9675925970077515 102
1646514491649 0.9259259104728699 103
1646514491962 0.9537037014961243 104
1646514492290 0.9351851940155029 105
1646514492631 0.9814814925193787 106
1646514492980 0.9675925970077515 107
1646514493348 0.9537037014961243 108
1646514493967 0.9583333134651184 109
1646514494416 0.9907407164573669 110
1646514494856 0.9675925970077515 111
1646514495393 0.9537037014961243 112
1646514495737 0.9722222089767456 113
1646514496071 0.9814814925193787 114
1646514496422 0.9675925970077515 115
1646514496886 0.9861111044883728 116
1646514497490 0.9722222089767456 117
1646514498477 0.9768518805503845 118
1646514499175 0.9629629850387573 119
1646514499845 0.9861111044883728 120
1646514500185 0.9398148059844971 121
1646514500539 0.9675925970077515 122
1646514500892 0.9537037014961243 123
1646514501478 0.9722222089767456 124
1646514502006 0.9537037014961243 125
1646514502459 0.9768518805503845 126
1646514503065 0.9629629850387573 127
1646514503429 0.9537037014961243 128
1646514503774 0.9490740895271301 129
1646514504133 0.9583333134651184 130
1646514504506 0.9629629850387573 131
1646514505314 0.9675925970077515 132
1646514505831 0.9629629850387573 133
1646514506322 0.9861111044883728 134
1646514506979 0.9675925970077515 135
1646514507547 0.9861111044883728 136
1646514508163 0.9722222089767456 137
1646514508767 0.9768518805503845 138
1646514509531 0.9722222089767456 139
1646514510021 0.9814814925193787 140
1646514510653 0.9629629850387573 141
1646514511319 0.9629629850387573 142
1646514511820 0.9768518805503845 143
1646514512331 0.9814814925193787 144
1646514512900 0.9722222089767456 145
1646514513407 0.9768518805503845 146
1646514513996 0.9861111044883728 147
1646514514633 0.9768518805503845 148
1646514515044 0.9768518805503845 149
1646514515402 0.9768518805503845 150
1646514515736 0.9722222089767456 151
1646514516106 0.9907407164573669 152
1646514516482 0.9861111044883728 153
1646514516941 0.9675925970077515 154
1646514517339 0.9768518805503845 155
1646514517785 0.9907407164573669 156
1646514518190 0.9768518805503845 157
1646514518496 0.9675925970077515 158
1646514518804 0.9629629850387573 159
1646514519122 0.9907407164573669 160
1646514519415 0.9768518805503845 161
1646514519763 0.9907407164573669 162
1646514520109 0.9907407164573669 163
1646514520619 0.9907407164573669 164
1646514521077 0.9814814925193787 165
1646514521554 0.9814814925193787 166
1646514522059 0.9583333134651184 167
1646514522368 0.9861111044883728 168
1646514522668 0.9907407164573669 169
1646514522984 0.9953703880310059 170
1646514523317 0.9907407164573669 171
1646514523614 0.9814814925193787 172
1646514523970 0.9907407164573669 173
1646514524479 0.9861111044883728 174
1646514524894 0.9814814925193787 175
1646514525297 0.9953703880310059 176
1646514525914 0.9861111044883728 177
1646514526233 0.9907407164573669 178
1646514526541 0.9907407164573669 179
1646514526917 0.9722222089767456 180
1646514527312 0.9953703880310059 181
1646514527684 0.9675925970077515 182
1646514528357 0.9768518805503845 183
1646514528953 0.9907407164573669 184
1646514529729 0.9953703880310059 185
1646514530352 0.9814814925193787 186
1646514530974 0.9814814925193787 187
1646514531654 0.9953703880310059 188
1646514532428 0.9722222089767456 189
1646514532993 0.9907407164573669 190
1646514533722 0.9907407164573669 191
1646514534263 0.9907407164573669 192
1646514534610 0.9953703880310059 193
1646514534947 0.9953703880310059 194
1646514535299 1.0 195
1646514535852 0.9768518805503845 196
1646514536270 0.9814814925193787 197
1646514536667 0.9768518805503845 198
1646514537231 0.9907407164573669 199
1646514537593 0.9861111044883728 200
1646514537969 0.9814814925193787 201
1646514538287 0.9953703880310059 202
1646514538619 1.0 203
1646514538939 0.9907407164573669 204
1646514539431 0.9907407164573669 205
1646514540020 1.0 206
1646514540672 0.9814814925193787 207
1646514541311 0.9861111044883728 208
1646514541634 1.0 209
1646514541948 0.9814814925193787 210
1646514542277 0.9861111044883728 211
1646514542591 0.9953703880310059 212
1646514542911 0.9907407164573669 213
1646514543473 0.9861111044883728 214
1646514543888 0.9953703880310059 215
1646514544304 0.9953703880310059 216
1646514544796 0.9861111044883728 217
1646514545161 0.9953703880310059 218
1646514545558 0.9953703880310059 219
1646514545947 0.9907407164573669 220
1646514546366 0.9953703880310059 221
1646514547154 0.9953703880310059 222
1646514547895 0.9953703880310059 223
1646514548390 0.9953703880310059 224
1646514549358 0.9861111044883728 225
1646514549994 0.9953703880310059 226
1646514550564 0.9907407164573669 227
1646514550973 0.9907407164573669 228
1646514551357 0.9953703880310059 229
1646514551775 1.0 230
1646514552229 0.9953703880310059 231
1646514552741 0.9861111044883728 232
1646514553124 0.9953703880310059 233
1646514553620 0.9861111044883728 234
1646514553966 0.9768518805503845 235
1646514554318 1.0 236
1646514554624 0.9953703880310059 237
1646514554959 0.9953703880310059 238
1646514555308 0.9953703880310059 239
1646514555663 0.9907407164573669 240
1646514556269 0.9861111044883728 241
1646514556710 0.9814814925193787 242
1646514557093 0.9953703880310059 243
1646514557630 0.9907407164573669 244
1646514557968 0.9907407164573669 245
1646514558359 0.9953703880310059 246
1646514558854 0.9953703880310059 247
1646514559328 0.9953703880310059 248
1646514559656 0.9953703880310059 249
1646514560267 0.9953703880310059 250
1646514560626 0.9907407164573669 251
1646514561124 1.0 252
1646514561613 0.9953703880310059 253
1646514561994 0.9953703880310059 254
1646514562349 0.9907407164573669 255
1646514562717 1.0 256
1646514563029 0.9907407164573669 257
1646514563386 0.9861111044883728 258
1646514563906 1.0 259
1646514564306 0.9861111044883728 260
1646514564658 1.0 261
1646514565134 0.9907407164573669 262
1646514565453 1.0 263
1646514565784 0.9953703880310059 264
1646514566122 0.9953703880310059 265
1646514566419 1.0 266
1646514566738 0.9953703880310059 267
1646514567100 0.9953703880310059 268
1646514567686 0.9953703880310059 269
1646514568145 0.9814814925193787 270
1646514568531 0.9907407164573669 271
1646514569003 0.9907407164573669 272
1646514569364 1.0 273
1646514569665 1.0 274
1646514569965 1.0 275
1646514570294 0.9907407164573669 276
1646514570611 0.9953703880310059 277
1646514571095 1.0 278
1646514571623 0.9953703880310059 279
1646514572024 0.9861111044883728 280
1646514572597 1.0 281
1646514572975 0.9953703880310059 282
1646514573292 0.9953703880310059 283
1646514573639 0.9953703880310059 284
1646514574075 1.0 285
1646514574393 1.0 286
1646514574975 0.9953703880310059 287
1646514575480 0.9907407164573669 288
1646514575928 0.9907407164573669 289
1646514576702 1.0 290
1646514577168 1.0 291
1646514577549 1.0 292
1646514577951 0.9953703880310059 293
1646514578579 0.9953703880310059 294
1646514579199 1.0 295
1646514579601 0.9953703880310059 296
1646514580184 0.9953703880310059 297
1646514580533 0.9953703880310059 298
1646514580857 0.9861111044883728 299
