1646514449984 1.3793330192565918 0
1646514450352 1.355629563331604 1
1646514450859 1.3474652767181396 2
1646514451236 1.2940361499786377 3
1646514451625 1.3117072582244873 4
1646514452114 1.2765464782714844 5
1646514452418 1.230823278427124 6
1646514452718 1.215942144393921 7
1646514453099 1.183099389076233 8
1646514453384 1.160312533378601 9
1646514453719 1.1181026697158813 10
1646514454066 1.0814522504806519 11
1646514454615 1.0275293588638306 12
1646514455046 0.962862491607666 13
1646514455384 0.9110823273658752 14
1646514455879 0.8908504843711853 15
1646514456366 0.852229654788971 16
1646514456776 0.8141074180603027 17
1646514457445 0.7741321325302124 18
1646514457980 0.7703143358230591 19
1646514458425 0.6982418894767761 20
1646514458793 0.7069708704948425 21
1646514459168 0.6766714453697205 22
1646514459631 0.6369055509567261 23
1646514460131 0.6003679633140564 24
1646514460534 0.6266897916793823 25
1646514461070 0.5790879130363464 26
1646514461438 0.5801804661750793 27
1646514461755 0.6002849340438843 28
1646514462072 0.4991558790206909 29
1646514462359 0.5432620644569397 30
1646514462662 0.5200471878051758 31
1646514462973 0.5378649830818176 32
1646514463461 0.49605464935302734 33
1646514463883 0.47632870078086853 34
1646514464294 0.539660632610321 35
1646514464804 0.49338632822036743 36
1646514465173 0.4339403808116913 37
1646514465518 0.48289430141448975 38
1646514465860 0.4865826964378357 39
1646514466205 0.46382057666778564 40
1646514466582 0.4457080662250519 41
1646514466974 0.4303913116455078 42
1646514467533 0.45920971035957336 43
1646514467880 0.35783615708351135 44
1646514468282 0.3678813874721527 45
1646514468750 0.4462149143218994 46
1646514469112 0.3883039057254791 47
1646514469443 0.3871777355670929 48
1646514469777 0.36297866702079773 49
1646514470124 0.3970129191875458 50
1646514470451 0.3864286541938782 51
1646514470974 0.3328516483306885 52
1646514471440 0.35423406958580017 53
1646514471789 0.3829207122325897 54
1646514472333 0.36925002932548523 55
1646514472680 0.3129006624221802 56
1646514473145 0.3885068893432617 57
1646514473626 0.2823996841907501 58
1646514474020 0.32917386293411255 59
1646514474353 0.2996540069580078 60
1646514474848 0.3821488916873932 61
1646514475231 0.28716418147087097 62
1646514475567 0.2997893691062927 63
1646514476034 0.26705288887023926 64
1646514476337 0.2706117331981659 65
1646514476645 0.4031086564064026 66
1646514476952 0.2796008288860321 67
1646514477267 0.28317999839782715 68
1646514477583 0.26453450322151184 69
1646514477900 0.21261568367481232 70
1646514478358 0.28955739736557007 71
1646514478746 0.34051546454429626 72
1646514479135 0.22783127427101135 73
1646514479663 0.20497016608715057 74
1646514479966 0.226081982254982 75
1646514480286 0.22862274944782257 76
1646514480586 0.22006186842918396 77
1646514480907 0.17855872213840485 78
1646514481303 0.17065821588039398 79
1646514481652 0.17781095206737518 80
1646514482307 0.2053237110376358 81
1646514482811 0.15599006414413452 82
1646514483231 0.41094815731048584 83
1646514483630 0.18222421407699585 84
1646514483998 0.1944505125284195 85
1646514484309 0.1884789764881134 86
1646514484676 0.1896720975637436 87
1646514485018 0.17824603617191315 88
1646514485367 0.20044556260108948 89
1646514485679 0.14399440586566925 90
1646514486205 0.17930860817432404 91
1646514486627 0.10728101432323456 92
1646514487036 0.1153946965932846 93
1646514487662 0.15108899772167206 94
1646514488265 0.19268539547920227 95
1646514488707 0.14513906836509705 96
1646514489024 0.13295391201972961 97
1646514489366 0.14923274517059326 98
1646514489924 0.11368197947740555 99
1646514490409 0.12648417055606842 100
1646514490814 0.08105596154928207 101
1646514491316 0.07950203865766525 102
1646514491649 0.18221911787986755 103
1646514491962 0.11968544125556946 104
1646514492290 0.14279286563396454 105
1646514492631 0.08278299123048782 106
1646514492980 0.108212910592556 107
1646514493348 0.11190889775753021 108
1646514493967 0.12600567936897278 109
1646514494416 0.055814292281866074 110
1646514494856 0.0884118527173996 111
1646514495393 0.11583758145570755 112
1646514495737 0.05865807086229324 113
1646514496071 0.06967076659202576 114
1646514496422 0.09028087556362152 115
1646514496886 0.05172708258032799 116
1646514497490 0.0988004133105278 117
1646514498477 0.061631228774785995 118
1646514499175 0.10113481432199478 119
1646514499845 0.0462634302675724 120
1646514500185 0.1873312145471573 121
1646514500539 0.12724968791007996 122
1646514500892 0.13099642097949982 123
1646514501478 0.08235559612512589 124
1646514502006 0.14088904857635498 125
1646514502459 0.1140250563621521 126
1646514503065 0.09870888292789459 127
1646514503429 0.12225789576768875 128
1646514503774 0.13858897984027863 129
1646514504133 0.10477382689714432 130
1646514504506 0.10493625700473785 131
1646514505314 0.098764568567276 132
1646514505831 0.07999462634325027 133
1646514506322 0.06310611218214035 134
1646514506979 0.07471796870231628 135
1646514507547 0.060023847967386246 136
1646514508163 0.0711541622877121 137
1646514508767 0.06760859489440918 138
1646514509531 0.07699607312679291 139
1646514510021 0.04401879757642746 140
1646514510653 0.0889647901058197 141
1646514511319 0.08972018212080002 142
1646514511820 0.06250365823507309 143
1646514512331 0.06439496576786041 144
1646514512900 0.06299934536218643 145
1646514513407 0.08855219185352325 146
1646514513996 0.03754346817731857 147
1646514514633 0.06403917819261551 148
1646514515044 0.06348875910043716 149
1646514515402 0.07406317442655563 150
1646514515736 0.06330253183841705 151
1646514516106 0.06622251868247986 152
1646514516482 0.054703328758478165 153
1646514516941 0.13117429614067078 154
1646514517339 0.06855617463588715 155
1646514517785 0.05055422708392143 156
1646514518190 0.08535528182983398 157
1646514518496 0.06316713988780975 158
1646514518804 0.0961194634437561 159
1646514519122 0.035187412053346634 160
1646514519415 0.04399453103542328 161
1646514519763 0.0365573950111866 162
1646514520109 0.028335629031062126 163
1646514520619 0.0398847870528698 164
1646514521077 0.04956842213869095 165
1646514521554 0.044889308512210846 166
1646514522059 0.05660693719983101 167
1646514522368 0.034908026456832886 168
1646514522668 0.03157535567879677 169
1646514522984 0.02199186570942402 170
1646514523317 0.02642330899834633 171
1646514523614 0.03678044304251671 172
1646514523970 0.03437328711152077 173
1646514524479 0.045147862285375595 174
1646514524894 0.04453403875231743 175
1646514525297 0.02141842618584633 176
1646514525914 0.032541606575250626 177
1646514526233 0.030761925503611565 178
1646514526541 0.029150255024433136 179
1646514526917 0.07434964925050735 180
1646514527312 0.029058996587991714 181
1646514527684 0.053930316120386124 182
1646514528357 0.041471488773822784 183
1646514528953 0.029128985479474068 184
1646514529729 0.029507340863347054 185
1646514530352 0.05563680827617645 186
1646514530974 0.045840177685022354 187
1646514531654 0.011776268482208252 188
1646514532428 0.06000685319304466 189
1646514532993 0.024757113307714462 190
1646514533722 0.04199295863509178 191
1646514534263 0.040016818791627884 192
1646514534610 0.014859599061310291 193
1646514534947 0.019315723329782486 194
1646514535299 0.010092190466821194 195
1646514535852 0.04186205938458443 196
1646514536270 0.03352932631969452 197
1646514536667 0.060633450746536255 198
1646514537231 0.03236391767859459 199
1646514537593 0.03262519836425781 200
1646514537969 0.03692612051963806 201
1646514538287 0.01356914546340704 202
1646514538619 0.014168846420943737 203
1646514538939 0.026738738641142845 204
1646514539431 0.029238717630505562 205
1646514540020 0.008965418674051762 206
1646514540672 0.025723980739712715 207
1646514541311 0.025780487805604935 208
1646514541634 0.009424684569239616 209
1646514541948 0.032467931509017944 210
1646514542277 0.028634650632739067 211
1646514542591 0.018753957003355026 212
1646514542911 0.013858449645340443 213
1646514543473 0.04653327912092209 214
1646514543888 0.027546493336558342 215
1646514544304 0.013017778284847736 216
1646514544796 0.03523433580994606 217
1646514545161 0.017923327162861824 218
1646514545558 0.01493605226278305 219
1646514545947 0.019321642816066742 220
1646514546366 0.014037621207535267 221
1646514547154 0.011991048231720924 222
1646514547895 0.014238685369491577 223
1646514548390 0.016064750030636787 224
1646514549358 0.052168868482112885 225
1646514549994 0.018181683495640755 226
1646514550564 0.029898392036557198 227
1646514550973 0.02674175053834915 228
1646514551357 0.029316743835806847 229
1646514551775 0.010326649993658066 230
1646514552229 0.01626664586365223 231
1646514552741 0.03897842392325401 232
1646514553124 0.013455196283757687 233
1646514553620 0.03359508514404297 234
1646514553966 0.046078070998191833 235
1646514554318 0.007798784412443638 236
1646514554624 0.01675352081656456 237
1646514554959 0.02533639781177044 238
1646514555308 0.01278940960764885 239
1646514555663 0.037586115300655365 240
1646514556269 0.036476705223321915 241
1646514556710 0.039810363203287125 242
1646514557093 0.014497495256364346 243
1646514557630 0.03418326750397682 244
1646514557968 0.02521648071706295 245
1646514558359 0.013894007541239262 246
1646514558854 0.025407811626791954 247
1646514559328 0.013351756148040295 248
1646514559656 0.010406846180558205 249
1646514560267 0.016797326505184174 250
1646514560626 0.020845767110586166 251
1646514561124 0.01243129838258028 252
1646514561613 0.013866715133190155 253
1646514561994 0.01747206225991249 254
1646514562349 0.033534809947013855 255
1646514562717 0.007695814594626427 256
1646514563029 0.021126465871930122 257
1646514563386 0.02522977441549301 258
1646514563906 0.010375232435762882 259
1646514564306 0.04637479782104492 260
1646514564658 0.011022745631635189 261
1646514565134 0.03641444817185402 262
1646514565453 0.010533957742154598 263
1646514565784 0.026352569460868835 264
1646514566122 0.015067849308252335 265
1646514566419 0.01005755178630352 266
1646514566738 0.023153021931648254 267
1646514567100 0.020361006259918213 268
1646514567686 0.014932588674128056 269
1646514568145 0.03575313836336136 270
1646514568531 0.020179398357868195 271
1646514569003 0.042382486164569855 272
1646514569364 0.006281305104494095 273
1646514569665 0.013365848921239376 274
1646514569965 0.005758907180279493 275
1646514570294 0.02116570621728897 276
1646514570611 0.03315936028957367 277
1646514571095 0.013996951282024384 278
1646514571623 0.011217528954148293 279
1646514572024 0.026441529393196106 280
1646514572597 0.018663892522454262 281
1646514572975 0.017886338755488396 282
1646514573292 0.011200983077287674 283
1646514573639 0.017503773793578148 284
1646514574075 0.010932455770671368 285
1646514574393 0.00839322991669178 286
1646514574975 0.022647999227046967 287
1646514575480 0.017060425132513046 288
1646514575928 0.02882998436689377 289
1646514576702 0.008672881871461868 290
1646514577168 0.008886096067726612 291
1646514577549 0.011961006559431553 292
1646514577951 0.014845963567495346 293
1646514578579 0.025928573682904243 294
1646514579199 0.00816422514617443 295
1646514579601 0.029571210965514183 296
1646514580184 0.01925785280764103 297
1646514580533 0.020473210141062737 298
1646514580857 0.01909503899514675 299
