1646481745993 0.40740740299224854 0
1646481746193 0.625 1
1646481746362 0.6481481194496155 2
1646481746546 0.7037037014961243 3
1646481746740 0.7361111044883728 4
1646481747025 0.7453703880310059 5
1646481747292 0.7824074029922485 6
1646481747565 0.7638888955116272 7
1646481747775 0.8379629850387573 8
1646481748007 0.8657407164573669 9
1646481748223 0.8564814925193787 10
1646481748445 0.8888888955116272 11
1646481748645 0.8935185074806213 12
1646481748861 0.8888888955116272 13
1646481749090 0.9166666865348816 14
1646481749297 0.9444444179534912 15
1646481749490 0.9490740895271301 16
1646481749666 0.9444444179534912 17
1646481749836 0.9537037014961243 18
1646481750020 0.9537037014961243 19
1646481750220 0.9675925970077515 20
1646481750402 0.9768518805503845 21
1646481750567 0.9861111044883728 22
1646481750752 0.9953703880310059 23
1646481751043 0.9907407164573669 24
1646481751319 1.0 25
1646481751519 0.9861111044883728 26
1646481751735 0.9814814925193787 27
1646481751920 0.9953703880310059 28
1646481752089 0.9953703880310059 29
1646481752289 0.9953703880310059 30
1646481752467 1.0 31
1646481752636 0.9953703880310059 32
1646481752821 1.0 33
1646481752990 1.0 34
1646481753168 1.0 35
1646481753356 1.0 36
1646481753537 1.0 37
1646481753722 1.0 38
1646481753891 1.0 39
1646481754072 1.0 40
1646481754269 1.0 41
1646481754438 1.0 42
1646481754639 1.0 43
1646481754948 1.0 44
1646481755198 1.0 45
1646481755398 1.0 46
1646481755582 1.0 47
1646481755787 1.0 48
1646481755967 1.0 49
1646481756166 1.0 50
1646481756335 1.0 51
1646481756515 1.0 52
1646481756700 0.9953703880310059 53
1646481756885 0.9907407164573669 54
1646481757051 0.9907407164573669 55
1646481757252 0.9768518805503845 56
1646481757416 0.9814814925193787 57
1646481757600 0.9768518805503845 58
1646481757769 0.9675925970077515 59
1646481757956 0.9398148059844971 60
1646481758133 0.9490740895271301 61
1646481758317 0.9537037014961243 62
1646481758571 0.9675925970077515 63
1646481758842 0.9907407164573669 64
1646481759058 0.9953703880310059 65
1646481759259 1.0 66
1646481759443 1.0 67
1646481759612 1.0 68
1646481759795 1.0 69
1646481759960 1.0 70
1646481760145 1.0 71
1646481760329 1.0 72
1646481760514 1.0 73
1646481760692 1.0 74
1646481760861 1.0 75
1646481761029 1.0 76
1646481761229 1.0 77
1646481761396 1.0 78
1646481761577 1.0 79
1646481761746 1.0 80
1646481761915 1.0 81
1646481762098 1.0 82
1646481762315 1.0 83
1646481762610 1.0 84
1646481762831 1.0 85
1646481763015 1.0 86
1646481763216 1.0 87
1646481763456 1.0 88
1646481763669 1.0 89
1646481763865 1.0 90
1646481764055 1.0 91
1646481764271 1.0 92
1646481764502 1.0 93
1646481764687 1.0 94
1646481764886 1.0 95
1646481765087 1.0 96
1646481765318 1.0 97
1646481765488 1.0 98
1646481765668 1.0 99
1646481765838 1.0 100
1646481766035 1.0 101
1646481766308 1.0 102
1646481766583 1.0 103
1646481766809 1.0 104
1646481766994 1.0 105
1646481767187 1.0 106
1646481767361 1.0 107
1646481767541 1.0 108
1646481767725 1.0 109
