1646481745993 1.3424789905548096 0
1646481746193 0.8803591132164001 1
1646481746362 0.8106749057769775 2
1646481746546 0.7111397385597229 3
1646481746740 0.7198204398155212 4
1646481747025 0.615964949131012 5
1646481747292 0.5836099982261658 6
1646481747565 0.5736665725708008 7
1646481747775 0.4396213889122009 8
1646481748007 0.4046805202960968 9
1646481748223 0.3686279058456421 10
1646481748445 0.27959388494491577 11
1646481748645 0.2835724353790283 12
1646481748861 0.2938087284564972 13
1646481749090 0.18507196009159088 14
1646481749297 0.1691742092370987 15
1646481749490 0.16627958416938782 16
1646481749666 0.13314701616764069 17
1646481749836 0.11307226866483688 18
1646481750020 0.1079549640417099 19
1646481750220 0.09067334979772568 20
1646481750402 0.08848114311695099 21
1646481750567 0.06080925837159157 22
1646481750752 0.0418311282992363 23
1646481751043 0.029730549082159996 24
1646481751319 0.028035199269652367 25
1646481751519 0.03311755508184433 26
1646481751735 0.044141724705696106 27
1646481751920 0.024861857295036316 28
1646481752089 0.02808329090476036 29
1646481752289 0.030585024505853653 30
1646481752467 0.022985883057117462 31
1646481752636 0.012909690849483013 32
1646481752821 0.011576379649341106 33
1646481752990 0.00917794182896614 34
1646481753168 0.005360028240829706 35
1646481753356 0.004409244284033775 36
1646481753537 0.006837808061391115 37
1646481753722 0.005887522362172604 38
1646481753891 0.004473576322197914 39
1646481754072 0.003845960833132267 40
1646481754269 0.004304603673517704 41
1646481754438 0.002867418806999922 42
1646481754639 0.0019336027326062322 43
1646481754948 0.0034760429989546537 44
1646481755198 0.001981833018362522 45
1646481755398 0.0028923896607011557 46
1646481755582 0.0021860513370484114 47
1646481755787 0.0020325439982116222 48
1646481755967 0.00135414965916425 49
1646481756166 0.0017833283636718988 50
1646481756335 0.0022753349039703608 51
1646481756515 0.002721922006458044 52
1646481756700 0.006707572843879461 53
1646481756885 0.017814718186855316 54
1646481757051 0.04442597180604935 55
1646481757252 0.052213624119758606 56
1646481757416 0.035483017563819885 57
1646481757600 0.06451123207807541 58
1646481757769 0.07594168931245804 59
1646481757956 0.17350484430789948 60
1646481758133 0.12481451779603958 61
1646481758317 0.17007531225681305 62
1646481758571 0.07321719080209732 63
1646481758842 0.04166131094098091 64
1646481759058 0.018996112048625946 65
1646481759259 0.009959153831005096 66
1646481759443 0.008451341651380062 67
1646481759612 0.006027119234204292 68
1646481759795 0.002774762222543359 69
1646481759960 0.005217376630753279 70
1646481760145 0.004025985021144152 71
1646481760329 0.0033753246534615755 72
1646481760514 0.0033564770128577948 73
1646481760692 0.0009180313791148365 74
1646481760861 0.0013386347563937306 75
1646481761029 0.0011658173752948642 76
1646481761229 0.0008412229944951832 77
1646481761396 0.0016458365134894848 78
1646481761577 0.0012157062301412225 79
1646481761746 0.0011625331826508045 80
1646481761915 0.0007935427129268646 81
1646481762098 0.0011633463436737657 82
1646481762315 0.00041172857163473964 83
1646481762610 0.0006315716891549528 84
1646481762831 0.0008820999646559358 85
1646481763015 0.0006868086638860404 86
1646481763216 0.00029000567155890167 87
1646481763456 0.0005169877549633384 88
1646481763669 0.0004949760041199625 89
1646481763865 0.0002662041806615889 90
1646481764055 0.0006086326902732253 91
1646481764271 0.000367798435036093 92
1646481764502 0.00029156298842281103 93
1646481764687 0.0002364058163948357 94
1646481764886 0.00024774015764705837 95
1646481765087 0.00015625570085830986 96
1646481765318 0.00030999822774901986 97
1646481765488 0.0006112328264862299 98
1646481765668 0.00015992300177458674 99
1646481765838 0.00024103338364511728 100
1646481766035 0.0009391900384798646 101
1646481766308 0.00019056594464927912 102
1646481766583 0.0004035344463773072 103
1646481766809 0.0003717603685799986 104
1646481766994 0.0002701510675251484 105
1646481767187 0.00036661792546510696 106
1646481767361 0.0002771008003037423 107
1646481767541 0.00029120713588781655 108
1646481767725 0.00015401712153106928 109
