1646481791634 0.42129629850387573 0
1646481791849 0.5555555820465088 1
1646481792050 0.6759259104728699 2
1646481792395 0.7268518805503845 3
1646481792639 0.7222222089767456 4
1646481792828 0.7824074029922485 5
1646481793013 0.8101851940155029 6
1646481793192 0.8055555820465088 7
1646481793360 0.8518518805503845 8
1646481793530 0.8518518805503845 9
1646481793713 0.8472222089767456 10
1646481793960 0.9074074029922485 11
1646481794250 0.9259259104728699 12
1646481794445 0.9212962985038757 13
1646481794646 0.9074074029922485 14
1646481794823 0.9537037014961243 15
1646481795008 0.9259259104728699 16
1646481795162 0.9490740895271301 17
1646481795405 0.9444444179534912 18
1646481795636 0.9629629850387573 19
1646481795813 0.9768518805503845 20
1646481796029 0.9861111044883728 21
1646481796229 0.9953703880310059 22
1646481796433 1.0 23
1646481796600 0.9907407164573669 24
1646481796814 0.9907407164573669 25
1646481796999 1.0 26
1646481797199 1.0 27
1646481797400 0.9953703880310059 28
1646481797569 1.0 29
1646481797853 0.9907407164573669 30
1646481798089 1.0 31
1646481798312 1.0 32
1646481798494 0.9907407164573669 33
1646481798706 1.0 34
1646481798890 0.9953703880310059 35
1646481799060 0.9953703880310059 36
1646481799244 0.9953703880310059 37
1646481799413 0.9907407164573669 38
1646481799586 0.9953703880310059 39
1646481799781 1.0 40
1646481799948 1.0 41
1646481800130 1.0 42
1646481800314 1.0 43
1646481800487 1.0 44
1646481800677 1.0 45
1646481800877 1.0 46
1646481801062 1.0 47
1646481801246 1.0 48
1646481801447 1.0 49
1646481801694 1.0 50
1646481801980 1.0 51
1646481802285 1.0 52
1646481802509 1.0 53
1646481802742 1.0 54
1646481802965 1.0 55
1646481803188 1.0 56
1646481803379 1.0 57
1646481803568 1.0 58
1646481803764 1.0 59
1646481803933 1.0 60
1646481804117 1.0 61
1646481804302 1.0 62
1646481804480 1.0 63
1646481804649 1.0 64
1646481804818 1.0 65
1646481805000 1.0 66
1646481805181 1.0 67
1646481805369 1.0 68
1646481805681 1.0 69
1646481805932 1.0 70
1646481806148 1.0 71
1646481806348 1.0 72
1646481806533 1.0 73
1646481806702 1.0 74
1646481806884 1.0 75
1646481807049 1.0 76
1646481807233 1.0 77
1646481807418 1.0 78
1646481807583 1.0 79
1646481807766 1.0 80
1646481807935 1.0 81
1646481808104 1.0 82
1646481808304 1.0 83
1646481808467 1.0 84
1646481808635 1.0 85
1646481808804 1.0 86
1646481808976 1.0 87
1646481809152 1.0 88
1646481809489 1.0 89
1646481809700 1.0 90
1646481809896 1.0 91
1646481810070 1.0 92
1646481810270 1.0 93
1646481810454 1.0 94
1646481810624 1.0 95
1646481810810 1.0 96
1646481811017 1.0 97
1646481811217 1.0 98
1646481811424 1.0 99
1646481811655 1.0 100
1646481811904 1.0 101
1646481812142 1.0 102
1646481812384 1.0 103
1646481812639 1.0 104
1646481812903 1.0 105
1646481813187 1.0 106
1646481813594 1.0 107
1646481813919 1.0 108
1646481814214 1.0 109
1646481814405 1.0 110
1646481814575 1.0 111
1646481814805 1.0 112
