1646481791634 1.416472315788269 0
1646481791849 0.9705837965011597 1
1646481792050 0.8456211090087891 2
1646481792395 0.7273193597793579 3
1646481792639 0.663116455078125 4
1646481792828 0.5910954475402832 5
1646481793013 0.507111668586731 6
1646481793192 0.47081562876701355 7
1646481793360 0.38292768597602844 8
1646481793530 0.3952684700489044 9
1646481793713 0.4137037396430969 10
1646481793960 0.284231036901474 11
1646481794250 0.25550687313079834 12
1646481794445 0.23866356909275055 13
1646481794646 0.1823267638683319 14
1646481794823 0.13606959581375122 15
1646481795008 0.1970331072807312 16
1646481795162 0.1563969850540161 17
1646481795405 0.12645335495471954 18
1646481795636 0.11174530535936356 19
1646481795813 0.08827540278434753 20
1646481796029 0.05265920236706734 21
1646481796229 0.03262140974402428 22
1646481796433 0.025806918740272522 23
1646481796600 0.027491986751556396 24
1646481796814 0.030223321169614792 25
1646481796999 0.026863327249884605 26
1646481797199 0.026535358279943466 27
1646481797400 0.020260939374566078 28
1646481797569 0.009784307330846786 29
1646481797853 0.029226217418909073 30
1646481798089 0.008053873665630817 31
1646481798312 0.00856837723404169 32
1646481798494 0.02137698046863079 33
1646481798706 0.009621858596801758 34
1646481798890 0.12453088164329529 35
1646481799060 0.03271536901593208 36
1646481799244 0.05651230365037918 37
1646481799413 0.022192351520061493 38
1646481799586 0.017584534361958504 39
1646481799781 0.007167599629610777 40
1646481799948 0.007195086218416691 41
1646481800130 0.0072306371293962 42
1646481800314 0.00717959925532341 43
1646481800487 0.0048362878151237965 44
1646481800677 0.004893725737929344 45
1646481800877 0.0033199775498360395 46
1646481801062 0.001711763208732009 47
1646481801246 0.0031993999145925045 48
1646481801447 0.004176772199571133 49
1646481801694 0.005160332657396793 50
1646481801980 0.0016848458908498287 51
1646481802285 0.0015236084582284093 52
1646481802509 0.0019330857321619987 53
1646481802742 0.0013148218858987093 54
1646481802965 0.0016004109056666493 55
1646481803188 0.0009851562790572643 56
1646481803379 0.001078237546607852 57
1646481803568 0.0009126858203671873 58
1646481803764 0.0010471942368894815 59
1646481803933 0.0007504866225644946 60
1646481804117 0.0016922212671488523 61
1646481804302 0.0013437435263767838 62
1646481804480 0.0010098522761836648 63
1646481804649 0.0007798474398441613 64
1646481804818 0.0010992641327902675 65
1646481805000 0.00044584067654795945 66
1646481805181 0.0006119980826042593 67
1646481805369 0.0004385197244118899 68
1646481805681 0.001229313900694251 69
1646481805932 0.0005804211832582951 70
1646481806148 0.0011200071312487125 71
1646481806348 0.000483808689750731 72
1646481806533 0.00046894961269572377 73
1646481806702 0.0005902692792005837 74
1646481806884 0.0008680942701175809 75
1646481807049 0.0006102093611843884 76
1646481807233 0.00028865074273198843 77
1646481807418 0.0004483545199036598 78
1646481807583 0.000492310558911413 79
1646481807766 0.00043009905493818223 80
1646481807935 0.0003964017378166318 81
1646481808104 0.00040996470488607883 82
1646481808304 0.0005273649003356695 83
1646481808467 0.0006391985807567835 84
1646481808635 0.00047321137390099466 85
1646481808804 0.0008971760980784893 86
1646481808976 0.0009830573108047247 87
1646481809152 0.0004832688719034195 88
1646481809489 0.0004155396018177271 89
1646481809700 0.0005013312911614776 90
1646481809896 0.0004320035222917795 91
1646481810070 0.00025477888993918896 92
1646481810270 0.00016141940432135016 93
1646481810454 0.0007052842993289232 94
1646481810624 0.00028586946427822113 95
1646481810810 0.00025307785836048424 96
1646481811017 0.00048421008978039026 97
1646481811217 0.000329346745274961 98
1646481811424 0.0004294301033951342 99
1646481811655 0.00021645097876898944 100
1646481811904 0.00023202906595543027 101
1646481812142 0.0005033582565374672 102
1646481812384 0.00018375951913185418 103
1646481812639 0.00022083372459746897 104
1646481812903 0.00026951025938615203 105
1646481813187 0.00031419366132467985 106
1646481813594 0.0002412879839539528 107
1646481813919 0.00020673286053352058 108
1646481814214 0.001610103528946638 109
1646481814405 0.0033513461239635944 110
1646481814575 0.0010876910528168082 111
1646481814805 0.0013180332025513053 112
