1647222296100 0.6063492298126221 0
1647222304574 0.8285714387893677 1
1647222314884 0.8761904835700989 2
1647222323440 0.9428571462631226 3
1647222333534 0.9428571462631226 4
1647222343756 0.9777777791023254 5
1647222354018 0.9809523820877075 6
1647222364386 0.9777777791023254 7
1647222372818 0.9714285731315613 8
1647222381262 0.9904761910438538 9
1647222389859 0.9777777791023254 10
1647222400045 0.9904761910438538 11
1647222408635 0.9968253970146179 12
1647222417049 1.0 13
1647222427292 1.0 14
1647222437520 0.9968253970146179 15
1647222447733 0.9968253970146179 16
1647222456145 0.9968253970146179 17
1647222466385 0.9873015880584717 18
1647222476650 1.0 19
1647222486875 1.0 20
1647222495459 1.0 21
1647222503898 1.0 22
1647222514108 1.0 23
1647222524363 1.0 24
1647222534587 1.0 25
1647222544786 1.0 26
1647222555010 1.0 27
1647222563436 1.0 28
1647222573661 1.0 29
1647222583843 1.0 30
1647222594279 1.0 31
1647222639486 1.0 32
