1647222296100 0.9987788796424866 0
1647222304574 0.4900607168674469 1
1647222314884 0.35599640011787415 2
1647222323440 0.21224777400493622 3
1647222333534 0.155101016163826 4
1647222343756 0.11325172334909439 5
1647222354018 0.07957036793231964 6
1647222364386 0.1085762158036232 7
1647222372818 0.0831732377409935 8
1647222381262 0.06602649390697479 9
1647222389859 0.0689803957939148 10
1647222400045 0.04134838283061981 11
1647222408635 0.015814851969480515 12
1647222417049 0.022424574941396713 13
1647222427292 0.016763977706432343 14
1647222437520 0.020835906267166138 15
1647222447733 0.013563292101025581 16
1647222456145 0.014579540118575096 17
1647222466385 0.03200346976518631 18
1647222476650 0.012132938951253891 19
1647222486875 0.014744400978088379 20
1647222495459 0.008801898919045925 21
1647222503898 0.005582496058195829 22
1647222514108 0.0054956236854195595 23
1647222524363 0.00492832949385047 24
1647222534587 0.0026061544194817543 25
1647222544786 0.005236910656094551 26
1647222555010 0.005293172784149647 27
1647222563436 0.002994491485878825 28
1647222573661 0.003091715043410659 29
1647222583843 0.0026446778792887926 30
1647222594279 0.002545708790421486 31
1647222639486 0.008801898919045925 32
