1646481528741 0.43981480598449707 0
1646481529467 0.5972222089767456 1
1646481530207 0.6481481194496155 2
1646481530553 0.6990740895271301 3
1646481530858 0.7592592835426331 4
1646481531161 0.8055555820465088 5
1646481531416 0.7962962985038757 6
1646481531660 0.8101851940155029 7
1646481531922 0.8888888955116272 8
1646481532178 0.8518518805503845 9
1646481532906 0.8611111044883728 10
1646481533386 0.9212962985038757 11
1646481534578 0.9212962985038757 12
1646481534824 0.9351851940155029 13
1646481535394 0.9351851940155029 14
1646481535610 0.9583333134651184 15
1646481535811 0.9675925970077515 16
1646481536027 0.9768518805503845 17
1646481536249 0.9583333134651184 18
1646481536599 0.9675925970077515 19
1646481536864 0.9861111044883728 20
1646481537157 0.9861111044883728 21
1646481537463 0.9722222089767456 22
1646481537715 1.0 23
1646481537981 0.9907407164573669 24
1646481538176 1.0 25
1646481538376 1.0 26
1646481538594 1.0 27
1646481538843 0.9953703880310059 28
1646481539062 1.0 29
1646481539338 1.0 30
1646481539570 1.0 31
1646481539806 1.0 32
1646481540168 1.0 33
1646481540416 1.0 34
1646481540631 0.9953703880310059 35
1646481541077 1.0 36
1646481541462 0.9953703880310059 37
1646481541828 1.0 38
1646481542112 1.0 39
1646481542330 0.9907407164573669 40
1646481542545 1.0 41
1646481542777 1.0 42
1646481542977 1.0 43
1646481543332 1.0 44
1646481543532 0.9953703880310059 45
1646481543732 0.9907407164573669 46
1646481543916 0.9814814925193787 47
1646481544132 0.9907407164573669 48
1646481544316 0.9907407164573669 49
1646481544500 1.0 50
1646481544732 0.9907407164573669 51
1646481545057 1.0 52
1646481545425 1.0 53
1646481545688 1.0 54
1646481545900 0.9953703880310059 55
1646481546147 1.0 56
1646481546347 0.9953703880310059 57
1646481546585 1.0 58
1646481546843 1.0 59
1646481547061 1.0 60
1646481547261 1.0 61
1646481547462 1.0 62
1646481547677 1.0 63
1646481547877 1.0 64
1646481548062 1.0 65
1646481548262 1.0 66
1646481548462 1.0 67
1646481548660 1.0 68
1646481548956 1.0 69
1646481549271 1.0 70
1646481549556 1.0 71
1646481549820 1.0 72
1646481550064 1.0 73
1646481550318 1.0 74
1646481550550 1.0 75
1646481550766 1.0 76
1646481551016 1.0 77
1646481551254 1.0 78
1646481551501 1.0 79
1646481551726 1.0 80
1646481551992 1.0 81
1646481552233 1.0 82
1646481552486 1.0 83
1646481552714 1.0 84
1646481553111 1.0 85
1646481553486 1.0 86
1646481553811 1.0 87
1646481554096 1.0 88
1646481554308 1.0 89
1646481554528 1.0 90
1646481554747 1.0 91
1646481554980 1.0 92
1646481555234 1.0 93
1646481555471 1.0 94
1646481555687 0.9907407164573669 95
1646481555934 0.9722222089767456 96
1646481556188 0.9537037014961243 97
1646481556404 0.9490740895271301 98
1646481556669 0.9675925970077515 99
1646481557107 0.9861111044883728 100
1646481557475 0.9907407164573669 101
1646481557789 0.9861111044883728 102
1646481558108 0.9861111044883728 103
1646481558340 1.0 104
1646481558541 1.0 105
1646481558779 1.0 106
1646481559041 1.0 107
1646481559295 1.0 108
