1646481528741 1.3870575428009033 0
1646481529467 0.9083935618400574 1
1646481530207 0.8510433435440063 2
1646481530553 0.7058937549591064 3
1646481530858 0.6246556639671326 4
1646481531161 0.5687800645828247 5
1646481531416 0.5484978556632996 6
1646481531660 0.47542083263397217 7
1646481531922 0.35505491495132446 8
1646481532178 0.373861163854599 9
1646481532906 0.31489279866218567 10
1646481533386 0.23352529108524323 11
1646481534578 0.214657723903656 12
1646481534824 0.17957451939582825 13
1646481535394 0.15800568461418152 14
1646481535610 0.11270462721586227 15
1646481535811 0.11618038266897202 16
1646481536027 0.08421268314123154 17
1646481536249 0.12765717506408691 18
1646481536599 0.08991750329732895 19
1646481536864 0.0570434033870697 20
1646481537157 0.05787736549973488 21
1646481537463 0.0658036470413208 22
1646481537715 0.029681788757443428 23
1646481537981 0.031109312549233437 24
1646481538176 0.01829264499247074 25
1646481538376 0.015590684488415718 26
1646481538594 0.012889220379292965 27
1646481538843 0.01472669281065464 28
1646481539062 0.0067441146820783615 29
1646481539338 0.010933433659374714 30
1646481539570 0.007096400950103998 31
1646481539806 0.006374957971274853 32
1646481540168 0.005167634226381779 33
1646481540416 0.004979601129889488 34
1646481540631 0.009014907293021679 35
1646481541077 0.008895758539438248 36
1646481541462 0.00751890242099762 37
1646481541828 0.011015516705811024 38
1646481542112 0.014995775185525417 39
1646481542330 0.02086821012198925 40
1646481542545 0.00408856151625514 41
1646481542777 0.00603723619133234 42
1646481542977 0.0044233170337975025 43
1646481543332 0.004545420873910189 44
1646481543532 0.016913874074816704 45
1646481543732 0.0690440982580185 46
1646481543916 0.117106132209301 47
1646481544132 0.04883990436792374 48
1646481544316 0.025924447923898697 49
1646481544500 0.01981966756284237 50
1646481544732 0.03797414153814316 51
1646481545057 0.009279180318117142 52
1646481545425 0.00499731907621026 53
1646481545688 0.007813469506800175 54
1646481545900 0.008009206503629684 55
1646481546147 0.009130505844950676 56
1646481546347 0.01755250245332718 57
1646481546585 0.0029031133744865656 58
1646481546843 0.00198794505558908 59
1646481547061 0.002302877139300108 60
1646481547261 0.002138698473572731 61
1646481547462 0.003601057454943657 62
1646481547677 0.0017785581294447184 63
1646481547877 0.001365544507279992 64
1646481548062 0.0007650322513654828 65
1646481548262 0.0010343583999201655 66
1646481548462 0.0010190533939749002 67
1646481548660 0.0017286809161305428 68
1646481548956 0.0012560782488435507 69
1646481549271 0.00075373868457973 70
1646481549556 0.0007455922896042466 71
1646481549820 0.0016734115779399872 72
1646481550064 0.00048634171253070235 73
1646481550318 0.0006744113052263856 74
1646481550550 0.00044115589116699994 75
1646481550766 0.0003310241154395044 76
1646481551016 0.0007382112671621144 77
1646481551254 0.0006291427998803556 78
1646481551501 0.0004126660351175815 79
1646481551726 0.00020389159908518195 80
1646481551992 0.0003293836198281497 81
1646481552233 0.0006437593256123364 82
1646481552486 0.0005204182816669345 83
1646481552714 0.00030419466202147305 84
1646481553111 0.0008024890557862818 85
1646481553486 0.000288941286271438 86
1646481553811 0.0003642407536972314 87
1646481554096 0.0002915028017014265 88
1646481554308 0.0007800564635545015 89
1646481554528 0.0015350885223597288 90
1646481554747 0.00020082561240997165 91
1646481554980 0.0006087966612540185 92
1646481555234 0.002726109465584159 93
1646481555471 0.0038037924095988274 94
1646481555687 0.03068903647363186 95
1646481555934 0.09416621178388596 96
1646481556188 0.10923966020345688 97
1646481556404 0.12629854679107666 98
1646481556669 0.08327493071556091 99
1646481557107 0.08238803595304489 100
1646481557475 0.02896108478307724 101
1646481557789 0.05113476887345314 102
1646481558108 0.0336441807448864 103
1646481558340 0.00972700770944357 104
1646481558541 0.008462786674499512 105
1646481558779 0.0024911819491535425 106
1646481559041 0.003073843428865075 107
1646481559295 0.0006043456960469484 108
