1646473858254 0.26851850748062134 0
1646473858832 0.24537037312984467 1
1646473859296 0.2222222238779068 2
1646473859784 0.25925925374031067 3
1646473860378 0.2222222238779068 4
1646473860849 0.28240740299224854 5
1646473861315 0.27314814925193787 6
1646473861718 0.28703704476356506 7
1646473862108 0.33796295523643494 8
1646473862693 0.3472222089767456 9
1646473863187 0.34259259700775146 10
1646473863702 0.38425925374031067 11
1646473864226 0.38425925374031067 12
1646473864568 0.39814814925193787 13
1646473864916 0.45370370149612427 14
1646473865250 0.40740740299224854 15
1646473865603 0.42592594027519226 16
1646473866017 0.4583333432674408 17
1646473866526 0.44907405972480774 18
1646473866961 0.5046296119689941 19
1646473867385 0.4861111044883728 20
1646473867911 0.5185185074806213 21
1646473868234 0.48148149251937866 22
1646473868525 0.4861111044883728 23
1646473868832 0.5185185074806213 24
1646473869148 0.49074074625968933 25
1646473869482 0.5462962985038757 26
1646473869979 0.5 27
1646473870522 0.5787037014961243 28
1646473870930 0.5648148059844971 29
1646473871485 0.5324074029922485 30
1646473871854 0.5925925970077515 31
1646473872355 0.6018518805503845 32
1646473872756 0.5370370149612427 33
1646473873181 0.6018518805503845 34
1646473873590 0.625 35
1646473874193 0.5972222089767456 36
1646473874698 0.6203703880310059 37
1646473875163 0.5879629850387573 38
1646473875630 0.6064814925193787 39
1646473876047 0.5787037014961243 40
1646473876459 0.6157407164573669 41
1646473876833 0.6805555820465088 42
1646473877183 0.6203703880310059 43
1646473877774 0.6574074029922485 44
1646473878300 0.6388888955116272 45
1646473878743 0.6898148059844971 46
1646473879337 0.7083333134651184 47
1646473879750 0.7037037014961243 48
1646473880131 0.6620370149612427 49
1646473880517 0.6481481194496155 50
1646473880868 0.6759259104728699 51
1646473881369 0.6851851940155029 52
1646473881883 0.6898148059844971 53
1646473882317 0.7268518805503845 54
1646473883061 0.7407407164573669 55
1646473883480 0.7037037014961243 56
1646473883862 0.6666666865348816 57
1646473884363 0.7314814925193787 58
1646473884768 0.7453703880310059 59
1646473885357 0.7546296119689941 60
1646473885965 0.7222222089767456 61
1646473886458 0.7361111044883728 62
1646473886881 0.7824074029922485 63
1646473887363 0.7268518805503845 64
1646473887779 0.75 65
1646473888160 0.7685185074806213 66
1646473888547 0.8009259104728699 67
1646473889136 0.7731481194496155 68
1646473889567 0.7870370149612427 69
1646473889978 0.7824074029922485 70
1646473890474 0.7824074029922485 71
1646473890896 0.7731481194496155 72
1646473891282 0.7962962985038757 73
1646473891698 0.8240740895271301 74
1646473892117 0.8287037014961243 75
1646473892573 0.7777777910232544 76
1646473893137 0.7962962985038757 77
1646473893595 0.8148148059844971 78
1646473894071 0.7685185074806213 79
1646473894565 0.8240740895271301 80
1646473894970 0.7962962985038757 81
1646473895359 0.8194444179534912 82
1646473895790 0.7870370149612427 83
1646473896192 0.8287037014961243 84
1646473896778 0.8379629850387573 85
1646473897271 0.8472222089767456 86
1646473897684 0.8425925970077515 87
1646473898205 0.8287037014961243 88
1646473898632 0.8472222089767456 89
1646473899013 0.8425925970077515 90
1646473899486 0.8148148059844971 91
1646473899922 0.8888888955116272 92
1646473900447 0.8148148059844971 93
1646473900948 0.875 94
1646473901405 0.8703703880310059 95
1646473901897 0.8425925970077515 96
1646473902299 0.8564814925193787 97
1646473902894 0.8564814925193787 98
1646473903442 0.8842592835426331 99
1646473903833 0.8796296119689941 100
1646473904466 0.8472222089767456 101
1646473904958 0.8842592835426331 102
1646473905422 0.8472222089767456 103
1646473905948 0.8703703880310059 104
1646473906364 0.9120370149612427 105
1646473906779 0.9444444179534912 106
1646473907178 0.8888888955116272 107
1646473907600 0.8333333134651184 108
1646473908189 0.9027777910232544 109
1646473908683 0.8842592835426331 110
1646473909138 0.9120370149612427 111
1646473909672 0.9166666865348816 112
1646473910079 0.8379629850387573 113
1646473910586 0.8935185074806213 114
1646473910990 0.8842592835426331 115
1646473911491 0.8935185074806213 116
1646473912231 0.8935185074806213 117
1646473912807 0.9120370149612427 118
1646473913338 0.8981481194496155 119
1646473913803 0.9444444179534912 120
1646473914248 0.9166666865348816 121
1646473914663 0.9027777910232544 122
1646473915061 0.9074074029922485 123
1646473915686 0.8935185074806213 124
1646473916179 0.9166666865348816 125
1646473916626 0.9212962985038757 126
1646473917148 0.9027777910232544 127
1646473917562 0.9212962985038757 128
1646473917949 0.8888888955116272 129
1646473918363 0.9212962985038757 130
1646473918743 0.9074074029922485 131
1646473919300 0.8935185074806213 132
1646473919793 0.9351851940155029 133
1646473920238 0.9444444179534912 134
1646473920736 0.9351851940155029 135
1646473921173 0.9305555820465088 136
1646473921598 0.9120370149612427 137
1646473922021 0.9166666865348816 138
1646473922466 0.8981481194496155 139
1646473923082 0.9259259104728699 140
1646473923687 0.9120370149612427 141
1646473924150 0.9074074029922485 142
1646473924675 0.9259259104728699 143
1646473925167 0.9166666865348816 144
1646473925673 0.8981481194496155 145
1646473926235 0.9722222089767456 146
1646473926748 0.9074074029922485 147
1646473927373 0.9398148059844971 148
1646473927876 0.9629629850387573 149
1646473928458 0.9444444179534912 150
1646473928964 0.9537037014961243 151
1646473929491 0.9537037014961243 152
1646473930025 0.9305555820465088 153
1646473930537 0.9398148059844971 154
1646473931297 0.9537037014961243 155
1646473931876 0.9166666865348816 156
1646473932487 0.9212962985038757 157
1646473933041 0.9490740895271301 158
1646473933504 0.9351851940155029 159
1646473934086 0.9212962985038757 160
1646473934741 0.9074074029922485 161
1646473935277 0.9537037014961243 162
1646473935956 0.9398148059844971 163
1646473936500 0.9398148059844971 164
1646473936954 0.9537037014961243 165
1646473937549 0.9583333134651184 166
1646473938032 0.9629629850387573 167
1646473938518 0.9537037014961243 168
1646473939032 0.9537037014961243 169
1646473939618 0.9305555820465088 170
1646473940192 0.9537037014961243 171
1646473940747 0.9444444179534912 172
1646473941293 0.9444444179534912 173
1646473941814 0.9259259104728699 174
1646473942291 0.9259259104728699 175
1646473942802 0.9398148059844971 176
1646473943256 0.9629629850387573 177
1646473944256 0.9629629850387573 178
1646473945156 0.9444444179534912 179
1646473945688 0.9305555820465088 180
1646473946191 0.9768518805503845 181
1646473946741 0.9583333134651184 182
1646473947353 0.9629629850387573 183
1646473947877 0.9814814925193787 184
1646473948441 0.9768518805503845 185
1646473949005 0.9444444179534912 186
1646473949652 0.9537037014961243 187
1646473950157 0.9768518805503845 188
1646473950688 0.9722222089767456 189
1646473951449 0.9583333134651184 190
1646473951964 0.9490740895271301 191
1646473952608 0.9537037014961243 192
1646473953177 0.9490740895271301 193
1646473953709 0.9583333134651184 194
1646473954346 0.9722222089767456 195
1646473954878 0.9722222089767456 196
1646473955395 0.9583333134651184 197
1646473955929 0.9722222089767456 198
1646473956916 0.9537037014961243 199
1646473957470 0.9444444179534912 200
1646473958078 0.9444444179534912 201
1646473958774 0.9814814925193787 202
1646473959367 0.9629629850387573 203
1646473959952 0.9722222089767456 204
1646473960526 0.9675925970077515 205
1646473961255 0.9398148059844971 206
1646473961837 0.9490740895271301 207
1646473962381 0.9398148059844971 208
1646473962873 0.9722222089767456 209
1646473963410 0.9675925970077515 210
1646473963942 0.9675925970077515 211
1646473964496 0.9861111044883728 212
1646473965173 0.9768518805503845 213
1646473965774 0.9675925970077515 214
1646473966385 0.9537037014961243 215
1646473966940 0.9629629850387573 216
1646473967444 0.9629629850387573 217
1646473968021 0.9537037014961243 218
1646473968597 0.9583333134651184 219
1646473969113 0.9768518805503845 220
1646473969730 0.9861111044883728 221
1646473970662 0.9722222089767456 222
1646473971498 0.9537037014961243 223
1646473972193 0.9768518805503845 224
1646473972922 0.9768518805503845 225
1646473973588 0.9722222089767456 226
1646473974112 0.9722222089767456 227
1646473974887 0.9814814925193787 228
1646473975574 0.9537037014961243 229
1646473976406 0.9722222089767456 230
1646473976973 0.9675925970077515 231
1646473977492 0.9490740895271301 232
1646473977989 0.9768518805503845 233
1646473978612 0.9814814925193787 234
1646473979160 0.9722222089767456 235
1646473979737 0.9768518805503845 236
1646473980342 0.9629629850387573 237
1646473980867 0.9583333134651184 238
1646473981377 0.9675925970077515 239
1646473981983 0.9768518805503845 240
1646473982586 0.9675925970077515 241
1646473983120 0.9722222089767456 242
1646473983637 0.9675925970077515 243
1646473984242 0.9629629850387573 244
1646473984727 0.9768518805503845 245
1646473985225 0.9629629850387573 246
1646473985687 0.9629629850387573 247
1646473986335 0.9629629850387573 248
1646473986909 0.9722222089767456 249
1646473987617 0.9814814925193787 250
1646473988282 0.9814814925193787 251
1646473988916 0.9675925970077515 252
1646473989554 0.9861111044883728 253
1646473990140 0.9722222089767456 254
1646473990682 0.9629629850387573 255
1646473991186 0.9907407164573669 256
1646473991766 0.9768518805503845 257
1646473992289 0.9907407164573669 258
1646473992749 0.9768518805503845 259
1646473993254 0.9675925970077515 260
1646473993765 0.9583333134651184 261
1646473994421 0.9861111044883728 262
1646473994957 0.9629629850387573 263
1646473995531 0.9629629850387573 264
1646473996165 0.9675925970077515 265
1646473996707 0.9675925970077515 266
1646473997223 0.9861111044883728 267
1646473997889 0.9722222089767456 268
1646473998537 0.9907407164573669 269
1646473999053 0.9722222089767456 270
1646473999648 0.9583333134651184 271
1646474000096 0.9861111044883728 272
1646474000597 0.9861111044883728 273
1646474001141 0.9814814925193787 274
1646474001772 0.9629629850387573 275
1646474002315 0.9814814925193787 276
1646474002799 0.9675925970077515 277
1646474003386 0.9768518805503845 278
1646474003870 0.9675925970077515 279
1646474004377 0.9814814925193787 280
1646474004862 0.9675925970077515 281
1646474005482 0.9722222089767456 282
1646474006179 0.9953703880310059 283
1646474006655 0.9444444179534912 284
1646474007234 0.9490740895271301 285
1646474007719 0.9629629850387573 286
1646474008205 0.9861111044883728 287
1646474008712 0.9583333134651184 288
1646474009309 0.9722222089767456 289
1646474009905 0.9722222089767456 290
1646474010349 0.9629629850387573 291
1646474010873 0.9675925970077515 292
1646474011349 0.9768518805503845 293
1646474011854 0.9675925970077515 294
1646474012331 0.9675925970077515 295
1646474012860 0.9814814925193787 296
1646474013565 0.9768518805503845 297
1646474014042 0.9629629850387573 298
1646474014554 0.9861111044883728 299
