1646473855667 0.004 0
1646473857139 0.004000596800238801 1
1646473857234 0.004002387186114745 2
1646473857280 0.004005371113106879 3
1646473857323 0.004009548507014876 4
1646473857373 0.004014919263960817 5
1646473857421 0.004021483250391852 6
1646473857454 0.004029240303083395 7
1646473858311 0.004038190229143396 8
1646473858371 0.004048332806016894 9
1646473858456 0.004059667781491735 10
1646473858503 0.004072194873704721 11
1646473858569 0.004085913771148725 12
1646473858641 0.004100824132680342 13
1646473858697 0.004116925587528436 14
1646473858888 0.004134217735303369 15
1646473858946 0.004152700146006827 16
1646473858992 0.004172372360042753 17
1646473859034 0.004193233888228523 18
1646473859083 0.00421528421180728 19
1646473859124 0.00423852278246073 20
1646473859172 0.004262949022322882 21
1646473859347 0.004288562323994313 22
1646473859403 0.004315362050557339 23
1646473859439 0.004343347535591804 24
1646473859495 0.004372518083191737 25
1646473859539 0.004402872967982557 26
1646473859583 0.004434411435139132 27
1646473859629 0.004467132700404622 28
1646473859841 0.004501035950109908 29
1646473859896 0.004536120341193842 30
1646473859945 0.004572385001224186 31
1646473859984 0.0046098290284194154 32
1646473860108 0.00464845149167098 33
1646473860162 0.004688251430566573 34
1646473860211 0.00472922785541402 35
1646473860440 0.004771379747265783 36
1646473860488 0.004814706057944401 37
1646473860532 0.004859205710068537 38
1646473860578 0.004904877597079721 39
1646473860618 0.004951720583269897 40
1646473860675 0.004999733503809695 41
1646473860733 0.005048915164777332 42
1646473860895 0.005099264343188359 43
1646473860958 0.005150779787026036 44
1646473861012 0.0052034602152724735 45
1646473861053 0.0052573043179405116 46
1646473861108 0.005312310756106234 47
1646473861148 0.005368478161942372 48
1646473861199 0.005425805138752182 49
1646473861369 0.005484290261004263 50
1646473861424 0.005543932074367999 51
1646473861466 0.005604729095749744 52
1646473861507 0.005666679813329564 53
1646473861551 0.005729782686599044 54
1646473861590 0.005794036146399437 55
1646473861625 0.0058594385949607 56
1646473861776 0.005925988405941329 57
1646473861814 0.005993683924468696 58
1646473861862 0.006062523467180211 59
1646473861901 0.006132505322265253 60
1646473861948 0.00620362774950764 61
1646473861989 0.006275888980328992 62
1646473862017 0.006349287217832622 63
1646473862181 0.006423820636848349 64
1646473862238 0.006499487383977681 65
1646473862293 0.006576285577640131 66
1646473862371 0.006654213308119827 67
1646473862424 0.006733268637613102 68
1646473862495 0.006813449600276647 69
1646473862568 0.006894754202276393 70
1646473862746 0.006977180421837106 71
1646473862801 0.007060726209292614 72
1646473862853 0.007145389487136861 73
1646473862900 0.007231168150075476 74
1646473862945 0.007318060065078194 75
1646473862986 0.007406063071431879 76
1646473863025 0.007495174980794203 77
1646473863238 0.007585393577248162 78
1646473863309 0.007676716617357068 79
1646473863358 0.007769141830220441 80
1646473863409 0.007862666917530362 81
1646473863472 0.007957289553628788 82
1646473863532 0.008053007385565164 83
1646473863576 0.008149818033155162 84
1646473863756 0.008247719089039693 85
1646473863811 0.00834670811874487 86
1646473863901 0.008446782660742488 87
1646473863957 0.008547940226511286 88
1646473864004 0.008650178300598804 89
1646473864059 0.008753494340683884 90
1646473864130 0.00885788577763999 91
1646473864271 0.008963350015599003 92
1646473864313 0.009069884432015826 93
1646473864349 0.009177486377733593 94
1646473864390 0.009286153177049505 95
1646473864415 0.009395882127781405 96
1646473864458 0.009506670501334968 97
1646473864490 0.009618515542771502 98
1646473864616 0.009731414470876582 99
1646473864664 0.009845364478229035 100
1646473864697 0.009960362731270891 101
1646473864738 0.01007640637037778 102
1646473864766 0.010193492509930055 103
1646473864799 0.010311618238384529 104
1646473864839 0.010430780618346944 105
1646473864958 0.010550976686644925 106
1646473865002 0.010672203454401688 107
1646473865032 0.010794457907110436 108
1646473865069 0.010917737004709188 109
1646473865100 0.011042037681656541 110
1646473865145 0.011167356847007703 111
1646473865177 0.011293691384491558 112
1646473865296 0.011421038152587992 113
1646473865343 0.011549393984606124 114
1646473865383 0.011678755688762962 115
1646473865424 0.011809120048262886 116
1646473865449 0.011940483821377482 117
1646473865490 0.012072843741526285 118
1646473865515 0.012206196517358006 119
1646473865646 0.012340538832832246 120
1646473865688 0.01247586734730212 121
1646473865741 0.012612178695597207 122
1646473865765 0.012749469488107304 123
1646473865808 0.012887736310866635 124
1646473865842 0.013026975725638892 125
1646473865886 0.013167184270002533 126
1646473866076 0.013308358457437025 127
1646473866129 0.013450494777409519 128
1646473866189 0.013593589695462094 129
1646473866250 0.01373763965329973 130
1646473866300 0.013882641068878668 131
1646473866341 0.014028590336495617 132
1646473866385 0.01417548382687736 133
1646473866576 0.014323317887270925 134
1646473866626 0.014472088841534572 135
1646473866670 0.014621792990229088 136
1646473866722 0.014772426610709821 137
1646473866774 0.014923985957219221 138
1646473866814 0.015076467260980053 139
1646473866865 0.01522986673028906 140
1646473867009 0.01538418055061122 141
1646473867059 0.01553940488467466 142
1646473867099 0.015695535872566085 143
1646473867140 0.01585256963182667 144
1646473867183 0.016010502257548756 145
1646473867226 0.016169329822472794 146
1646473867271 0.016329048377085084 147
1646473867441 0.016489653949715966 148
1646473867497 0.016651142546638617 149
1646473867596 0.01681351015216835 150
1646473867656 0.016976752728762368 151
1646473867693 0.01714086621712034 152
1646473867767 0.01730584653628521 153
1646473867821 0.017471689583744746 154
1646473867948 0.017638391235533513 155
1646473867977 0.017805947346335463 156
1646473868034 0.017974353749586933 157
1646473868062 0.01814360625758038 158
1646473868100 0.018313700661568413 159
1646473868130 0.01848463273186851 160
1646473868161 0.018656398217968134 161
1646473868269 0.018828992848630502 162
1646473868305 0.019002412332000743 163
1646473868341 0.019176652355712642 164
1646473868374 0.019351708586995878 165
1646473868402 0.01952757667278375 166
1646473868437 0.019704252239821474 167
1646473868462 0.01988173089477481 168
1646473868575 0.020060008224339468 169
1646473868612 0.02023907979535075 170
1646473868645 0.020418941154893788 171
1646473868681 0.02059958783041435 172
1646473868709 0.02078101532982994 173
1646473868743 0.020963219141641634 174
1646473868770 0.021146194735046114 175
1646473868884 0.02132993756004853 176
1646473868923 0.021514443047575424 177
1646473868954 0.02169970660958853 178
1646473868987 0.02188572363919876 179
1646473869015 0.022072489510780793 180
1646473869055 0.02225999958008809 181
1646473869082 0.022448249184368413 182
1646473869200 0.0226372336424797 183
1646473869242 0.022826948255006557 184
1646473869272 0.023017388304377093 185
1646473869303 0.02320854905498014 186
1646473869342 0.023400425753283174 187
1646473869381 0.023593013627950354 188
1646473869407 0.023786307889961292 189
1646473869533 0.02398030373273008 190
1646473869575 0.02417499633222485 191
1646473869609 0.024370380847087675 192
1646473869643 0.024566452418755005 193
1646473869674 0.024763206171578483 194
1646473869713 0.024960637212946155 195
1646473869760 0.02515874063340416 196
1646473870059 0.0253575115067788 197
1646473870123 0.025556944890299083 198
1646473870169 0.025757035824719512 199
1646473870216 0.025957779334443556 200
1646473870268 0.026159170427647246 201
1646473870299 0.026361204096403426 202
1646473870370 0.026563875316806165 203
1646473870567 0.026767179049095785 204
1646473870623 0.026971110237784104 205
1646473870663 0.0271756638117802 206
1646473870701 0.027380834684516506 207
1646473870747 0.027586617754075282 208
1646473870781 0.027793007903315486 209
1646473870817 0.027999999999999997 210
1646473870987 0.02820758889692332 211
1646473871031 0.028415769432039453 212
1646473871071 0.028624536428590378 213
1646473871113 0.02883388469523468 214
1646473871152 0.02904380902617673 215
1646473871198 0.029254304201296072 216
1646473871270 0.029465364986277248 217
1646473871527 0.029676986132739974 218
1646473871570 0.029889162378369652 219
1646473871610 0.030101888447048183 220
1646473871645 0.0303151590489852 221
1646473871682 0.030528968880849647 222
1646473871721 0.030743312625901534 223
1646473871754 0.030958184954124293 224
1646473871957 0.03117358052235722 225
1646473872019 0.03138949397442836 226
1646473872061 0.03160591994128775 227
1646473872101 0.03182285304114085 228
1646473872133 0.03204028787958242 229
1646473872185 0.03225821904973064 230
1646473872227 0.03247664113236158 231
1646473872403 0.03269554869604396 232
1646473872452 0.03291493629727417 233
1646473872494 0.03313479848061167 234
1646473872541 0.03335512977881465 235
1646473872584 0.03357592471297598 236
1646473872615 0.033797177792659436 237
1646473872665 0.034018883516036214 238
1646473872812 0.03424103637002181 239
1646473872860 0.034463630830413025 240
1646473872910 0.03468666136202542 241
1646473872959 0.034910122418830875 242
1646473872999 0.035134008444095546 243
1646473873048 0.03535831387051806 244
1646473873081 0.035583033120367896 245
1646473873234 0.035808160605624154 246
1646473873280 0.036033690728114465 247
1646473873315 0.03625961787965419 248
1646473873367 0.03648593644218592 249
1646473873407 0.03671264078791915 250
1646473873432 0.03693972527947022 251
1646473873478 0.037167184270002526 252
1646473873694 0.03739501210336689 253
1646473873750 0.037623203114242276 254
1646473873827 0.0378517516282766 255
1646473873899 0.03808065196222787 256
1646473873945 0.038309898424105496 257
1646473873999 0.038539485313311875 258
1646473874055 0.038769406920784046 259
1646473874251 0.038999657529135756 260
1646473874303 0.039230231412799604 261
1646473874360 0.03946112283816936 262
1646473874412 0.03969232606374264 263
1646473874463 0.03992383534026359 264
1646473874518 0.040155644910865915 265
1646473874569 0.04038774901121596 266
1646473874747 0.04062014186965612 267
1646473874796 0.04085281770734836 268
1646473874841 0.041085770738417855 269
1646473874892 0.04131899517009691 270
1646473874938 0.04155248520286901 271
1646473874984 0.041786235030613024 272
1646473875030 0.04202023884074756 273
1646473875217 0.04225449081437555 274
1646473875283 0.042488985126428916 275
1646473875358 0.042723715945813444 276
1646473875406 0.04295867743555375 277
1646473875448 0.04319386375293845 278
1646473875489 0.043429269049665445 279
1646473875523 0.04366488747198734 280
1646473875684 0.04390071316085705 281
1646473875731 0.0441367402520734 282
1646473875765 0.044372962876427044 283
1646473875818 0.0446093751598464 284
1646473875865 0.04484597122354363 285
1646473875898 0.04508274518416096 286
1646473875937 0.04531969115391687 287
1646473876092 0.04555680324075254 288
1646473876139 0.045794075548478405 289
1646473876181 0.04603150217692071 290
1646473876224 0.046269077222068286 291
1646473876263 0.046506794776219273 292
1646473876305 0.04674464892812815 293
1646473876331 0.046982633763152634 294
1646473876506 0.0472207433634008 295
1646473876551 0.04745897180787822 296
1646473876587 0.047697313172635196 297
1646473876637 0.047935761530914084 298
1646473876668 0.048174310953296676 299
1646473876707 0.048412955507851636 300
1646473876740 0.048651689260281995 301
1646473876876 0.04889050627407272 302
1646473876916 0.04912940061063836 303
1646473876954 0.04936836632947072 304
1646473876995 0.04960739748828654 305
1646473877030 0.049846488143175285 306
1646473877067 0.05008563234874696 307
1646473877099 0.05032482415827995 308
1646473877226 0.050564057623868876 309
1646473877273 0.050803326796572505 310
1646473877317 0.051042625726561694 311
1646473877371 0.05128194846326735 312
1646473877434 0.05152128905552836 313
1646473877507 0.051760641551739615 314
1646473877571 0.052000000000000005 315
1646473877827 0.05223935844826039 316
1646473877889 0.052478710944471645 317
1646473877946 0.052718051536732646 318
1646473878004 0.0529573742734383 319
1646473878066 0.0531966732034275 320
1646473878116 0.05343594237613112 321
1646473878166 0.05367517584172004 322
1646473878350 0.05391436765125303 323
1646473878402 0.0541535118568247 324
1646473878441 0.054392602511713475 325
1646473878485 0.05463163367052929 326
1646473878522 0.054870599389361646 327
1646473878569 0.0551094937259273 328
1646473878609 0.05534831073971802 329
1646473878793 0.055587044492148366 330
1646473878854 0.05582568904670332 331
1646473878963 0.05606423846908592 332
1646473879014 0.056302686827364806 333
1646473879062 0.056541028192121784 334
1646473879108 0.0567792566365992 335
1646473879153 0.05701736623684736 336
1646473879387 0.05725535107187185 337
1646473879441 0.05749320522378073 338
1646473879482 0.05773092277793172 339
1646473879528 0.05796849782307928 340
1646473879564 0.05820592445152159 341
1646473879609 0.05844319675924745 342
1646473879647 0.058680308846083135 343
1646473879801 0.05891725481583904 344
1646473879847 0.05915402877645638 345
1646473879882 0.05939062484015362 346
1646473879931 0.059627037123572965 347
1646473879965 0.05986325974792661 348
1646473880007 0.060099286839142965 349
1646473880040 0.06033511252801266 350
1646473880191 0.06057073095033456 351
1646473880240 0.060806136247061555 352
1646473880281 0.06104132256444625 353
1646473880321 0.06127628405418655 354
1646473880351 0.06151101487357108 355
1646473880401 0.06174550918562445 356
1646473880434 0.061979761159252446 357
1646473880558 0.06221376496938698 358
1646473880598 0.06244751479713099 359
1646473880636 0.0626810048299031 360
1646473880671 0.06291422926158215 361
1646473880698 0.06314718229265165 362
1646473880753 0.06337985813034389 363
1646473880781 0.06361225098878405 364
1646473880919 0.06384435508913411 365
1646473880962 0.06407616465973642 366
1646473880998 0.06430767393625736 367
1646473881038 0.06453887716183064 368
1646473881080 0.0647697685872004 369
1646473881138 0.06500034247086425 370
1646473881195 0.06523059307921597 371
1646473881446 0.06546051468668813 372
1646473881508 0.0656901015758945 373
1646473881550 0.06591934803777214 374
1646473881599 0.06614824837172341 375
1646473881641 0.06637679688575773 376
1646473881688 0.0666049878966331 377
1646473881740 0.06683281572999747 378
1646473881933 0.06706027472052978 379
1646473881985 0.06728735921208084 380
1646473882030 0.06751406355781409 381
1646473882076 0.0677403821203458 382
1646473882120 0.06796630927188553 383
1646473882155 0.06819183939437584 384
1646473882204 0.0684169668796321 385
1646473882377 0.06864168612948196 386
1646473882424 0.06886599155590446 387
1646473882469 0.06908987758116913 388
1646473882515 0.06931333863797458 389
1646473882564 0.06953636916958697 390
1646473882607 0.06975896362997819 391
1646473882649 0.06998111648396378 392
1646473883108 0.07020282220734056 393
1646473883162 0.07042407528702402 394
1646473883217 0.07064487022118535 395
1646473883249 0.07086520151938834 396
1646473883302 0.07108506370272583 397
1646473883331 0.07130445130395605 398
1646473883383 0.07152335886763841 399
1646473883536 0.07174178095026935 400
1646473883583 0.07195971212041757 401
1646473883619 0.07217714695885914 402
1646473883656 0.07239408005871224 403
1646473883681 0.07261050602557165 404
1646473883737 0.07282641947764279 405
1646473883765 0.07304181504587573 406
1646473883925 0.07325668737409848 407
1646473883968 0.07347103111915038 408
1646473884007 0.0736848409510148 409
1646473884049 0.07389811155295183 410
1646473884080 0.07411083762163034 411
1646473884114 0.07432301386726002 412
1646473884170 0.07453463501372275 413
1646473884413 0.07474569579870394 414
1646473884462 0.07495619097382326 415
1646473884509 0.07516611530476532 416
1646473884547 0.07537546357140963 417
1646473884581 0.07558423056796054 418
1646473884631 0.07579241110307669 419
1646473884664 0.076 420
1646473884808 0.07620699209668452 421
1646473884871 0.07641338224592471 422
1646473884945 0.07661916531548349 423
1646473885009 0.07682433618821982 424
1646473885079 0.0770288897622159 425
1646473885160 0.07723282095090424 426
1646473885216 0.07743612468319383 427
1646473885413 0.07763879590359658 428
1646473885479 0.07784082957235275 429
1646473885533 0.07804222066555645 430
1646473885587 0.0782429641752805 431
1646473885629 0.07844305510970093 432
1646473885673 0.0786424884932212 433
1646473885724 0.07884125936659585 434
1646473886013 0.07903936278705387 435
1646473886071 0.07923679382842153 436
1646473886123 0.079433547581245 437
1646473886166 0.07962961915291233 438
1646473886216 0.07982500366777515 439
1646473886257 0.0800196962672699 440
1646473886311 0.0802136921100387 441
1646473886553 0.08040698637204964 442
1646473886602 0.08059957424671685 443
1646473886644 0.08079145094501985 444
1646473886683 0.08098261169562293 445
1646473886717 0.08117305174499345 446
1646473886756 0.08136276635752032 447
1646473886798 0.0815517508156316 448
1646473886956 0.08174000041991192 449
1646473887015 0.08192751048921922 450
1646473887063 0.08211427636080125 451
1646473887128 0.08230029339041146 452
1646473887164 0.08248555695242459 453
1646473887207 0.08267006243995148 454
1646473887249 0.0828538052649539 455
1646473887411 0.08303678085835839 456
1646473887464 0.08321898467017007 457
1646473887509 0.08340041216958566 458
1646473887549 0.08358105884510621 459
1646473887591 0.08376092020464924 460
1646473887628 0.08393999177566053 461
1646473887670 0.08411826910522519 462
1646473887825 0.08429574776017855 463
1646473887870 0.08447242332721626 464
1646473887909 0.08464829141300415 465
1646473887953 0.08482334764428737 466
1646473887996 0.08499758766799928 467
1646473888043 0.08517100715136951 468
1646473888072 0.08534360178203187 469
1646473888203 0.0855153672681315 470
1646473888244 0.0856862993384316 471
1646473888280 0.08585639374241963 472
1646473888333 0.08602564625041308 473
1646473888364 0.08619405265366455 474
1646473888405 0.0863616087644665 475
1646473888464 0.08652831041625525 476
1646473888598 0.0866941534637148 477
1646473888643 0.08685913378287967 478
1646473888690 0.08702324727123764 479
1646473888766 0.08718648984783166 480
1646473888822 0.08734885745336138 481
1646473888925 0.08751034605028403 482
1646473888994 0.08767095162291494 483
1646473889188 0.08783067017752721 484
1646473889236 0.08798949774245125 485
1646473889298 0.08814743036817332 486
1646473889338 0.08830446412743394 487
1646473889392 0.08846059511532535 488
1646473889430 0.0886158194493888 489
1646473889464 0.08877013326971095 490
1646473889626 0.08892353273901994 491
1646473889666 0.08907601404278077 492
1646473889707 0.08922757338929019 493
1646473889751 0.08937820700977092 494
1646473889781 0.08952791115846542 495
1646473889839 0.08967668211272907 496
1646473889880 0.08982451617312266 497
1646473890026 0.08997140966350438 498
1646473890071 0.09011735893112133 499
1646473890113 0.09026236034670027 500
1646473890160 0.0904064103045379 501
1646473890217 0.09054950522259048 502
1646473890265 0.09069164154256298 503
1646473890309 0.09083281572999748 504
1646473890523 0.09097302427436112 505
1646473890566 0.09111226368913336 506
1646473890609 0.0912505305118927 507
1646473890648 0.09138782130440279 508
1646473890691 0.09152413265269789 509
1646473890730 0.09165946116716775 510
1646473890774 0.091793803482642 511
1646473890942 0.09192715625847371 512
1646473890986 0.09205951617862253 513
1646473891031 0.09219087995173712 514
1646473891072 0.09232124431123703 515
1646473891105 0.09245060601539389 516
1646473891154 0.092578961847412 517
1646473891198 0.09270630861550845 518
1646473891340 0.0928326431529923 519
1646473891389 0.09295796231834347 520
1646473891430 0.09308226299529081 521
1646473891478 0.09320554209288957 522
1646473891516 0.09332779654559832 523
1646473891554 0.09344902331335508 524
1646473891598 0.09356921938165307 525
1646473891752 0.09368838176161547 526
1646473891795 0.09380650749006995 527
1646473891831 0.09392359362962223 528
1646473891877 0.09403963726872912 529
1646473891918 0.09415463552177097 530
1646473891961 0.09426858552912343 531
1646473892006 0.0943814844572285 532
1646473892165 0.09449332949866504 533
1646473892207 0.0946041178722186 534
1646473892248 0.09471384682295049 535
1646473892299 0.0948225136222664 536
1646473892344 0.09493011556798417 537
1646473892380 0.095036649984401 538
1646473892426 0.09514211422236002 539
1646473892645 0.09524650565931612 540
1646473892726 0.0953498216994012 541
1646473892805 0.09545205977348871 542
1646473892857 0.09555321733925752 543
1646473892897 0.09565329188125515 544
1646473892947 0.09575228091096032 545
1646473892984 0.09585018196684485 546
1646473893182 0.09594699261443485 547
1646473893234 0.09604271044637124 548
1646473893280 0.09613733308246963 549
1646473893323 0.09623085816977958 550
1646473893377 0.09632328338264294 551
1646473893423 0.09641460642275185 552
1646473893477 0.09650482501920579 553
1646473893650 0.09659393692856813 554
1646473893705 0.0966819399349218 555
1646473893747 0.09676883184992453 556
1646473893790 0.09685461051286315 557
1646473893839 0.0969392737907074 558
1646473893885 0.0970228195781629 559
1646473893936 0.0971052457977236 560
1646473894131 0.09718655039972335 561
1646473894177 0.09726673136238691 562
1646473894235 0.0973457866918802 563
1646473894317 0.09742371442235989 564
1646473894367 0.09750051261602233 565
1646473894403 0.09757617936315167 566
1646473894454 0.09765071278216737 567
1646473894613 0.09772411101967103 568
1646473894659 0.09779637225049237 569
1646473894702 0.09786749467773476 570
1646473894749 0.0979374765328198 571
1646473894797 0.09800631607553131 572
1646473894830 0.09807401159405868 573
1646473894873 0.09814056140503931 574
1646473895012 0.09820596385360059 575
1646473895059 0.09827021731340096 576
1646473895095 0.09833332018667043 577
1646473895142 0.09839527090425026 578
1646473895190 0.098456067925632 579
1646473895229 0.09851570973899575 580
1646473895270 0.09857419486124784 581
1646473895415 0.09863152183805765 582
1646473895461 0.09868768924389378 583
1646473895501 0.09874269568205951 584
1646473895544 0.09879653978472754 585
1646473895594 0.09884922021297397 586
1646473895630 0.09890073565681165 587
1646473895684 0.09895108483522268 588
1646473895845 0.09900026649619031 589
1646473895889 0.09904827941673011 590
1646473895929 0.09909512240292029 591
1646473895968 0.09914079428993147 592
1646473895997 0.0991852939420556 593
1646473896054 0.09922862025273423 594
1646473896081 0.09927077214458599 595
1646473896243 0.09931174856943342 596
1646473896304 0.09935154850832903 597
1646473896367 0.0993901709715806 598
1646473896435 0.09942761499877581 599
1646473896504 0.09946387965880618 600
1646473896583 0.0994989640498901 601
1646473896637 0.09953286729959539 602
1646473896834 0.09956558856486088 603
1646473896888 0.09959712703201745 604
1646473896952 0.09962748191680826 605
1646473897007 0.0996566524644082 606
1646473897055 0.09968463794944267 607
1646473897108 0.0997114376760057 608
1646473897159 0.09973705097767713 609
1646473897320 0.09976147721753928 610
1646473897368 0.09978471578819273 611
1646473897407 0.09980676611177149 612
1646473897447 0.09982762763995724 613
1646473897481 0.09984729985399317 614
1646473897531 0.09986578226469665 615
1646473897580 0.09988307441247157 616
1646473897735 0.09989917586731967 617
1646473897786 0.0999140862288513 618
1646473897825 0.09992780512629529 619
1646473897871 0.09994033221850827 620
1646473897951 0.0999516671939831 621
1646473898004 0.09996180977085661 622
1646473898068 0.0999707596969166 623
1646473898249 0.09997851674960817 624
1646473898299 0.09998508073603919 625
1646473898336 0.09999045149298513 626
1646473898380 0.09999462888689313 627
1646473898443 0.09999761281388526 628
1646473898495 0.09999940319976121 629
1646473898533 0.09999988581654443 630
1646473898675 0.09999954326669921 631
1646473898713 0.09999897235202891 632
1646473898752 0.0999981730751411 633
1646473898801 0.09999714543968634 634
1646473898851 0.09999588945035823 635
1646473898881 0.09999440511289331 636
1646473898927 0.09999269243407109 637
1646473899069 0.09999075142171397 638
1646473899111 0.09998858208468725 639
1646473899146 0.09998618443289907 640
1646473899195 0.09998355847730035 641
1646473899234 0.09998070422988478 642
1646473899276 0.09997762170368871 643
1646473899315 0.09997431091279116 644
1646473899529 0.09997077187231367 645
1646473899573 0.0999670045984203 646
1646473899609 0.09996300910831754 647
1646473899650 0.09995878542025423 648
1646473899679 0.09995433355352143 649
1646473899715 0.09994965352845243 650
1646473899746 0.09994474536642255 651
1646473899974 0.09993960908984914 652
1646473900020 0.09993424472219138 653
1646473900061 0.09992865228795028 654
1646473900111 0.09992283181266845 655
1646473900156 0.0999167833229301 656
1646473900195 0.09991050684636081 657
1646473900264 0.09990400241162752 658
1646473900512 0.09989727004843828 659
1646473900570 0.0998903097875422 660
1646473900613 0.09988312166072927 661
1646473900657 0.09987570570083022 662
1646473900719 0.0998680619417164 663
1646473900778 0.09986019041829958 664
1646473900842 0.09985209116653179 665
1646473900997 0.09984376422340524 666
1646473901047 0.09983520962695201 667
1646473901089 0.09982642741624403 668
1646473901137 0.09981741763139274 669
1646473901182 0.09980818031354909 670
1646473901236 0.09979871550490317 671
1646473901287 0.09978902324868413 672
1646473901451 0.09977910358915996 673
1646473901503 0.09976895657163733 674
1646473901543 0.09975858224246123 675
1646473901590 0.09974798064901494 676
1646473901629 0.09973715183971972 677
1646473901676 0.0997260958640346 678
1646473901760 0.09971481277245615 679
1646473901960 0.0997033026165183 680
1646473902005 0.09969156544879201 681
1646473902047 0.09967960132288511 682
1646473902092 0.09966741029344206 683
1646473902130 0.09965499241614359 684
1646473902174 0.09964234774770661 685
1646473902211 0.0996294763458838 686
1646473902338 0.09961637826946346 687
1646473902393 0.09960305357826917 688
1646473902438 0.09958950233315954 689
1646473902485 0.09957572459602795 690
1646473902534 0.09956172042980223 691
1646473902584 0.09954748989844439 692
1646473902612 0.09953303306695035 693
1646473902939 0.0995183500013496 694
1646473902985 0.09950344076870497 695
1646473903021 0.0994883054371122 696
1646473903061 0.09947294407569977 697
1646473903099 0.09945735675462848 698
1646473903145 0.09944154354509119 699
1646473903179 0.09942550451931245 700
1646473903485 0.09940923975054825 701
1646473903532 0.09939274931308553 702
1646473903587 0.09937603328224204 703
1646473903613 0.09935909173436584 704
1646473903667 0.099341924746835 705
1646473903698 0.09932453239805729 706
1646473903737 0.09930691476746976 707
1646473903888 0.09928907193553844 708
1646473903937 0.09927100398375785 709
1646473903983 0.09925271099465081 710
1646473904058 0.09923419305176792 711
1646473904119 0.09921545023968721 712
1646473904181 0.09919648264401378 713
1646473904247 0.0991772903513794 714
1646473904520 0.09915787344944213 715
1646473904572 0.09913823202688588 716
1646473904638 0.09911836617342003 717
1646473904694 0.099098275979779 718
1646473904741 0.09907796153772187 719
1646473904779 0.09905742294003195 720
1646473904831 0.09903666028051634 721
1646473905007 0.0990156736540055 722
1646473905058 0.09899446315635282 723
1646473905111 0.09897302888443424 724
1646473905157 0.09895137093614768 725
1646473905202 0.09892948941041274 726
1646473905258 0.09890738440717015 727
1646473905296 0.09888505602738132 728
1646473905472 0.0988625043730279 729
1646473905526 0.09883972954711141 730
1646473905578 0.09881673165365253 731
1646473905643 0.09879351079769086 732
1646473905708 0.09877006708528434 733
1646473905773 0.09874640062350874 734
1646473905849 0.09872251152045726 735
1646473906008 0.09869839988523992 736
1646473906060 0.09867406582798315 737
1646473906103 0.09864950945982928 738
1646473906138 0.098624730892936 739
1646473906182 0.09859973024047584 740
1646473906218 0.0985745076166357 741
1646473906257 0.09854906313661634 742
1646473906416 0.0985233969166317 743
1646473906473 0.0984975090739086 744
1646473906513 0.09847139972668602 745
1646473906556 0.09844506899421467 746
1646473906599 0.0984185169967564 747
1646473906639 0.09839174385558365 748
1646473906679 0.09836474969297887 749
1646473906832 0.09833753463223405 750
1646473906884 0.09831009879765007 751
1646473906931 0.09828244231453617 752
1646473906971 0.09825456530920935 753
1646473907010 0.09822646790899386 754
1646473907052 0.09819815024222053 755
1646473907092 0.09816961243822624 756
1646473907234 0.0981408546273533 757
1646473907279 0.09811187694094889 758
1646473907312 0.09808267951136446 759
1646473907368 0.09805326247195503 760
1646473907413 0.09802362595707877 761
1646473907463 0.09799377010209614 762
1646473907496 0.09796369504336953 763
1646473907657 0.09793340091826243 764
1646473907713 0.09790288786513891 765
1646473907774 0.09787215602336295 766
1646473907845 0.09784120553329785 767
1646473907899 0.09781003653630553 768
1646473907977 0.0977786491747459 769
1646473908069 0.09774704359197621 770
1646473908244 0.09771521993235047 771
1646473908302 0.09768317834121862 772
1646473908350 0.09765091896492609 773
1646473908416 0.09761844195081291 774
1646473908470 0.09758574744721321 775
1646473908523 0.09755283560345443 776
1646473908562 0.09751970656985669 777
1646473908734 0.09748636049773209 778
1646473908780 0.09745279753938403 779
1646473908823 0.09741901784810654 780
1646473908867 0.09738502157818346 781
1646473908915 0.09735080888488792 782
1646473908965 0.09731637992448146 783
1646473909017 0.09728173485421342 784
1646473909188 0.09724687383232018 785
1646473909242 0.09721179701802449 786
1646473909285 0.09717650457153462 787
1646473909330 0.09714099665404377 788
1646473909422 0.09710527342772927 789
1646473909475 0.09706933505575184 790
1646473909522 0.09703318170225479 791
1646473909719 0.09699681353236342 792
1646473909767 0.09696023071218408 793
1646473909815 0.0969234334088036 794
1646473909867 0.09688642179028838 795
1646473909903 0.09684919602568365 796
1646473909949 0.09681175628501273 797
1646473909982 0.09677410273927631 798
1646473910125 0.09673623556045154 799
1646473910177 0.09669815492149131 800
1646473910229 0.09665986099632348 801
1646473910263 0.09662135395985007 802
1646473910318 0.09658263398794643 803
1646473910394 0.09654370125746049 804
1646473910449 0.09650455594621189 805
1646473910629 0.09646519823299123 806
1646473910678 0.09642562829755921 807
1646473910724 0.09638584632064587 808
1646473910772 0.09634585248394963 809
1646473910816 0.09630564697013662 810
1646473910846 0.09626522996283975 811
1646473910896 0.0962246016466579 812
1646473911038 0.09618376220715508 813
1646473911086 0.09614271183085958 814
1646473911130 0.09610145070526309 815
1646473911176 0.09605997901881987 816
1646473911222 0.09601829696094591 817
1646473911276 0.09597640472201803 818
1646473911320 0.095934302493373 819
1646473911546 0.09589199046730673 820
1646473911661 0.09584946883707332 821
1646473911749 0.09580673779688421 822
1646473911884 0.0957637975419073 823
1646473911935 0.09572064826826603 824
1646473911988 0.09567729017303851 825
1646473912029 0.09563372345425666 826
1646473912286 0.09558994831090517 827
1646473912354 0.09554596494292075 828
1646473912422 0.0955017735511911 829
1646473912496 0.09545737433755408 830
1646473912559 0.09541276750479673 831
1646473912618 0.09536795325665434 832
1646473912674 0.09532293179780955 833
1646473912855 0.09527770333389145 834
1646473912912 0.09523226807147452 835
1646473912958 0.09518662621807782 836
1646473913010 0.09514077798216396 837
1646473913107 0.09509472357313818 838
1646473913163 0.09504846320134738 839
1646473913199 0.09500199707807919 840
1646473913388 0.09495532541556093 841
1646473913452 0.09490844842695872 842
1646473913491 0.0948613663263765 843
1646473913539 0.094814079328855 844
1646473913589 0.0947665876503708 845
1646473913640 0.09471889150783531 846
1646473913690 0.09467099111909384 847
1646473913844 0.09462288670292453 848
1646473913891 0.09457457847903737 849
1646473913941 0.09452606666807328 850
1646473913978 0.094477351491603 851
1646473914033 0.09442843317212607 852
1646473914085 0.09437931193306992 853
1646473914116 0.09432998799878874 854
1646473914288 0.09428046159456253 855
1646473914342 0.09423073294659605 856
1646473914380 0.09418080228201775 857
1646473914423 0.09413066982887877 858
1646473914467 0.0940803358161519 859
1646473914513 0.09402980047373054 860
1646473914557 0.09397906403242758 861
1646473914709 0.09392812672397445 862
1646473914750 0.09387698878102001 863
1646473914800 0.09382565043712943 864
1646473914846 0.09377411192678328 865
1646473914890 0.09372237348537629 866
1646473914933 0.09367043534921637 867
1646473914972 0.0936182977555235 868
1646473915121 0.09356596094242865 869
1646473915172 0.0935134251489727 870
1646473915213 0.09346069061510538 871
1646473915302 0.09340775758168408 872
1646473915412 0.09335462629047282 873
1646473915471 0.09330129698414119 874
1646473915565 0.09324776990626309 875
1646473915744 0.09319404530131581 876
1646473915827 0.09314012341467875 877
1646473915881 0.09308600449263241 878
1646473915919 0.09303168878235718 879
1646473915968 0.09297717653193228 880
1646473916009 0.09292246799033459 881
1646473916063 0.09286756340743753 882
1646473916224 0.09281246303400989 883
1646473916273 0.09275716712171472 884
1646473916329 0.09270167592310816 885
1646473916382 0.09264598969163833 886
1646473916437 0.09259010868164405 887
1646473916477 0.09253403314835384 888
1646473916520 0.09247776334788467 889
1646473916678 0.09242129953724074 890
1646473916755 0.09236464197431243 891
1646473916816 0.092307790917875 892
1646473916871 0.09225074662758755 893
1646473916949 0.09219350936399162 894
1646473917004 0.09213607938851023 895
1646473917047 0.09207845696344655 896
1646473917199 0.09202064235198275 897
1646473917252 0.09196263581817875 898
1646473917303 0.09190443762697105 899
1646473917354 0.09184604804417158 900
1646473917390 0.09178746733646638 901
1646473917427 0.09172869577141439 902
1646473917461 0.09166973361744632 903
1646473917607 0.09161058114386335 904
1646473917656 0.0915512386208359 905
1646473917700 0.09149170631940244 906
1646473917745 0.09143198451146821 907
1646473917783 0.091372073469804 908
1646473917812 0.09131197346804489 909
1646473917866 0.091251684780689 910
1646473918001 0.0911912076830963 911
1646473918045 0.09113054245148722 912
1646473918078 0.09106968936294149 913
1646473918134 0.09100864869539688 914
1646473918181 0.09094742072764787 915
1646473918212 0.09088600573934444 916
1646473918259 0.0908244040109907 917
1646473918415 0.09076261582394374 918
1646473918455 0.09070064146041219 919
1646473918489 0.0906384812034551 920
1646473918537 0.09057613533698053 921
1646473918575 0.09051360414574423 922
1646473918617 0.0904508879153485 923
1646473918650 0.09038798693224069 924
1646473918804 0.09032490148371201 925
1646473918856 0.0902616318578962 926
1646473918899 0.09019817834376821 927
1646473918942 0.09013454123114283 928
1646473918992 0.09007072081067347 929
1646473919063 0.09000671737385073 930
1646473919125 0.0899425312130011 931
1646473919362 0.0898781626212857 932
1646473919416 0.0898136118926988 933
1646473919465 0.08974887932206663 934
1646473919512 0.08968396520504587 935
1646473919570 0.08961886983812245 936
1646473919620 0.08955359351861014 937
1646473919671 0.08948813654464913 938
1646473919849 0.08942249921520477 939
1646473919895 0.08935668183006615 940
1646473919938 0.08929068468984472 941
1646473919986 0.08922450809597293 942
1646473920024 0.08915815235070293 943
1646473920083 0.089091617757105 944
1646473920116 0.08902490461906638 945
1646473920290 0.08895801324128978 946
1646473920347 0.0888909439292919 947
1646473920392 0.08882369698940226 948
1646473920429 0.08875627272876158 949
1646473920478 0.0886886714553205 950
1646473920517 0.08862089347783814 951
1646473920590 0.08855293910588066 952
1646473920812 0.08848480864981995 953
1646473920872 0.08841650242083204 954
1646473920914 0.08834802073089587 955
1646473920959 0.0882793638927917 956
1646473921012 0.08821053222009981 957
1646473921053 0.08814152602719895 958
1646473921091 0.08807234562926505 959
1646473921226 0.08800299134226963 960
1646473921272 0.08793346348297842 961
1646473921310 0.08786376236894998 962
1646473921351 0.08779388831853412 963
1646473921403 0.08772384165087055 964
1646473921444 0.08765362268588736 965
1646473921487 0.08758323174429958 966
1646473921646 0.08751266914760779 967
1646473921692 0.08744193521809647 968
1646473921738 0.08737103027883272 969
1646473921789 0.08729995465366468 970
1646473921841 0.08722870866722003 971
1646473921878 0.08715729264490463 972
1646473921922 0.08708570691290088 973
1646473922069 0.08701395179816636 974
1646473922119 0.08694202762843227 975
1646473922160 0.0868699347322019 976
1646473922206 0.08679767343874924 977
1646473922255 0.08672524407811735 978
1646473922308 0.08665264698111695 979
1646473922355 0.08657988247932488 980
1646473922546 0.08650695090508254 981
1646473922601 0.08643385259149444 982
1646473922645 0.0863605878724266 983
1646473922702 0.08628715708250519 984
1646473922738 0.08621356055711472 985
1646473922828 0.08613979863239682 986
1646473922910 0.08606587164524845 987
1646473923139 0.08599177993332055 988
1646473923188 0.08591752383501637 989
1646473923251 0.08584310368948996 990
1646473923347 0.0857685198366447 991
1646473923442 0.08569377261713158 992
1646473923516 0.08561886237234785 993
1646473923571 0.08554378944443528 994
1646473923741 0.08546855417627869 995
1646473923795 0.08539315691150438 996
1646473923846 0.08531759799447851 997
1646473923887 0.08524187777030565 998
1646473923940 0.08516599658482699 999
1646473923980 0.085089954784619 1000
1646473924028 0.08501375271699167 1001
1646473924202 0.084937390729987 1002
1646473924251 0.08486086917237745 1003
1646473924292 0.08478418839366421 1004
1646473924337 0.08470734874407575 1005
1646473924434 0.08463035057456612 1006
1646473924484 0.08455319423681344 1007
1646473924540 0.0844758800832182 1008
1646473924727 0.08439840846690169 1009
1646473924785 0.08432077974170443 1010
1646473924842 0.08424299426218444 1011
1646473924885 0.08416505238361578 1012
1646473924936 0.08408695446198675 1013
1646473924986 0.08400870085399842 1014
1646473925031 0.08393029191706292 1015
1646473925210 0.08385172800930181 1016
1646473925270 0.08377300948954447 1017
1646473925323 0.08369413671732644 1018
1646473925379 0.0836151100528878 1019
1646473925433 0.08353592985717145 1020
1646473925487 0.08345659649182165 1021
1646473925538 0.08337711031918209 1022
1646473925731 0.0832974717022945 1023
1646473925794 0.0832176810048968 1024
1646473925861 0.08313773859142158 1025
1646473925918 0.08305764482699435 1026
1646473925985 0.08297740007743183 1027
1646473926037 0.08289700470924045 1028
1646473926090 0.08281645908961449 1029
1646473926286 0.08273576358643453 1030
1646473926336 0.08265491856826568 1031
1646473926376 0.08257392440435597 1032
1646473926426 0.08249278146463462 1033
1646473926484 0.08241149011971037 1034
1646473926537 0.08233005074086974 1035
1646473926597 0.08224846370007544 1036
1646473926844 0.08216672936996457 1037
1646473926938 0.08208484812384692 1038
1646473926999 0.08200282033570337 1039
1646473927047 0.08192064638018404 1040
1646473927091 0.08183832663260669 1041
1646473927160 0.08175586146895497 1042
1646473927225 0.08167325126587667 1043
1646473927427 0.08159049640068203 1044
1646473927494 0.08150759725134202 1045
1646473927554 0.0814245541964866 1046
1646473927606 0.08134136761540303 1047
1646473927659 0.08125803788803408 1048
1646473927710 0.0811745653949763 1049
1646473927767 0.08109095051747836 1050
1646473927941 0.08100719363743916 1051
1646473928004 0.08092329513740626 1052
1646473928059 0.08083925540057403 1053
1646473928106 0.08075507481078188 1054
1646473928164 0.0806707537525126 1055
1646473928226 0.0805862926108905 1056
1646473928299 0.08050169177167975 1057
1646473928508 0.08041695162128251 1058
1646473928607 0.08033207254673727 1059
1646473928669 0.08024705493571704 1060
1646473928724 0.08016189917652754 1061
1646473928775 0.08007660565810545 1062
1646473928813 0.07999117477001676 1063
1646473928867 0.0799056069024547 1064
1646473929024 0.07981990244623828 1065
1646473929087 0.07973406179281028 1066
1646473929133 0.07964808533423559 1067
1646473929178 0.07956197346319932 1068
1646473929232 0.0794757265730051 1069
1646473929290 0.0793893450575732 1070
1646473929353 0.07930282931143882 1071
1646473929552 0.07921617972975023 1072
1646473929603 0.07912939670826691 1073
1646473929670 0.07904248064335789 1074
1646473929722 0.07895543193199983 1075
1646473929779 0.0788682509717752 1076
1646473929846 0.07878093816087055 1077
1646473929902 0.07869349389807459 1078
1646473930081 0.07860591858277646 1079
1646473930139 0.07851821261496385 1080
1646473930192 0.07843037639522116 1081
1646473930249 0.07834241032472773 1082
1646473930297 0.07825431480525596 1083
1646473930337 0.07816609023916948 1084
1646473930392 0.07807773702942139 1085
1646473930620 0.07798925557955222 1086
1646473930695 0.07790064629368836 1087
1646473930753 0.07781190957653995 1088
1646473930858 0.07772304583339924 1089
1646473930950 0.07763405547013864 1090
1646473931041 0.07754493889320883 1091
1646473931124 0.07745569650963702 1092
1646473931376 0.07736632872702497 1093
1646473931438 0.07727683595354719 1094
1646473931496 0.07718721859794911 1095
1646473931567 0.07709747706954512 1096
1646473931615 0.07700761177821679 1097
1646473931697 0.0769176231344109 1098
1646473931747 0.07682751154913771 1099
1646473931941 0.07673727743396895 1100
1646473931996 0.07664692120103597 1101
1646473932060 0.07655644326302792 1102
1646473932110 0.07646584403318979 1103
1646473932156 0.07637512392532053 1104
1646473932264 0.07628428335377127 1105
1646473932323 0.07619332273344324 1106
1646473932555 0.07610224247978606 1107
1646473932610 0.07601104300879569 1108
1646473932670 0.07591972473701261 1109
1646473932721 0.07582828808151994 1110
1646473932768 0.07573673345994147 1111
1646473932833 0.07564506129043984 1112
1646473932887 0.07555327199171448 1113
1646473933089 0.07546136598299985 1114
1646473933158 0.07536934368406346 1115
1646473933206 0.07527720551520398 1116
1646473933256 0.07518495189724923 1117
1646473933294 0.07509258325155439 1118
1646473933348 0.0750001 1119
1646473933383 0.07490750256499003 1120
1646473933563 0.07481479136945 1121
1646473933620 0.07472196683682494 1122
1646473933684 0.07462902939107763 1123
1646473933737 0.0745359794566865 1124
1646473933775 0.07444281745864377 1125
1646473933868 0.07434954382245348 1126
1646473933963 0.07425615897412961 1127
1646473934138 0.07416266334019404 1128
1646473934205 0.07406905734767466 1129
1646473934274 0.0739753414241034 1130
1646473934390 0.07388151599751429 1131
1646473934471 0.07378758149644153 1132
1646473934543 0.07369353834991745 1133
1646473934608 0.07359938698747061 1134
1646473934812 0.07350512783912388 1135
1646473934874 0.07341076133539239 1136
1646473934933 0.07331628790728158 1137
1646473935011 0.07322170798628527 1138
1646473935071 0.07312702200438372 1139
1646473935119 0.07303223039404153 1140
1646473935165 0.0729373335882058 1141
1646473935329 0.07284233202030403 1142
1646473935383 0.07274722612424228 1143
1646473935438 0.07265201633440309 1144
1646473935493 0.07255670308564348 1145
1646473935560 0.07246128681329309 1146
1646473935633 0.07236576795315197 1147
1646473935704 0.07227014694148887 1148
1646473936014 0.07217442421503903 1149
1646473936064 0.07207860021100225 1150
1646473936122 0.07198267536704092 1151
1646473936192 0.07188665012127801 1152
1646473936268 0.07179052491229503 1153
1646473936318 0.07169430017913009 1154
1646473936371 0.07159797636127585 1155
1646473936546 0.07150155389867752 1156
1646473936612 0.07140503323173088 1157
1646473936652 0.07130841480128018 1158
1646473936700 0.07121169904861628 1159
1646473936747 0.0711148864154745 1160
1646473936790 0.07101797734403262 1161
1646473936835 0.07092097227690894 1162
1646473937003 0.07082387165716014 1163
1646473937059 0.07072667592827944 1164
1646473937114 0.07062938553419432 1165
1646473937173 0.07053200091926472 1166
1646473937277 0.07043452252828089 1167
1646473937329 0.0703369508064614 1168
1646473937375 0.07023928619945106 1169
1646473937613 0.07014152915331899 1170
1646473937661 0.07004368011455644 1171
1646473937713 0.06994573953007484 1172
1646473937769 0.06984770784720377 1173
1646473937822 0.06974958551368889 1174
1646473937879 0.06965137297768985 1175
1646473937925 0.06955307068777833 1176
1646473938092 0.06945467909293594 1177
1646473938146 0.06935619864255214 1178
1646473938184 0.06925762978642228 1179
1646473938246 0.06915897297474545 1180
1646473938285 0.06906022865812249 1181
1646473938341 0.0689613972875539 1182
1646473938400 0.06886247931443776 1183
1646473938569 0.06876347519056775 1184
1646473938647 0.06866438536813095 1185
1646473938691 0.06856521029970594 1186
1646473938739 0.06846595043826062 1187
1646473938799 0.06836660623715013 1188
1646473938856 0.06826717815011489 1189
1646473938901 0.06816766663127838 1190
1646473939096 0.0680680721351452 1191
1646473939143 0.06796839511659894 1192
1646473939196 0.06786863603090004 1193
1646473939256 0.06776879533368381 1194
1646473939332 0.06766887348095833 1195
1646473939380 0.06756887092910233 1196
1646473939438 0.06746878813486307 1197
1646473939683 0.0673686255553544 1198
1646473939794 0.0672683836480545 1199
1646473939848 0.06716806287080392 1200
1646473939893 0.06706766368180335 1201
1646473939943 0.06696718653961176 1202
1646473940007 0.06686663190314403 1203
1646473940062 0.06676600023166905 1204
1646473940257 0.06666529198480751 1205
1646473940308 0.06656450762252991 1206
1646473940353 0.06646364760515434 1207
1646473940404 0.06636271239334447 1208
1646473940460 0.06626170244810739 1209
1646473940505 0.06616061823079152 1210
1646473940556 0.06605946020308452 1211
1646473940824 0.06595822882701116 1212
1646473940877 0.06585692456493124 1213
1646473940922 0.06575554787953744 1214
1646473940971 0.0656540992338532 1215
1646473941018 0.06555257909123066 1216
1646473941073 0.0654509879153485 1217
1646473941154 0.06534932617020985 1218
1646473941354 0.06524759432014013 1219
1646473941429 0.06514579282978496 1220
1646473941488 0.06504392216410806 1221
1646473941541 0.06494198278838906 1222
1646473941598 0.06483997516822142 1223
1646473941657 0.06473789976951033 1224
1646473941701 0.06463575705847052 1225
1646473941870 0.06453354750162416 1226
1646473941922 0.06443127156579871 1227
1646473941981 0.06432892971812486 1228
1646473942025 0.0642265224260343 1229
1646473942080 0.06412405015725764 1230
1646473942133 0.06402151337982227 1231
1646473942169 0.06391891256205022 1232
1646473942340 0.06381624817255596 1233
1646473942412 0.06371352068024438 1234
1646473942456 0.06361073055430858 1235
1646473942512 0.06350787826422767 1236
1646473942552 0.06340496427976475 1237
1646473942618 0.06330198907096464 1238
1646473942677 0.06319895310815188 1239
1646473942856 0.06309585686192841 1240
1646473942907 0.06299270080317156 1241
1646473942945 0.06288948540303181 1242
1646473942993 0.06278621113293069 1243
1646473943039 0.06268287846455858 1244
1646473943083 0.06257948786987269 1245
1646473943134 0.06247603982109465 1246
1646473943435 0.0623725347907086 1247
1646473943545 0.062268973251458935 1248
1646473943665 0.06216535567634809 1249
1646473943716 0.062061682538634484 1250
1646473943780 0.06195795431183031 1251
1646473943903 0.061854171469699334 1252
1646473943999 0.06175033448625481 1253
1646473944321 0.06164644383575726 1254
1646473944402 0.06154249999271228 1255
1646473944533 0.06143850343186853 1256
1646473944618 0.061334454628215324 1257
1646473944739 0.06123035405698065 1258
1646473944824 0.06112620219362893 1259
1646473944884 0.06102199951385886 1260
1646473945208 0.060917746493601224 1261
1646473945275 0.06081344360901673 1262
1646473945356 0.06070909133649383 1263
1646473945420 0.060604690152646565 1264
1646473945475 0.06050024053431233 1265
1646473945517 0.0603957429585498 1266
1646473945573 0.060291197902636665 1267
1646473945763 0.060186605844067424 1268
1646473945828 0.06008196726055132 1269
1646473945887 0.059977282630010065 1270
1646473945941 0.059872552430575675 1271
1646473945980 0.05976777714058832 1272
1646473946037 0.059662957238594105 1273
1646473946084 0.059558093203342884 1274
1646473946241 0.05945318551378608 1275
1646473946296 0.0593482346490745 1276
1646473946357 0.0592432410885562 1277
1646473946413 0.05913820531177416 1278
1646473946465 0.05903312779846423 1279
1646473946519 0.05892800902855288 1280
1646473946555 0.05882284948215499 1281
1646473946792 0.05871764963957172 1282
1646473946844 0.05861240998128823 1283
1646473946897 0.05850713098797158 1284
1646473946936 0.05840181314046844 1285
1646473946999 0.05829645691980298 1286
1646473947046 0.05819106280717461 1287
1646473947128 0.058085631283955816 1288
1646473947416 0.057980162831689955 1289
1646473947469 0.057874657932089055 1290
1646473947532 0.05776911706703158 1291
1646473947582 0.05766354071856031 1292
1646473947641 0.057557929368880045 1293
1646473947704 0.057452283500355486 1294
1646473947735 0.05734660359550898 1295
1646473947945 0.0572408901370183 1296
1646473947999 0.05713514360771452 1297
1646473948039 0.057029364490579715 1298
1646473948097 0.056923553268744854 1299
1646473948154 0.056817710425487486 1300
1646473948207 0.05671183644422961 1301
1646473948268 0.05660593180853546 1302
1646473948506 0.056499997002109226 1303
1646473948562 0.05639403250879297 1304
1646473948603 0.05628803881256428 1305
1646473948649 0.05618201639753418 1306
1646473948741 0.05607596574794482 1307
1646473948800 0.0559698873481673 1308
1646473948835 0.05586378168269955 1309
1646473949065 0.055757649236163914 1310
1646473949116 0.05565149049330513 1311
1646473949173 0.05554530593898801 1312
1646473949231 0.055439096058195296 1313
1646473949311 0.055332861336025344 1314
1646473949357 0.05522660225769002 1315
1646473949444 0.05512031930851241 1316
1646473949701 0.05501401297392465 1317
1646473949754 0.05490768373946564 1318
1646473949822 0.054801332090778906 1319
1646473949870 0.054694958513610364 1320
1646473949922 0.054588563493806024 1321
1646473949971 0.0544821475173099 1322
1646473950012 0.05437571107016168 1323
1646473950213 0.054269254638494566 1324
1646473950275 0.05416277870853303 1325
1646473950344 0.05405628376659061 1326
1646473950420 0.053949770299067674 1327
1646473950478 0.053843238792449184 1328
1646473950518 0.0537366897333025 1329
1646473950568 0.053630123608275175 1330
1646473950752 0.053523540904092705 1331
1646473950801 0.05341694210755628 1332
1646473950861 0.053310327705540596 1333
1646473950946 0.05320369818499166 1334
1646473951087 0.05309705403292447 1335
1646473951214 0.05299039573642093 1336
1646473951264 0.05288372378262746 1337
1646473951519 0.05277703865875294 1338
1646473951582 0.05267034085206632 1339
1646473951632 0.052563630849894544 1340
1646473951670 0.052456909139620256 1341
1646473951739 0.052350176208679516 1342
1646473951790 0.05224343254455968 1343
1646473951845 0.052136678634797116 1344
1646473952021 0.05202991496697501 1345
1646473952072 0.05192314202872104 1346
1646473952125 0.05181636030770532 1347
1646473952175 0.051709570291638036 1348
1646473952225 0.051602772468267256 1349
1646473952277 0.051495967325376694 1350
1646473952369 0.05138915535078352 1351
1646473952674 0.05128233703233613 1352
1646473952733 0.05117551285791184 1353
1646473952829 0.05106868331541472 1354
1646473952884 0.0509618488927734 1355
1646473952950 0.05085501007793878 1356
1646473953008 0.05074816735888178 1357
1646473953055 0.05064132122359121 1358
1646473953228 0.05053447216007148 1359
1646473953298 0.05042762065634031 1360
1646473953351 0.05032076720042663 1361
1646473953392 0.05021391228036826 1362
1646473953446 0.05010705638420974 1363
1646473953501 0.0500002 1364
1646473953539 0.049893343615790266 1365
1646473953768 0.04978648771963174 1366
1646473953841 0.049679632799573374 1367
1646473953971 0.04957277934365971 1368
1646473954035 0.04946592783992853 1369
1646473954089 0.049359078776408785 1370
1646473954142 0.049252232641118235 1371
1646473954199 0.049145389922061224 1372
1646473954404 0.0490385511072266 1373
1646473954472 0.048931716684585284 1374
1646473954534 0.048824887142088165 1375
1646473954599 0.04871806296766387 1376
1646473954648 0.04861124464921647 1377
1646473954699 0.04850443267462332 1378
1646473954755 0.048397627531732754 1379
1646473954937 0.04829082970836198 1380
1646473954987 0.048184039692294685 1381
1646473955045 0.04807725797127896 1382
1646473955111 0.047970485033025013 1383
1646473955174 0.047863721365202894 1384
1646473955222 0.04775696745544034 1385
1646473955276 0.047650223791320494 1386
1646473955442 0.047543490860379754 1387
1646473955502 0.04743676915010546 1388
1646473955559 0.04733005914793368 1389
1646473955617 0.047223361341247085 1390
1646473955675 0.047116676217372554 1391
1646473955736 0.047010004263579076 1392
1646473955779 0.04690334596707554 1393
1646473956002 0.046796701815008356 1394
1646473956062 0.04669007229445942 1395
1646473956203 0.04658345789244373 1396
1646473956262 0.04647685909590729 1397
1646473956467 0.046370276391724835 1398
1646473956555 0.046263710266697504 1399
1646473956664 0.04615716120755084 1400
1646473956975 0.046050629700932336 1401
1646473957043 0.04594411623340938 1402
1646473957109 0.04583762129146698 1403
1646473957158 0.04573114536150543 1404
1646473957212 0.04562468892983833 1405
1646473957268 0.04551825248269011 1406
1646473957303 0.04541183650619397 1407
1646473957524 0.04530544148638965 1408
1646473957587 0.0451990679092211 1409
1646473957639 0.04509271626053438 1410
1646473957702 0.04498638702607535 1411
1646473957783 0.04488008069148759 1412
1646473957839 0.04477379774230999 1413
1646473957894 0.04466753866397466 1414
1646473958157 0.044561303941804714 1415
1646473958214 0.044455094061012 1416
1646473958274 0.0443489095066949 1417
1646473958360 0.0442427507638361 1418
1646473958478 0.04413661831730046 1419
1646473958547 0.0440305126518327 1420
1646473958581 0.04392443425205519 1421
1646473958829 0.04381838360246583 1422
1646473958889 0.043712361187435725 1423
1646473958974 0.04360636749120703 1424
1646473959053 0.04350040299789078 1425
1646473959101 0.04339446819146456 1426
1646473959166 0.043288563555770404 1427
1646473959216 0.04318268957451252 1428
1646473959430 0.04307684673125514 1429
1646473959500 0.042971035509420295 1430
1646473959570 0.042865256392285486 1431
1646473959633 0.042759509862981715 1432
1646473959694 0.04265379640449103 1433
1646473959752 0.04254811649964451 1434
1646473959802 0.04244247063111996 1435
1646473960021 0.04233685928143969 1436
1646473960084 0.04223128293296843 1437
1646473960148 0.042125742067910955 1438
1646473960193 0.042020237168310055 1439
1646473960253 0.04191476871604419 1440
1646473960321 0.041809337192825397 1441
1646473960367 0.041703943080197044 1442
1646473960590 0.041598586859531564 1443
1646473960681 0.04149326901202844 1444
1646473960801 0.04138799001871178 1445
1646473960900 0.041282750360428284 1446
1646473960952 0.04117755051784502 1447
1646473961046 0.04107239097144713 1448
1646473961096 0.04096727220153579 1449
1646473961323 0.04086219468822585 1450
1646473961381 0.040757158911443804 1451
1646473961463 0.04065216535092551 1452
1646473961524 0.04054721448621393 1453
1646473961588 0.04044230679665713 1454
1646473961628 0.040337442761405905 1455
1646473961692 0.04023262285941167 1456
1646473961909 0.04012784756942433 1457
1646473961970 0.04002311736998995 1458
1646473962041 0.0399184327394487 1459
1646473962106 0.039813794155932586 1460
1646473962157 0.03970920209736335 1461
1646473962204 0.039604657041450206 1462
1646473962241 0.03950015946568767 1463
1646473962436 0.03939570984735346 1464
1646473962491 0.03929130866350617 1465
1646473962534 0.039186956390983275 1466
1646473962587 0.039082653506398786 1467
1646473962643 0.03897840048614113 1468
1646473962691 0.03887419780637107 1469
1646473962725 0.03877004594301936 1470
1646473962927 0.0386659453717847 1471
1646473962989 0.03856189656813148 1472
1646473963047 0.03845790000728771 1473
1646473963107 0.03835395616424277 1474
1646473963164 0.03825006551374519 1475
1646473963211 0.038146228530300676 1476
1646473963255 0.0380424456881697 1477
1646473963469 0.03793871746136551 1478
1646473963519 0.037835044323651916 1479
1646473963580 0.037731426748541075 1480
1646473963639 0.037627865209291414 1481
1646473963691 0.03752436017890536 1482
1646473963752 0.037420912130127326 1483
1646473963801 0.03731752153544142 1484
1646473964027 0.03721418886706933 1485
1646473964082 0.03711091459696821 1486
1646473964134 0.037007699196828454 1487
1646473964179 0.03690454313807158 1488
1646473964242 0.036801446891848125 1489
1646473964309 0.03669841092903536 1490
1646473964364 0.036595435720235284 1491
1646473964560 0.036492521735772346 1492
1646473964631 0.036389669445691435 1493
1646473964713 0.036286879319755626 1494
1646473964761 0.03618415182744404 1495
1646473964856 0.0360814874379498 1496
1646473964931 0.03597888662017773 1497
1646473965010 0.03587634984274237 1498
1646473965240 0.035773877573965704 1499
1646473965297 0.03567147028187514 1500
1646473965349 0.035569128434201305 1501
1646473965433 0.03546685249837586 1502
1646473965494 0.0353646429415295 1503
1646473965541 0.03526250023048967 1504
1646473965587 0.03516042483177858 1505
1646473965831 0.03505841721161096 1506
1646473965890 0.034956477835891946 1507
1646473965945 0.034854607170215046 1508
1646473966029 0.03475280567985989 1509
1646473966086 0.03465107382979015 1510
1646473966165 0.03454941208465151 1511
1646473966226 0.03444782090876935 1512
1646473966444 0.03434630076614682 1513
1646473966502 0.03424485212046257 1514
1646473966555 0.03414347543506876 1515
1646473966618 0.03404217117298885 1516
1646473966695 0.03394093979691549 1517
1646473966758 0.0338397817692085 1518
1646473966802 0.03373869755189263 1519
1646473966989 0.03363768760665553 1520
1646473967049 0.033536752394845666 1521
1646473967108 0.033435892377470106 1522
1646473967152 0.0333351080151925 1523
1646473967204 0.033234399768330966 1524
1646473967243 0.03313376809685598 1525
1646473967302 0.03303321346038826 1526
1646473967512 0.03293273631819665 1527
1646473967579 0.032832337129196115 1528
1646473967644 0.03273201635194551 1529
1646473967690 0.03263177444464562 1530
1646473967748 0.03253161186513693 1531
1646473967788 0.03243152907089768 1532
1646473967849 0.03233152651904167 1533
1646473968117 0.032231604666316194 1534
1646473968171 0.03213176396909999 1535
1646473968235 0.03203200488340108 1536
1646473968292 0.031932327864854795 1537
1646473968355 0.03183273336872164 1538
1646473968410 0.03173322184988512 1539
1646473968455 0.031633793762849874 1540
1646473968657 0.0315344495617394 1541
1646473968712 0.031435189700294054 1542
1646473968777 0.03133601463186906 1543
1646473968833 0.031236924809432277 1544
1646473968895 0.031137920685562263 1545
1646473968954 0.03103900271244612 1546
1646473968998 0.03094017134187751 1547
1646473969171 0.030841427025254563 1548
1646473969241 0.030742770213577728 1549
1646473969294 0.030644201357447873 1550
1646473969360 0.030545720907064082 1551
1646473969417 0.030447329312221667 1552
1646473969495 0.030349027022310158 1553
1646473969576 0.030250814486311124 1554
1646473969804 0.030152692152796243 1555
1646473969866 0.030054660469925172 1556
1646473969940 0.02995671988544359 1557
1646473970064 0.02985887084668103 1558
1646473970166 0.029761113800548935 1559
1646473970360 0.02966344919353861 1560
1646473970422 0.029565877471719113 1561
1646473970746 0.029468399080735296 1562
1646473970827 0.02937101446580569 1563
1646473970892 0.029273724071720568 1564
1646473970959 0.02917652834283987 1565
1646473971061 0.02907942772309107 1566
1646473971125 0.0289824226559674 1567
1646473971194 0.02888551358452552 1568
1646473971555 0.028788700951383705 1569
1646473971622 0.028691985198719825 1570
1646473971713 0.028595366768269147 1571
1646473971799 0.02849884610132249 1572
1646473971875 0.028402423638724167 1573
1646473971956 0.028306099820869922 1574
1646473972030 0.028209875087704988 1575
1646473972319 0.02811374987872201 1576
1646473972378 0.028017724632959092 1577
1646473972512 0.027921799788997764 1578
1646473972564 0.02782597578496098 1579
1646473972646 0.02773025305851113 1580
1646473972704 0.027634632046848028 1581
1646473972773 0.027539113186706952 1582
1646473972983 0.027443696914356514 1583
1646473973064 0.02734838366559692 1584
1646473973130 0.027253173875757743 1585
1646473973198 0.027158067979695975 1586
1646473973267 0.027063066411794238 1587
1646473973319 0.02696816960595849 1588
1646473973436 0.026873377995616298 1589
1646473973649 0.026778692013714737 1590
1646473973704 0.026684112092718447 1591
1646473973766 0.026589638664607635 1592
1646473973827 0.02649527216087613 1593
1646473973875 0.02640101301252939 1594
1646473973922 0.026306861650082565 1595
1646473973969 0.026212818503558485 1596
1646473974177 0.02611888400248571 1597
1646473974244 0.026025058575896615 1598
1646473974317 0.02593134265232537 1599
1646473974401 0.02583773665980597 1600
1646473974468 0.025744241025870387 1601
1646473974537 0.02565085617754652 1602
1646473974649 0.02555758254135624 1603
1646473974934 0.025464420543313528 1604
1646473975002 0.025371370608922368 1605
1646473975121 0.025278433163175056 1606
1646473975179 0.025185608630550027 1607
1646473975253 0.02509289743500996 1608
1646473975320 0.025000300000000013 1609
1646473975400 0.024907816748445624 1610
1646473975638 0.024815448102750767 1611
1646473975694 0.02472319448479604 1612
1646473975724 0.024631056315936546 1613
1646473975810 0.02453903401700016 1614
1646473975847 0.024447128008285544 1615
1646473975910 0.024355338709560182 1616
1646473975969 0.024263666540058532 1617
1646473976466 0.02417211191848008 1618
1646473976554 0.024080675262987412 1619
1646473976625 0.023989356991204337 1620
1646473976678 0.023898157520213972 1621
1646473976738 0.023807077266556752 1622
1646473976792 0.023716116646228726 1623
1646473976845 0.023625276074679475 1624
1646473977038 0.023534555966810214 1625
1646473977085 0.0234439567369721 1626
1646473977140 0.02335347879896404 1627
1646473977198 0.02326312256603105 1628
1646473977251 0.023172888450862305 1629
1646473977305 0.023082776865589114 1630
1646473977356 0.02299278822178324 1631
1646473977552 0.022902922930454896 1632
1646473977605 0.022813181402050887 1633
1646473977655 0.022723564046452822 1634
1646473977714 0.022634071272975044 1635
1646473977756 0.02254470349036299 1636
1646473977828 0.022455461106791173 1637
1646473977880 0.02236634452986137 1638
1646473978061 0.02227735416660076 1639
1646473978124 0.022188490423460064 1640
1646473978179 0.02209975370631166 1641
1646473978209 0.022011144420447784 1642
1646473978266 0.021922662970578623 1643
1646473978316 0.021834309760830513 1644
1646473978356 0.02174608519474405 1645
1646473978686 0.0216579896752723 1646
1646473978745 0.02157002360477885 1647
1646473978810 0.02148218738503618 1648
1646473978846 0.021394481417223554 1649
1646473978905 0.02130690610192541 1650
1646473978961 0.02121946183912947 1651
1646473979013 0.021132149028224818 1652
1646473979219 0.02104496806800019 1653
1646473979285 0.020957919356642124 1654
1646473979340 0.020871003291733102 1655
1646473979421 0.020784220270249794 1656
1646473979480 0.020697570688561186 1657
1646473979535 0.02061105494242681 1658
1646473979573 0.02052467342699492 1659
1646473979794 0.020438426536800693 1660
1646473979861 0.02035231466576442 1661
1646473979911 0.020266338207189722 1662
1646473979962 0.02018049755376174 1663
1646473980018 0.0200947930975453 1664
1646473980138 0.020009225229983257 1665
1646473980184 0.01992379434189454 1666
1646473980405 0.019838500823472473 1667
1646473980462 0.019753345064282987 1668
1646473980513 0.019668327453262732 1669
1646473980590 0.019583448378717498 1670
1646473980640 0.019498708228320283 1671
1646473980684 0.0194141073891095 1672
1646473980734 0.01932964624748742 1673
1646473980931 0.019245325189218135 1674
1646473980982 0.01916114459942599 1675
1646473981032 0.01907710486259375 1676
1646473981088 0.018993206362560855 1677
1646473981160 0.018909449482521663 1678
1646473981215 0.0188258346050237 1679
1646473981256 0.018742362111965925 1680
1646473981430 0.018659032384596968 1681
1646473981498 0.0185758458035134 1682
1646473981653 0.018492802748657992 1683
1646473981710 0.018409903599317986 1684
1646473981762 0.01832714873412336 1685
1646473981814 0.018244538531045032 1686
1646473981851 0.018162073367393308 1687
1646473982037 0.01807975361981598 1688
1646473982088 0.017997579664296638 1689
1646473982152 0.017915551876153096 1690
1646473982227 0.017833670630035454 1691
1646473982285 0.017751936299924557 1692
1646473982327 0.01767034925913027 1693
1646473982387 0.017588909880289653 1694
1646473982648 0.01750761853536539 1695
1646473982705 0.017426475595644038 1696
1646473982777 0.017345481431734314 1697
1646473982846 0.01726463641356548 1698
1646473982905 0.01718394091038552 1699
1646473982955 0.017103395290759566 1700
1646473982998 0.017022999922568182 1701
1646473983193 0.016942755173005676 1702
1646473983237 0.016862661408578426 1703
1646473983287 0.0167827189951032 1704
1646473983334 0.016702928297705515 1705
1646473983422 0.01662328968081792 1706
1646473983469 0.01654380350817838 1707
1646473983522 0.016464470142828543 1708
1646473983698 0.016385289947112216 1709
1646473983762 0.016306263282673573 1710
1646473983862 0.016227390510455526 1711
1646473983930 0.016148671990698204 1712
1646473983994 0.016070108082937094 1713
1646473984042 0.015991699146001584 1714
1646473984095 0.01591344553801327 1715
1646473984302 0.015835347616384245 1716
1646473984351 0.01575740573781557 1717
1646473984415 0.015679620258295588 1718
1646473984475 0.015601991533098313 1719
1646473984535 0.015524519916781809 1720
1646473984590 0.015447205763186572 1721
1646473984637 0.01537004942543389 1722
1646473984769 0.015293051255924268 1723
1646473984835 0.015216211606335801 1724
1646473984887 0.015139530827622559 1725
1646473984943 0.015063009270012992 1726
1646473984993 0.014986647283008355 1727
1646473985066 0.01491044521538101 1728
1646473985119 0.01483440341517301 1729
1646473985279 0.014758522229694374 1730
1646473985337 0.01468280200552148 1731
1646473985387 0.014607243088495642 1732
1646473985430 0.014531845823721313 1733
1646473985484 0.014456610555564738 1734
1646473985530 0.01438153762765216 1735
1646473985584 0.014306627382868404 1736
1646473985755 0.01423188016335532 1737
1646473985810 0.014157296310510046 1738
1646473985840 0.014082876164983646 1739
1646473985913 0.014008620066679458 1740
1646473985960 0.013934528354751551 1741
1646473986005 0.013860601367603195 1742
1646473986067 0.01378683944288528 1743
1646473986427 0.013713242917494827 1744
1646473986487 0.01363981212757339 1745
1646473986537 0.013566547408505575 1746
1646473986595 0.013493449094917467 1747
1646473986650 0.013420517520675126 1748
1646473986714 0.013347753018883066 1749
1646473986789 0.013275155921882654 1750
1646473986956 0.01320272656125077 1751
1646473987022 0.013130465267798111 1752
1646473987085 0.013058372371567737 1753
1646473987204 0.012986448201833646 1754
1646473987299 0.012914693087099135 1755
1646473987372 0.012843107355095378 1756
1646473987440 0.012771691332779984 1757
1646473987744 0.012700445346335344 1758
1646473987801 0.012629369721167285 1759
1646473987857 0.01255846478190354 1760
1646473987914 0.012487730852392225 1761
1646473987970 0.012417168255700415 1762
1646473988021 0.012346777314112658 1763
1646473988071 0.012276558349129467 1764
1646473988341 0.012206511681465887 1765
1646473988390 0.012136637631050039 1766
1646473988447 0.012066936517021579 1767
1646473988536 0.011997408657730383 1768
1646473988618 0.011928054370734954 1769
1646473988707 0.011858873972801047 1770
1646473988752 0.011789867779900215 1771
1646473988978 0.011721036107208302 1772
1646473989047 0.011652379269104136 1773
1646473989131 0.011583897579167966 1774
1646473989211 0.011515591350180054 1775
1646473989303 0.01144746089411934 1776
1646473989368 0.01137950652216188 1777
1646473989418 0.011311728544679496 1778
1646473989617 0.01124412727123843 1779
1646473989666 0.011176703010597746 1780
1646473989720 0.011109456070708103 1781
1646473989765 0.011042386758710243 1782
1646473989812 0.010975495380933621 1783
1646473989876 0.010908782242895008 1784
1646473989938 0.010842247649297088 1785
1646473990188 0.010775891904027068 1786
1646473990247 0.010709715310155294 1787
1646473990295 0.010643718169933855 1788
1646473990366 0.010577900784795232 1789
1646473990420 0.010512263455350872 1790
1646473990472 0.010446806481389882 1791
1646473990533 0.010381530161877548 1792
1646473990738 0.010316434794954152 1793
1646473990814 0.010251520677933394 1794
1646473990855 0.010186788107301193 1795
1646473990911 0.010122237378714316 1796
1646473990944 0.010057868786998908 1797
1646473990991 0.009993682626149294 1798
1646473991038 0.009929679189326548 1799
1646473991236 0.009865858768857165 1800
1646473991295 0.009802221656231812 1801
1646473991363 0.00973876814210381 1802
1646473991415 0.009675498516288003 1803
1646473991460 0.009612413067759323 1804
1646473991512 0.009549512084651508 1805
1646473991589 0.009486795854255768 1806
1646473991812 0.009424264663019481 1807
1646473991874 0.009361918796544893 1808
1646473991940 0.009299758539587808 1809
1646473991992 0.009237784176056271 1810
1646473992050 0.009175995989009299 1811
1646473992101 0.009114394260655564 1812
1646473992139 0.009052979272352138 1813
1646473992352 0.008991751304603121 1814
1646473992403 0.008930710637058518 1815
1646473992443 0.008869857548512808 1816
1646473992499 0.008809192316903707 1817
1646473992545 0.008748715219311002 1818
1646473992585 0.008688426531955128 1819
1646473992631 0.008628326530196014 1820
1646473992810 0.008568415488531796 1821
1646473992858 0.00850869368059757 1822
1646473992904 0.008449161379164107 1823
1646473992961 0.008389818856136658 1824
1646473993015 0.008330666382553682 1825
1646473993060 0.008271704228585617 1826
1646473993111 0.008212932663533628 1827
1646473993314 0.008154351955828412 1828
1646473993367 0.008095962373028948 1829
1646473993420 0.00803776418182128 1830
1646473993462 0.00797975764801726 1831
1646473993515 0.007921943036553452 1832
1646473993569 0.007864320611489771 1833
1646473993620 0.007806890636008386 1834
1646473993843 0.0077496533724124754 1835
1646473993923 0.007692609082124989 1836
1646473993987 0.007635758025687573 1837
1646473994064 0.007579100462759275 1838
1646473994115 0.00752263665211534 1839
1646473994167 0.007466366851646166 1840
1646473994224 0.007410291318355963 1841
1646473994476 0.00735441030836168 1842
1646473994536 0.00729872407689185 1843
1646473994618 0.007243232878285297 1844
1646473994672 0.007187936965990127 1845
1646473994722 0.007132836592562487 1846
1646473994790 0.007077932009665416 1847
1646473994843 0.007023223468067726 1848
1646473995024 0.006968711217642824 1849
1646473995079 0.006914395507367594 1850
1646473995125 0.006860276585321247 1851
1646473995188 0.006806354698684202 1852
1646473995229 0.006752630093736909 1853
1646473995284 0.006699103015858823 1854
1646473995338 0.006645773709527192 1855
1646473995593 0.006592642418315927 1856
1646473995663 0.006539709384894633 1857
1646473995789 0.006486974851027303 1858
1646473995846 0.006434439057571355 1859
1646473995901 0.006382102244476517 1860
1646473995953 0.006329964650783642 1861
1646473996003 0.0062780265146237186 1862
1646473996220 0.0062262880732167295 1863
1646473996279 0.006174749562870569 1864
1646473996345 0.006123411218980016 1865
1646473996402 0.006072273276025566 1866
1646473996454 0.006021335967572434 1867
1646473996520 0.005970599526269472 1868
1646473996576 0.005920064183848099 1869
1646473996762 0.005869730171121236 1870
1646473996815 0.005819597717982258 1871
1646473996875 0.005769667053403953 1872
1646473996930 0.005719938405437472 1873
1646473996993 0.00567041200121127 1874
1646473997040 0.005621088066930097 1875
1646473997083 0.00557196682787394 1876
1646473997283 0.00552304850839702 1877
1646473997332 0.005474333331926713 1878
1646473997396 0.005425821520962636 1879
1646473997455 0.005377513297075492 1880
1646473997516 0.005329408880906164 1881
1646473997583 0.0052815084921647 1882
1646473997696 0.005233812349629216 1883
1646473997955 0.005186320671145013 1884
1646473998007 0.005139033673623512 1885
1646473998085 0.0050919515730412914 1886
1646473998154 0.005045074584439097 1887
1646473998219 0.004998402921920835 1888
1646473998307 0.004951936798652629 1889
1646473998373 0.004905676426861829 1890
1646473998587 0.004859622017836047 1891
1646473998649 0.004813773781922187 1892
1646473998701 0.0047681319285254875 1893
1646473998748 0.004722696666108572 1894
1646473998796 0.004677468202190451 1895
1646473998858 0.00463244674334567 1896
1646473998914 0.004587632495203288 1897
1646473999114 0.004543025662445922 1898
1646473999161 0.004498626448808909 1899
1646473999228 0.004454435057079256 1900
1646473999301 0.004410451689094834 1901
1646473999353 0.004366676545743354 1902
1646473999434 0.0043231098269614805 1903
1646473999475 0.004279751731733984 1904
1646473999692 0.004236602458092715 1905
1646473999739 0.0041936622031157915 1906
1646473999790 0.004150931162926686 1907
1646473999827 0.004108409532693276 1908
1646473999881 0.0040660975066270045 1909
1646473999920 0.004023995277981982 1910
1646473999971 0.003982103039054096 1911
1646474000160 0.003940420981180137 1912
1646474000215 0.0038989492947369194 1913
1646474000256 0.003857688169140423 1914
1646474000323 0.003816637792844913 1915
1646474000373 0.00377579835334211 1916
1646474000440 0.00373517003716026 1917
1646474000485 0.0036947530298633907 1918
1646474000659 0.0036545475160503875 1919
1646474000708 0.0036145536793541415 1920
1646474000765 0.003574771702440786 1921
1646474000805 0.003535201767008779 1922
1646474000868 0.00349584405378811 1923
1646474000938 0.0034566987425395223 1924
1646474000992 0.0034177660120535704 1925
1646474001209 0.0033790460401499356 1926
1646474001259 0.003340539003676524 1927
1646474001314 0.0033022450785087005 1928
1646474001354 0.00326416443954847 1929
1646474001436 0.003226297260723691 1930
1646474001518 0.003188643714987268 1931
1646474001598 0.0031512039743163667 1932
1646474001826 0.0031139782097116277 1933
1646474001894 0.003076966591196388 1934
1646474001949 0.0030401692878159097 1935
1646474002007 0.0030035864676365917 1936
1646474002080 0.0029672182977452154 1937
1646474002148 0.0029310649442481776 1938
1646474002199 0.0028951265722707256 1939
1646474002362 0.0028594033459562232 1940
1646474002410 0.0028238954284653906 1941
1646474002446 0.0027886029819755172 1942
1646474002502 0.0027535261676798223 1943
1646474002548 0.002718665145786594 1944
1646474002608 0.002684020075518547 1945
1646474002661 0.0026495911151120937 1946
1646474002853 0.0026153784218165463 1947
1646474002910 0.002581382151893477 1948
1646474002973 0.0025476024606159702 1949
1646474003068 0.0025140395022679213 1950
1646474003131 0.0024806934301433276 1951
1646474003207 0.0024475643965455826 1952
1646474003276 0.002414652552786793 1953
1646474003438 0.0023819580491870867 1954
1646474003491 0.002349481035073915 1955
1646474003538 0.00231722165878138 1956
1646474003585 0.0022851800676495487 1957
1646474003647 0.0022533564080238037 1958
1646474003688 0.002221750825254118 1959
1646474003752 0.0021903634636944807 1960
1646474003929 0.0021591944667021562 1961
1646474003985 0.0021282439766370474 1962
1646474004022 0.0020975121348611055 1963
1646474004081 0.0020669990817375784 1964
1646474004138 0.0020367049566304674 1965
1646474004196 0.0020066298979038613 1966
1646474004258 0.0019767740429212414 1967
1646474004418 0.0019471375280449726 1968
1646474004480 0.0019177204886355577 1969
1646474004531 0.0018885230590511169 1970
1646474004575 0.0018595453726467156 1971
1646474004628 0.0018307875617737757 1972
1646474004671 0.0018022497577794773 1973
1646474004728 0.0017739320910061408 1974
1646474004921 0.001745834690790645 1975
1646474004983 0.0017179576854638337 1976
1646474005043 0.0016903012023499315 1977
1646474005094 0.0016628653677659558 1978
1646474005160 0.0016356503070211353 1979
1646474005232 0.0016086561444163695 1980
1646474005284 0.0015818830032436025 1981
1646474005543 0.0015553310057853343 1982
1646474005600 0.0015290002733139942 1983
1646474005659 0.001502890926091412 1984
1646474005713 0.0014770030833683087 1985
1646474005786 0.001451336863383674 1986
1646474005893 0.0014258923833642832 1987
1646474006048 0.0014006697595241656 1988
1646474006228 0.0013756691070640143 1989
1646474006279 0.001350890540170732 1990
1646474006329 0.0013263341720168647 1991
1646474006369 0.001302000114760097 1992
1646474006412 0.0012778884795427512 1993
1646474006470 0.0012539993764912555 1994
1646474006519 0.0012303329147156609 1995
1646474006704 0.0012068892023091413 1996
1646474006755 0.0011836683463474773 1997
1646474006805 0.0011606704528886013 1998
1646474006867 0.0011378956269720922 1999
1646474006945 0.001115343972618703 2000
1646474007018 0.0010930155928298624 2001
1646474007061 0.0010709105895872686 2002
1646474007279 0.0010490290638523229 2003
1646474007344 0.0010273711155657703 2004
1646474007395 0.0010059368436471814 2005
1646474007449 0.0009847263459945043 2006
1646474007487 0.000963739719483664 2007
1646474007566 0.0009429770599680519 2008
1646474007610 0.0009224384622781263 2009
1646474007767 0.0009021240202210126 2010
1646474007829 0.0008820338265799817 2011
1646474007884 0.0008621679731141276 2012
1646474007958 0.0008425265505578737 2013
1646474007998 0.0008231096486206064 2014
1646474008053 0.0008039173559862364 2015
1646474008101 0.0007849497603128103 2016
1646474008262 0.0007662069482320886 2017
1646474008312 0.000747689005349185 2018
1646474008369 0.0007293960162421442 2019
1646474008427 0.0007113280644615651 2020
1646474008482 0.0006934852325302335 2021
1646474008537 0.0006758676019427177 2022
1646474008595 0.0006584752531650071 2023
1646474008770 0.0006413082656341742 2024
1646474008824 0.000624366717757974 2025
1646474008885 0.0006076506869144732 2026
1646474008936 0.0005911602494517659 2027
1646474008996 0.0005748954806875473 2028
1646474009047 0.0005588564549088189 2029
1646474009128 0.0005430432453715275 2030
1646474009384 0.000527455924300238 2031
1646474009432 0.0005120945628878062 2032
1646474009498 0.0004969592312950392 2033
1646474009558 0.00048204999865039655 2034
1646474009632 0.00046736693304965705 2035
1646474009702 0.0004529101015556186 2036
1646474009761 0.00043867957019777656 2037
1646474009953 0.0004246754039720515 2038
1646474010002 0.00041089766684046205 2039
1646474010050 0.00039734642173083583 2040
1646474010096 0.00038402173053654333 2041
1646474010136 0.0003709236541162035 2042
1646474010177 0.00035805225229340067 2043
1646474010225 0.00034540758385641823 2044
1646474010403 0.0003329897065579498 2045
1646474010462 0.0003207986771148884 2046
1646474010507 0.000308834551207999 2047
1646474010550 0.0002970973834817017 2048
1646474010602 0.00028558722754385015 2049
1646474010643 0.0002743041359654092 2050
1646474010710 0.000263248160280283 2051
1646474010941 0.0002524193509850653 2052
1646474010994 0.00024181775753877825 2053
1646474011041 0.00023144342836267835 2054
1646474011086 0.00022129641084003433 2055
1646474011138 0.00021137675131588292 2056
1646474011177 0.00020168449509684564 2057
1646474011227 0.00019221968645092346 2058
1646474011395 0.00018298236860725802 2059
1646474011458 0.00017397258375597622 2060
1646474011508 0.00016519037304798495 2061
1646474011556 0.00015663577659475998 2062
1646474011619 0.00014830883346820726 2063
1646474011681 0.0001402095817004298 2064
1646474011724 0.00013233805828360547 2065
1646474011904 0.0001246942991697873 2066
1646474011961 0.00011727833927074226 2067
1646474012011 0.00011009021245781277 2068
1646474012053 0.00010312995156173331 2069
1646474012104 9.639758837249167e-05 2070
1646474012151 8.989315363919581e-05 2071
1646474012208 8.361667706991835e-05 2072
1646474012421 7.756818733155786e-05 2073
1646474012475 7.174771204972772e-05 2074
1646474012529 6.61552778086175e-05 2075
1646474012577 6.0790910150865196e-05 2076
1646474012631 5.565463357745169e-05 2077
1646474012682 5.07464715475788e-05 2078
1646474012718 4.606644647856922e-05 2079
1646474012983 4.161457974577774e-05 2080
1646474013085 3.7390891682458074e-05 2081
1646474013168 3.339540157970169e-05 2082
1646474013252 2.9628127686337992e-05 2083
1646474013302 2.6089087208845458e-05 2084
1646474013358 2.2778296311290572e-05 2085
1646474013410 1.9695770115227916e-05 2086
1646474013608 1.6841522699655765e-05 2087
1646474013665 1.4215567100938363e-05 2088
1646474013716 1.181791531276152e-05 2089
1646474013759 9.64857828603824e-06 2090
1646474013806 7.707565928919825e-06 2091
1646474013859 5.9948871066904034e-06 2092
1646474013900 4.51054964177248e-06 2093
1646474014094 3.2545603136603254e-06 2094
1646474014150 2.226924858908874e-06 2095
1646474014192 1.427647971089312e-06 2096
1646474014249 8.567333007890797e-07 2097
1646474014307 5.141834555785649e-07 2098
1646474014365 4.0000000000000003e-07 2099
1646474014414 5.141834555785649e-07 2100
