1646473858254 1.5995423793792725 0
1646473858832 1.5931212902069092 1
1646473859296 1.6027297973632812 2
1646473859784 1.5687429904937744 3
1646473860378 1.5488967895507812 4
1646473860849 1.5289933681488037 5
1646473861315 1.5453330278396606 6
1646473861718 1.4927812814712524 7
1646473862108 1.4900716543197632 8
1646473862693 1.4691038131713867 9
1646473863187 1.4556329250335693 10
1646473863702 1.4373290538787842 11
1646473864226 1.4110429286956787 12
1646473864568 1.4052307605743408 13
1646473864916 1.331554651260376 14
1646473865250 1.3361856937408447 15
1646473865603 1.3283742666244507 16
1646473866017 1.2578941583633423 17
1646473866526 1.2796109914779663 18
1646473866961 1.23735511302948 19
1646473867385 1.2477493286132812 20
1646473867911 1.2270338535308838 21
1646473868234 1.207796335220337 22
1646473868525 1.1612671613693237 23
1646473868832 1.206453800201416 24
1646473869148 1.119507074356079 25
1646473869482 1.1380997896194458 26
1646473869979 1.1450785398483276 27
1646473870522 1.0923231840133667 28
1646473870930 1.0804067850112915 29
1646473871485 1.0334229469299316 30
1646473871854 1.0026764869689941 31
1646473872355 1.0389447212219238 32
1646473872756 1.0338736772537231 33
1646473873181 0.9728062152862549 34
1646473873590 0.9159267544746399 35
1646473874193 0.9657988548278809 36
1646473874698 0.9497842192649841 37
1646473875163 0.9328521490097046 38
1646473875630 0.9524516463279724 39
1646473876047 0.937897264957428 40
1646473876459 0.8978621959686279 41
1646473876833 0.854673445224762 42
1646473877183 0.9283527135848999 43
1646473877774 0.8533527255058289 44
1646473878300 0.8867771625518799 45
1646473878743 0.7902809381484985 46
1646473879337 0.8068012595176697 47
1646473879750 0.7635270357131958 48
1646473880131 0.8175157904624939 49
1646473880517 0.825886070728302 50
1646473880868 0.7709628939628601 51
1646473881369 0.743568480014801 52
1646473881883 0.7856873869895935 53
1646473882317 0.7557112574577332 54
1646473883061 0.6879353523254395 55
1646473883480 0.7414050102233887 56
1646473883862 0.743405282497406 57
1646473884363 0.7024698853492737 58
1646473884768 0.7036637663841248 59
1646473885357 0.6485829949378967 60
1646473885965 0.7082096338272095 61
1646473886458 0.6711772084236145 62
1646473886881 0.6046759486198425 63
1646473887363 0.725527286529541 64
1646473887779 0.7548653483390808 65
1646473888160 0.6159239411354065 66
1646473888547 0.6380963325500488 67
1646473889136 0.6143168210983276 68
1646473889567 0.5870076417922974 69
1646473889978 0.5658732056617737 70
1646473890474 0.5850487947463989 71
1646473890896 0.6218628883361816 72
1646473891282 0.5361952185630798 73
1646473891698 0.5125611424446106 74
1646473892117 0.49213069677352905 75
1646473892573 0.5796511173248291 76
1646473893137 0.5153159499168396 77
1646473893595 0.5537068247795105 78
1646473894071 0.5819725394248962 79
1646473894565 0.486959308385849 80
1646473894970 0.5319452881813049 81
1646473895359 0.4992462694644928 82
1646473895790 0.6083477139472961 83
1646473896192 0.470645546913147 84
1646473896778 0.4799351990222931 85
1646473897271 0.3818466365337372 86
1646473897684 0.4226146638393402 87
1646473898205 0.48519763350486755 88
1646473898632 0.4381076693534851 89
1646473899013 0.4398452639579773 90
1646473899486 0.4459493160247803 91
1646473899922 0.33979690074920654 92
1646473900447 0.45544373989105225 93
1646473900948 0.3554578125476837 94
1646473901405 0.3669796288013458 95
1646473901897 0.44161456823349 96
1646473902299 0.4038805663585663 97
1646473902894 0.4263599216938019 98
1646473903442 0.3670234680175781 99
1646473903833 0.36913472414016724 100
1646473904466 0.3886389136314392 101
1646473904958 0.31281810998916626 102
1646473905422 0.41509735584259033 103
1646473905948 0.3700312376022339 104
1646473906364 0.30492103099823 105
1646473906779 0.23473502695560455 106
1646473907178 0.3322961926460266 107
1646473907600 0.40640562772750854 108
1646473908189 0.303497850894928 109
1646473908683 0.3075692355632782 110
1646473909138 0.3220730125904083 111
1646473909672 0.24630586802959442 112
1646473910079 0.4361366629600525 113
1646473910586 0.29074403643608093 114
1646473910990 0.3150807023048401 115
1646473911491 0.3095383048057556 116
1646473912231 0.3585374355316162 117
1646473912807 0.28171777725219727 118
1646473913338 0.2775445580482483 119
1646473913803 0.18332040309906006 120
1646473914248 0.1986926645040512 121
1646473914663 0.30367806553840637 122
1646473915061 0.34306448698043823 123
1646473915686 0.27974990010261536 124
1646473916179 0.2438802719116211 125
1646473916626 0.24233971536159515 126
1646473917148 0.2390836477279663 127
1646473917562 0.22900870442390442 128
1646473917949 0.3044346570968628 129
1646473918363 0.32525554299354553 130
1646473918743 0.2717759609222412 131
1646473919300 0.37198707461357117 132
1646473919793 0.24068938195705414 133
1646473920238 0.16088320314884186 134
1646473920736 0.2180204689502716 135
1646473921173 0.21641209721565247 136
1646473921598 0.30321618914604187 137
1646473922021 0.27021363377571106 138
1646473922466 0.30425289273262024 139
1646473923082 0.23276816308498383 140
1646473923687 0.22950027883052826 141
1646473924150 0.2973639965057373 142
1646473924675 0.24258814752101898 143
1646473925167 0.19061177968978882 144
1646473925673 0.25381338596343994 145
1646473926235 0.13495849072933197 146
1646473926748 0.26308584213256836 147
1646473927373 0.20594745874404907 148
1646473927876 0.10463514924049377 149
1646473928458 0.1690419763326645 150
1646473928964 0.16318072378635406 151
1646473929491 0.16388116776943207 152
1646473930025 0.22796307504177094 153
1646473930537 0.15580318868160248 154
1646473931297 0.14132879674434662 155
1646473931876 0.18903297185897827 156
1646473932487 0.20014432072639465 157
1646473933041 0.15855489671230316 158
1646473933504 0.18748274445533752 159
1646473934086 0.3081989586353302 160
1646473934741 0.29158616065979004 161
1646473935277 0.16409607231616974 162
1646473935956 0.19711631536483765 163
1646473936500 0.15747757256031036 164
1646473936954 0.14873039722442627 165
1646473937549 0.13347682356834412 166
1646473938032 0.11592468619346619 167
1646473938518 0.13445931673049927 168
1646473939032 0.14335566759109497 169
1646473939618 0.16066217422485352 170
1646473940192 0.15071627497673035 171
1646473940747 0.1734902411699295 172
1646473941293 0.16759146749973297 173
1646473941814 0.2217484563589096 174
1646473942291 0.20300251245498657 175
1646473942802 0.1681978404521942 176
1646473943256 0.11857853829860687 177
1646473944256 0.13159486651420593 178
1646473945156 0.16043633222579956 179
1646473945688 0.18743744492530823 180
1646473946191 0.10122351348400116 181
1646473946741 0.1251838654279709 182
1646473947353 0.10575055330991745 183
1646473947877 0.10774251818656921 184
1646473948441 0.12309427559375763 185
1646473949005 0.14954961836338043 186
1646473949652 0.16373907029628754 187
1646473950157 0.09139779955148697 188
1646473950688 0.11623014509677887 189
1646473951449 0.1431499570608139 190
1646473951964 0.1720501184463501 191
1646473952608 0.1695258915424347 192
1646473953177 0.1773114800453186 193
1646473953709 0.1706552356481552 194
1646473954346 0.11207237094640732 195
1646473954878 0.11572381108999252 196
1646473955395 0.1163836121559143 197
1646473955929 0.10087081789970398 198
1646473956916 0.12714783847332 199
1646473957470 0.14849227666854858 200
1646473958078 0.14880236983299255 201
1646473958774 0.06730622053146362 202
1646473959367 0.1806076318025589 203
1646473959952 0.07968896627426147 204
1646473960526 0.11373762786388397 205
1646473961255 0.13890844583511353 206
1646473961837 0.16967028379440308 207
1646473962381 0.12885905802249908 208
1646473962873 0.13847817480564117 209
1646473963410 0.13530230522155762 210
1646473963942 0.11148649454116821 211
1646473964496 0.08344098180532455 212
1646473965173 0.0974234864115715 213
1646473965774 0.12836936116218567 214
1646473966385 0.11150086671113968 215
1646473966940 0.15451596677303314 216
1646473967444 0.1038937196135521 217
1646473968021 0.09875471144914627 218
1646473968597 0.16111981868743896 219
1646473969113 0.104496531188488 220
1646473969730 0.08766545355319977 221
1646473970662 0.10075674951076508 222
1646473971498 0.12201423943042755 223
1646473972193 0.11472000926733017 224
1646473972922 0.07765694707632065 225
1646473973588 0.10453682392835617 226
1646473974112 0.12813188135623932 227
1646473974887 0.11367926001548767 228
1646473975574 0.13465410470962524 229
1646473976406 0.0635191947221756 230
1646473976973 0.08247899264097214 231
1646473977492 0.1366167813539505 232
1646473977989 0.07152733206748962 233
1646473978612 0.06399163603782654 234
1646473979160 0.08731351792812347 235
1646473979737 0.1006377562880516 236
1646473980342 0.190135195851326 237
1646473980867 0.12345156818628311 238
1646473981377 0.11152835935354233 239
1646473981983 0.08350511640310287 240
1646473982586 0.10009555518627167 241
1646473983120 0.09438857436180115 242
1646473983637 0.0932699516415596 243
1646473984242 0.10616736859083176 244
1646473984727 0.08644475787878036 245
1646473985225 0.11863159388303757 246
1646473985687 0.10536560416221619 247
1646473986335 0.13315200805664062 248
1646473986909 0.10961585491895676 249
1646473987617 0.07455944269895554 250
1646473988282 0.06990465521812439 251
1646473988916 0.11460816115140915 252
1646473989554 0.07624191790819168 253
1646473990140 0.0845009982585907 254
1646473990682 0.10194109380245209 255
1646473991186 0.07168597728013992 256
1646473991766 0.07402580976486206 257
1646473992289 0.08898521214723587 258
1646473992749 0.07341909408569336 259
1646473993254 0.08936470001935959 260
1646473993765 0.09989209473133087 261
1646473994421 0.05495903268456459 262
1646473994957 0.13453222811222076 263
1646473995531 0.08652473986148834 264
1646473996165 0.08623451739549637 265
1646473996707 0.15822407603263855 266
1646473997223 0.07955700159072876 267
1646473997889 0.10956282168626785 268
1646473998537 0.07142255455255508 269
1646473999053 0.07985138148069382 270
1646473999648 0.11931419372558594 271
1646474000096 0.0627196803689003 272
1646474000597 0.06879173219203949 273
1646474001141 0.0870434120297432 274
1646474001772 0.09674318879842758 275
1646474002315 0.06992661952972412 276
1646474002799 0.09857817739248276 277
1646474003386 0.07957028597593307 278
1646474003870 0.09259077906608582 279
1646474004377 0.07807043939828873 280
1646474004862 0.10152827948331833 281
1646474005482 0.08427292108535767 282
1646474006179 0.05633065477013588 283
1646474006655 0.12810534238815308 284
1646474007234 0.11574996262788773 285
1646474007719 0.09907461702823639 286
1646474008205 0.06404054909944534 287
1646474008712 0.11989689618349075 288
1646474009309 0.11374779045581818 289
1646474009905 0.11149711906909943 290
1646474010349 0.08042869716882706 291
1646474010873 0.08872658014297485 292
1646474011349 0.08875299245119095 293
1646474011854 0.12367013841867447 294
1646474012331 0.08947151154279709 295
1646474012860 0.07703772932291031 296
1646474013565 0.0928381010890007 297
1646474014042 0.10305193811655045 298
1646474014554 0.04816681519150734 299
