1646496560647 0.6157407164573669 0
1646496561115 0.7638888955116272 1
1646496561562 0.7685185074806213 2
1646496561939 0.7870370149612427 3
1646496562336 0.8472222089767456 4
1646496562811 0.8611111044883728 5
1646496563427 0.8703703880310059 6
1646496563886 0.8935185074806213 7
1646496564318 0.9351851940155029 8
1646496564672 0.9351851940155029 9
1646496565012 0.9537037014961243 10
1646496565336 0.9444444179534912 11
1646496565693 0.9120370149612427 12
1646496566034 0.9490740895271301 13
1646496566314 0.9675925970077515 14
1646496566619 0.9722222089767456 15
1646496566922 0.9814814925193787 16
1646496567415 0.9953703880310059 17
1646496567940 0.9907407164573669 18
1646496568460 0.9814814925193787 19
1646496568826 0.9953703880310059 20
1646496569159 0.9861111044883728 21
1646496569493 0.9814814925193787 22
1646496569814 0.9953703880310059 23
1646496570142 0.9953703880310059 24
1646496570465 0.9953703880310059 25
1646496570822 0.9953703880310059 26
1646496571136 1.0 27
1646496571682 1.0 28
1646496572156 1.0 29
1646496572562 1.0 30
1646496572932 1.0 31
1646496573292 1.0 32
1646496573623 1.0 33
1646496573958 1.0 34
1646496574257 1.0 35
1646496574669 1.0 36
1646496575028 0.9953703880310059 37
1646496575522 0.9953703880310059 38
1646496576099 1.0 39
1646496576619 1.0 40
1646496577049 1.0 41
1646496577528 1.0 42
1646496578021 1.0 43
1646496578487 0.9953703880310059 44
1646496578874 0.9861111044883728 45
1646496579303 0.9583333134651184 46
1646496579951 0.9629629850387573 47
1646496580430 0.9907407164573669 48
1646496580851 0.9907407164573669 49
1646496581438 0.9814814925193787 50
1646496581793 0.9907407164573669 51
1646496582166 1.0 52
1646496582513 1.0 53
1646496582893 1.0 54
1646496583268 1.0 55
1646496583686 1.0 56
1646496584250 1.0 57
1646496584730 1.0 58
1646496585189 1.0 59
1646496585552 1.0 60
1646496585902 1.0 61
1646496586260 1.0 62
1646496586627 1.0 63
1646496586988 1.0 64
1646496587368 1.0 65
1646496587773 1.0 66
1646496588437 1.0 67
1646496589123 1.0 68
1646496589707 1.0 69
1646496590132 1.0 70
1646496590591 1.0 71
1646496591234 1.0 72
1646496592039 1.0 73
1646496593009 1.0 74
1646496593756 1.0 75
1646496594293 1.0 76
1646496594789 1.0 77
1646496595215 1.0 78
1646496595587 1.0 79
1646496596279 1.0 80
1646496596829 1.0 81
1646496597299 1.0 82
1646496597676 1.0 83
1646496598055 1.0 84
1646496598421 1.0 85
1646496598859 1.0 86
1646496599217 1.0 87
1646496599566 1.0 88
1646496599960 1.0 89
1646496600672 1.0 90
1646496601208 1.0 91
1646496601768 1.0 92
1646496602214 1.0 93
1646496602598 1.0 94
1646496602957 1.0 95
1646496603315 1.0 96
1646496603656 1.0 97
1646496603984 1.0 98
1646496604943 1.0 99
1646496605461 1.0 100
1646496605834 1.0 101
1646496607600 1.0 102
1646496610005 1.0 103
1646496611983 1.0 104
1646496612706 1.0 105
1646496613579 1.0 106
