1646496560647 1.0145615339279175 0
1646496561115 0.5854753851890564 1
1646496561562 0.5355112552642822 2
1646496561939 0.47550490498542786 3
1646496562336 0.39042040705680847 4
1646496562811 0.3264600336551666 5
1646496563427 0.2986219823360443 6
1646496563886 0.23810243606567383 7
1646496564318 0.1733793318271637 8
1646496564672 0.1844029426574707 9
1646496565012 0.16579988598823547 10
1646496565336 0.16337423026561737 11
1646496565693 0.1946391463279724 12
1646496566034 0.16452914476394653 13
1646496566314 0.1208098903298378 14
1646496566619 0.08278325945138931 15
1646496566922 0.06388825923204422 16
1646496567415 0.03847658261656761 17
1646496567940 0.04939538612961769 18
1646496568460 0.04427507892251015 19
1646496568826 0.027601560577750206 20
1646496569159 0.05192098766565323 21
1646496569493 0.039330873638391495 22
1646496569814 0.020515337586402893 23
1646496570142 0.02638936974108219 24
1646496570465 0.022540928795933723 25
1646496570822 0.01879868656396866 26
1646496571136 0.015003032982349396 27
1646496571682 0.010562621057033539 28
1646496572156 0.006407605949789286 29
1646496572562 0.004494553431868553 30
1646496572932 0.004701005294919014 31
1646496573292 0.005540322512388229 32
1646496573623 0.0028252035845071077 33
1646496573958 0.002229213248938322 34
1646496574257 0.0020211420487612486 35
1646496574669 0.0015344693092629313 36
1646496575028 0.00703553156927228 37
1646496575522 0.010421281680464745 38
1646496576099 0.004839835222810507 39
1646496576619 0.006813038140535355 40
1646496577049 0.00447740638628602 41
1646496577528 0.004502813797444105 42
1646496578021 0.0029443649109452963 43
1646496578487 0.023691363632678986 44
1646496578874 0.05707854405045509 45
1646496579303 0.1695873886346817 46
1646496579951 0.09554675966501236 47
1646496580430 0.024238379672169685 48
1646496580851 0.06295065581798553 49
1646496581438 0.057361751794815063 50
1646496581793 0.02573366090655327 51
1646496582166 0.009869296103715897 52
1646496582513 0.006386222317814827 53
1646496582893 0.0029270423110574484 54
1646496583268 0.0020798349287360907 55
1646496583686 0.002274931874126196 56
1646496584250 0.0016736633842810988 57
1646496584730 0.0016645605210214853 58
1646496585189 0.0019411550601944327 59
1646496585552 0.0016591169405728579 60
1646496585902 0.0013582452666014433 61
1646496586260 0.0005343818920664489 62
1646496586627 0.0019501788774505258 63
1646496586988 0.0014305741060525179 64
1646496587368 0.0015749591402709484 65
1646496587773 0.0004437363240867853 66
1646496588437 0.0006793391075916588 67
1646496589123 0.00044959221850149333 68
1646496589707 0.00036162309697829187 69
1646496590132 0.0005468811723403633 70
1646496590591 0.0008703661733306944 71
1646496591234 0.0015718202339485288 72
1646496592039 0.0012760653626173735 73
1646496593009 0.0003167556133121252 74
1646496593756 0.0009631444117985666 75
1646496594293 0.00015380309196189046 76
1646496594789 0.0010163537226617336 77
1646496595215 0.0003238971112295985 78
1646496595587 0.0004891443531960249 79
1646496596279 0.00034432634129188955 80
1646496596829 0.00011861889652209356 81
1646496597299 0.0007231502677313983 82
1646496597676 0.0006557576707564294 83
1646496598055 0.0002435699716443196 84
1646496598421 0.00015968873049132526 85
1646496598859 8.50321157486178e-05 86
1646496599217 0.00025160054792650044 87
1646496599566 0.0005344779347069561 88
1646496599960 0.000590597977861762 89
1646496600672 0.00031559576746076345 90
1646496601208 0.00011238212027819827 91
1646496601768 0.00019944483938161284 92
1646496602214 0.00021184714569244534 93
1646496602598 0.0010968929855152965 94
1646496602957 0.0002303590445080772 95
1646496603315 0.001977474894374609 96
1646496603656 0.00243527558632195 97
1646496603984 0.0005780943320132792 98
1646496604943 0.0018758843652904034 99
1646496605461 0.0018275814363732934 100
1646496605834 0.0005834523472003639 101
1646496607600 0.0008893345366232097 102
1646496610005 0.0012035394320264459 103
1646496611983 0.00048044591676443815 104
1646496612706 0.00021137901057954878 105
1646496613579 0.00027730423607863486 106
