1647273590322 0.460317462682724 0
1647273596356 0.6253968477249146 1
1647273602403 0.6698412895202637 2
1647273608384 0.7396825551986694 3
1647273618647 0.800000011920929 4
1647273624619 0.7777777910232544 5
1647273630671 0.682539701461792 6
1647273640927 0.7492063641548157 7
1647273647030 0.8349206447601318 8
1647273657177 0.7873015999794006 9
1647273663125 0.8444444537162781 10
1647273673462 0.8285714387893677 11
1647273679418 0.8285714387893677 12
1647273689750 0.8984127044677734 13
1647273699948 0.879365086555481 14
1647273705953 0.8761904835700989 15
1647273716271 0.8666666746139526 16
1647273722327 0.8888888955116272 17
1647273757929 0.6698412895202637 18
