1647273573940 0.002 0
1647273582099 0.002000514040060901 1
1647273582343 0.002002056138223837 2
1647273582473 0.0020046262284304436 3
1647273582613 0.0020082242005866335 4
1647273582740 0.002012849900567222 5
1647273582867 0.00201850313022265 6
1647273582997 0.002025183647387359 7
1647273583130 0.002032891165890234 8
1647273583261 0.0020416253555668173 9
1647273583392 0.0020513858422735176 10
1647273583524 0.0020621722079035565 11
1647273583659 0.002073983990404926 12
1647273583791 0.002086820683800193 13
1647273583925 0.0021006817382081197 14
1647273584053 0.002115566559867277 15
1647273584186 0.002131474511161441 16
1647273584317 0.0021484049106469255 17
1647273584444 0.002166357033081767 18
1647273584571 0.00218533010945679 19
1647273584710 0.002205323327028552 20
1647273584839 0.0022263358293541508 21
1647273584972 0.0022483667163279153 22
1647273585099 0.0022714150442199876 23
1647273585232 0.0022954798257166925 24
1647273585359 0.0023205600299629064 25
1647273585486 0.0023466545826061336 26
1647273585616 0.0023737623658426008 27
1647273585748 0.0024018822184650873 28
1647273585880 0.0024310129359127117 29
1647273586014 0.0024611532703224734 30
1647273586143 0.002492301930582773 31
1647273586272 0.002524457582388666 32
1647273586422 0.0025576188482990675 33
1647273586549 0.0025917843077956984 34
1647273586678 0.0026269524973439942 35
1647273586808 0.002663121910455764 36
1647273586944 0.002700290997753728 37
1647273587072 0.0027384581670378966 38
1647273587200 0.0027776217833537648 39
1647273588213 0.002817780169062367 40
1647273590593 0.002858931603912096 41
1647273590733 0.002901074325112468 42
1647273590863 0.0029442065274095583 43
1647273590991 0.002988326363163367 44
1647273591130 0.0030334319424269868 45
1647273591277 0.003079521333027517 46
1647273591405 0.003126592560648872 47
1647273591533 0.003174643608916311 48
1647273591671 0.003223672419482869 49
1647273591801 0.0032736768921174594 50
1647273591939 0.003324654884794928 51
1647273592067 0.003376604213787715 52
1647273592197 0.0034295226537594814 53
1647273592327 0.0034834079378603805 54
1647273592463 0.0035382577578241814 55
1647273592596 0.003594069764067162 56
1647273592730 0.0036508415657887164 57
1647273592863 0.003708570731073821 58
1647273592995 0.0037672547869971665 59
1647273593129 0.0038268912197291227 60
1647273593262 0.0038874774746433804 61
1647273593411 0.003949010956426441 62
1647273593542 0.004011489029188735 63
1647273593670 0.004074909016577581 64
1647273593797 0.004139268201891783 65
1647273593927 0.004204563828198046 66
1647273594060 0.004270793098449077 67
1647273594188 0.004337953175603343 68
1647273594315 0.004406041182746685 69
1647273594441 0.004475054203215485 70
1647273594575 0.004544989280721626 71
1647273594703 0.004615843419479175 72
1647273594830 0.004687613584332624 73
1647273594962 0.004760296700886998 74
1647273595089 0.004833889655639481 75
1647273595216 0.004908389296112835 76
1647273595342 0.004983792430990404 77
1647273595481 0.005060095830252867 78
1647273595613 0.00513729622531655 79
1647273595689 0.005215390309173472 80
1647273596625 0.005294374736532999 81
1647273596765 0.005374246123965136 82
1647273596902 0.005455001050045483 83
1647273597030 0.005536636055501788 84
1647273597166 0.0056191476433621115 85
1647273597294 0.0057025322791046384 86
1647273597423 0.005786786390809123 87
1647273597556 0.005871906369309822 88
1647273597687 0.005957888568350167 89
1647273597816 0.006044729304738913 90
1647273597956 0.00613242485850795 91
1647273598090 0.006220971473071629 92
1647273598223 0.006310365355387676 93
1647273598355 0.006400602676119707 94
1647273598484 0.006491679569801234 95
1647273598618 0.006583592135001266 96
1647273598751 0.006676336434491406 97
1647273598880 0.006769908495414548 98
1647273599011 0.006864304309455033 99
1647273599142 0.006959519833010359 100
1647273599270 0.007055550987364406 101
1647273599398 0.0071523936588621245 102
1647273599528 0.007250043699085794 103
1647273599662 0.007348496925032699 104
1647273599793 0.007447749119294314 105
1647273599928 0.007547796030236975 106
1647273600070 0.007648633372183994 107
1647273600204 0.00775025682559926 108
1647273600331 0.007852662037272258 109
1647273600459 0.007955844620504547 110
1647273600586 0.008059800155297676 111
1647273600724 0.008164524188542542 112
1647273600850 0.008270012234210096 113
1647273600995 0.008376259773543546 114
1647273601126 0.00848326225525195 115
1647273601253 0.008591015095705104 116
1647273601378 0.008699513679129953 117
1647273601505 0.008808753357808292 118
1647273601635 0.00891872945227589 119
1647273601713 0.009029437251522866 120
1647273602682 0.009140872013195557 121
1647273602826 0.009253028963799675 122
1647273602959 0.009365903298904736 123
1647273603092 0.009479490183349905 124
1647273603225 0.009593784751451097 125
1647273603354 0.009708782107209393 126
1647273603485 0.009824477324520853 127
1647273603618 0.009940865447387405 128
1647273603750 0.010057941490129237 129
1647273603885 0.01017570043759835 130
1647273604016 0.010294137245393353 131
1647273604147 0.0104132468400756 132
1647273604275 0.010533024119386461 133
1647273604409 0.010653463952465969 134
1647273604538 0.010774561180072507 135
1647273604688 0.010896310614803902 136
1647273604821 0.011018707041319575 137
1647273604954 0.011141745216563984 138
1647273605083 0.01126541986999121 139
1647273605219 0.01138972570379071 140
1647273605353 0.011514657393114289 141
1647273605483 0.011640209586304184 142
1647273605613 0.011766376905122312 143
1647273605743 0.011893153944980646 144
1647273605880 0.012020535275172745 145
1647273606011 0.012148515439106389 146
1647273606151 0.012277088954537309 147
1647273606282 0.012406250313804011 148
1647273606415 0.012535993984063763 149
1647273606544 0.01266631440752955 150
1647273606679 0.01279720600170816 151
1647273606815 0.01292866315963935 152
1647273606949 0.013060680250135993 153
1647273607078 0.013193251618025321 154
1647273607208 0.013326371584391171 155
1647273607338 0.013460034446817232 156
1647273607465 0.013594234479631345 157
1647273607595 0.013728965934150753 158
1647273607719 0.01386422303892837 159
1647273607806 0.013999999999999999 160
1647273612954 0.014136291001132534 161
1647273613128 0.01427309020407308 162
1647273613259 0.014410391748799108 163
1647273613395 0.014548189753769404 164
1647273613533 0.014686478316176053 165
1647273613662 0.01482525151219733 166
1647273613792 0.01496450339725136 167
1647273613919 0.015104228006250879 168
1647273614049 0.01524441935385866 169
1647273614179 0.01538507143474397 170
1647273614312 0.015526178223839796 171
1647273614440 0.015667733676600917 172
1647273614572 0.015809731729262887 173
1647273614710 0.015952166299101726 174
1647273614840 0.016095031284694528 175
1647273614967 0.01623832056618079 176
1647273615101 0.016382028005524622 177
1647273615242 0.016526147446777592 178
1647273615381 0.01667067271634251 179
1647273615518 0.016815597623237845 180
1647273615649 0.016960915959362943 181
1647273615783 0.017106621499763927 182
1647273615913 0.0172527080029004 183
1647273616041 0.0173991692109128 184
1647273616169 0.017545998849890394 185
1647273616310 0.017693190630140174 186
1647273616438 0.017840738246456142 187
1647273616570 0.017988635378389503 188
1647273616700 0.018136875690519354 189
1647273616834 0.018285452832724126 190
1647273616962 0.018434360440453525 191
1647273617088 0.018583592135001263 192
1647273617216 0.01873314152377821 193
1647273617360 0.0188830022005863 194
1647273617487 0.019033167745892907 195
1647273617615 0.019183631727105854 196
1647273617748 0.019334387698848987 197
1647273617873 0.01948542920323822 198
1647273618005 0.01963674977015821 199
1647273618082 0.019788342917539503 200
1647273618906 0.01994020215163621 201
1647273619049 0.020092320967304168 202
1647273619178 0.020244692848279604 203
1647273619318 0.02039731126745827 204
1647273619448 0.020550169687175046 205
1647273619579 0.020703261559483967 206
1647273619705 0.020856580326438785 207
1647273619851 0.02101011942037378 208
1647273619984 0.02116387226418519 209
1647273620121 0.02131783227161292 210
1647273620252 0.021471992847522676 211
1647273620386 0.021626347388188458 212
1647273620516 0.02178088928157549 213
1647273620646 0.021935611907623415 214
1647273620776 0.02209050863852987 215
1647273620904 0.022245572839034458 216
1647273621033 0.022400797866702925 217
1647273621163 0.022556177072211702 218
1647273621294 0.022711703799632766 219
1647273621423 0.02286737138671876 220
1647273621574 0.023023173165188354 221
1647273621704 0.023179102461011895 222
1647273621839 0.023335152594697338 223
1647273621986 0.023491316881576317 224
1647273622118 0.02364758863209054 225
1647273622246 0.02380396115207834 226
1647273622388 0.0239604277430614 227
1647273622518 0.024116981702531723 228
1647273622650 0.024273616324238734 229
1647273622779 0.024430324898476567 230
1647273622909 0.024587100712371468 231
1647273623039 0.02474393705016935 232
1647273623173 0.024900827193523503 233
1647273623303 0.025057764421782355 234
1647273623434 0.025214742012277372 235
1647273623573 0.025371753240611042 236
1647273623704 0.025528791380944927 237
1647273623837 0.025685849706287737 238
1647273623965 0.025842921488783557 239
1647273624046 0.026000000000000002 240
1647273624886 0.026157078511216444 241
1647273625023 0.026314150293712264 242
1647273625153 0.026471208619055078 243
1647273625290 0.026628246759388952 244
1647273625435 0.026785257987722626 245
1647273625571 0.026942235578217642 246
1647273625700 0.027099172806476494 247
1647273625828 0.027256062949830656 248
1647273625956 0.02741289928762854 249
1647273626083 0.027569675101523437 250
1647273626226 0.02772638367576127 251
1647273626355 0.027883018297468278 252
1647273626489 0.0280395722569386 253
1647273626617 0.02819603884792166 254
1647273626751 0.028352411367909457 255
1647273626882 0.02850868311842368 256
1647273627021 0.028664847405302663 257
1647273627148 0.028820897538988102 258
1647273627286 0.028976826834811644 259
1647273627415 0.029132628613281236 260
1647273627547 0.02928829620036723 261
1647273627680 0.029443822927788302 262
1647273627823 0.029599202133297087 263
1647273627952 0.029754427160965546 264
1647273628084 0.02990949136147013 265
1647273628215 0.030064388092376593 266
1647273628359 0.03021911071842451 267
1647273628507 0.030373652611811543 268
1647273628638 0.030528007152477325 269
1647273628768 0.03068216772838708 270
1647273628913 0.030836127735814813 271
1647273629059 0.030989880579626223 272
1647273629187 0.031143419673561216 273
1647273629316 0.031296738440516024 274
1647273629459 0.03144983031282496 275
1647273629606 0.031602688732541726 276
1647273629754 0.0317553071517204 277
1647273629883 0.03190767903269583 278
1647273630014 0.0320597978483638 279
1647273630092 0.0322116570824605 280
1647273635175 0.032363250229841795 281
1647273635322 0.03251457079676179 282
1647273635455 0.03266561230115102 283
1647273635594 0.03281636827289415 284
1647273635722 0.0329668322541071 285
1647273635864 0.033116997799413704 286
1647273635996 0.03326685847622179 287
1647273636131 0.033416407864998735 288
1647273636268 0.03356563955954647 289
1647273636398 0.03371454716727587 290
1647273636531 0.033863124309480644 291
1647273636667 0.0340113646216105 292
1647273636822 0.03415926175354386 293
1647273636963 0.03430680936985984 294
1647273637092 0.0344540011501096 295
1647273637225 0.03460083078908721 296
1647273637355 0.0347472919970996 297
1647273637484 0.03489337850023607 298
1647273637626 0.03503908404063706 299
1647273637760 0.03518440237676215 300
1647273637896 0.035329327283657494 301
1647273638029 0.03547385255322241 302
1647273638169 0.03561797199447538 303
1647273638301 0.03576167943381921 304
1647273638436 0.03590496871530548 305
1647273638572 0.03604783370089827 306
1647273638709 0.03619026827073711 307
1647273638838 0.03633226632339909 308
1647273638976 0.036473821776160216 309
1647273639105 0.03661492856525603 310
1647273639240 0.036755580646141345 311
1647273639368 0.036895771993749125 312
1647273639496 0.03703549660274864 313
1647273639624 0.03717474848780268 314
1647273639752 0.037313521683823944 315
1647273639881 0.03745181024623061 316
1647273640008 0.03758960825120089 317
1647273640137 0.03772690979592691 318
1647273640271 0.03786370899886747 319
1647273640353 0.038 320
1647273641197 0.03813577696107163 321
1647273641335 0.03827103406584925 322
1647273641471 0.03840576552036866 323
1647273641615 0.03853996555318277 324
1647273641745 0.038673628415608834 325
1647273641881 0.038806748381974676 326
1647273642012 0.03893931974986401 327
1647273642142 0.039071336840360654 328
1647273642271 0.039202793998291845 329
1647273642411 0.03933368559247045 330
1647273642538 0.039464006015936234 331
1647273642670 0.039593749686195986 332
1647273642801 0.039722911045462696 333
1647273642930 0.03985148456089361 334
1647273643065 0.03997946472482725 335
1647273643203 0.04010684605501935 336
1647273643330 0.04023362309487769 337
1647273643467 0.04035979041369582 338
1647273643617 0.040485342606885716 339
1647273643750 0.040610274296209295 340
1647273643882 0.0407345801300088 341
1647273644014 0.04085825478343602 342
1647273644146 0.04098129295868043 343
1647273644274 0.041103689385196096 344
1647273644411 0.04122543881992749 345
1647273644542 0.041346536047534035 346
1647273644676 0.04146697588061354 347
1647273644811 0.04158675315992441 348
1647273644949 0.04170586275460665 349
1647273645077 0.041824299562401655 350
1647273645226 0.041942058509870754 351
1647273645355 0.04205913455261259 352
1647273645485 0.04217552267547915 353
1647273645613 0.042291217892790604 354
1647273645766 0.042406215248548915 355
1647273645894 0.0425205098166501 356
1647273646028 0.04263409670109526 357
1647273646156 0.04274697103620032 358
1647273646283 0.04285912798680444 359
1647273646362 0.042970562748477145 360
1647273651467 0.043081270547724114 361
1647273651634 0.043191246642191705 362
1647273651777 0.04330048632087005 363
1647273651908 0.0434089849042949 364
1647273652035 0.043516737744748055 365
1647273652169 0.04362374022645645 366
1647273652303 0.04372998776578991 367
1647273652433 0.04383547581145747 368
1647273652563 0.04394019984470233 369
1647273652694 0.04404415537949546 370
1647273652826 0.044147337962727747 371
1647273652962 0.044249743174400745 372
1647273653095 0.04435136662781601 373
1647273653229 0.04445220396976303 374
1647273653364 0.04455225088070569 375
1647273653494 0.044651503074967305 376
1647273653624 0.044749956300914204 377
1647273653761 0.04484760634113787 378
1647273653901 0.0449444490126356 379
1647273654030 0.045040480166989645 380
1647273654158 0.04513569569054497 381
1647273654288 0.04523009150458546 382
1647273654419 0.0453236635655086 383
1647273654549 0.04541640786499874 384
1647273654682 0.04550832043019876 385
1647273654828 0.0455993973238803 386
1647273654967 0.04568963464461233 387
1647273655095 0.04577902852692838 388
1647273655226 0.045867575141492055 389
1647273655361 0.04595527069526109 390
1647273655494 0.04604211143164984 391
1647273655620 0.046128093630690176 392
1647273655747 0.046213213609190874 393
1647273655876 0.04629746772089536 394
1647273656008 0.04638085235663789 395
1647273656136 0.046463363944498216 396
1647273656265 0.046544998949954515 397
1647273656395 0.04662575387603487 398
1647273656526 0.046705625263467006 399
1647273656602 0.04678460969082653 400
1647273657443 0.046862703774683455 401
1647273657581 0.04693990416974714 402
1647273657713 0.047016207569009594 403
1647273657847 0.04709161070388717 404
1647273657982 0.04716611034436052 405
1647273658111 0.047239703299113006 406
1647273658246 0.04731238641566737 407
1647273658374 0.04738415658052083 408
1647273658505 0.04745501071927837 409
1647273658633 0.04752494579678452 410
1647273658761 0.04759395881725331 411
1647273658895 0.047662046824396655 412
1647273659038 0.04772920690155093 413
1647273659172 0.04779543617180196 414
1647273659303 0.04786073179810822 415
1647273659450 0.04792509098342242 416
1647273659583 0.04798851097081126 417
1647273659713 0.04805098904357356 418
1647273659845 0.048112522525356624 419
1647273659978 0.04817310878027088 420
1647273660108 0.04823274521300284 421
1647273660245 0.048291429268926184 422
1647273660375 0.04834915843421129 423
1647273660504 0.04840593023593284 424
1647273660634 0.048461742242175816 425
1647273660761 0.04851659206213962 426
1647273660897 0.048570477346240516 427
1647273661030 0.04862339578621228 428
1647273661164 0.048675345115205076 429
1647273661290 0.04872632310788254 430
1647273661419 0.048776327580517136 431
1647273661566 0.04882535639108369 432
1647273661693 0.04887340743935113 433
1647273661822 0.04892047866697248 434
1647273661957 0.04896656805757302 435
1647273662090 0.04901167363683664 436
1647273662220 0.049055793472590446 437
1647273662350 0.049098925674887536 438
1647273662481 0.04914106839608791 439
1647273662559 0.04918221983093764 440
1647273667723 0.04922237821664624 441
1647273667871 0.04926154183296211 442
1647273668004 0.04929970900224628 443
1647273668136 0.04933687808954424 444
1647273668266 0.04937304750265601 445
1647273668412 0.049408215692204306 446
1647273668542 0.04944238115170094 447
1647273668677 0.04947554241761134 448
1647273668808 0.04950769806941724 449
1647273668936 0.04953884672967753 450
1647273669068 0.04956898706408729 451
1647273669204 0.04959811778153491 452
1647273669333 0.049626237634157404 453
1647273669465 0.04965334541739387 454
1647273669600 0.0496794399700371 455
1647273669729 0.049704520174283305 456
1647273669858 0.04972858495578002 457
1647273669988 0.04975163328367209 458
1647273670117 0.049773664170645854 459
1647273670249 0.04979467667297145 460
1647273670384 0.049814669890543214 461
1647273670529 0.04983364296691823 462
1647273670663 0.04985159508935308 463
1647273670791 0.049868525488838564 464
1647273670919 0.04988443344013273 465
1647273671058 0.049899318261791885 466
1647273671197 0.04991317931619981 467
1647273671334 0.04992601600959507 468
1647273671474 0.04993782779209645 469
1647273671606 0.04994861415772649 470
1647273671739 0.04995837464443318 471
1647273671871 0.04996710883410978 472
1647273671999 0.049974816352612646 473
1647273672127 0.049981496869777355 474
1647273672263 0.04998715009943278 475
1647273672398 0.04999177579941338 476
1647273672526 0.04999537377156956 477
1647273672662 0.04999794386177617 478
1647273672797 0.049999485959939104 479
1647273672880 0.049999901650605354 480
1647273673724 0.04999960660319523 481
1647273673861 0.04999911486009105 482
1647273673999 0.04999842642516184 483
1647273674131 0.04999754130382421 484
1647273674261 0.049996459503042254 485
1647273674401 0.04999518103132757 486
1647273674530 0.04999370589873917 487
1647273674658 0.04999203411688336 488
1647273674785 0.04999016569891369 489
1647273674915 0.04998810065953084 490
1647273675048 0.049985839014982505 491
1647273675192 0.04998338078306327 492
1647273675342 0.049980725983114455 493
1647273675475 0.04997787463602398 494
1647273675609 0.04997482676422622 495
1647273675739 0.04997158239170175 496
1647273675870 0.04996814154397724 497
1647273676001 0.049964504248125235 498
1647273676142 0.049960670532763915 499
1647273676271 0.049956640428056885 500
1647273676401 0.049952413965712934 501
1647273676530 0.0499479911789858 502
1647273676661 0.0499433721026739 503
1647273676791 0.04993855677312004 504
1647273676934 0.04993354522821116 505
1647273677062 0.049928337507378004 506
1647273677195 0.04992293365159483 507
1647273677346 0.049917333703379085 508
1647273677477 0.049911537706791076 509
1647273677608 0.04990554570743358 510
1647273677737 0.049899357752451586 511
1647273677865 0.04989297389053178 512
1647273677998 0.0498863941719023 513
1647273678125 0.049879618648332257 514
1647273678262 0.04987264737313135 515
1647273678394 0.04986548040114947 516
1647273678521 0.04985811778877622 517
1647273678648 0.049850559593940504 518
1647273678779 0.049842805876110084 519
1647273678859 0.04983485669629106 520
1647273684002 0.049826712117027466 521
1647273684190 0.0498183722024007 522
1647273684334 0.04980983701802908 523
1647273684469 0.04980110663106728 524
1647273684600 0.04979218111020584 525
1647273684732 0.04978306052567061 526
1647273684863 0.049773744949222196 527
1647273684995 0.049764234454155384 528
1647273685124 0.04975452911529861 529
1647273685260 0.049744629009013296 530
1647273685388 0.049734534213193314 531
1647273685520 0.04972424480726435 532
1647273685648 0.04971376087218328 533
1647273685785 0.04970308249043751 534
1647273685922 0.04969220974604439 535
1647273686058 0.049681142724550466 536
1647273686187 0.049669881513030895 537
1647273686324 0.04965842620008869 538
1647273686459 0.049646776875854046 539
1647273686593 0.04963493363198367 540
1647273686720 0.04962289656165999 541
1647273686853 0.049610665759590486 542
1647273686980 0.04959824132200689 543
1647273687115 0.049585623346664456 544
1647273687244 0.04957281193284122 545
1647273687377 0.04955980718133716 546
1647273687508 0.04954660919447344 547
1647273687635 0.0495332180760916 548
1647273687765 0.049519633931552724 549
1647273687907 0.04950585686773663 550
1647273688038 0.04949188699304105 551
1647273688166 0.04947772441738069 552
1647273688296 0.049463369252186466 553
1647273688425 0.04944882161040457 554
1647273688578 0.049434081606495615 555
1647273688712 0.049419149356433684 556
1647273688842 0.04940402497770548 557
1647273688971 0.04938870858930935 558
1647273689100 0.04937320031175437 559
1647273689177 0.049357500267059436 560
1647273694239 0.0493416085787522 561
1647273694383 0.04932552537186822 562
1647273694517 0.04930925077294988 563
1647273694654 0.049292784910045455 564
1647273694783 0.04927612791270807 565
1647273694919 0.0492592799119947 566
1647273695048 0.04924224104046514 567
1647273695176 0.04922501143218092 568
1647273695324 0.04920759122270433 569
1647273695456 0.04918998054909726 570
1647273695584 0.04917217954992021 571
1647273695715 0.049154188365231125 572
1647273695843 0.04913600713658435 573
1647273695977 0.04911763600702949 574
1647273696107 0.04909907512111027 575
1647273696238 0.04908032462486342 576
1647273696374 0.04906138466581754 577
1647273696503 0.0490422553929919 578
1647273696641 0.0490229369568953 579
1647273696771 0.049003429509524854 580
1647273696903 0.04898373320436484 581
1647273697031 0.04896384819638546 582
1647273697160 0.048943774642041596 583
1647273697291 0.04892351269927165 584
1647273697434 0.04890306252749624 585
1647273697566 0.04888242428761697 586
1647273697707 0.04886159814201517 587
1647273697839 0.04884058425455059 588
1647273697976 0.04881938279056013 589
1647273698109 0.04879799391685658 590
1647273698240 0.048776417801727215 591
1647273698370 0.048754654614932544 592
1647273698498 0.04873270452770495 593
1647273698625 0.04871056771274736 594
1647273698755 0.048688244344231836 595
1647273698885 0.04866573459779828 596
1647273699017 0.04864303865055299 597
1647273699152 0.04862015668106731 598
1647273699279 0.04859708886937616 599
1647273699358 0.04857383539697671 600
1647273700214 0.048550396446826884 601
1647273700357 0.048526772203343935 602
1647273700485 0.04850296285240302 603
1647273700615 0.04847896858133571 604
1647273700762 0.048454789578928514 605
1647273700891 0.048430426035421414 606
1647273701020 0.04840587814250637 607
1647273701155 0.04838114609332577 608
1647273701286 0.04835623008247097 609
1647273701418 0.04833113030598072 610
1647273701546 0.04830584696133962 611
1647273701676 0.04828038024747661 612
1647273701807 0.048254730364763375 613
1647273701936 0.048228897515012734 614
1647273702093 0.048202881901477125 615
1647273702225 0.04817668372884695 616
1647273702367 0.04815030320324898 617
1647273702499 0.04812374053224475 618
1647273702630 0.04809699592482892 619
1647273702767 0.04807006959142759 620
1647273702899 0.04804296174389669 621
1647273703034 0.04801567259552031 622
1647273703171 0.047988202361009015 623
1647273703304 0.04796055125649813 624
1647273703439 0.04793271949954609 625
1647273703577 0.04790470730913269 626
1647273703711 0.04787651490565735 627
1647273703851 0.04784814251093744 628
1647273703985 0.047819590348206466 629
1647273704115 0.047790858642112376 630
1647273704261 0.04776194761871574 631
1647273704391 0.04773285750548799 632
1647273704520 0.047703588531309654 633
1647273704650 0.04767414092646852 634
1647273704790 0.04764451492265785 635
1647273704918 0.047614710752974534 636
1647273705045 0.04758472865191728 637
1647273705172 0.04755456885538474 638
1647273705309 0.04752423160067369 639
1647273705385 0.04749371712647713 640
1647273710487 0.04746302567288243 641
1647273710666 0.04743215748136943 642
1647273710804 0.047401112794808534 643
1647273710942 0.04736989185745881 644
1647273711073 0.04733849491496605 645
1647273711208 0.047306922214360884 646
1647273711337 0.04727517400405678 647
1647273711470 0.04724325053384811 648
1647273711604 0.047211152054908216 649
1647273711739 0.04717887881978736 650
1647273711872 0.047146431082410824 651
1647273712003 0.04711380909807686 652
1647273712135 0.04708101312345467 653
1647273712263 0.04704804341658244 654
1647273712394 0.04701490023686527 655
1647273712530 0.046981583845073116 656
1647273712657 0.046948094503338804 657
1647273712786 0.04691443247515589 658
1647273712948 0.046880598025376655 659
1647273713083 0.046846591420209964 660
1647273713220 0.04681241292721922 661
1647273713368 0.04677806281532022 662
1647273713496 0.046743541354779074 663
1647273713636 0.04670884881721003 664
1647273713769 0.046673985475573394 665
1647273713897 0.04663895160417335 666
1647273714031 0.046603747478655796 667
1647273714161 0.0465683733760062 668
1647273714292 0.04653282957454741 669
1647273714423 0.04649711635393743 670
1647273714551 0.04646123399516729 671
1647273714682 0.046425182780558794 672
1647273714811 0.04638896299376226 673
1647273714942 0.04635257491975437 674
1647273715070 0.04631601884483587 675
1647273715199 0.046279295056629345 676
1647273715332 0.046242403844076935 677
1647273715475 0.046205345497438065 678
1647273715607 0.04616812030828718 679
1647273715686 0.04613072856951145 680
1647273716531 0.046093170575308436 681
1647273716673 0.04605544662118379 682
1647273716807 0.04601755700394896 683
1647273716942 0.0459795020217188 684
1647273717073 0.04594128197390926 685
1647273717204 0.04590289716123505 686
1647273717332 0.045864347885707195 687
1647273717468 0.045825634450630766 688
1647273717601 0.045786757160602404 689
1647273717735 0.04574771632150797 690
1647273717866 0.04570851224052012 691
1647273718003 0.0456691452260959 692
1647273718131 0.04562961558797431 693
1647273718264 0.04558992363717389 694
1647273718392 0.04555006968599021 695
1647273718522 0.04551005404799349 696
1647273718664 0.0454698770380261 697
1647273718795 0.04542953897220007 698
1647273718927 0.04538904016789461 699
1647273719066 0.04534838094375364 700
1647273719199 0.04530756161968323 701
1647273719331 0.04526658251684914 702
1647273719461 0.04522544395767425 703
1647273719601 0.045184146265836056 704
1647273719732 0.04514268976626408 705
1647273719866 0.04510107478513738 706
1647273719994 0.0450593016498819 707
1647273720141 0.04501737068916798 708
1647273720275 0.0449752822329077 709
1647273720404 0.0449330366122523 710
1647273720531 0.04489063415958964 711
1647273720661 0.04484807520854148 712
1647273720789 0.04480536009396093 713
1647273720918 0.044762489151929784 714
1647273721045 0.044719462719755895 715
1647273721178 0.04467628113597048 716
1647273721308 0.04463294474032554 717
1647273721439 0.044589453873791075 718
1647273721566 0.0445458088785525 719
1647273721643 0.044502010098007895 720
