1647273590322 1.2843718528747559 0
1647273596356 0.9371861815452576 1
1647273602403 0.8396070003509521 2
1647273608384 0.7128700613975525 3
1647273618647 0.624384343624115 4
1647273624619 0.7407600283622742 5
1647273630671 1.452840805053711 6
1647273640927 0.7569616436958313 7
1647273647030 0.5948526859283447 8
1647273657177 0.7154873013496399 9
1647273663125 0.5984909534454346 10
1647273673462 0.6401937007904053 11
1647273679418 0.5273155570030212 12
1647273689750 0.44427499175071716 13
1647273699948 0.38011202216148376 14
1647273705953 0.41188693046569824 15
1647273716271 0.42607900500297546 16
1647273722327 0.3285163938999176 17
1647273757929 0.8396070003509521 18
