1647273573955 0.95 0
1647273582115 0.9499989290832064 1
1647273582358 0.9499957163787003 2
1647273582488 0.9499903620241033 3
1647273582627 0.9499828662487778 4
1647273582754 0.9499732293738182 5
1647273582882 0.9499614518120361 6
1647273583012 0.949947534067943 7
1647273583144 0.9499314767377286 8
1647273583275 0.9499132805092357 9
1647273583409 0.9498929461619301 10
1647273583538 0.9498704745668676 11
1647273583674 0.9498458666866564 12
1647273583812 0.9498191235754162 13
1647273583940 0.949790246378733 14
1647273584067 0.9497592363336098 15
1647273584202 0.9497260947684136 16
1647273584331 0.9496908231028188 17
1647273584458 0.9496534228477462 18
1647273584588 0.9496138956052983 19
1647273584726 0.9495722430686905 20
1647273584852 0.9495284670221789 21
1647273584986 0.9494825693409835 22
1647273585117 0.9494345519912083 23
1647273585246 0.9493844170297568 24
1647273585372 0.9493321666042439 25
1647273585503 0.9492778029529039 26
1647273585630 0.9492213284044946 27
1647273585763 0.9491627453781977 28
1647273585895 0.9491020563835152 29
1647273586030 0.9490392640201615 30
1647273586158 0.9489743709779526 31
1647273586302 0.9489073800366903 32
1647273586436 0.9488382940660436 33
1647273586563 0.9487671160254256 34
1647273586694 0.9486938489638667 35
1647273586829 0.9486184960198838 36
1647273586959 0.9485410604213463 37
1647273587085 0.9484615454853377 38
1647273587214 0.9483799546180129 39
1647273588229 0.9482962913144534 40
1647273590608 0.9482105591585164 41
1647273590748 0.9481227618226823 42
1647273590877 0.9480329030678967 43
1647273591008 0.9479409867434097 44
1647273591161 0.9478470167866104 45
1647273591291 0.9477509972228593 46
1647273591419 0.9476529321653148 47
1647273591555 0.9475528258147576 48
1647273591685 0.9474506824594107 49
1647273591817 0.9473465064747553 50
1647273591954 0.9472403023233439 51
1647273592081 0.9471320745546089 52
1647273592211 0.9470218278046677 53
1647273592347 0.9469095667961241 54
1647273592478 0.9467952963378663 55
1647273592611 0.94667902132486 56
1647273592745 0.9465607467379401 57
1647273592878 0.9464404776435962 58
1647273593012 0.9463182191937558 59
1647273593143 0.9461939766255643 60
1647273593292 0.9460677552611596 61
1647273593426 0.9459395605074449 62
1647273593556 0.9458093978558567 63
1647273593684 0.94567727288213 64
1647273593811 0.9455431912460588 65
1647273593940 0.945407158691254 66
1647273594074 0.9452691810448978 67
1647273594202 0.945129264217493 68
1647273594329 0.944987414202611 69
1647273594455 0.9448436370766343 70
1647273594589 0.9446979389984965 71
1647273594717 0.9445503262094184 72
1647273594844 0.9444008050326403 73
1647273594977 0.9442493818731521 74
1647273595103 0.9440960632174177 75
1647273595229 0.9439408556330983 76
1647273595359 0.94378376576877 77
1647273595498 0.9436248003536398 78
1647273595626 0.9434639661972571 79
1647273595702 0.9433012701892219 80
1647273596641 0.9431367192988895 81
1647273596779 0.9429703205750726 82
1647273596917 0.9428020811457385 83
1647273597044 0.9426320082177045 84
1647273597180 0.9424601090763289 85
1647273597309 0.9422863910851986 86
1647273597441 0.9421108616858143 87
1647273597571 0.9419335283972712 88
1647273597701 0.9417543988159371 89
1647273597838 0.9415734806151272 90
1647273597973 0.9413907815447751 91
1647273598110 0.9412063094311007 92
1647273598237 0.9410200721762756 93
1647273598369 0.9408320777580839 94
1647273598501 0.9406423342295808 95
1647273598634 0.9404508497187474 96
1647273598765 0.9402576324281429 97
1647273598895 0.9400626906345529 98
1647273599028 0.9398660326886353 99
1647273599156 0.9396676670145617 100
1647273599284 0.9394676021096574 101
1647273599415 0.9392658465440372 102
1647273599543 0.9390624089602378 103
1647273599676 0.9388572980728485 104
1647273599813 0.9386505226681368 105
1647273599946 0.938442091603673 106
1647273600086 0.93823201380795 107
1647273600218 0.9380202982800016 108
1647273600345 0.937806954089016 109
1647273600472 0.9375919903739488 110
1647273600601 0.9373754163431298 111
1647273600738 0.9371572412738697 112
1647273600864 0.9369374745120622 113
1647273601011 0.9367161254717842 114
1647273601140 0.9364932036348917 115
1647273601267 0.9362687185506143 116
1647273601392 0.9360426798351459 117
1647273601520 0.9358150971712327 118
1647273601651 0.9355859803077585 119
1647273601727 0.9353553390593273 120
1647273602698 0.9351231833058425 121
1647273602840 0.9348895229920839 122
1647273602974 0.9346543681272818 123
1647273603107 0.9344177287846877 124
1647273603240 0.9341796151011436 125
1647273603367 0.9339400372766471 126
1647273603501 0.9336990055739148 127
1647273603633 0.9334565303179428 128
1647273603771 0.9332126218955641 129
1647273603899 0.9329672907550034 130
1647273604031 0.9327205474054305 131
1647273604161 0.9324724024165091 132
1647273604289 0.9322228664179448 133
1647273604423 0.9319719500990292 134
1647273604558 0.9317196642081822 135
1647273604702 0.9314660195524919 136
1647273604835 0.9312110269972509 137
1647273604973 0.9309546974654916 138
1647273605104 0.9306970419375182 139
1647273605233 0.930438071450436 140
1647273605368 0.9301777970976786 141
1647273605499 0.9299162300285329 142
1647273605627 0.9296533814476619 143
1647273605761 0.9293892626146236 144
1647273605896 0.92912388484339 145
1647273606026 0.9288572595018616 146
1647273606165 0.9285893980113806 147
1647273606298 0.9283203118462416 148
1647273606429 0.9280500125332005 149
1647273606558 0.92777851165098 150
1647273606696 0.9275058208297746 151
1647273606834 0.9272319517507513 152
1647273606963 0.92695691614555 153
1647273607095 0.9266807257957805 154
1647273607222 0.9264033925325184 155
1647273607352 0.9261249282357974 156
1647273607480 0.9258453448341013 157
1647273607609 0.9255646543038526 158
1647273607733 0.9252828686688992 159
1647273607820 0.9249999999999999 160
1647273612969 0.9247160604143072 161
1647273613144 0.9244310620748477 162
1647273613273 0.9241450171900019 163
1647273613409 0.9238579380129803 164
1647273613549 0.9235698368412999 165
1647273613677 0.9232807260162555 166
1647273613806 0.922990617922393 167
1647273613933 0.9226995249869773 168
1647273614063 0.9224074596794611 169
1647273614196 0.92211443451095 170
1647273614326 0.9218204620336671 171
1647273614458 0.9215255548404148 172
1647273614587 0.9212297255640356 173
1647273614725 0.9209329868768714 174
1647273614853 0.9206353514902197 175
1647273614981 0.9203368321537899 176
1647273615121 0.920037441655157 177
1647273615263 0.9197371928192133 178
1647273615395 0.9194360985076198 179
1647273615532 0.9191341716182544 180
1647273615666 0.9188314250846605 181
1647273615796 0.9185278718754918 182
1647273615927 0.9182235249939574 183
1647273616054 0.917918397477265 184
1647273616188 0.9176125023960616 185
1647273616323 0.9173058528538747 186
1647273616456 0.9169984619865497 187
1647273616583 0.9166903429616885 188
1647273616721 0.9163815089780847 189
1647273616848 0.9160719732651581 190
1647273616976 0.9157617490823885 191
1647273617102 0.9154508497187474 192
1647273617231 0.9151392884921287 193
1647273617373 0.9148270787487786 194
1647273617503 0.9145142338627231 195
1647273617634 0.9142007672351962 196
1647273617761 0.9138866922940646 197
1647273617892 0.9135720224932536 198
1647273618019 0.9132567713121704 199
1647273618095 0.912940952255126 200
1647273618922 0.9126245788507579 201
1647273619062 0.9123076646514496 202
1647273619200 0.9119902232327508 203
1647273619332 0.9116722681927952 204
1647273619462 0.9113538131517186 205
1647273619592 0.911034871751075 206
1647273619720 0.9107154576532525 207
1647273619865 0.910395584540888 208
1647273620003 0.9100752661162809 209
1647273620134 0.9097545161008064 210
1647273620268 0.9094333482343278 211
1647273620400 0.9091117762746074 212
1647273620530 0.9087898139967177 213
1647273620660 0.9084674751924512 214
1647273620790 0.9081447736697295 215
1647273620919 0.9078217232520115 216
1647273621049 0.9074983377777022 217
1647273621178 0.907174631099559 218
1647273621308 0.9068506170840984 219
1647273621438 0.9065263096110026 220
1647273621590 0.9062017225725243 221
1647273621719 0.9058768698728918 222
1647273621866 0.9055517654277139 223
1647273622000 0.9052264231633826 224
1647273622132 0.904900857016478 225
1647273622267 0.9045750809331701 226
1647273622403 0.9042491088686221 227
1647273622532 0.9039229547863922 228
1647273622664 0.903596632657836 229
1647273622793 0.9032701564615071 230
1647273622923 0.9029435401825594 231
1647273623053 0.9026167978121472 232
1647273623189 0.902289943346826 233
1647273623318 0.9019629907879534 234
1647273623453 0.9016359541410888 235
1647273623587 0.9013088474153936 236
1647273623723 0.9009816846230314 237
1647273623851 0.9006544797785672 238
1647273623983 0.9003272468983675 239
1647273624059 0.8999999999999999 240
1647273624901 0.8996727531016324 241
1647273625039 0.8993455202214328 242
1647273625167 0.8990183153769685 243
1647273625318 0.8986911525846063 244
1647273625450 0.8983640458589112 245
1647273625585 0.8980370092120465 246
1647273625714 0.8977100566531739 247
1647273625843 0.8973832021878527 248
1647273625970 0.8970564598174405 249
1647273626110 0.8967298435384928 250
1647273626241 0.896403367342164 251
1647273626370 0.8960770452136078 252
1647273626504 0.8957508911313778 253
1647273626632 0.8954249190668299 254
1647273626765 0.8950991429835219 255
1647273626903 0.8947735768366173 256
1647273627035 0.8944482345722861 257
1647273627162 0.8941231301271081 258
1647273627302 0.8937982774274758 259
1647273627429 0.8934736903889974 260
1647273627563 0.8931493829159016 261
1647273627699 0.8928253689004411 262
1647273627838 0.8925016622222977 263
1647273627970 0.8921782767479884 264
1647273628099 0.8918552263302706 265
1647273628233 0.8915325248075487 266
1647273628385 0.8912101860032823 267
1647273628523 0.8908882237253926 268
1647273628652 0.8905666517656722 269
1647273628789 0.8902454838991936 270
1647273628935 0.8899247338837191 271
1647273629073 0.8896044154591121 272
1647273629203 0.8892845423467475 273
1647273629339 0.8889651282489249 274
1647273629480 0.8886461868482813 275
1647273629630 0.8883277318072047 276
1647273629769 0.8880097767672491 277
1647273629897 0.8876923353485503 278
1647273630028 0.8873754211492421 279
1647273630115 0.8870590477448739 280
1647273635192 0.8867432286878296 281
1647273635335 0.8864279775067463 282
1647273635474 0.8861133077059353 283
1647273635608 0.8857992327648039 284
1647273635745 0.8854857661372768 285
1647273635879 0.8851729212512214 286
1647273636010 0.8848607115078713 287
1647273636145 0.8845491502812526 288
1647273636282 0.8842382509176115 289
1647273636413 0.8839280267348419 290
1647273636551 0.8836184910219153 291
1647273636700 0.8833096570383114 292
1647273636837 0.8830015380134503 293
1647273636977 0.8826941471461253 294
1647273637106 0.8823874976039383 295
1647273637240 0.8820816025227349 296
1647273637369 0.8817764750060425 297
1647273637500 0.8814721281245081 298
1647273637641 0.8811685749153394 299
1647273637775 0.8808658283817454 300
1647273637911 0.8805639014923802 301
1647273638044 0.8802628071807866 302
1647273638183 0.8799625583448429 303
1647273638315 0.87966316784621 304
1647273638452 0.8793646485097802 305
1647273638587 0.8790670131231286 306
1647273638723 0.8787702744359643 307
1647273638852 0.8784744451595852 308
1647273638990 0.8781795379663329 309
1647273639121 0.87788556548905 310
1647273639254 0.8775925403205389 311
1647273639384 0.8773004750130227 312
1647273639511 0.877009382077607 313
1647273639638 0.8767192739837444 314
1647273639767 0.8764301631587 315
1647273639895 0.8761420619870195 316
1647273640024 0.8758549828099981 317
1647273640152 0.8755689379251522 318
1647273640289 0.8752839395856927 319
1647273640367 0.875 320
1647273641212 0.8747171313311007 321
1647273641350 0.8744353456961473 322
1647273641491 0.8741546551658986 323
1647273641629 0.8738750717642025 324
1647273641761 0.8735966074674816 325
1647273641895 0.8733192742042194 326
1647273642026 0.87304308385445 327
1647273642156 0.8727680482492486 328
1647273642285 0.8724941791702253 329
1647273642424 0.8722214883490199 330
1647273642552 0.8719499874667995 331
1647273642684 0.8716796881537583 332
1647273642816 0.8714106019886194 333
1647273642943 0.8711427404981383 334
1647273643080 0.8708761151566099 335
1647273643217 0.8706107373853763 336
1647273643349 0.8703466185523381 337
1647273643481 0.870083769971467 338
1647273643635 0.8698222029023214 339
1647273643764 0.8695619285495639 340
1647273643897 0.8693029580624816 341
1647273644032 0.8690453025345083 342
1647273644160 0.868788973002749 343
1647273644288 0.8685339804475081 344
1647273644425 0.8682803357918177 345
1647273644556 0.8680280499009707 346
1647273644691 0.8677771335820551 347
1647273644830 0.8675275975834909 348
1647273644963 0.8672794525945695 349
1647273645104 0.8670327092449965 350
1647273645241 0.866787378104436 351
1647273645371 0.8665434696820571 352
1647273645500 0.8663009944260851 353
1647273645632 0.8660599627233528 354
1647273645781 0.8658203848988564 355
1647273645909 0.8655822712153123 356
1647273646043 0.8653456318727182 357
1647273646169 0.865110477007916 358
1647273646297 0.8648768166941574 359
1647273646377 0.8646446609406726 360
1647273651483 0.8644140196922414 361
1647273651651 0.8641849028287673 362
1647273651792 0.863957320164854 363
1647273651921 0.8637312814493856 364
1647273652054 0.8635067963651082 365
1647273652182 0.8632838745282158 366
1647273652317 0.8630625254879377 367
1647273652447 0.8628427587261303 368
1647273652579 0.8626245836568701 369
1647273652709 0.8624080096260511 370
1647273652840 0.8621930459109839 371
1647273652976 0.8619797017199984 372
1647273653110 0.86176798619205 373
1647273653245 0.861557908396327 374
1647273653381 0.8613494773318632 375
1647273653508 0.8611427019271515 376
1647273653638 0.8609375910397621 377
1647273653778 0.8607341534559627 378
1647273653916 0.8605323978903425 379
1647273654044 0.8603323329854382 380
1647273654172 0.8601339673113646 381
1647273654302 0.859937309365447 382
1647273654433 0.8597423675718571 383
1647273654563 0.8595491502812526 384
1647273654712 0.8593576657704192 385
1647273654848 0.8591679222419161 386
1647273654982 0.8589799278237243 387
1647273655110 0.8587936905688992 388
1647273655242 0.8586092184552249 389
1647273655375 0.8584265193848727 390
1647273655507 0.8582456011840628 391
1647273655633 0.8580664716027288 392
1647273655763 0.8578891383141857 393
1647273655893 0.8577136089148013 394
1647273656022 0.857539890923671 395
1647273656151 0.8573679917822954 396
1647273656280 0.8571979188542614 397
1647273656409 0.8570296794249274 398
1647273656540 0.8568632807011104 399
1647273656616 0.856698729810778 400
1647273657459 0.8565360338027428 401
1647273657595 0.8563751996463601 402
1647273657729 0.85621623423123 403
1647273657863 0.8560591443669017 404
1647273657996 0.8559039367825823 405
1647273658132 0.8557506181268479 406
1647273658260 0.8555991949673596 407
1647273658388 0.8554496737905816 408
1647273658519 0.8553020610015034 409
1647273658646 0.8551563629233656 410
1647273658776 0.8550125857973889 411
1647273658915 0.8548707357825069 412
1647273659052 0.8547308189551022 413
1647273659186 0.8545928413087459 414
1647273659335 0.8544568087539411 415
1647273659464 0.8543227271178699 416
1647273659596 0.8541906021441432 417
1647273659727 0.8540604394925551 418
1647273659860 0.8539322447388403 419
1647273659991 0.8538060233744357 420
1647273660128 0.853681780806244 421
1647273660259 0.8535595223564038 422
1647273660389 0.8534392532620598 423
1647273660518 0.8533209786751399 424
1647273660647 0.8532047036621337 425
1647273660775 0.8530904332038758 426
1647273660911 0.8529781721953322 427
1647273661046 0.852867925445391 428
1647273661177 0.852759697676656 429
1647273661304 0.8526534935252447 430
1647273661450 0.8525493175405893 431
1647273661579 0.8524471741852423 432
1647273661707 0.8523470678346852 433
1647273661843 0.8522490027771407 434
1647273661974 0.8521529832133895 435
1647273662105 0.8520590132565903 436
1647273662235 0.8519670969321033 437
1647273662365 0.8518772381773176 438
1647273662497 0.8517894408414836 439
1647273662573 0.8517037086855466 440
1647273667740 0.851620045381987 441
1647273667885 0.8515384545146623 442
1647273668019 0.8514589395786536 443
1647273668151 0.8513815039801161 444
1647273668296 0.8513061510361333 445
1647273668425 0.8512328839745743 446
1647273668557 0.8511617059339563 447
1647273668692 0.8510926199633096 448
1647273668822 0.8510256290220474 449
1647273668949 0.8509607359798385 450
1647273669089 0.8508979436164847 451
1647273669219 0.8508372546218023 452
1647273669347 0.8507786715955054 453
1647273669482 0.8507221970470961 454
1647273669614 0.850667833395756 455
1647273669744 0.8506155829702431 456
1647273669872 0.8505654480087916 457
1647273670003 0.8505174306590164 458
1647273670131 0.8504715329778211 459
1647273670268 0.8504277569313095 460
1647273670412 0.8503861043947016 461
1647273670543 0.8503465771522537 462
1647273670677 0.8503091768971811 463
1647273670805 0.8502739052315863 464
1647273670935 0.8502407636663901 465
1647273671080 0.8502097536212669 466
1647273671212 0.8501808764245837 467
1647273671348 0.8501541333133436 468
1647273671489 0.8501295254331324 469
1647273671621 0.8501070538380698 470
1647273671754 0.8500867194907642 471
1647273671886 0.8500685232622713 472
1647273672013 0.850052465932057 473
1647273672148 0.8500385481879639 474
1647273672284 0.8500267706261817 475
1647273672412 0.8500171337512221 476
1647273672541 0.8500096379758967 477
1647273672678 0.8500042836212996 478
1647273672816 0.8500010709167936 479
1647273672894 0.850000196699576 480
1647273673739 0.8500007867967567 481
1647273673876 0.850001770286899 482
1647273674015 0.850003147162265 483
1647273674144 0.8500049174120212 484
1647273674275 0.8500070810222395 485
1647273674415 0.8500096379758968 486
1647273674544 0.8500125882528746 487
1647273674672 0.8500159318299606 488
1647273674801 0.8500196686808473 489
1647273674930 0.8500237987761334 490
1647273675062 0.8500283220833234 491
1647273675219 0.8500332385668277 492
1647273675360 0.8500385481879639 493
1647273675488 0.8500442509049556 494
1647273675623 0.8500503466729342 495
1647273675754 0.8500568354439383 496
1647273675886 0.8500637171669142 497
1647273676023 0.8500709917877166 498
1647273676155 0.8500786592491092 499
1647273676286 0.8500867194907642 500
1647273676415 0.8500951724492639 501
1647273676544 0.8501040180581007 502
1647273676676 0.8501132562476772 503
1647273676807 0.8501228869453077 504
1647273676948 0.850132910075218 505
1647273677077 0.8501433255585462 506
1647273677209 0.8501541333133436 507
1647273677362 0.8501653332545749 508
1647273677492 0.850176925294119 509
1647273677622 0.8501889093407702 510
1647273677751 0.850201285300238 511
1647273677884 0.8502140530751487 512
1647273678012 0.8502272125650456 513
1647273678147 0.8502407636663901 514
1647273678280 0.8502547062725624 515
1647273678408 0.8502690402738622 516
1647273678535 0.8502837655575097 517
1647273678664 0.850298882007647 518
1647273678795 0.8503143895053379 519
1647273678874 0.8503302879285696 520
1647273684018 0.8503465771522537 521
1647273684204 0.8503632570482268 522
1647273684354 0.8503803274852517 523
1647273684483 0.8503977883290188 524
1647273684615 0.850415639442146 525
1647273684748 0.8504338806841815 526
1647273684878 0.8504525119116032 527
1647273685010 0.8504715329778211 528
1647273685139 0.8504909437331777 529
1647273685275 0.8505107440249495 530
1647273685402 0.8505309336973481 531
1647273685534 0.8505515125915216 532
1647273685662 0.8505724805455556 533
1647273685805 0.8505938373944746 534
1647273685936 0.8506155829702431 535
1647273686073 0.8506377171017675 536
1647273686202 0.8506602396148967 537
1647273686340 0.8506831503324239 538
1647273686477 0.8507064490740882 539
1647273686606 0.8507301356565753 540
1647273686734 0.8507542098935196 541
1647273686866 0.8507786715955054 542
1647273686998 0.8508035205700685 543
1647273687129 0.8508287566216975 544
1647273687259 0.8508543795518357 545
1647273687392 0.8508803891588823 546
1647273687522 0.8509067852381941 547
1647273687650 0.8509335675820872 548
1647273687789 0.8509607359798385 549
1647273687921 0.8509882902176876 550
1647273688052 0.8510162300788382 551
1647273688182 0.85104455534346 552
1647273688311 0.8510732657886902 553
1647273688463 0.8511023611886356 554
1647273688597 0.851131841314374 555
1647273688727 0.8511617059339563 556
1647273688856 0.8511919548124083 557
1647273688985 0.8512225877117321 558
1647273689114 0.8512536043909088 559
1647273689193 0.8512850046058995 560
1647273694256 0.8513167881096481 561
1647273694399 0.8513489546520822 562
1647273694537 0.8513815039801161 563
1647273694668 0.8514144358376524 564
1647273694798 0.8514477499655837 565
1647273694932 0.851481446101795 566
1647273695062 0.8515155239811656 567
1647273695205 0.8515499833355715 568
1647273695338 0.8515848238938869 569
1647273695470 0.851620045381987 570
1647273695597 0.8516556475227497 571
1647273695730 0.8516916300360579 572
1647273695858 0.8517279926388018 573
1647273695991 0.8517647350448811 574
1647273696123 0.8518018569652073 575
1647273696255 0.8518393581077056 576
1647273696388 0.8518772381773176 577
1647273696522 0.8519154968760037 578
1647273696656 0.851954133902745 579
1647273696786 0.851993148953546 580
1647273696917 0.8520325417214372 581
1647273697045 0.8520723118964767 582
1647273697174 0.8521124591657534 583
1647273697307 0.8521529832133895 584
1647273697449 0.8521938837205424 585
1647273697585 0.8522351603654075 586
1647273697723 0.852276812823221 587
1647273697856 0.8523188407662619 588
1647273697990 0.8523612438638551 589
1647273698123 0.852404021782374 590
1647273698257 0.8524471741852423 591
1647273698384 0.8524907007329379 592
1647273698511 0.8525346010829944 593
1647273698641 0.8525788748900048 594
1647273698770 0.8526235218056235 595
1647273698901 0.8526685414785693 596
1647273699038 0.8527139335546282 597
1647273699165 0.852759697676656 598
1647273699294 0.8528058334845816 599
1647273699375 0.852852340615409 600
1647273700229 0.852899218703221 601
1647273700370 0.8529464673791817 602
1647273700501 0.852994086271539 603
1647273700633 0.8530420750056286 604
1647273700775 0.8530904332038758 605
1647273700905 0.8531391604857991 606
1647273701033 0.8531882564680131 607
1647273701168 0.8532377207642315 608
1647273701301 0.85328755298527 609
1647273701432 0.8533377527390495 610
1647273701560 0.8533883196305992 611
1647273701691 0.8534392532620598 612
1647273701822 0.8534905532326862 613
1647273701952 0.8535422191388511 614
1647273702107 0.853594250574048 615
1647273702239 0.8536466471288946 616
1647273702382 0.8536994083911356 617
1647273702512 0.8537525339456462 618
1647273702645 0.8538060233744357 619
1647273702783 0.8538598762566498 620
1647273702916 0.8539140921685753 621
1647273703048 0.8539686706836421 622
1647273703189 0.8540236113724274 623
1647273703319 0.8540789138026589 624
1647273703453 0.854134577539218 625
1647273703592 0.8541906021441432 626
1647273703729 0.8542469871766339 627
1647273703867 0.8543037321930539 628
1647273703999 0.8543608367469341 629
1647273704129 0.8544183003889768 630
1647273704276 0.8544761226670592 631
1647273704406 0.8545343031262365 632
1647273704535 0.8545928413087459 633
1647273704668 0.85465173675401 634
1647273704804 0.8547109889986403 635
1647273704931 0.8547705975764412 636
1647273705059 0.8548305620184135 637
1647273705194 0.8548908818527579 638
1647273705323 0.854951556604879 639
1647273705398 0.8550125857973889 640
1647273710508 0.8550739689501109 641
1647273710681 0.8551357055800834 642
1647273710826 0.8551977952015637 643
1647273710956 0.8552602373260316 644
1647273711089 0.8553230314621937 645
1647273711223 0.8553861771159866 646
1647273711351 0.8554496737905816 647
1647273711484 0.8555135209863877 648
1647273711622 0.8555777182010563 649
1647273711756 0.855642264929485 650
1647273711886 0.855707160663821 651
1647273712019 0.8557724048934658 652
1647273712149 0.855837997105079 653
1647273712277 0.8559039367825823 654
1647273712408 0.8559702234071631 655
1647273712545 0.8560368564572796 656
1647273712672 0.856103835408664 657
1647273712818 0.8561711597343271 658
1647273712964 0.8562388289045623 659
1647273713100 0.8563068423869495 660
1647273713251 0.8563751996463601 661
1647273713381 0.8564439001449601 662
1647273713512 0.8565129433422152 663
1647273713650 0.8565823286948947 664
1647273713783 0.8566520556570758 665
1647273713911 0.856722123680148 666
1647273714046 0.8567925322128173 667
1647273714174 0.8568632807011104 668
1647273714305 0.8569343685883796 669
1647273714437 0.8570057953153064 670
1647273714566 0.8570775603199067 671
1647273714698 0.8571496630375346 672
1647273714824 0.8572221029008871 673
1647273714956 0.8572948793400086 674
1647273715084 0.8573679917822954 675
1647273715213 0.8574414396524999 676
1647273715359 0.8575152223727356 677
1647273715490 0.8575893393624813 678
1647273715620 0.8576637900385857 679
1647273715701 0.8577385738152723 680
1647273716552 0.8578136901041435 681
1647273716689 0.8578891383141857 682
1647273716822 0.8579649178517734 683
1647273716956 0.8580410281206748 684
1647273717087 0.8581174685220555 685
1647273717218 0.8581942384544837 686
1647273717352 0.8582713373139348 687
1647273717482 0.8583487644937964 688
1647273717616 0.8584265193848727 689
1647273717749 0.8585046013753895 690
1647273717881 0.8585830098509991 691
1647273718018 0.8586617441947849 692
1647273718146 0.8587408037872665 693
1647273718278 0.8588201880064043 694
1647273718406 0.8588998962276044 695
1647273718542 0.8589799278237243 696
1647273718678 0.8590602821650765 697
1647273718809 0.8591409586194343 698
1647273718941 0.8592219565520369 699
1647273719082 0.859303275325594 700
1647273719213 0.8593849143002907 701
1647273719345 0.8594668728337931 702
1647273719483 0.8595491502812526 703
1647273719614 0.8596317459953119 704
1647273719746 0.8597146593261091 705
1647273719880 0.8597978896212837 706
1647273720011 0.8598814362259811 707
1647273720157 0.859965298482858 708
1647273720289 0.8600494757320876 709
1647273720417 0.8601339673113646 710
1647273720546 0.860218772555911 711
1647273720675 0.8603038907984802 712
1647273720804 0.8603893213693636 713
1647273720931 0.8604750635963948 714
1647273721060 0.8605611168049554 715
1647273721192 0.8606474803179803 716
1647273721324 0.8607341534559627 717
1647273721452 0.8608211355369599 718
1647273721581 0.8609084258765984 719
1647273721657 0.8609960237880794 720
