1647274525748 0.5079365372657776 0
1647274540353 0.6634920835494995 1
1647274546482 0.6952381134033203 2
1647274552460 0.7492063641548157 3
1647274562785 0.800000011920929 4
1647274568794 0.7492063641548157 5
1647274574799 0.7174603343009949 6
1647274585128 0.8158730268478394 7
1647274591184 0.8095238208770752 8
1647274597251 0.7936508059501648 9
1647274607530 0.8222222328186035 10
1647274617752 0.8507936596870422 11
1647274628039 0.8317460417747498 12
1647274638225 0.879365086555481 13
1647274648498 0.8285714387893677 14
1647274658734 0.8507936596870422 15
1647274669276 0.8730158805847168 16
1647274679336 0.9079365134239197 17
1647274689676 0.9111111164093018 18
1647274695801 0.9079365134239197 19
1647274701999 0.9269841313362122 20
1647274712497 0.9142857193946838 21
1647274718790 0.9174603223800659 22
1647274729116 0.9111111164093018 23
1647274739167 0.920634925365448 24
1647274745354 0.9555555582046509 25
1647274751645 0.9428571462631226 26
1647274757890 0.9301587343215942 27
1647274764020 0.9492063522338867 28
1647274770116 0.9682539701461792 29
1647274776413 0.9333333373069763 30
1647274786532 0.9523809552192688 31
1647274792659 0.9523809552192688 32
1647274798761 0.9523809552192688 33
1647274804948 0.9650793671607971 34
1647274811101 0.9365079402923584 35
1647274821357 0.9492063522338867 36
1647274827460 0.9714285731315613 37
1647274833556 0.9650793671607971 38
1647274839789 0.9746031761169434 39
