1647274509287 0.002 0
1647274517413 0.002000514040060901 1
1647274517659 0.002002056138223837 2
1647274517789 0.0020046262284304436 3
1647274517930 0.0020082242005866335 4
1647274518061 0.002012849900567222 5
1647274518189 0.00201850313022265 6
1647274518320 0.002025183647387359 7
1647274518448 0.002032891165890234 8
1647274518598 0.0020416253555668173 9
1647274518734 0.0020513858422735176 10
1647274518871 0.0020621722079035565 11
1647274518999 0.002073983990404926 12
1647274519143 0.002086820683800193 13
1647274519279 0.0021006817382081197 14
1647274519406 0.002115566559867277 15
1647274519539 0.002131474511161441 16
1647274519670 0.0021484049106469255 17
1647274519809 0.002166357033081767 18
1647274519945 0.00218533010945679 19
1647274520078 0.002205323327028552 20
1647274520213 0.0022263358293541508 21
1647274520361 0.0022483667163279153 22
1647274520494 0.0022714150442199876 23
1647274520624 0.0022954798257166925 24
1647274520769 0.0023205600299629064 25
1647274520899 0.0023466545826061336 26
1647274521031 0.0023737623658426008 27
1647274521162 0.0024018822184650873 28
1647274521293 0.0024310129359127117 29
1647274521425 0.0024611532703224734 30
1647274521563 0.002492301930582773 31
1647274521696 0.002524457582388666 32
1647274521823 0.0025576188482990675 33
1647274521950 0.0025917843077956984 34
1647274522085 0.0026269524973439942 35
1647274522222 0.002663121910455764 36
1647274522350 0.002700290997753728 37
1647274522478 0.0027384581670378966 38
1647274522619 0.0027776217833537648 39
1647274523635 0.002817780169062367 40
1647274534513 0.002858931603912096 41
1647274534673 0.002901074325112468 42
1647274534806 0.0029442065274095583 43
1647274534946 0.002988326363163367 44
1647274535078 0.0030334319424269868 45
1647274535205 0.003079521333027517 46
1647274535333 0.003126592560648872 47
1647274535460 0.003174643608916311 48
1647274535594 0.003223672419482869 49
1647274535722 0.0032736768921174594 50
1647274535856 0.003324654884794928 51
1647274535985 0.003376604213787715 52
1647274536115 0.0034295226537594814 53
1647274536246 0.0034834079378603805 54
1647274536397 0.0035382577578241814 55
1647274536530 0.003594069764067162 56
1647274536670 0.0036508415657887164 57
1647274536803 0.003708570731073821 58
1647274536936 0.0037672547869971665 59
1647274537076 0.0038268912197291227 60
1647274537204 0.0038874774746433804 61
1647274537332 0.003949010956426441 62
1647274537467 0.004011489029188735 63
1647274537609 0.004074909016577581 64
1647274537743 0.004139268201891783 65
1647274537876 0.004204563828198046 66
1647274538009 0.004270793098449077 67
1647274538138 0.004337953175603343 68
1647274538274 0.004406041182746685 69
1647274538404 0.004475054203215485 70
1647274538552 0.004544989280721626 71
1647274538679 0.004615843419479175 72
1647274538806 0.004687613584332624 73
1647274538934 0.004760296700886998 74
1647274539064 0.004833889655639481 75
1647274539193 0.004908389296112835 76
1647274539321 0.004983792430990404 77
1647274539454 0.005060095830252867 78
1647274539584 0.00513729622531655 79
1647274539662 0.005215390309173472 80
1647274540629 0.005294374736532999 81
1647274540767 0.005374246123965136 82
1647274540900 0.005455001050045483 83
1647274541031 0.005536636055501788 84
1647274541179 0.0056191476433621115 85
1647274541307 0.0057025322791046384 86
1647274541435 0.005786786390809123 87
1647274541566 0.005871906369309822 88
1647274541700 0.005957888568350167 89
1647274541833 0.006044729304738913 90
1647274541966 0.00613242485850795 91
1647274542096 0.006220971473071629 92
1647274542240 0.006310365355387676 93
1647274542372 0.006400602676119707 94
1647274542511 0.006491679569801234 95
1647274542642 0.006583592135001266 96
1647274542772 0.006676336434491406 97
1647274542902 0.006769908495414548 98
1647274543044 0.006864304309455033 99
1647274543176 0.006959519833010359 100
1647274543320 0.007055550987364406 101
1647274543448 0.0071523936588621245 102
1647274543586 0.007250043699085794 103
1647274543712 0.007348496925032699 104
1647274543855 0.007447749119294314 105
1647274543983 0.007547796030236975 106
1647274544120 0.007648633372183994 107
1647274544252 0.00775025682559926 108
1647274544381 0.007852662037272258 109
1647274544509 0.007955844620504547 110
1647274544647 0.008059800155297676 111
1647274544773 0.008164524188542542 112
1647274544901 0.008270012234210096 113
1647274545032 0.008376259773543546 114
1647274545159 0.00848326225525195 115
1647274545285 0.008591015095705104 116
1647274545437 0.008699513679129953 117
1647274545569 0.008808753357808292 118
1647274545699 0.00891872945227589 119
1647274545777 0.009029437251522866 120
1647274546755 0.009140872013195557 121
1647274546890 0.009253028963799675 122
1647274547021 0.009365903298904736 123
1647274547159 0.009479490183349905 124
1647274547291 0.009593784751451097 125
1647274547421 0.009708782107209393 126
1647274547549 0.009824477324520853 127
1647274547688 0.009940865447387405 128
1647274547817 0.010057941490129237 129
1647274547949 0.01017570043759835 130
1647274548093 0.010294137245393353 131
1647274548228 0.0104132468400756 132
1647274548355 0.010533024119386461 133
1647274548494 0.010653463952465969 134
1647274548630 0.010774561180072507 135
1647274548767 0.010896310614803902 136
1647274548895 0.011018707041319575 137
1647274549029 0.011141745216563984 138
1647274549157 0.01126541986999121 139
1647274549298 0.01138972570379071 140
1647274549429 0.011514657393114289 141
1647274549559 0.011640209586304184 142
1647274549692 0.011766376905122312 143
1647274549825 0.011893153944980646 144
1647274549953 0.012020535275172745 145
1647274550094 0.012148515439106389 146
1647274550230 0.012277088954537309 147
1647274550361 0.012406250313804011 148
1647274550494 0.012535993984063763 149
1647274550623 0.01266631440752955 150
1647274550751 0.01279720600170816 151
1647274550885 0.01292866315963935 152
1647274551015 0.013060680250135993 153
1647274551143 0.013193251618025321 154
1647274551272 0.013326371584391171 155
1647274551411 0.013460034446817232 156
1647274551539 0.013594234479631345 157
1647274551674 0.013728965934150753 158
1647274551807 0.01386422303892837 159
1647274551888 0.013999999999999999 160
1647274557035 0.014136291001132534 161
1647274557202 0.01427309020407308 162
1647274557338 0.014410391748799108 163
1647274557470 0.014548189753769404 164
1647274557605 0.014686478316176053 165
1647274557743 0.01482525151219733 166
1647274557876 0.01496450339725136 167
1647274558009 0.015104228006250879 168
1647274558137 0.01524441935385866 169
1647274558266 0.01538507143474397 170
1647274558393 0.015526178223839796 171
1647274558531 0.015667733676600917 172
1647274558660 0.015809731729262887 173
1647274558795 0.015952166299101726 174
1647274558927 0.016095031284694528 175
1647274559066 0.01623832056618079 176
1647274559197 0.016382028005524622 177
1647274559351 0.016526147446777592 178
1647274559484 0.01667067271634251 179
1647274559619 0.016815597623237845 180
1647274559751 0.016960915959362943 181
1647274559884 0.017106621499763927 182
1647274560015 0.0172527080029004 183
1647274560144 0.0173991692109128 184
1647274560275 0.017545998849890394 185
1647274560404 0.017693190630140174 186
1647274560533 0.017840738246456142 187
1647274560667 0.017988635378389503 188
1647274560798 0.018136875690519354 189
1647274560928 0.018285452832724126 190
1647274561070 0.018434360440453525 191
1647274561198 0.018583592135001263 192
1647274561326 0.01873314152377821 193
1647274561462 0.0188830022005863 194
1647274561589 0.019033167745892907 195
1647274561719 0.019183631727105854 196
1647274561851 0.019334387698848987 197
1647274561991 0.01948542920323822 198
1647274562119 0.01963674977015821 199
1647274562208 0.019788342917539503 200
1647274563048 0.01994020215163621 201
1647274563192 0.020092320967304168 202
1647274563319 0.020244692848279604 203
1647274563451 0.02039731126745827 204
1647274563581 0.020550169687175046 205
1647274563721 0.020703261559483967 206
1647274563850 0.020856580326438785 207
1647274563995 0.02101011942037378 208
1647274564125 0.02116387226418519 209
1647274564260 0.02131783227161292 210
1647274564391 0.021471992847522676 211
1647274564520 0.021626347388188458 212
1647274564649 0.02178088928157549 213
1647274564782 0.021935611907623415 214
1647274564915 0.02209050863852987 215
1647274565046 0.022245572839034458 216
1647274565176 0.022400797866702925 217
1647274565317 0.022556177072211702 218
1647274565446 0.022711703799632766 219
1647274565580 0.02286737138671876 220
1647274565712 0.023023173165188354 221
1647274565840 0.023179102461011895 222
1647274565998 0.023335152594697338 223
1647274566146 0.023491316881576317 224
1647274566275 0.02364758863209054 225
1647274566411 0.02380396115207834 226
1647274566543 0.0239604277430614 227
1647274566673 0.024116981702531723 228
1647274566817 0.024273616324238734 229
1647274566954 0.024430324898476567 230
1647274567082 0.024587100712371468 231
1647274567211 0.02474393705016935 232
1647274567344 0.024900827193523503 233
1647274567476 0.025057764421782355 234
1647274567609 0.025214742012277372 235
1647274567741 0.025371753240611042 236
1647274567868 0.025528791380944927 237
1647274568007 0.025685849706287737 238
1647274568135 0.025842921488783557 239
1647274568225 0.026000000000000002 240
1647274569070 0.026157078511216444 241
1647274569213 0.026314150293712264 242
1647274569343 0.026471208619055078 243
1647274569471 0.026628246759388952 244
1647274569614 0.026785257987722626 245
1647274569744 0.026942235578217642 246
1647274569878 0.027099172806476494 247
1647274570021 0.027256062949830656 248
1647274570150 0.02741289928762854 249
1647274570280 0.027569675101523437 250
1647274570420 0.02772638367576127 251
1647274570549 0.027883018297468278 252
1647274570676 0.0280395722569386 253
1647274570828 0.02819603884792166 254
1647274570959 0.028352411367909457 255
1647274571094 0.02850868311842368 256
1647274571236 0.028664847405302663 257
1647274571369 0.028820897538988102 258
1647274571501 0.028976826834811644 259
1647274571636 0.029132628613281236 260
1647274571764 0.02928829620036723 261
1647274571897 0.029443822927788302 262
1647274572038 0.029599202133297087 263
1647274572172 0.029754427160965546 264
1647274572301 0.02990949136147013 265
1647274572430 0.030064388092376593 266
1647274572567 0.03021911071842451 267
1647274572695 0.030373652611811543 268
1647274572829 0.030528007152477325 269
1647274572975 0.03068216772838708 270
1647274573111 0.030836127735814813 271
1647274573241 0.030989880579626223 272
1647274573372 0.031143419673561216 273
1647274573500 0.031296738440516024 274
1647274573628 0.03144983031282496 275
1647274573756 0.031602688732541726 276
1647274573887 0.0317553071517204 277
1647274574016 0.03190767903269583 278
1647274574151 0.0320597978483638 279
1647274574228 0.0322116570824605 280
1647274579339 0.032363250229841795 281
1647274579483 0.03251457079676179 282
1647274579621 0.03266561230115102 283
1647274579757 0.03281636827289415 284
1647274579889 0.0329668322541071 285
1647274580018 0.033116997799413704 286
1647274580155 0.03326685847622179 287
1647274580287 0.033416407864998735 288
1647274580419 0.03356563955954647 289
1647274580547 0.03371454716727587 290
1647274580676 0.033863124309480644 291
1647274580804 0.0340113646216105 292
1647274580938 0.03415926175354386 293
1647274581071 0.03430680936985984 294
1647274581214 0.0344540011501096 295
1647274581346 0.03460083078908721 296
1647274581486 0.0347472919970996 297
1647274581620 0.03489337850023607 298
1647274581753 0.03503908404063706 299
1647274581899 0.03518440237676215 300
1647274582029 0.035329327283657494 301
1647274582159 0.03547385255322241 302
1647274582293 0.03561797199447538 303
1647274582427 0.03576167943381921 304
1647274582568 0.03590496871530548 305
1647274582702 0.03604783370089827 306
1647274582835 0.03619026827073711 307
1647274582965 0.03633226632339909 308
1647274583105 0.036473821776160216 309
1647274583250 0.03661492856525603 310
1647274583383 0.036755580646141345 311
1647274583510 0.036895771993749125 312
1647274583642 0.03703549660274864 313
1647274583772 0.03717474848780268 314
1647274583911 0.037313521683823944 315
1647274584044 0.03745181024623061 316
1647274584200 0.03758960825120089 317
1647274584330 0.03772690979592691 318
1647274584462 0.03786370899886747 319
1647274584540 0.038 320
1647274585401 0.03813577696107163 321
1647274585546 0.03827103406584925 322
1647274585674 0.03840576552036866 323
1647274585813 0.03853996555318277 324
1647274585945 0.038673628415608834 325
1647274586077 0.038806748381974676 326
1647274586206 0.03893931974986401 327
1647274586349 0.039071336840360654 328
1647274586478 0.039202793998291845 329
1647274586621 0.03933368559247045 330
1647274586772 0.039464006015936234 331
1647274586902 0.039593749686195986 332
1647274587041 0.039722911045462696 333
1647274587176 0.03985148456089361 334
1647274587317 0.03997946472482725 335
1647274587449 0.04010684605501935 336
1647274587584 0.04023362309487769 337
1647274587715 0.04035979041369582 338
1647274587857 0.040485342606885716 339
1647274587985 0.040610274296209295 340
1647274588119 0.0407345801300088 341
1647274588248 0.04085825478343602 342
1647274588382 0.04098129295868043 343
1647274588513 0.041103689385196096 344
1647274588646 0.04122543881992749 345
1647274588776 0.041346536047534035 346
1647274588926 0.04146697588061354 347
1647274589059 0.04158675315992441 348
1647274589203 0.04170586275460665 349
1647274589350 0.041824299562401655 350
1647274589484 0.041942058509870754 351
1647274589614 0.04205913455261259 352
1647274589742 0.04217552267547915 353
1647274589874 0.042291217892790604 354
1647274590004 0.042406215248548915 355
1647274590132 0.0425205098166501 356
1647274590259 0.04263409670109526 357
1647274590399 0.04274697103620032 358
1647274590527 0.04285912798680444 359
1647274590611 0.042970562748477145 360
1647274591478 0.043081270547724114 361
1647274591625 0.043191246642191705 362
1647274591762 0.04330048632087005 363
1647274591892 0.0434089849042949 364
1647274592024 0.043516737744748055 365
1647274592168 0.04362374022645645 366
1647274592299 0.04372998776578991 367
1647274592441 0.04383547581145747 368
1647274592572 0.04394019984470233 369
1647274592704 0.04404415537949546 370
1647274592840 0.044147337962727747 371
1647274592977 0.044249743174400745 372
1647274593116 0.04435136662781601 373
1647274593248 0.04445220396976303 374
1647274593384 0.04455225088070569 375
1647274593521 0.044651503074967305 376
1647274593660 0.044749956300914204 377
1647274593802 0.04484760634113787 378
1647274593931 0.0449444490126356 379
1647274594071 0.045040480166989645 380
1647274594207 0.04513569569054497 381
1647274594336 0.04523009150458546 382
1647274594473 0.0453236635655086 383
1647274594606 0.04541640786499874 384
1647274594739 0.04550832043019876 385
1647274594867 0.0455993973238803 386
1647274595000 0.04568963464461233 387
1647274595134 0.04577902852692838 388
1647274595263 0.045867575141492055 389
1647274595392 0.04595527069526109 390
1647274595526 0.04604211143164984 391
1647274595662 0.046128093630690176 392
1647274595807 0.046213213609190874 393
1647274595938 0.04629746772089536 394
1647274596067 0.04638085235663789 395
1647274596203 0.046463363944498216 396
1647274596336 0.046544998949954515 397
1647274596462 0.04662575387603487 398
1647274596595 0.046705625263467006 399
1647274596675 0.04678460969082653 400
1647274601738 0.046862703774683455 401
1647274601904 0.04693990416974714 402
1647274602041 0.047016207569009594 403
1647274602174 0.04709161070388717 404
1647274602307 0.04716611034436052 405
1647274602437 0.047239703299113006 406
1647274602591 0.04731238641566737 407
1647274602727 0.04738415658052083 408
1647274602859 0.04745501071927837 409
1647274602990 0.04752494579678452 410
1647274603132 0.04759395881725331 411
1647274603262 0.047662046824396655 412
1647274603393 0.04772920690155093 413
1647274603522 0.04779543617180196 414
1647274603660 0.04786073179810822 415
1647274603788 0.04792509098342242 416
1647274603922 0.04798851097081126 417
1647274604059 0.04805098904357356 418
1647274604190 0.048112522525356624 419
1647274604327 0.04817310878027088 420
1647274604465 0.04823274521300284 421
1647274604598 0.048291429268926184 422
1647274604754 0.04834915843421129 423
1647274604882 0.04840593023593284 424
1647274605017 0.048461742242175816 425
1647274605147 0.04851659206213962 426
1647274605278 0.048570477346240516 427
1647274605409 0.04862339578621228 428
1647274605541 0.048675345115205076 429
1647274605678 0.04872632310788254 430
1647274605810 0.048776327580517136 431
1647274605945 0.04882535639108369 432
1647274606077 0.04887340743935113 433
1647274606206 0.04892047866697248 434
1647274606339 0.04896656805757302 435
1647274606472 0.04901167363683664 436
1647274606608 0.049055793472590446 437
1647274606738 0.049098925674887536 438
1647274606882 0.04914106839608791 439
1647274606963 0.04918221983093764 440
1647274611962 0.04922237821664624 441
1647274612121 0.04926154183296211 442
1647274612252 0.04929970900224628 443
1647274612388 0.04933687808954424 444
1647274612516 0.04937304750265601 445
1647274612646 0.049408215692204306 446
1647274612782 0.04944238115170094 447
1647274612912 0.04947554241761134 448
1647274613045 0.04950769806941724 449
1647274613185 0.04953884672967753 450
1647274613315 0.04956898706408729 451
1647274613451 0.04959811778153491 452
1647274613605 0.049626237634157404 453
1647274613751 0.04965334541739387 454
1647274613888 0.0496794399700371 455
1647274614019 0.049704520174283305 456
1647274614152 0.04972858495578002 457
1647274614294 0.04975163328367209 458
1647274614430 0.049773664170645854 459
1647274614562 0.04979467667297145 460
1647274614692 0.049814669890543214 461
1647274614840 0.04983364296691823 462
1647274614977 0.04985159508935308 463
1647274615115 0.049868525488838564 464
1647274615247 0.04988443344013273 465
1647274615381 0.049899318261791885 466
1647274615515 0.04991317931619981 467
1647274615643 0.04992601600959507 468
1647274615787 0.04993782779209645 469
1647274615921 0.04994861415772649 470
1647274616049 0.04995837464443318 471
1647274616176 0.04996710883410978 472
1647274616304 0.049974816352612646 473
1647274616432 0.049981496869777355 474
1647274616560 0.04998715009943278 475
1647274616688 0.04999177579941338 476
1647274616837 0.04999537377156956 477
1647274616966 0.04999794386177617 478
1647274617093 0.049999485959939104 479
1647274617181 0.049999901650605354 480
1647274622196 0.04999960660319523 481
1647274622347 0.04999911486009105 482
1647274622495 0.04999842642516184 483
1647274622637 0.04999754130382421 484
1647274622766 0.049996459503042254 485
1647274622906 0.04999518103132757 486
1647274623040 0.04999370589873917 487
1647274623174 0.04999203411688336 488
1647274623303 0.04999016569891369 489
1647274623443 0.04998810065953084 490
1647274623575 0.049985839014982505 491
1647274623707 0.04998338078306327 492
1647274623843 0.049980725983114455 493
1647274623977 0.04997787463602398 494
1647274624108 0.04997482676422622 495
1647274624245 0.04997158239170175 496
1647274624375 0.04996814154397724 497
1647274624507 0.049964504248125235 498
1647274624653 0.049960670532763915 499
1647274624785 0.049956640428056885 500
1647274624919 0.049952413965712934 501
1647274625060 0.0499479911789858 502
1647274625194 0.0499433721026739 503
1647274625324 0.04993855677312004 504
1647274625453 0.04993354522821116 505
1647274625584 0.049928337507378004 506
1647274625715 0.04992293365159483 507
1647274625846 0.049917333703379085 508
1647274625975 0.049911537706791076 509
1647274626105 0.04990554570743358 510
1647274626234 0.049899357752451586 511
1647274626370 0.04989297389053178 512
1647274626498 0.0498863941719023 513
1647274626627 0.049879618648332257 514
1647274626757 0.04987264737313135 515
1647274626889 0.04986548040114947 516
1647274627017 0.04985811778877622 517
1647274627146 0.049850559593940504 518
1647274627274 0.049842805876110084 519
1647274627350 0.04983485669629106 520
1647274632433 0.049826712117027466 521
1647274632604 0.0498183722024007 522
1647274632736 0.04980983701802908 523
1647274632866 0.04980110663106728 524
1647274633006 0.04979218111020584 525
1647274633139 0.04978306052567061 526
1647274633267 0.049773744949222196 527
1647274633395 0.049764234454155384 528
1647274633537 0.04975452911529861 529
1647274633667 0.049744629009013296 530
1647274633797 0.049734534213193314 531
1647274633925 0.04972424480726435 532
1647274634061 0.04971376087218328 533
1647274634192 0.04970308249043751 534
1647274634325 0.04969220974604439 535
1647274634453 0.049681142724550466 536
1647274634592 0.049669881513030895 537
1647274634726 0.04965842620008869 538
1647274634861 0.049646776875854046 539
1647274635001 0.04963493363198367 540
1647274635133 0.04962289656165999 541
1647274635268 0.049610665759590486 542
1647274635407 0.04959824132200689 543
1647274635544 0.049585623346664456 544
1647274635676 0.04957281193284122 545
1647274635821 0.04955980718133716 546
1647274635955 0.04954660919447344 547
1647274636087 0.0495332180760916 548
1647274636220 0.049519633931552724 549
1647274636354 0.04950585686773663 550
1647274636482 0.04949188699304105 551
1647274636613 0.04947772441738069 552
1647274636746 0.049463369252186466 553
1647274636877 0.04944882161040457 554
1647274637017 0.049434081606495615 555
1647274637158 0.049419149356433684 556
1647274637292 0.04940402497770548 557
1647274637423 0.04938870858930935 558
1647274637554 0.04937320031175437 559
1647274637648 0.049357500267059436 560
1647274642663 0.0493416085787522 561
1647274642810 0.04932552537186822 562
1647274642948 0.04930925077294988 563
1647274643081 0.049292784910045455 564
1647274643210 0.04927612791270807 565
1647274643346 0.0492592799119947 566
1647274643480 0.04924224104046514 567
1647274643617 0.04922501143218092 568
1647274643756 0.04920759122270433 569
1647274643893 0.04918998054909726 570
1647274644030 0.04917217954992021 571
1647274644161 0.049154188365231125 572
1647274644320 0.04913600713658435 573
1647274644456 0.04911763600702949 574
1647274644599 0.04909907512111027 575
1647274644732 0.04908032462486342 576
1647274644875 0.04906138466581754 577
1647274645004 0.0490422553929919 578
1647274645142 0.0490229369568953 579
1647274645282 0.049003429509524854 580
1647274645417 0.04898373320436484 581
1647274645547 0.04896384819638546 582
1647274645685 0.048943774642041596 583
1647274645817 0.04892351269927165 584
1647274645952 0.04890306252749624 585
1647274646089 0.04888242428761697 586
1647274646226 0.04886159814201517 587
1647274646376 0.04884058425455059 588
1647274646516 0.04881938279056013 589
1647274646647 0.04879799391685658 590
1647274646791 0.048776417801727215 591
1647274646922 0.048754654614932544 592
1647274647051 0.04873270452770495 593
1647274647179 0.04871056771274736 594
1647274647321 0.048688244344231836 595
1647274647453 0.04866573459779828 596
1647274647582 0.04864303865055299 597
1647274647713 0.04862015668106731 598
1647274647840 0.04859708886937616 599
1647274647918 0.04857383539697671 600
1647274652898 0.048550396446826884 601
1647274653054 0.048526772203343935 602
1647274653197 0.04850296285240302 603
1647274653336 0.04847896858133571 604
1647274653471 0.048454789578928514 605
1647274653616 0.048430426035421414 606
1647274653747 0.04840587814250637 607
1647274653885 0.04838114609332577 608
1647274654017 0.04835623008247097 609
1647274654147 0.04833113030598072 610
1647274654278 0.04830584696133962 611
1647274654424 0.04828038024747661 612
1647274654554 0.048254730364763375 613
1647274654689 0.048228897515012734 614
1647274654822 0.048202881901477125 615
1647274654964 0.04817668372884695 616
1647274655099 0.04815030320324898 617
1647274655230 0.04812374053224475 618
1647274655366 0.04809699592482892 619
1647274655500 0.04807006959142759 620
1647274655632 0.04804296174389669 621
1647274655764 0.04801567259552031 622
1647274655900 0.047988202361009015 623
1647274656035 0.04796055125649813 624
1647274656171 0.04793271949954609 625
1647274656300 0.04790470730913269 626
1647274656443 0.04787651490565735 627
1647274656578 0.04784814251093744 628
1647274656715 0.047819590348206466 629
1647274656844 0.047790858642112376 630
1647274656991 0.04776194761871574 631
1647274657121 0.04773285750548799 632
1647274657267 0.047703588531309654 633
1647274657397 0.04767414092646852 634
1647274657531 0.04764451492265785 635
1647274657663 0.047614710752974534 636
1647274657797 0.04758472865191728 637
1647274657932 0.04755456885538474 638
1647274658074 0.04752423160067369 639
1647274658151 0.04749371712647713 640
1647274663118 0.04746302567288243 641
1647274663300 0.04743215748136943 642
1647274663441 0.047401112794808534 643
1647274663588 0.04736989185745881 644
1647274663727 0.04733849491496605 645
1647274663871 0.047306922214360884 646
1647274664003 0.04727517400405678 647
1647274664137 0.04724325053384811 648
1647274664271 0.047211152054908216 649
1647274664401 0.04717887881978736 650
1647274664539 0.047146431082410824 651
1647274664680 0.04711380909807686 652
1647274664814 0.04708101312345467 653
1647274664945 0.04704804341658244 654
1647274665080 0.04701490023686527 655
1647274665230 0.046981583845073116 656
1647274665374 0.046948094503338804 657
1647274665507 0.04691443247515589 658
1647274665647 0.046880598025376655 659
1647274665791 0.046846591420209964 660
1647274665951 0.04681241292721922 661
1647274666087 0.04677806281532022 662
1647274666223 0.046743541354779074 663
1647274666359 0.04670884881721003 664
1647274666492 0.046673985475573394 665
1647274666630 0.04663895160417335 666
1647274666767 0.046603747478655796 667
1647274666901 0.0465683733760062 668
1647274667031 0.04653282957454741 669
1647274667195 0.04649711635393743 670
1647274667326 0.04646123399516729 671
1647274667458 0.046425182780558794 672
1647274667610 0.04638896299376226 673
1647274667756 0.04635257491975437 674
1647274667916 0.04631601884483587 675
1647274668060 0.046279295056629345 676
1647274668202 0.046242403844076935 677
1647274668335 0.046205345497438065 678
1647274668467 0.04616812030828718 679
1647274668548 0.04613072856951145 680
1647274673383 0.046093170575308436 681
1647274673536 0.04605544662118379 682
1647274673672 0.04601755700394896 683
1647274673808 0.0459795020217188 684
1647274673948 0.04594128197390926 685
1647274674080 0.04590289716123505 686
1647274674218 0.045864347885707195 687
1647274674349 0.045825634450630766 688
1647274674483 0.045786757160602404 689
1647274674619 0.04574771632150797 690
1647274674759 0.04570851224052012 691
1647274674897 0.0456691452260959 692
1647274675033 0.04562961558797431 693
1647274675170 0.04558992363717389 694
1647274675325 0.04555006968599021 695
1647274675471 0.04551005404799349 696
1647274675607 0.0454698770380261 697
1647274675744 0.04542953897220007 698
1647274675881 0.04538904016789461 699
1647274676013 0.04534838094375364 700
1647274676147 0.04530756161968323 701
1647274676290 0.04526658251684914 702
1647274676424 0.04522544395767425 703
1647274676563 0.045184146265836056 704
1647274676698 0.04514268976626408 705
1647274676845 0.04510107478513738 706
1647274676990 0.0450593016498819 707
1647274677127 0.04501737068916798 708
1647274677269 0.0449752822329077 709
1647274677419 0.0449330366122523 710
1647274677556 0.04489063415958964 711
1647274677704 0.04484807520854148 712
1647274677840 0.04480536009396093 713
1647274677982 0.044762489151929784 714
1647274678114 0.044719462719755895 715
1647274678263 0.04467628113597048 716
1647274678396 0.04463294474032554 717
1647274678530 0.044589453873791075 718
1647274678662 0.0445458088785525 719
1647274678751 0.044502010098007895 720
1647274683607 0.044458057876765315 721
1647274683769 0.0444139525606401 722
1647274683941 0.04436969449665212 723
1647274684080 0.04432528403302309 724
1647274684216 0.04428072151917376 725
1647274684351 0.04423600730572126 726
1647274684486 0.04419114174447625 727
1647274684633 0.04414612518844019 728
1647274684764 0.04410095799180261 729
1647274684916 0.04405564050993822 730
1647274685049 0.04401017309940422 731
1647274685192 0.04396455611793741 732
1647274685322 0.04391878992445143 733
1647274685452 0.04387287487903392 734
1647274685588 0.04382681134294368 735
1647274685719 0.04378059967860782 736
1647274685854 0.04373424024961894 737
1647274685994 0.04368773342073224 738
1647274686132 0.04364107955786265 739
1647274686264 0.043594279028082 740
1647274686398 0.04354733219961603 741
1647274686532 0.04350023944184162 742
1647274686667 0.043453001125283774 743
1647274686802 0.04340561762161276 744
1647274686943 0.0433580893036412 745
1647274687079 0.04331041654532108 746
1647274687216 0.04326259972174085 747
1647274687347 0.04321463920912249 748
1647274687478 0.043166535384818475 749
1647274687613 0.0431182886273089 750
1647274687745 0.04306989931619841 751
1647274687880 0.0430213678322133 752
1647274688016 0.042972694557198474 753
1647274688171 0.042923879874114404 754
1647274688300 0.04287492416703422 755
1647274688437 0.042825827821140576 756
1647274688569 0.0427765912227227 757
1647274688699 0.04272721475917331 758
1647274688829 0.04267769881898557 759
1647274688915 0.04262804379175008 760
1647274689943 0.04257825006815174 761
1647274690091 0.04252831803996673 762
1647274690224 0.04247824810005939 763
1647274690365 0.042428040642379164 764
1647274690499 0.04237769606195748 765
1647274690638 0.04232721475490465 766
1647274690784 0.04227659711840672 767
1647274690920 0.04222584355072241 768
1647274691057 0.04217495445117994 769
1647274691194 0.04212393022017386 770
1647274691327 0.04207277125916198 771
1647274691459 0.04202147797066211 772
1647274691591 0.04197005075824899 773
1647274691722 0.041918490026551056 774
1647274691855 0.04186679618124727 775
1647274692001 0.041814969629063926 776
1647274692144 0.041763010777771455 777
1647274692280 0.04171092003618122 778
1647274692416 0.041658697814142304 779
1647274692549 0.04160634452253825 780
1647274692685 0.04155386057328388 781
1647274692826 0.04150124637932201 782
1647274692962 0.04144850235462023 783
1647274693105 0.04139562891416762 784
1647274693242 0.04134262647397153 785
1647274693378 0.041289495451054245 786
1647274693513 0.04123623626344976 787
1647274693646 0.041182849330200465 788
1647274693781 0.04112933507135384 789
1647274693917 0.04107569390795916 790
1647274694048 0.041021926262064204 791
1647274694182 0.04096803255671189 792
1647274694312 0.040914013215936976 793
1647274694442 0.040859868664762725 794
1647274694571 0.04080559932919754 795
1647274694708 0.040751205636231635 796
1647274694852 0.040696688013833665 797
1647274694985 0.04064204689094736 798
1647274695131 0.04058728269748815 799
1647274695217 0.040532395864339786 800
1647274696078 0.040477386823350926 801
1647274696229 0.04042225600733177 802
1647274696364 0.04036700385005066 803
1647274696495 0.04031163078623062 804
1647274696635 0.04025613725154599 805
1647274696767 0.04020052368261895 806
1647274696902 0.04014479051701612 807
1647274697044 0.04008893819324509 808
1647274697178 0.04003296715075102 809
1647274697332 0.039976877829913104 810
1647274697474 0.03992067067204118 811
1647274697617 0.0398643461193722 812
1647274697750 0.0398079046150668 813
1647274697881 0.03975134660320578 814
1647274698013 0.0396946725287866 815
1647274698147 0.03963788283771994 816
1647274698285 0.03958097797682611 817
1647274698418 0.03952395839383161 818
1647274698565 0.03946682453736553 819
1647274698698 0.03940957685695609 820
1647274698842 0.03935221580302708 821
1647274698975 0.03929474182689428 822
1647274699113 0.03923715538076199 823
1647274699253 0.03917945691771935 824
1647274699402 0.03912164689173693 825
1647274699541 0.03906372575766301 826
1647274699674 0.0390056939712201 827
1647274699812 0.03894755198900131 828
1647274699960 0.03888930026846676 829
1647274700097 0.038830939267940005 830
1647274700237 0.03877246944660442 831
1647274700369 0.038713891264499554 832
1647274700501 0.03865520518251756 833
1647274700643 0.03859641166239953 834
1647274700779 0.03853751116673188 835
1647274700914 0.038478504158942724 836
1647274701056 0.03841939110329818 837
1647274701192 0.03836017246489878 838
1647274701332 0.03830084870967577 839
1647274701415 0.03824142030438743 840
1647274706356 0.03818188771661547 841
1647274706509 0.03812225141476128 842
1647274706650 0.03806251186804225 843
1647274706802 0.038002669546488135 844
1647274706939 0.03794272492093732 845
1647274707083 0.037882678463033066 846
1647274707221 0.03782253064521992 847
1647274707353 0.03776228194073987 848
1647274707488 0.037701932823628714 849
1647274707630 0.037641483768712285 850
1647274707770 0.03758093525160271 851
1647274707912 0.037520287748694696 852
1647274708049 0.037459541737161775 853
1647274708214 0.03739869769495254 854
1647274708358 0.037337756100786865 855
1647274708500 0.0372767174341522 856
1647274708637 0.03721558217529973 857
1647274708776 0.03715435080524063 858
1647274708908 0.03709302380574229 859
1647274709043 0.03703160165932449 860
1647274709175 0.03697008484925565 861
1647274709320 0.03690847385954899 862
1647274709467 0.03684676917495872 863
1647274709620 0.03678497128097627 864
1647274709757 0.03672308066382639 865
1647274709891 0.036661097810463436 866
1647274710027 0.036599023208567436 867
1647274710162 0.03653685734654031 868
1647274710329 0.036474600713501996 869
1647274710471 0.03641225379928664 870
1647274710613 0.0363498170944387 871
1647274710744 0.03628729109020911 872
1647274710876 0.03622467627855141 873
1647274711007 0.036161973152117874 874
1647274711152 0.036099182204255655 875
1647274711284 0.03603630392900284 876
1647274711422 0.03597333882108465 877
1647274711554 0.03591028737590948 878
1647274711685 0.035847150089565044 879
1647274711771 0.03578392745881442 880
1647274712759 0.03572061998109221 881
1647274712903 0.03565722815450057 882
1647274713037 0.03559375247780531 883
1647274713174 0.03553019345043199 884
1647274713311 0.03546655157246195 885
1647274713446 0.03540282734462842 886
1647274713582 0.03533902126831252 887
1647274713721 0.0352751338455394 888
1647274713860 0.03521116557897422 889
1647274713998 0.03514711697191819 890
1647274714149 0.035082988528304694 891
1647274714289 0.03501878075269521 892
1647274714429 0.03495449415027546 893
1647274714574 0.03489012922685132 894
1647274714714 0.034825686488844924 895
1647274714854 0.03476116644329064 896
1647274715004 0.0346965695978311 897
1647274715144 0.034631896460713164 898
1647274715287 0.034567147540784014 899
1647274715425 0.03450232334748703 900
1647274715573 0.03443742439085786 901
1647274715709 0.034372451181520415 902
1647274715851 0.03430740423068279 903
1647274715996 0.034242284050133305 904
1647274716134 0.03417709115223642 905
1647274716280 0.03411182604992876 906
1647274716417 0.03404648925671504 907
1647274716556 0.033981081286664036 908
1647274716697 0.03391560265440456 909
1647274716839 0.033850053875121376 910
1647274716987 0.03378443546455116 911
1647274717137 0.033718747938978465 912
1647274717286 0.03365299181523162 913
1647274717420 0.03358716761067869 914
1647274717555 0.03352127584322341 915
1647274717689 0.033455317031301085 916
1647274717823 0.03338929169387453 917
1647274717977 0.033323200350429974 918
1647274718112 0.03325704352097299 919
1647274718201 0.03319082172602439 920
1647274723040 0.033124535486616126 921
1647274723219 0.033058185324287226 922
1647274723358 0.032991771761079626 923
1647274723497 0.03292529531953412 924
1647274723646 0.032858756522686224 925
1647274723785 0.03279215589406206 926
1647274723929 0.03272549395767425 927
1647274724063 0.032658771238017775 928
1647274724211 0.03259198826006586 929
1647274724346 0.032525145549265846 930
1647274724483 0.032458243631535044 931
1647274724621 0.03239128303325662 932
1647274724755 0.03232426428127542 933
1647274724890 0.032257187902893836 934
1647274725037 0.03219005442586769 935
1647274725172 0.03212286437840204 936
1647274725318 0.032055618289147034 937
1647274725454 0.03198831668719376 938
1647274725604 0.031920960102070094 939
1647274725765 0.0318535490637365 940
1647274725909 0.03178608410258187 941
1647274726044 0.0317185657494194 942
1647274726182 0.03165099453548232 943
1647274726328 0.03158337099241981 944
1647274726467 0.03151569565229278 945
1647274726618 0.03144796904756962 946
1647274726760 0.03138019171112214 947
1647274726896 0.03131236417622125 948
1647274727033 0.031244486976532856 949
1647274727173 0.03117656064611361 950
1647274727312 0.031108585719406737 951
1647274727447 0.031040562731237804 952
1647274727582 0.030972492216810518 953
1647274727725 0.03090437471170255 954
1647274727862 0.030836210751861253 955
1647274728021 0.030768000873599526 956
1647274728155 0.030699745613591525 957
1647274728292 0.030631445508868486 958
1647274728442 0.030563101096814465 959
1647274728523 0.030494712915162148 960
1647274733277 0.03042628150198858 961
1647274733422 0.03035780739571096 962
1647274733562 0.030289291135082407 963
1647274733694 0.03022073325918768 964
1647274733829 0.030152134307439 965
1647274733975 0.03008349481957174 966
1647274734114 0.030014815335640245 967
1647274734260 0.029946096396013516 968
1647274734410 0.02987733854137101 969
1647274734551 0.02980854231269836 970
1647274734687 0.029739708251283126 971
1647274734819 0.02967083689871054 972
1647274734952 0.029601928796859227 973
1647274735089 0.029532984487896985 974
1647274735221 0.02946400451427644 975
1647274735365 0.029394989418730873 976
1647274735496 0.029325939744269877 977
1647274735631 0.02925685603417513 978
1647274735762 0.02918773883199608 979
1647274735903 0.02911858868154571 980
1647274736035 0.029049406126896226 981
1647274736170 0.0289801917123748 982
1647274736305 0.02891094598255927 983
1647274736460 0.028841669482273857 984
1647274736595 0.028772362756584905 985
1647274736731 0.02870302635079654 986
1647274736873 0.02863366081044644 987
1647274737010 0.028564266681301496 988
1647274737147 0.028494844509353537 989
1647274737281 0.02842539484081504 990
1647274737418 0.028355918222114807 991
1647274737550 0.028286415199893715 992
1647274737681 0.028216886321000344 993
1647274737812 0.02814733213248675 994
1647274737951 0.028077753181604107 995
1647274738083 0.02800815001579841 996
1647274738213 0.0279385231827062 997
1647274738344 0.027868873230150203 998
1647274738479 0.027799200706135088 999
1647274738560 0.02772950615884307 1000
1647274739436 0.027659790136629683 1001
1647274739589 0.027590053188019395 1002
1647274739731 0.027520295861701342 1003
1647274739870 0.02745051870652499 1004
1647274740015 0.027380722271495794 1005
1647274740157 0.027310907105770936 1006
1647274740293 0.02724107375865495 1007
1647274740425 0.027171222779595435 1008
1647274740569 0.027101354718178698 1009
1647274740702 0.027031470124125472 1010
1647274740835 0.026961569547286554 1011
1647274740994 0.0268916535376385 1012
1647274741134 0.02682172264527928 1013
1647274741264 0.026751777420423974 1014
1647274741401 0.026681818413400435 1015
1647274741536 0.026611846174644925 1016
1647274741674 0.02654186125469785 1017
1647274741815 0.02647186420419936 1018
1647274741950 0.026401855573885073 1019
1647274742089 0.026331835914581693 1020
1647274742225 0.026261805777202725 1021
1647274742360 0.0261917657127441 1022
1647274742498 0.02612171627227984 1023
1647274742629 0.02605165800695778 1024
1647274742760 0.02598159146799514 1025
1647274742908 0.025911517206674284 1026
1647274743056 0.025841435774338294 1027
1647274743193 0.0257713477223867 1028
1647274743336 0.025701253602271098 1029
1647274743473 0.02563115396549085 1030
1647274743625 0.0255610493635887 1031
1647274743755 0.02549094034814646 1032
1647274743885 0.025420827470780692 1033
1647274744017 0.025350711283138316 1034
1647274744152 0.025280592336892314 1035
1647274744286 0.025210471183737357 1036
1647274744424 0.025140348375385497 1037
1647274744555 0.02507022446356179 1038
1647274744688 0.0250001 1039
1647274744767 0.024929975536438213 1040
1647274745633 0.024859851624614508 1041
1647274745778 0.024789728816262648 1042
1647274745911 0.02471960766310769 1043
1647274746051 0.02464948871686169 1044
1647274746186 0.02457937252921931 1045
1647274746329 0.024509259651853542 1046
1647274746463 0.02443915063641131 1047
1647274746599 0.02436904603450916 1048
1647274746736 0.024298946397728907 1049
1647274746868 0.02422885227761331 1050
1647274747002 0.024158764225661718 1051
1647274747150 0.024088682793325728 1052
1647274747282 0.024018608532004868 1053
1647274747418 0.023948541993042232 1054
1647274747553 0.02387848372772017 1055
1647274747701 0.023808434287255913 1056
1647274747833 0.023738394222797273 1057
1647274747979 0.023668364085418305 1058
1647274748115 0.02359834442611493 1059
1647274748259 0.023528335795800638 1060
1647274748396 0.02345833874530215 1061
1647274748528 0.023388353825355073 1062
1647274748664 0.02331838158659957 1063
1647274748797 0.023248422579576024 1064
1647274748929 0.023178477354720728 1065
1647274749078 0.023108546462361507 1066
1647274749217 0.023038630452713454 1067
1647274749348 0.02296872987587453 1068
1647274749480 0.022898845281821307 1069
1647274749615 0.02282897722040457 1070
1647274749757 0.022759126241345056 1071
1647274749895 0.02268929289422907 1072
1647274750029 0.022619477728504214 1073
1647274750174 0.022549681293475017 1074
1647274750308 0.02247990413829866 1075
1647274750440 0.02241014681198061 1076
1647274750570 0.022340409863370318 1077
1647274750701 0.02227069384115693 1078
1647274750834 0.022200999293864914 1079
1647274750912 0.0221313267698498 1080
1647274751928 0.022061676817293808 1081
1647274752072 0.0219920499842016 1082
1647274752218 0.0219224468183959 1083
1647274752371 0.021852867867513257 1084
1647274752510 0.021783313678999657 1085
1647274752644 0.021713784800106297 1086
1647274752786 0.021644281777885202 1087
1647274752921 0.021574805159184973 1088
1647274753054 0.021505355490646475 1089
1647274753192 0.021435933318698513 1090
1647274753335 0.021366539189553568 1091
1647274753471 0.02129717364920346 1092
1647274753621 0.021227837243415097 1093
1647274753757 0.021158530517726138 1094
1647274753906 0.021089254017440728 1095
1647274754039 0.021020008287625198 1096
1647274754175 0.02095079387310377 1097
1647274754310 0.020881611318454292 1098
1647274754457 0.020812461168003924 1099
1647274754592 0.020743343965824872 1100
1647274754728 0.020674260255730124 1101
1647274754862 0.02060521058126913 1102
1647274755007 0.020536195485723566 1103
1647274755143 0.020467215512103024 1104
1647274755279 0.020398271203140774 1105
1647274755413 0.020329363101289463 1106
1647274755547 0.02026049174871688 1107
1647274755685 0.020191657687301644 1108
1647274755837 0.020122861458628998 1109
1647274755976 0.020054103603986493 1110
1647274756126 0.01998538466435976 1111
1647274756262 0.019916705180428266 1112
1647274756403 0.019848065692561007 1113
1647274756540 0.019779466740812324 1114
1647274756675 0.0197109088649176 1115
1647274756812 0.01964239260428904 1116
1647274756951 0.019573918498011423 1117
1647274757083 0.019505487084837857 1118
1647274757223 0.019437098903185537 1119
1647274757304 0.019368754491131523 1120
1647274758158 0.019300454386408483 1121
1647274758313 0.019232199126400482 1122
1647274758448 0.01916398924813876 1123
1647274758585 0.019095825288297463 1124
1647274758723 0.01902770778318949 1125
1647274758862 0.018959637268762205 1126
1647274758998 0.018891614280593258 1127
1647274759159 0.018823639353886385 1128
1647274759294 0.01875571302346714 1129
1647274759427 0.01868783582377875 1130
1647274759560 0.018620008288877863 1131
1647274759699 0.018552230952430374 1132
1647274759838 0.018484504347707226 1133
1647274759983 0.018416829007580182 1134
1647274760118 0.01834920546451768 1135
1647274760256 0.018281634250580606 1136
1647274760389 0.018214115897418132 1137
1647274760523 0.018146650936263505 1138
1647274760657 0.01807923989792991 1139
1647274760791 0.01801188331280624 1140
1647274760925 0.017944581710852975 1141
1647274761063 0.017877335621597965 1142
1647274761204 0.017810145574132314 1143
1647274761341 0.017743012097106173 1144
1647274761477 0.01767593571872459 1145
1647274761612 0.01760891696674339 1146
1647274761743 0.017541956368464957 1147
1647274761879 0.017475054450734162 1148
1647274762013 0.01740821173993414 1149
1647274762143 0.017341428761982233 1150
1647274762280 0.017274706042325755 1151
1647274762416 0.017208044105937945 1152
1647274762546 0.017141443477313778 1153
1647274762677 0.017074904680465883 1154
1647274762806 0.01700842823892038 1155
1647274762939 0.01694201467571278 1156
1647274763080 0.016875664513383883 1157
1647274763223 0.016809378273975623 1158
1647274763354 0.016743156479027025 1159
1647274763432 0.016676999649570038 1160
1647274764289 0.016610908306125487 1161
1647274764436 0.016544882968698917 1162
1647274764567 0.016478924156776587 1163
1647274764716 0.016413032389321305 1164
1647274764850 0.01634720818476838 1165
1647274764989 0.01628145206102154 1166
1647274765120 0.01621576453544884 1167
1647274765252 0.016150146124878625 1168
1647274765384 0.01608459734559544 1169
1647274765519 0.016019118713335966 1170
1647274765654 0.01595371074328497 1171
1647274765789 0.015888373950071245 1172
1647274765924 0.015823108847763587 1173
1647274766056 0.015757915949866703 1174
1647274766194 0.01569279576931721 1175
1647274766332 0.015627748818479587 1176
1647274766468 0.015562775609142147 1177
1647274766611 0.015497876652512978 1178
1647274766753 0.015433052459215994 1179
1647274766887 0.015368303539286839 1180
1647274767022 0.01530363040216891 1181
1647274767154 0.015239033556709365 1182
1647274767290 0.015174513511155079 1183
1647274767425 0.015110070773148684 1184
1647274767560 0.015045705849724545 1185
1647274767692 0.014981419247304792 1186
1647274767852 0.014917211471695318 1187
1647274767992 0.01485308302808182 1188
1647274768134 0.014789034421025794 1189
1647274768264 0.014725066154460606 1190
1647274768397 0.014661178731687487 1191
1647274768533 0.014597372655371595 1192
1647274768662 0.01453364842753806 1193
1647274768792 0.014470006549568025 1194
1647274768924 0.014406447522194695 1195
1647274769055 0.014342971845499443 1196
1647274769186 0.014279580018907792 1197
1647274769318 0.014216272541185583 1198
1647274769450 0.014153049910434961 1199
1647274769527 0.014089912624090511 1200
1647274770408 0.01402686117891535 1201
1647274770568 0.013963896070997161 1202
1647274770705 0.013901017795744356 1203
1647274770848 0.013838226847882131 1204
1647274770980 0.013775523721448591 1205
1647274771123 0.013712908909790895 1206
1647274771255 0.013650382905561307 1207
1647274771388 0.013587946200713368 1208
1647274771532 0.013525599286498002 1209
1647274771667 0.013463342653459696 1210
1647274771802 0.01340117679143257 1211
1647274771938 0.013339102189536572 1212
1647274772081 0.01327711933617361 1213
1647274772214 0.013215228719023742 1214
1647274772375 0.013153430825041282 1215
1647274772510 0.013091726140451019 1216
1647274772652 0.013030115150744355 1217
1647274772785 0.012968598340675512 1218
1647274772922 0.012907176194257717 1219
1647274773058 0.01284584919475938 1220
1647274773190 0.012784617824700285 1221
1647274773328 0.012723482565847806 1222
1647274773473 0.012662443899213137 1223
1647274773613 0.012601502305047474 1224
1647274773765 0.012540658262838233 1225
1647274773896 0.012479912251305318 1226
1647274774027 0.012419264748397302 1227
1647274774168 0.012358716231287729 1228
1647274774304 0.012298267176371296 1229
1647274774438 0.012237918059260142 1230
1647274774572 0.01217766935478009 1231
1647274774704 0.012117521536966932 1232
1647274774834 0.01205747507906269 1233
1647274774966 0.011997530453511863 1234
1647274775102 0.011937688131957754 1235
1647274775234 0.01187794858523872 1236
1647274775369 0.011818312283384525 1237
1647274775499 0.011758779695612568 1238
1647274775630 0.011699351290324242 1239
1647274775708 0.011640027535101228 1240
1647274780685 0.011580808896701824 1241
1647274780834 0.011521695841057285 1242
1647274780976 0.011462688833268127 1243
1647274781132 0.011403788337600482 1244
1647274781265 0.011344994817482442 1245
1647274781406 0.011286308735500445 1246
1647274781535 0.011227730553395586 1247
1647274781670 0.011169260732060001 1248
1647274781801 0.011110899731533255 1249
1647274781931 0.0110526480109987 1250
1647274782064 0.010994506028779908 1251
1647274782204 0.010936474242336996 1252
1647274782340 0.010878553108263078 1253
1647274782471 0.010820743082280647 1254
1647274782608 0.01076304461923802 1255
1647274782745 0.01070545817310572 1256
1647274782875 0.01064798419697293 1257
1647274783018 0.010590623143043912 1258
1647274783160 0.010533375462634477 1259
1647274783301 0.010476241606168403 1260
1647274783436 0.010419222023173894 1261
1647274783572 0.010362317162280072 1262
1647274783716 0.010305527471213405 1263
1647274783848 0.010248853396794235 1264
1647274783988 0.01019229538493321 1265
1647274784121 0.010135853880627814 1266
1647274784258 0.01007952932795883 1267
1647274784403 0.010023322170086894 1268
1647274784535 0.009967232849248983 1269
1647274784665 0.00991126180675491 1270
1647274784810 0.00985540948298389 1271
1647274784939 0.00979967631738105 1272
1647274785074 0.00974406274845401 1273
1647274785218 0.009688569213769378 1274
1647274785352 0.009633196149949343 1275
1647274785481 0.009577943992668236 1276
1647274785615 0.00952281317664908 1277
1647274785746 0.00946780413566022 1278
1647274785877 0.00941291730251185 1279
1647274785957 0.009358153109052641 1280
1647274786796 0.009303511986166333 1281
1647274786949 0.009248994363768368 1282
1647274787082 0.009194600670802466 1283
1647274787219 0.009140331335237284 1284
1647274787355 0.009086186784063031 1285
1647274787489 0.009032167443288113 1286
1647274787634 0.008978273737935796 1287
1647274787771 0.008924506092040842 1288
1647274787907 0.008870864928646171 1289
1647274788044 0.00881735066979954 1290
1647274788181 0.008763963736550246 1291
1647274788314 0.008710704548945765 1292
1647274788449 0.008657573526028488 1293
1647274788585 0.008604571085832386 1294
1647274788718 0.008551697645379781 1295
1647274788869 0.008498953620677997 1296
1647274789004 0.008446339426716128 1297
1647274789148 0.008393855477461756 1298
1647274789283 0.008341502185857698 1299
1647274789420 0.008289279963818784 1300
1647274789550 0.008237189222228554 1301
1647274789684 0.008185230370936079 1302
1647274789829 0.008133403818752737 1303
1647274789970 0.00808170997344894 1304
1647274790106 0.00803014924175101 1305
1647274790246 0.007978722029337892 1306
1647274790382 0.00792742874083803 1307
1647274790513 0.007876269779826141 1308
1647274790645 0.007825245548820062 1309
1647274790779 0.007774356449277585 1310
1647274790923 0.007723602881593283 1311
1647274791066 0.007672985245095361 1312
1647274791197 0.00762250393804252 1313
1647274791328 0.007572159357620837 1314
1647274791465 0.0075219518999406175 1315
1647274791596 0.007471881960033282 1316
1647274791727 0.0074219499318482615 1317
1647274791866 0.007372156208249922 1318
1647274791999 0.007322501181014432 1319
1647274792076 0.0072729852408267015 1320
1647274792937 0.00722360877727731 1321
1647274793089 0.007174372178859426 1322
1647274793222 0.0071252758329657835 1323
1647274793366 0.0070763201258855985 1324
1647274793499 0.007027505442801539 1325
1647274793630 0.0069788321677867 1326
1647274793763 0.006930300683801597 1327
1647274793898 0.006881911372691115 1328
1647274794032 0.006833664615181532 1329
1647274794171 0.006785560790877514 1330
1647274794316 0.006737600278259151 1331
1647274794450 0.006689783454678929 1332
1647274794597 0.006642110696358811 1333
1647274794729 0.006594582378387248 1334
1647274794863 0.006547198874716235 1335
1647274795008 0.006499960558158389 1336
1647274795141 0.006452867800383967 1337
1647274795284 0.006405920971918009 1338
1647274795417 0.006359120442137349 1339
1647274795547 0.006312466579267763 1340
1647274795689 0.0062659597503810635 1341
1647274795822 0.006219600321392185 1342
1647274795954 0.006173388657056329 1343
1647274796086 0.006127325120966086 1344
1647274796224 0.00608141007554857 1345
1647274796359 0.006035643882062597 1346
1647274796497 0.005990026900595787 1347
1647274796629 0.005944559490061785 1348
1647274796760 0.005899242008197396 1349
1647274796892 0.00585407481155981 1350
1647274797031 0.005809058255523758 1351
1647274797162 0.0057641926942787435 1352
1647274797299 0.005719478480826232 1353
1647274797430 0.005674915966976912 1354
1647274797567 0.005630505503347879 1355
1647274797699 0.005586247439359904 1356
1647274797831 0.0055421421232346915 1357
1647274797967 0.005498189901992111 1358
1647274798103 0.005454391121447502 1359
1647274798180 0.005410746126208931 1360
1647274799052 0.00536725525967447 1361
1647274799191 0.005323918864029518 1362
1647274799323 0.005280737280244115 1363
1647274799460 0.005237710848070222 1364
1647274799592 0.005194839906039079 1365
1647274799733 0.00515212479145853 1366
1647274799868 0.005109565840410365 1367
1647274800011 0.005067163387747702 1368
1647274800145 0.005024917767092315 1369
1647274800279 0.0049828293108320305 1370
1647274800424 0.0049408983501181 1371
1647274800562 0.004899125214862619 1372
1647274800698 0.004857510233735917 1373
1647274800835 0.004816053734163949 1374
1647274800986 0.004774756042325754 1375
1647274801122 0.00473361748315086 1376
1647274801263 0.004692638380316774 1377
1647274801397 0.004651819056246367 1378
1647274801542 0.004611159832105392 1379
1647274801673 0.004570661027799938 1380
1647274801811 0.0045303229619739005 1381
1647274801949 0.004490145952006513 1382
1647274802082 0.004450130314009799 1383
1647274802220 0.004410276362826121 1384
1647274802364 0.004370584412025686 1385
1647274802497 0.004331054773904104 1386
1647274802641 0.004291687759479888 1387
1647274802775 0.00425248367849204 1388
1647274802911 0.004213442839397597 1389
1647274803054 0.004174565549369235 1390
1647274803187 0.004135852114292806 1391
1647274803323 0.00409730283876496 1392
1647274803462 0.004058918026090744 1393
1647274803594 0.0040206979782812045 1394
1647274803738 0.003982642996051044 1395
1647274803875 0.003944753378816211 1396
1647274804009 0.0039070294246915695 1397
1647274804155 0.0038694714304885495 1398
1647274804289 0.0038320796917128202 1399
1647274804367 0.0037948545025619424 1400
1647274805232 0.0037577961559230786 1401
1647274805381 0.003720904943370664 1402
1647274805532 0.0036841811551641315 1403
1647274805677 0.003647625080245636 1404
1647274805811 0.003611237006237749 1405
1647274805948 0.003575017219441219 1406
1647274806081 0.003538966004832708 1407
1647274806222 0.0035030836460625703 1408
1647274806362 0.0034673704254526 1409
1647274806495 0.003431826623993802 1410
1647274806630 0.00339645252134421 1411
1647274806764 0.0033612483958266547 1412
1647274806900 0.0033262145244266086 1413
1647274807033 0.003291351182789975 1414
1647274807165 0.003256658645220932 1415
1647274807299 0.003222137184679781 1416
1647274807438 0.0031877870727807785 1417
1647274807584 0.0031536085797900354 1418
1647274807717 0.003119601974623349 1419
1647274807850 0.0030857675248441136 1420
1647274807995 0.003052105496661199 1421
1647274808132 0.003018616154926885 1422
1647274808281 0.002985299763134736 1423
1647274808413 0.0029521565834175617 1424
1647274808546 0.0029191868765453353 1425
1647274808682 0.0028863909019231464 1426
1647274808819 0.0028537689175891774 1427
1647274808951 0.0028213211802126455 1428
1647274809084 0.002789047945091794 1429
1647274809217 0.002756949466151888 1430
1647274809354 0.0027250259959432244 1431
1647274809485 0.002693277785639119 1432
1647274809619 0.0026617050850339537 1433
1647274809774 0.0026303081425411968 1434
1647274809905 0.0025990872051914688 1435
1647274810037 0.0025680425186305703 1436
1647274810169 0.0025371743271175706 1437
1647274810307 0.0025064828735228734 1438
1647274810441 0.0024759683993263145 1439
1647274810519 0.0024456311446152644 1440
1647274815521 0.002415471348082729 1441
1647274815665 0.0023854892470254662 1442
1647274815801 0.002355685077342152 1443
1647274815947 0.0023260590735314783 1444
1647274816082 0.0022966114686903487 1445
1647274816225 0.002267342494512014 1446
1647274816370 0.00223825238128427 1447
1647274816500 0.0022093413578876298 1448
1647274816634 0.0021806096517935337 1449
1647274816769 0.002152057489062564 1450
1647274816906 0.002123685094342652 1451
1647274817046 0.0020954926908673156 1452
1647274817178 0.0020674805004539045 1453
1647274817320 0.0020396487435018675 1454
1647274817457 0.002011997638990991 1455
1647274817589 0.0019845274044796943 1456
1647274817723 0.001957238256103316 1457
1647274817856 0.0019301304085724185 1458
1647274817988 0.0019032040751710828 1459
1647274818129 0.001876459467755246 1460
1647274818262 0.0018498967967510234 1461
1647274818406 0.0018235162711530552 1462
1647274818542 0.0017973180985228808 1463
1647274818677 0.0017713024849872693 1464
1647274818813 0.0017454696352366319 1465
1647274818946 0.0017198197525233867 1466
1647274819080 0.001694353038660384 1467
1647274819222 0.0016690696940192908 1468
1647274819363 0.0016439699175290368 1469
1647274819497 0.0016190539066742297 1470
1647274819630 0.001594321857493634 1471
1647274819763 0.0015697739645785854 1472
1647274819894 0.0015454104210714911 1473
1647274820024 0.0015212314186642984 1474
1647274820155 0.001497237147596981 1475
1647274820285 0.0014734277966560693 1476
1647274820434 0.0014498035531731192 1477
1647274820570 0.001426364603023291 1478
1647274820700 0.0014031111306238415 1479
1647274820779 0.0013800433189326954 1480
1647274821630 0.001357161349447005 1481
1647274821778 0.001334465402201722 1482
1647274821910 0.0013119556557681703 1483
1647274822045 0.0012896322872526537 1484
1647274822176 0.0012674954722950522 1485
1647274822310 0.001245545385067462 1486
1647274822442 0.0012237821982727913 1487
1647274822572 0.001202206083143424 1488
1647274822705 0.0011808172094398641 1489
1647274822843 0.0011596157454494165 1490
1647274822982 0.0011386018579848355 1491
1647274823120 0.001117775712383031 1492
1647274823253 0.001097137472503759 1493
1647274823397 0.0010766873007283526 1494
1647274823539 0.0010564253579584072 1495
1647274823671 0.0010363518036145473 1496
1647274823807 0.0010164667956351614 1497
1647274823940 0.0009967704904751474 1498
1647274824072 0.0009772630431047072 1499
1647274824207 0.000957944607008105 1500
1647274824341 0.0009388153341824663 1501
1647274824474 0.0009198753751365829 1502
1647274824620 0.0009011248788897387 1503
1647274824754 0.0008825639929705155 1504
1647274824895 0.0008641928634156506 1505
1647274825045 0.0008460116347688782 1506
1647274825175 0.0008280204500797953 1507
1647274825317 0.000810219450902742 1508
1647274825452 0.0007926087772956788 1509
1647274825593 0.0007751885678190833 1510
1647274825733 0.0007579589595348658 1511
1647274825866 0.0007409200880052981 1512
1647274825999 0.0007240720872919328 1513
1647274826139 0.0007074150899545499 1514
1647274826271 0.0006909492270501259 1515
1647274826402 0.0006746746281317828 1516
1647274826534 0.0006585914212477994 1517
1647274826665 0.0006426997329405706 1518
1647274826801 0.0006269996882456277 1519
1647274826880 0.0006114914106906617 1520
1647274827736 0.0005961750222945292 1521
1647274827873 0.0005810506435663225 1522
1647274828009 0.0005661183935043931 1523
1647274828150 0.0005513783895954328 1524
1647274828287 0.0005368307478135381 1525
1647274828421 0.0005224755826193141 1526
1647274828552 0.0005083130069589555 1527
1647274828688 0.000494343132263364 1528
1647274828820 0.0004805660684472796 1529
1647274828955 0.0004669819239084066 1530
1647274829086 0.0004535908055265636 1531
1647274829217 0.0004403928186628433 1532
1647274829351 0.00042738806715878467 1533
1647274829495 0.00041457665333554636 1534
1647274829645 0.0004019586779931182 1535
1647274829780 0.00038953424040951914 1536
1647274829917 0.0003773034383400089 1537
1647274830064 0.00036526636801633317 1538
1647274830197 0.0003534231241459547 1539
1647274830326 0.0003417737999113205 1540
1647274830458 0.0003303184869691099 1541
1647274830596 0.00031905727544953756 1542
1647274830729 0.00030799025395561805 1543
1647274830870 0.00029711750956249166 1544
1647274831002 0.0002864391278167274 1545
1647274831134 0.00027595519273565424 1546
1647274831266 0.0002656657868066894 1547
1647274831399 0.0002555709909867084 1548
1647274831536 0.0002456708847013926 1549
1647274831684 0.00023596554584461312 1550
1647274831818 0.0002264550507778093 1551
1647274831959 0.00021713947432939175 1552
1647274832092 0.0002080188897941622 1553
1647274832225 0.00019909336893272534 1554
1647274832357 0.00019036298197092793 1555
1647274832493 0.00018182779759930382 1556
1647274832623 0.00017348788297253819 1557
1647274832760 0.00016534330370894304 1558
1647274832893 0.00015739412388992424 1559
1647274832974 0.00014964040605949862 1560
1647274833840 0.00014208221122378317 1561
1647274833995 0.00013471959885052898 1562
1647274834148 0.00012755262686864628 1563
1647274834293 0.00012058135166774679 1564
1647274834429 0.00011380582809770503 1565
1647274834562 0.00010722610946822536 1566
1647274834698 0.00010084224754842282 1567
1647274834834 9.465429256641805e-05 1568
1647274834970 8.866229320893467e-05 1569
1647274835114 8.286629662091632e-05 1570
1647274835253 7.726634840517423e-05 1571
1647274835392 7.18624926220013e-05 1572
1647274835524 6.665477178884464e-05 1573
1647274835656 6.16432268799587e-05 1574
1647274835799 5.682789732610259e-05 1575
1647274835955 5.220882101420159e-05 1576
1647274836089 4.778603428706952e-05 1577
1647274836253 4.355957194312288e-05 1578
1647274836395 3.952946723608667e-05 1579
1647274836531 3.569575187476674e-05 1580
1647274836663 3.2058456022761196e-05 1581
1647274836815 2.861760829825773e-05 1582
1647274836951 2.53732357737894e-05 1583
1647274837084 2.2325363976018135e-05 1584
1647274837216 1.947401688555155e-05 1585
1647274837350 1.6819216936737548e-05 1586
1647274837481 1.436098501750056e-05 1587
1647274837637 1.2099340469166708e-05 1588
1647274837775 1.0034301086316673e-05 1589
1647274837919 8.165883116644158e-06 1590
1647274838052 6.494101260830984e-06 1591
1647274838185 5.018968672427745e-06 1592
1647274838323 3.7404969577511076e-06 1593
1647274838457 2.658696175800547e-06 1594
1647274838588 1.7735748381612052e-06 1595
1647274838720 1.0851399089539276e-06 1596
1647274838858 5.933968047742018e-07 1597
1647274838989 2.9834939464497535e-07 1598
1647274839130 2.0000000000000002e-07 1599
1647274839209 2.9834939464497535e-07 1600
