1647274525748 1.1506770849227905 0
1647274540353 0.8915745615959167 1
1647274546482 0.7769013047218323 2
1647274552460 0.6543577909469604 3
1647274562785 0.6966003179550171 4
1647274568794 0.9559705853462219 5
1647274574799 1.0510417222976685 6
1647274585128 0.689928412437439 7
1647274591184 0.5929972529411316 8
1647274597251 0.7911214828491211 9
1647274607530 0.4665686786174774 10
1647274617752 0.41690078377723694 11
1647274628039 0.5115976929664612 12
1647274638225 0.3531966209411621 13
1647274648498 0.4722210466861725 14
1647274658734 0.4230247437953949 15
1647274669276 0.3960142731666565 16
1647274679336 0.29923349618911743 17
1647274689676 0.2801043689250946 18
1647274695801 0.2683781385421753 19
1647274701999 0.2509739100933075 20
1647274712497 0.26300129294395447 21
1647274718790 0.23934461176395416 22
1647274729116 0.2731923758983612 23
1647274739167 0.24407854676246643 24
1647274745354 0.15449346601963043 25
1647274751645 0.17269441485404968 26
1647274757890 0.19370011985301971 27
1647274764020 0.1962798535823822 28
1647274770116 0.11434369534254074 29
1647274776413 0.1454421877861023 30
1647274786532 0.14405767619609833 31
1647274792659 0.1359471082687378 32
1647274798761 0.1411515474319458 33
1647274804948 0.1147899329662323 34
1647274811101 0.14700618386268616 35
1647274821357 0.12845008075237274 36
1647274827460 0.09742912650108337 37
1647274833556 0.10948872566223145 38
1647274839789 0.11013732105493546 39
