1647274509303 0.95 0
1647274517429 0.9499989290832064 1
1647274517675 0.9499957163787003 2
1647274517804 0.9499903620241033 3
1647274517945 0.9499828662487778 4
1647274518076 0.9499732293738182 5
1647274518206 0.9499614518120361 6
1647274518334 0.949947534067943 7
1647274518462 0.9499314767377286 8
1647274518612 0.9499132805092357 9
1647274518750 0.9498929461619301 10
1647274518885 0.9498704745668676 11
1647274519013 0.9498458666866564 12
1647274519158 0.9498191235754162 13
1647274519293 0.949790246378733 14
1647274519420 0.9497592363336098 15
1647274519554 0.9497260947684136 16
1647274519690 0.9496908231028188 17
1647274519825 0.9496534228477462 18
1647274519961 0.9496138956052983 19
1647274520094 0.9495722430686905 20
1647274520233 0.9495284670221789 21
1647274520376 0.9494825693409835 22
1647274520509 0.9494345519912083 23
1647274520638 0.9493844170297568 24
1647274520785 0.9493321666042439 25
1647274520914 0.9492778029529039 26
1647274521046 0.9492213284044946 27
1647274521179 0.9491627453781977 28
1647274521308 0.9491020563835152 29
1647274521442 0.9490392640201615 30
1647274521581 0.9489743709779526 31
1647274521709 0.9489073800366903 32
1647274521837 0.9488382940660436 33
1647274521964 0.9487671160254256 34
1647274522105 0.9486938489638667 35
1647274522238 0.9486184960198838 36
1647274522364 0.9485410604213463 37
1647274522506 0.9484615454853377 38
1647274522633 0.9483799546180129 39
1647274523652 0.9482962913144534 40
1647274534528 0.9482105591585164 41
1647274534688 0.9481227618226823 42
1647274534831 0.9480329030678967 43
1647274534961 0.9479409867434097 44
1647274535092 0.9478470167866104 45
1647274535219 0.9477509972228593 46
1647274535347 0.9476529321653148 47
1647274535474 0.9475528258147576 48
1647274535608 0.9474506824594107 49
1647274535737 0.9473465064747553 50
1647274535870 0.9472403023233439 51
1647274535999 0.9471320745546089 52
1647274536129 0.9470218278046677 53
1647274536270 0.9469095667961241 54
1647274536411 0.9467952963378663 55
1647274536544 0.94667902132486 56
1647274536686 0.9465607467379401 57
1647274536819 0.9464404776435962 58
1647274536951 0.9463182191937558 59
1647274537090 0.9461939766255643 60
1647274537218 0.9460677552611596 61
1647274537347 0.9459395605074449 62
1647274537487 0.9458093978558567 63
1647274537625 0.94567727288213 64
1647274537758 0.9455431912460588 65
1647274537891 0.945407158691254 66
1647274538023 0.9452691810448978 67
1647274538151 0.945129264217493 68
1647274538289 0.944987414202611 69
1647274538434 0.9448436370766343 70
1647274538567 0.9446979389984965 71
1647274538694 0.9445503262094184 72
1647274538821 0.9444008050326403 73
1647274538952 0.9442493818731521 74
1647274539079 0.9440960632174177 75
1647274539207 0.9439408556330983 76
1647274539336 0.94378376576877 77
1647274539469 0.9436248003536398 78
1647274539600 0.9434639661972571 79
1647274539676 0.9433012701892219 80
1647274540645 0.9431367192988895 81
1647274540780 0.9429703205750726 82
1647274540915 0.9428020811457385 83
1647274541064 0.9426320082177045 84
1647274541194 0.9424601090763289 85
1647274541321 0.9422863910851986 86
1647274541451 0.9421108616858143 87
1647274541580 0.9419335283972712 88
1647274541718 0.9417543988159371 89
1647274541848 0.9415734806151272 90
1647274541981 0.9413907815447751 91
1647274542123 0.9412063094311007 92
1647274542256 0.9410200721762756 93
1647274542386 0.9408320777580839 94
1647274542525 0.9406423342295808 95
1647274542656 0.9404508497187474 96
1647274542787 0.9402576324281429 97
1647274542929 0.9400626906345529 98
1647274543058 0.9398660326886353 99
1647274543191 0.9396676670145617 100
1647274543335 0.9394676021096574 101
1647274543463 0.9392658465440372 102
1647274543600 0.9390624089602378 103
1647274543734 0.9388572980728485 104
1647274543868 0.9386505226681368 105
1647274543998 0.938442091603673 106
1647274544135 0.93823201380795 107
1647274544267 0.9380202982800016 108
1647274544396 0.937806954089016 109
1647274544533 0.9375919903739488 110
1647274544660 0.9373754163431298 111
1647274544787 0.9371572412738697 112
1647274544916 0.9369374745120622 113
1647274545046 0.9367161254717842 114
1647274545172 0.9364932036348917 115
1647274545300 0.9362687185506143 116
1647274545451 0.9360426798351459 117
1647274545584 0.9358150971712327 118
1647274545713 0.9355859803077585 119
1647274545791 0.9353553390593273 120
1647274546770 0.9351231833058425 121
1647274546905 0.9348895229920839 122
1647274547034 0.9346543681272818 123
1647274547174 0.9344177287846877 124
1647274547306 0.9341796151011436 125
1647274547435 0.9339400372766471 126
1647274547574 0.9336990055739148 127
1647274547703 0.9334565303179428 128
1647274547832 0.9332126218955641 129
1647274547963 0.9329672907550034 130
1647274548108 0.9327205474054305 131
1647274548242 0.9324724024165091 132
1647274548378 0.9322228664179448 133
1647274548508 0.9319719500990292 134
1647274548645 0.9317196642081822 135
1647274548781 0.9314660195524919 136
1647274548912 0.9312110269972509 137
1647274549043 0.9309546974654916 138
1647274549183 0.9306970419375182 139
1647274549311 0.930438071450436 140
1647274549443 0.9301777970976786 141
1647274549576 0.9299162300285329 142
1647274549710 0.9296533814476619 143
1647274549839 0.9293892626146236 144
1647274549968 0.92912388484339 145
1647274550108 0.9288572595018616 146
1647274550246 0.9285893980113806 147
1647274550376 0.9283203118462416 148
1647274550510 0.9280500125332005 149
1647274550638 0.92777851165098 150
1647274550765 0.9275058208297746 151
1647274550900 0.9272319517507513 152
1647274551029 0.92695691614555 153
1647274551158 0.9266807257957805 154
1647274551298 0.9264033925325184 155
1647274551425 0.9261249282357974 156
1647274551556 0.9258453448341013 157
1647274551692 0.9255646543038526 158
1647274551825 0.9252828686688992 159
1647274551903 0.9249999999999999 160
1647274557071 0.9247160604143072 161
1647274557220 0.9244310620748477 162
1647274557352 0.9241450171900019 163
1647274557484 0.9238579380129803 164
1647274557619 0.9235698368412999 165
1647274557758 0.9232807260162555 166
1647274557891 0.922990617922393 167
1647274558023 0.9226995249869773 168
1647274558152 0.9224074596794611 169
1647274558279 0.92211443451095 170
1647274558407 0.9218204620336671 171
1647274558547 0.9215255548404148 172
1647274558674 0.9212297255640356 173
1647274558810 0.9209329868768714 174
1647274558950 0.9206353514902197 175
1647274559082 0.9203368321537899 176
1647274559224 0.920037441655157 177
1647274559367 0.9197371928192133 178
1647274559500 0.9194360985076198 179
1647274559634 0.9191341716182544 180
1647274559767 0.9188314250846605 181
1647274559898 0.9185278718754918 182
1647274560029 0.9182235249939574 183
1647274560158 0.917918397477265 184
1647274560289 0.9176125023960616 185
1647274560418 0.9173058528538747 186
1647274560551 0.9169984619865497 187
1647274560681 0.9166903429616885 188
1647274560813 0.9163815089780847 189
1647274560943 0.9160719732651581 190
1647274561085 0.9157617490823885 191
1647274561213 0.9154508497187474 192
1647274561343 0.9151392884921287 193
1647274561476 0.9148270787487786 194
1647274561604 0.9145142338627231 195
1647274561733 0.9142007672351962 196
1647274561877 0.9138866922940646 197
1647274562005 0.9135720224932536 198
1647274562135 0.9132567713121704 199
1647274562222 0.912940952255126 200
1647274563073 0.9126245788507579 201
1647274563206 0.9123076646514496 202
1647274563333 0.9119902232327508 203
1647274563465 0.9116722681927952 204
1647274563600 0.9113538131517186 205
1647274563734 0.911034871751075 206
1647274563864 0.9107154576532525 207
1647274564010 0.910395584540888 208
1647274564140 0.9100752661162809 209
1647274564274 0.9097545161008064 210
1647274564406 0.9094333482343278 211
1647274564534 0.9091117762746074 212
1647274564664 0.9087898139967177 213
1647274564796 0.9084674751924512 214
1647274564930 0.9081447736697295 215
1647274565060 0.9078217232520115 216
1647274565199 0.9074983377777022 217
1647274565330 0.907174631099559 218
1647274565460 0.9068506170840984 219
1647274565594 0.9065263096110026 220
1647274565725 0.9062017225725243 221
1647274565858 0.9058768698728918 222
1647274566014 0.9055517654277139 223
1647274566161 0.9052264231633826 224
1647274566294 0.904900857016478 225
1647274566425 0.9045750809331701 226
1647274566557 0.9042491088686221 227
1647274566689 0.9039229547863922 228
1647274566832 0.903596632657836 229
1647274566969 0.9032701564615071 230
1647274567097 0.9029435401825594 231
1647274567231 0.9026167978121472 232
1647274567359 0.902289943346826 233
1647274567490 0.9019629907879534 234
1647274567627 0.9016359541410888 235
1647274567755 0.9013088474153936 236
1647274567886 0.9009816846230314 237
1647274568021 0.9006544797785672 238
1647274568148 0.9003272468983675 239
1647274568239 0.8999999999999999 240
1647274569085 0.8996727531016324 241
1647274569227 0.8993455202214328 242
1647274569357 0.8990183153769685 243
1647274569485 0.8986911525846063 244
1647274569629 0.8983640458589112 245
1647274569760 0.8980370092120465 246
1647274569893 0.8977100566531739 247
1647274570036 0.8973832021878527 248
1647274570164 0.8970564598174405 249
1647274570296 0.8967298435384928 250
1647274570434 0.896403367342164 251
1647274570563 0.8960770452136078 252
1647274570690 0.8957508911313778 253
1647274570845 0.8954249190668299 254
1647274570974 0.8950991429835219 255
1647274571108 0.8947735768366173 256
1647274571250 0.8944482345722861 257
1647274571383 0.8941231301271081 258
1647274571515 0.8937982774274758 259
1647274571650 0.8934736903889974 260
1647274571781 0.8931493829159016 261
1647274571912 0.8928253689004411 262
1647274572053 0.8925016622222977 263
1647274572186 0.8921782767479884 264
1647274572316 0.8918552263302706 265
1647274572450 0.8915325248075487 266
1647274572580 0.8912101860032823 267
1647274572711 0.8908882237253926 268
1647274572844 0.8905666517656722 269
1647274572993 0.8902454838991936 270
1647274573126 0.8899247338837191 271
1647274573257 0.8896044154591121 272
1647274573386 0.8892845423467475 273
1647274573514 0.8889651282489249 274
1647274573643 0.8886461868482813 275
1647274573772 0.8883277318072047 276
1647274573901 0.8880097767672491 277
1647274574031 0.8876923353485503 278
1647274574165 0.8873754211492421 279
1647274574247 0.8870590477448739 280
1647274579354 0.8867432286878296 281
1647274579499 0.8864279775067463 282
1647274579637 0.8861133077059353 283
1647274579774 0.8857992327648039 284
1647274579903 0.8854857661372768 285
1647274580034 0.8851729212512214 286
1647274580169 0.8848607115078713 287
1647274580301 0.8845491502812526 288
1647274580433 0.8842382509176115 289
1647274580561 0.8839280267348419 290
1647274580690 0.8836184910219153 291
1647274580818 0.8833096570383114 292
1647274580953 0.8830015380134503 293
1647274581085 0.8826941471461253 294
1647274581231 0.8823874976039383 295
1647274581360 0.8820816025227349 296
1647274581503 0.8817764750060425 297
1647274581635 0.8814721281245081 298
1647274581768 0.8811685749153394 299
1647274581914 0.8808658283817454 300
1647274582044 0.8805639014923802 301
1647274582175 0.8802628071807866 302
1647274582309 0.8799625583448429 303
1647274582443 0.87966316784621 304
1647274582583 0.8793646485097802 305
1647274582717 0.8790670131231286 306
1647274582849 0.8787702744359643 307
1647274582980 0.8784744451595852 308
1647274583121 0.8781795379663329 309
1647274583265 0.87788556548905 310
1647274583397 0.8775925403205389 311
1647274583526 0.8773004750130227 312
1647274583658 0.877009382077607 313
1647274583787 0.8767192739837444 314
1647274583926 0.8764301631587 315
1647274584067 0.8761420619870195 316
1647274584216 0.8758549828099981 317
1647274584346 0.8755689379251522 318
1647274584476 0.8752839395856927 319
1647274584553 0.875 320
1647274585423 0.8747171313311007 321
1647274585560 0.8744353456961473 322
1647274585687 0.8741546551658986 323
1647274585827 0.8738750717642025 324
1647274585959 0.8735966074674816 325
1647274586092 0.8733192742042194 326
1647274586225 0.87304308385445 327
1647274586364 0.8727680482492486 328
1647274586494 0.8724941791702253 329
1647274586651 0.8722214883490199 330
1647274586787 0.8719499874667995 331
1647274586919 0.8716796881537583 332
1647274587055 0.8714106019886194 333
1647274587190 0.8711427404981383 334
1647274587334 0.8708761151566099 335
1647274587463 0.8706107373853763 336
1647274587599 0.8703466185523381 337
1647274587739 0.870083769971467 338
1647274587873 0.8698222029023214 339
1647274587999 0.8695619285495639 340
1647274588134 0.8693029580624816 341
1647274588264 0.8690453025345083 342
1647274588396 0.868788973002749 343
1647274588527 0.8685339804475081 344
1647274588660 0.8682803357918177 345
1647274588806 0.8680280499009707 346
1647274588941 0.8677771335820551 347
1647274589079 0.8675275975834909 348
1647274589218 0.8672794525945695 349
1647274589366 0.8670327092449965 350
1647274589500 0.866787378104436 351
1647274589628 0.8665434696820571 352
1647274589760 0.8663009944260851 353
1647274589889 0.8660599627233528 354
1647274590019 0.8658203848988564 355
1647274590146 0.8655822712153123 356
1647274590280 0.8653456318727182 357
1647274590413 0.865110477007916 358
1647274590541 0.8648768166941574 359
1647274590624 0.8646446609406726 360
1647274591498 0.8644140196922414 361
1647274591642 0.8641849028287673 362
1647274591776 0.863957320164854 363
1647274591908 0.8637312814493856 364
1647274592039 0.8635067963651082 365
1647274592185 0.8632838745282158 366
1647274592325 0.8630625254879377 367
1647274592458 0.8628427587261303 368
1647274592586 0.8626245836568701 369
1647274592719 0.8624080096260511 370
1647274592854 0.8621930459109839 371
1647274592998 0.8619797017199984 372
1647274593130 0.86176798619205 373
1647274593262 0.861557908396327 374
1647274593400 0.8613494773318632 375
1647274593538 0.8611427019271515 376
1647274593683 0.8609375910397621 377
1647274593817 0.8607341534559627 378
1647274593945 0.8605323978903425 379
1647274594085 0.8603323329854382 380
1647274594222 0.8601339673113646 381
1647274594352 0.859937309365447 382
1647274594489 0.8597423675718571 383
1647274594620 0.8595491502812526 384
1647274594752 0.8593576657704192 385
1647274594881 0.8591679222419161 386
1647274595016 0.8589799278237243 387
1647274595149 0.8587936905688992 388
1647274595277 0.8586092184552249 389
1647274595408 0.8584265193848727 390
1647274595544 0.8582456011840628 391
1647274595690 0.8580664716027288 392
1647274595821 0.8578891383141857 393
1647274595952 0.8577136089148013 394
1647274596080 0.857539890923671 395
1647274596218 0.8573679917822954 396
1647274596350 0.8571979188542614 397
1647274596477 0.8570296794249274 398
1647274596612 0.8568632807011104 399
1647274596689 0.856698729810778 400
1647274601755 0.8565360338027428 401
1647274601919 0.8563751996463601 402
1647274602056 0.85621623423123 403
1647274602191 0.8560591443669017 404
1647274602322 0.8559039367825823 405
1647274602473 0.8557506181268479 406
1647274602605 0.8555991949673596 407
1647274602741 0.8554496737905816 408
1647274602874 0.8553020610015034 409
1647274603007 0.8551563629233656 410
1647274603147 0.8550125857973889 411
1647274603276 0.8548707357825069 412
1647274603407 0.8547308189551022 413
1647274603537 0.8545928413087459 414
1647274603674 0.8544568087539411 415
1647274603802 0.8543227271178699 416
1647274603942 0.8541906021441432 417
1647274604073 0.8540604394925551 418
1647274604207 0.8539322447388403 419
1647274604343 0.8538060233744357 420
1647274604479 0.853681780806244 421
1647274604636 0.8535595223564038 422
1647274604768 0.8534392532620598 423
1647274604897 0.8533209786751399 424
1647274605031 0.8532047036621337 425
1647274605161 0.8530904332038758 426
1647274605292 0.8529781721953322 427
1647274605425 0.852867925445391 428
1647274605558 0.852759697676656 429
1647274605693 0.8526534935252447 430
1647274605825 0.8525493175405893 431
1647274605963 0.8524471741852423 432
1647274606092 0.8523470678346852 433
1647274606221 0.8522490027771407 434
1647274606355 0.8521529832133895 435
1647274606488 0.8520590132565903 436
1647274606623 0.8519670969321033 437
1647274606763 0.8518772381773176 438
1647274606899 0.8517894408414836 439
1647274606976 0.8517037086855466 440
1647274611978 0.851620045381987 441
1647274612136 0.8515384545146623 442
1647274612273 0.8514589395786536 443
1647274612402 0.8513815039801161 444
1647274612531 0.8513061510361333 445
1647274612662 0.8512328839745743 446
1647274612797 0.8511617059339563 447
1647274612927 0.8510926199633096 448
1647274613060 0.8510256290220474 449
1647274613199 0.8509607359798385 450
1647274613331 0.8508979436164847 451
1647274613481 0.8508372546218023 452
1647274613620 0.8507786715955054 453
1647274613766 0.8507221970470961 454
1647274613904 0.850667833395756 455
1647274614034 0.8506155829702431 456
1647274614173 0.8505654480087916 457
1647274614312 0.8505174306590164 458
1647274614444 0.8504715329778211 459
1647274614576 0.8504277569313095 460
1647274614716 0.8503861043947016 461
1647274614857 0.8503465771522537 462
1647274614992 0.8503091768971811 463
1647274615129 0.8502739052315863 464
1647274615267 0.8502407636663901 465
1647274615395 0.8502097536212669 466
1647274615529 0.8501808764245837 467
1647274615658 0.8501541333133436 468
1647274615803 0.8501295254331324 469
1647274615935 0.8501070538380698 470
1647274616062 0.8500867194907642 471
1647274616189 0.8500685232622713 472
1647274616319 0.850052465932057 473
1647274616446 0.8500385481879639 474
1647274616574 0.8500267706261817 475
1647274616720 0.8500171337512221 476
1647274616852 0.8500096379758967 477
1647274616979 0.8500042836212996 478
1647274617116 0.8500010709167936 479
1647274617195 0.850000196699576 480
1647274622211 0.8500007867967567 481
1647274622361 0.850001770286899 482
1647274622510 0.850003147162265 483
1647274622651 0.8500049174120212 484
1647274622783 0.8500070810222395 485
1647274622920 0.8500096379758968 486
1647274623056 0.8500125882528746 487
1647274623187 0.8500159318299606 488
1647274623317 0.8500196686808473 489
1647274623457 0.8500237987761334 490
1647274623592 0.8500283220833234 491
1647274623722 0.8500332385668277 492
1647274623859 0.8500385481879639 493
1647274623992 0.8500442509049556 494
1647274624122 0.8500503466729342 495
1647274624259 0.8500568354439383 496
1647274624389 0.8500637171669142 497
1647274624522 0.8500709917877166 498
1647274624668 0.8500786592491092 499
1647274624799 0.8500867194907642 500
1647274624933 0.8500951724492639 501
1647274625076 0.8501040180581007 502
1647274625207 0.8501132562476772 503
1647274625338 0.8501228869453077 504
1647274625467 0.850132910075218 505
1647274625597 0.8501433255585462 506
1647274625729 0.8501541333133436 507
1647274625861 0.8501653332545749 508
1647274625989 0.850176925294119 509
1647274626120 0.8501889093407702 510
1647274626247 0.850201285300238 511
1647274626384 0.8502140530751487 512
1647274626513 0.8502272125650456 513
1647274626641 0.8502407636663901 514
1647274626776 0.8502547062725624 515
1647274626903 0.8502690402738622 516
1647274627032 0.8502837655575097 517
1647274627160 0.850298882007647 518
1647274627288 0.8503143895053379 519
1647274627364 0.8503302879285696 520
1647274632448 0.8503465771522537 521
1647274632617 0.8503632570482268 522
1647274632749 0.8503803274852517 523
1647274632890 0.8503977883290188 524
1647274633021 0.850415639442146 525
1647274633153 0.8504338806841815 526
1647274633282 0.8504525119116032 527
1647274633411 0.8504715329778211 528
1647274633552 0.8504909437331777 529
1647274633681 0.8505107440249495 530
1647274633811 0.8505309336973481 531
1647274633940 0.8505515125915216 532
1647274634075 0.8505724805455556 533
1647274634206 0.8505938373944746 534
1647274634339 0.8506155829702431 535
1647274634468 0.8506377171017675 536
1647274634608 0.8506602396148967 537
1647274634741 0.8506831503324239 538
1647274634877 0.8507064490740882 539
1647274635017 0.8507301356565753 540
1647274635148 0.8507542098935196 541
1647274635283 0.8507786715955054 542
1647274635423 0.8508035205700685 543
1647274635559 0.8508287566216975 544
1647274635692 0.8508543795518357 545
1647274635839 0.8508803891588823 546
1647274635969 0.8509067852381941 547
1647274636102 0.8509335675820872 548
1647274636234 0.8509607359798385 549
1647274636368 0.8509882902176876 550
1647274636498 0.8510162300788382 551
1647274636631 0.85104455534346 552
1647274636761 0.8510732657886902 553
1647274636895 0.8511023611886356 554
1647274637035 0.851131841314374 555
1647274637178 0.8511617059339563 556
1647274637307 0.8511919548124083 557
1647274637438 0.8512225877117321 558
1647274637584 0.8512536043909088 559
1647274637664 0.8512850046058995 560
1647274642679 0.8513167881096481 561
1647274642824 0.8513489546520822 562
1647274642965 0.8513815039801161 563
1647274643095 0.8514144358376524 564
1647274643224 0.8514477499655837 565
1647274643361 0.851481446101795 566
1647274643497 0.8515155239811656 567
1647274643632 0.8515499833355715 568
1647274643771 0.8515848238938869 569
1647274643908 0.851620045381987 570
1647274644046 0.8516556475227497 571
1647274644182 0.8516916300360579 572
1647274644335 0.8517279926388018 573
1647274644479 0.8517647350448811 574
1647274644613 0.8518018569652073 575
1647274644749 0.8518393581077056 576
1647274644889 0.8518772381773176 577
1647274645022 0.8519154968760037 578
1647274645158 0.851954133902745 579
1647274645297 0.851993148953546 580
1647274645430 0.8520325417214372 581
1647274645562 0.8520723118964767 582
1647274645700 0.8521124591657534 583
1647274645833 0.8521529832133895 584
1647274645967 0.8521938837205424 585
1647274646105 0.8522351603654075 586
1647274646245 0.852276812823221 587
1647274646392 0.8523188407662619 588
1647274646531 0.8523612438638551 589
1647274646662 0.852404021782374 590
1647274646806 0.8524471741852423 591
1647274646936 0.8524907007329379 592
1647274647065 0.8525346010829944 593
1647274647195 0.8525788748900048 594
1647274647338 0.8526235218056235 595
1647274647466 0.8526685414785693 596
1647274647598 0.8527139335546282 597
1647274647726 0.852759697676656 598
1647274647854 0.8528058334845816 599
1647274647931 0.852852340615409 600
1647274652917 0.852899218703221 601
1647274653071 0.8529464673791817 602
1647274653218 0.852994086271539 603
1647274653350 0.8530420750056286 604
1647274653485 0.8530904332038758 605
1647274653630 0.8531391604857991 606
1647274653762 0.8531882564680131 607
1647274653898 0.8532377207642315 608
1647274654031 0.85328755298527 609
1647274654160 0.8533377527390495 610
1647274654293 0.8533883196305992 611
1647274654438 0.8534392532620598 612
1647274654569 0.8534905532326862 613
1647274654706 0.8535422191388511 614
1647274654840 0.853594250574048 615
1647274654978 0.8536466471288946 616
1647274655114 0.8536994083911356 617
1647274655244 0.8537525339456462 618
1647274655381 0.8538060233744357 619
1647274655514 0.8538598762566498 620
1647274655646 0.8539140921685753 621
1647274655778 0.8539686706836421 622
1647274655915 0.8540236113724274 623
1647274656052 0.8540789138026589 624
1647274656184 0.854134577539218 625
1647274656316 0.8541906021441432 626
1647274656458 0.8542469871766339 627
1647274656593 0.8543037321930539 628
1647274656729 0.8543608367469341 629
1647274656871 0.8544183003889768 630
1647274657005 0.8544761226670592 631
1647274657147 0.8545343031262365 632
1647274657282 0.8545928413087459 633
1647274657411 0.85465173675401 634
1647274657547 0.8547109889986403 635
1647274657679 0.8547705975764412 636
1647274657813 0.8548305620184135 637
1647274657957 0.8548908818527579 638
1647274658088 0.854951556604879 639
1647274658165 0.8550125857973889 640
1647274663138 0.8550739689501109 641
1647274663314 0.8551357055800834 642
1647274663466 0.8551977952015637 643
1647274663605 0.8552602373260316 644
1647274663741 0.8553230314621937 645
1647274663885 0.8553861771159866 646
1647274664018 0.8554496737905816 647
1647274664153 0.8555135209863877 648
1647274664285 0.8555777182010563 649
1647274664417 0.855642264929485 650
1647274664554 0.855707160663821 651
1647274664694 0.8557724048934658 652
1647274664828 0.855837997105079 653
1647274664960 0.8559039367825823 654
1647274665096 0.8559702234071631 655
1647274665245 0.8560368564572796 656
1647274665389 0.856103835408664 657
1647274665527 0.8561711597343271 658
1647274665662 0.8562388289045623 659
1647274665816 0.8563068423869495 660
1647274665969 0.8563751996463601 661
1647274666102 0.8564439001449601 662
1647274666238 0.8565129433422152 663
1647274666374 0.8565823286948947 664
1647274666507 0.8566520556570758 665
1647274666645 0.856722123680148 666
1647274666782 0.8567925322128173 667
1647274666914 0.8568632807011104 668
1647274667048 0.8569343685883796 669
1647274667210 0.8570057953153064 670
1647274667342 0.8570775603199067 671
1647274667480 0.8571496630375346 672
1647274667629 0.8572221029008871 673
1647274667776 0.8572948793400086 674
1647274667939 0.8573679917822954 675
1647274668078 0.8574414396524999 676
1647274668217 0.8575152223727356 677
1647274668350 0.8575893393624813 678
1647274668482 0.8576637900385857 679
1647274668563 0.8577385738152723 680
1647274673400 0.8578136901041435 681
1647274673551 0.8578891383141857 682
1647274673686 0.8579649178517734 683
1647274673825 0.8580410281206748 684
1647274673963 0.8581174685220555 685
1647274674096 0.8581942384544837 686
1647274674233 0.8582713373139348 687
1647274674363 0.8583487644937964 688
1647274674501 0.8584265193848727 689
1647274674634 0.8585046013753895 690
1647274674774 0.8585830098509991 691
1647274674912 0.8586617441947849 692
1647274675053 0.8587408037872665 693
1647274675186 0.8588201880064043 694
1647274675350 0.8588998962276044 695
1647274675486 0.8589799278237243 696
1647274675621 0.8590602821650765 697
1647274675760 0.8591409586194343 698
1647274675896 0.8592219565520369 699
1647274676027 0.859303275325594 700
1647274676169 0.8593849143002907 701
1647274676306 0.8594668728337931 702
1647274676438 0.8595491502812526 703
1647274676578 0.8596317459953119 704
1647274676717 0.8597146593261091 705
1647274676863 0.8597978896212837 706
1647274677007 0.8598814362259811 707
1647274677144 0.859965298482858 708
1647274677284 0.8600494757320876 709
1647274677436 0.8601339673113646 710
1647274677584 0.860218772555911 711
1647274677719 0.8603038907984802 712
1647274677855 0.8603893213693636 713
1647274677996 0.8604750635963948 714
1647274678140 0.8605611168049554 715
1647274678277 0.8606474803179803 716
1647274678413 0.8607341534559627 717
1647274678545 0.8608211355369599 718
1647274678686 0.8609084258765984 719
1647274678769 0.8609960237880794 720
1647274683628 0.8610839285821836 721
1647274683783 0.861172139567278 722
1647274683958 0.8612606560493199 723
1647274684099 0.8613494773318632 724
1647274684232 0.8614386027160633 725
1647274684365 0.8615280315006835 726
1647274684516 0.8616177629820995 727
1647274684646 0.8617077964543054 728
1647274684781 0.8617981312089196 729
1647274684931 0.8618887665351896 730
1647274685066 0.8619797017199984 731
1647274685206 0.8620709360478693 732
1647274685336 0.8621624688009724 733
1647274685466 0.8622542992591292 734
1647274685603 0.8623464266998194 735
1647274685733 0.8624388503981859 736
1647274685870 0.8625315696270406 737
1647274686012 0.8626245836568701 738
1647274686147 0.8627178917558417 739
1647274686278 0.8628114931898088 740
1647274686413 0.8629053872223168 741
1647274686546 0.8629995731146092 742
1647274686681 0.8630940501256329 743
1647274686817 0.8631888175120445 744
1647274686958 0.8632838745282156 745
1647274687092 0.8633792204262395 746
1647274687231 0.8634748544559361 747
1647274687362 0.8635707758648584 748
1647274687496 0.8636669838982987 749
1647274687628 0.8637634777992934 750
1647274687759 0.8638602568086304 751
1647274687895 0.863957320164854 752
1647274688055 0.8640546671042715 753
1647274688185 0.8641522968609586 754
1647274688314 0.8642502086667662 755
1647274688453 0.8643484017513259 756
1647274688583 0.864446875342056 757
1647274688713 0.8645456286641681 758
1647274688852 0.8646446609406726 759
1647274688932 0.8647439713923853 760
1647274689962 0.8648435592379334 761
1647274690105 0.8649434236937613 762
1647274690238 0.8650435639741371 763
1647274690380 0.8651439792911588 764
1647274690517 0.8652446688547605 765
1647274690666 0.8653456318727182 766
1647274690799 0.8654468675506567 767
1647274690936 0.8655483750920555 768
1647274691072 0.8656501536982549 769
1647274691208 0.8657522025684625 770
1647274691341 0.8658545208997597 771
1647274691473 0.8659571078871073 772
1647274691605 0.8660599627233528 773
1647274691735 0.8661630845992363 774
1647274691869 0.8662664727033963 775
1647274692022 0.8663701262223771 776
1647274692159 0.8664740443406345 777
1647274692300 0.8665782262405425 778
1647274692429 0.8666826711023998 779
1647274692563 0.8667873781044358 780
1647274692702 0.8668923464228179 781
1647274692840 0.8669975752316569 782
1647274692978 0.8671030637030144 783
1647274693121 0.8672088110069087 784
1647274693257 0.8673148163113221 785
1647274693392 0.8674210787822066 786
1647274693528 0.8675275975834909 787
1647274693660 0.8676343718770866 788
1647274693795 0.8677414008228956 789
1647274693931 0.867848683578816 790
1647274694065 0.8679562193007487 791
1647274694196 0.8680640071426048 792
1647274694325 0.8681720462563111 793
1647274694455 0.8682803357918177 794
1647274694588 0.8683888748971045 795
1647274694728 0.8684976627181876 796
1647274694867 0.8686066983991263 797
1647274695011 0.8687159810820296 798
1647274695145 0.8688255099070633 799
1647274695233 0.8689352840124565 800
1647274696098 0.8690453025345083 801
1647274696245 0.8691555646075948 802
1647274696378 0.869266069364176 803
1647274696509 0.8693768159348024 804
1647274696651 0.8694878034481218 805
1647274696781 0.8695990310308862 806
1647274696926 0.869710497807959 807
1647274697059 0.8698222029023214 808
1647274697192 0.8699341454350797 809
1647274697347 0.8700463245254719 810
1647274697489 0.8701587392908747 811
1647274697632 0.870271388846811 812
1647274697764 0.8703842723069556 813
1647274697895 0.8704973887831435 814
1647274698028 0.8706107373853763 815
1647274698165 0.870724317221829 816
1647274698300 0.8708381273988574 817
1647274698443 0.8709521670210049 818
1647274698580 0.8710664351910097 819
1647274698713 0.8711809310098119 820
1647274698856 0.8712956535765601 821
1647274698990 0.8714106019886194 822
1647274699128 0.8715257753415774 823
1647274699268 0.8716411727292521 824
1647274699417 0.8717567932436991 825
1647274699556 0.8718726359752178 826
1647274699689 0.8719887000123598 827
1647274699828 0.8721049844419351 828
1647274699975 0.8722214883490198 829
1647274700112 0.8723382108169633 830
1647274700251 0.8724551509273948 831
1647274700384 0.8725723077602319 832
1647274700517 0.8726896803936864 833
1647274700659 0.8728072679042725 834
1647274700794 0.8729250693668137 835
1647274700929 0.87304308385445 836
1647274701072 0.8731613104386453 837
1647274701211 0.8732797481891952 838
1647274701348 0.8733983961742331 839
1647274701431 0.8735172534602389 840
1647274706376 0.8736363191120455 841
1647274706524 0.8737555921928462 842
1647274706678 0.8738750717642025 843
1647274706817 0.8739947568860512 844
1647274706953 0.8741146466167118 845
1647274707098 0.8742347400128939 846
1647274707235 0.8743550361297047 847
1647274707368 0.8744755340206563 848
1647274707509 0.8745962327376735 849
1647274707645 0.8747171313311007 850
1647274707788 0.87483822884971 851
1647274707927 0.874959524340708 852
1647274708086 0.8750810168497438 853
1647274708230 0.8752027054209166 854
1647274708374 0.8753245890967827 855
1647274708515 0.8754466669183633 856
1647274708653 0.8755689379251522 857
1647274708790 0.8756914011551233 858
1647274708924 0.875814055644738 859
1647274709058 0.8759369004289527 860
1647274709190 0.8760599345412268 861
1647274709342 0.8761831570135301 862
1647274709482 0.87630656687635 863
1647274709635 0.8764301631587 864
1647274709772 0.8765539448881268 865
1647274709905 0.8766779110907175 866
1647274710044 0.8768020607911082 867
1647274710192 0.8769263930124914 868
1647274710345 0.8770509067766231 869
1647274710485 0.8771756011038311 870
1647274710627 0.8773004750130227 871
1647274710759 0.8774255275216918 872
1647274710890 0.8775507576459277 873
1647274711032 0.8776761644004218 874
1647274711166 0.8778017467984759 875
1647274711299 0.8779275038520097 876
1647274711437 0.8780534345715689 877
1647274711568 0.8781795379663329 878
1647274711700 0.878305813044122 879
1647274711785 0.8784322588114064 880
1647274712777 0.8785588742733126 881
1647274712918 0.8786856584336326 882
1647274713055 0.8788126102948306 883
1647274713190 0.8789397288580514 884
1647274713327 0.8790670131231286 885
1647274713461 0.8791944620885915 886
1647274713598 0.8793220747516739 887
1647274713738 0.8794498501083217 888
1647274713877 0.8795777871532001 889
1647274714014 0.8797058848797031 890
1647274714164 0.8798341422799597 891
1647274714305 0.8799625583448429 892
1647274714451 0.8800911320639773 893
1647274714591 0.880219862425747 894
1647274714731 0.8803487484173038 895
1647274714873 0.8804777890245747 896
1647274715023 0.8806069832322707 897
1647274715165 0.8807363300238937 898
1647274715302 0.8808658283817454 899
1647274715441 0.8809954772869351 900
1647274715590 0.8811252757193871 901
1647274715726 0.8812552226578497 902
1647274715872 0.8813853170799028 903
1647274716011 0.8815155579619652 904
1647274716154 0.8816459442793042 905
1647274716296 0.8817764750060425 906
1647274716432 0.8819071491151663 907
1647274716574 0.8820379655785342 908
1647274716714 0.8821689233668843 909
1647274716863 0.882300021449843 910
1647274717003 0.8824312587959329 911
1647274717156 0.8825626343725805 912
1647274717302 0.8826941471461254 913
1647274717436 0.8828257960818269 914
1647274717571 0.8829575801438737 915
1647274717705 0.883089498295391 916
1647274717840 0.8832215494984489 917
1647274717993 0.8833537327140709 918
1647274718126 0.8834860469022416 919
1647274718218 0.8836184910219153 920
1647274723056 0.8837510640310239 921
1647274723235 0.883883764886485 922
1647274723373 0.8840165925442109 923
1647274723515 0.8841495459591155 924
1647274723662 0.8842826240851238 925
1647274723807 0.8844158258751793 926
1647274723944 0.8845491502812526 927
1647274724079 0.8846825962543494 928
1647274724227 0.8848161627445192 929
1647274724361 0.8849498487008631 930
1647274724501 0.8850836530715421 931
1647274724637 0.8852175748037859 932
1647274724770 0.8853516128439005 933
1647274724914 0.8854857661372768 934
1647274725052 0.8856200336283991 935
1647274725188 0.8857544142608529 936
1647274725334 0.8858889069773338 937
1647274725473 0.8860235107196553 938
1647274725626 0.8861582244287575 939
1647274725782 0.8862930470447151 940
1647274725926 0.8864279775067463 941
1647274726060 0.8865630147532202 942
1647274726197 0.8866981577216662 943
1647274726343 0.8868334053487817 944
1647274726484 0.8869687565704407 945
1647274726635 0.8871042103217021 946
1647274726775 0.8872397655368178 947
1647274726910 0.8873754211492421 948
1647274727049 0.8875111760916387 949
1647274727190 0.8876470292958899 950
1647274727329 0.8877829796931053 951
1647274727462 0.8879190262136292 952
1647274727598 0.8880551677870501 953
1647274727742 0.8881914033422083 954
1647274727893 0.8883277318072047 955
1647274728036 0.8884641521094093 956
1647274728171 0.8886006631754696 957
1647274728308 0.8887372639313187 958
1647274728458 0.8888739533021842 959
1647274728538 0.8890107302125965 960
1647274733292 0.8891475935863972 961
1647274733437 0.8892845423467475 962
1647274733576 0.8894215754161369 963
1647274733708 0.8895586917163915 964
1647274733853 0.8896958901686827 965
1647274733990 0.8898331696935353 966
1647274734128 0.8899705292108363 967
1647274734287 0.8901079676398435 968
1647274734424 0.8902454838991936 969
1647274734565 0.8903830769069109 970
1647274734702 0.890520745580416 971
1647274734835 0.8906584888365342 972
1647274734970 0.8907963055915039 973
1647274735103 0.890934194760985 974
1647274735236 0.8910721552600681 975
1647274735380 0.8912101860032823 976
1647274735510 0.8913482859046038 977
1647274735645 0.8914864538774652 978
1647274735776 0.8916246888347632 979
1647274735918 0.8917629896888672 980
1647274736049 0.891901355351629 981
1647274736185 0.8920397847343893 982
1647274736333 0.8921782767479884 983
1647274736475 0.8923168303027734 984
1647274736609 0.8924554443086073 985
1647274736745 0.8925941176748776 986
1647274736888 0.8927328493105043 987
1647274737025 0.8928716381239494 988
1647274737162 0.8930104830232249 989
1647274737298 0.8931493829159015 990
1647274737432 0.8932883367091172 991
1647274737565 0.8934273433095857 992
1647274737695 0.8935664016236058 993
1647274737831 0.8937055105570687 994
1647274737966 0.8938446690154678 995
1647274738097 0.8939838759039067 996
1647274738227 0.8941231301271081 997
1647274738361 0.8942624305894219 998
1647274738496 0.8944017761948346 999
1647274738575 0.8945411658469772 1000
1647274739452 0.8946805984491344 1001
1647274739606 0.8948200729042528 1002
1647274739746 0.8949595881149497 1003
1647274739888 0.8950991429835219 1004
1647274740031 0.8952387364119541 1005
1647274740171 0.8953783673019273 1006
1647274740308 0.8955180345548283 1007
1647274740447 0.8956577370717573 1008
1647274740584 0.8957974737535376 1009
1647274740715 0.895937243500723 1010
1647274740850 0.8960770452136078 1011
1647274741016 0.8962168777922341 1012
1647274741148 0.896356740136402 1013
1647274741278 0.8964966311456766 1014
1647274741416 0.896636549719398 1015
1647274741553 0.8967764947566892 1016
1647274741692 0.896916465156465 1017
1647274741830 0.8970564598174405 1018
1647274741966 0.8971964776381404 1019
1647274742104 0.8973365175169067 1020
1647274742238 0.897476578351908 1021
1647274742375 0.897616659041148 1022
1647274742512 0.8977567584824742 1023
1647274742643 0.8978968755735867 1024
1647274742774 0.8980370092120465 1025
1647274742935 0.8981771582952846 1026
1647274743073 0.8983173217206103 1027
1647274743215 0.8984574983852202 1028
1647274743351 0.8985976871862065 1029
1647274743493 0.8987378870205663 1030
1647274743638 0.8988780967852097 1031
1647274743769 0.8990183153769685 1032
1647274743900 0.8991585416926053 1033
1647274744035 0.8992987746288219 1034
1647274744167 0.8994390130822677 1035
1647274744300 0.899579255949549 1036
1647274744439 0.8997195021272375 1037
1647274744570 0.8998597505118784 1038
1647274744703 0.8999999999999999 1039
1647274744781 0.9001402494881215 1040
1647274745649 0.9002804978727624 1041
1647274745794 0.9004207440504509 1042
1647274745934 0.9005609869177322 1043
1647274746065 0.900701225371178 1044
1647274746201 0.9008414583073946 1045
1647274746343 0.9009816846230314 1046
1647274746477 0.9011219032147902 1047
1647274746614 0.9012621129794336 1048
1647274746751 0.9014023128137935 1049
1647274746881 0.9015425016147798 1050
1647274747018 0.9016826782793896 1051
1647274747164 0.9018228417047154 1052
1647274747297 0.9019629907879534 1053
1647274747433 0.9021031244264132 1054
1647274747580 0.9022432415175257 1055
1647274747715 0.902383340958852 1056
1647274747856 0.902523421648092 1057
1647274747993 0.9026634824830932 1058
1647274748129 0.9028035223618596 1059
1647274748274 0.9029435401825594 1060
1647274748411 0.9030835348435351 1061
1647274748542 0.9032235052433107 1062
1647274748679 0.9033634502806019 1063
1647274748811 0.9035033688543234 1064
1647274748946 0.903643259863598 1065
1647274749093 0.9037831222077658 1066
1647274749231 0.9039229547863922 1067
1647274749362 0.9040627564992769 1068
1647274749496 0.9042025262464624 1069
1647274749631 0.9043422629282425 1070
1647274749776 0.9044819654451717 1071
1647274749910 0.9046216326980726 1072
1647274750046 0.9047612635880459 1073
1647274750187 0.904900857016478 1074
1647274750322 0.9050404118850501 1075
1647274750454 0.9051799270957471 1076
1647274750584 0.9053194015508655 1077
1647274750716 0.9054588341530228 1078
1647274750848 0.9055982238051654 1079
1647274750927 0.905737569410578 1080
1647274751944 0.9058768698728918 1081
1647274752090 0.9060161240960931 1082
1647274752238 0.906155330984532 1083
1647274752393 0.9062944894429312 1084
1647274752524 0.9064335983763941 1085
1647274752659 0.9065726566904141 1086
1647274752801 0.9067116632908827 1087
1647274752936 0.9068506170840983 1088
1647274753068 0.9069895169767749 1089
1647274753214 0.9071283618760504 1090
1647274753349 0.9072671506894956 1091
1647274753488 0.9074058823251223 1092
1647274753636 0.9075445556913926 1093
1647274753772 0.9076831696972265 1094
1647274753921 0.9078217232520115 1095
1647274754056 0.9079602152656107 1096
1647274754190 0.908098644648371 1097
1647274754324 0.9082370103111326 1098
1647274754472 0.9083753111652367 1099
1647274754607 0.9085135461225348 1100
1647274754743 0.9086517140953961 1101
1647274754878 0.9087898139967177 1102
1647274755024 0.9089278447399318 1103
1647274755160 0.9090658052390149 1104
1647274755294 0.909203694408496 1105
1647274755428 0.9093415111634657 1106
1647274755561 0.9094792544195839 1107
1647274755711 0.9096169230930891 1108
1647274755854 0.9097545161008064 1109
1647274755993 0.9098920323601565 1110
1647274756140 0.9100294707891636 1111
1647274756277 0.9101668303064646 1112
1647274756418 0.9103041098313173 1113
1647274756557 0.9104413082836085 1114
1647274756692 0.9105784245838631 1115
1647274756833 0.9107154576532525 1116
1647274756965 0.9108524064136028 1117
1647274757098 0.9109892697874034 1118
1647274757238 0.9111260466978157 1119
1647274757319 0.9112627360686811 1120
1647274758174 0.9113993368245303 1121
1647274758327 0.9115358478905906 1122
1647274758462 0.9116722681927952 1123
1647274758599 0.9118085966577917 1124
1647274758738 0.9119448322129499 1125
1647274758876 0.9120809737863707 1126
1647274759025 0.9122170203068947 1127
1647274759174 0.91235297070411 1128
1647274759309 0.9124888239083613 1129
1647274759441 0.9126245788507579 1130
1647274759577 0.9127602344631821 1131
1647274759714 0.9128957896782979 1132
1647274759862 0.9130312434295592 1133
1647274759998 0.9131665946512182 1134
1647274760132 0.9133018422783337 1135
1647274760271 0.9134369852467797 1136
1647274760406 0.9135720224932536 1137
1647274760537 0.9137069529552848 1138
1647274760673 0.9138417755712425 1139
1647274760805 0.9139764892803446 1140
1647274760940 0.9141110930226661 1141
1647274761080 0.9142455857391469 1142
1647274761219 0.9143799663716008 1143
1647274761356 0.914514233862723 1144
1647274761491 0.9146483871560994 1145
1647274761626 0.914782425196214 1146
1647274761757 0.9149163469284578 1147
1647274761893 0.9150501512991368 1148
1647274762027 0.9151838372554807 1149
1647274762157 0.9153174037456505 1150
1647274762298 0.9154508497187474 1151
1647274762430 0.9155841741248205 1152
1647274762560 0.915717375914876 1153
1647274762690 0.9158504540408844 1154
1647274762822 0.915983407455789 1155
1647274762954 0.9161162351135148 1156
1647274763095 0.916248935968976 1157
1647274763237 0.9163815089780847 1158
1647274763368 0.9165139530977583 1159
1647274763445 0.916646267285929 1160
1647274764305 0.916778450501551 1161
1647274764451 0.916910501704609 1162
1647274764592 0.9170424198561262 1163
1647274764730 0.9171742039181731 1164
1647274764865 0.9173058528538747 1165
1647274765003 0.9174373656274194 1166
1647274765134 0.9175687412040671 1167
1647274765266 0.917699978550157 1168
1647274765402 0.9178310766331156 1169
1647274765533 0.9179620344214657 1170
1647274765670 0.9180928508848336 1171
1647274765803 0.9182235249939574 1172
1647274765939 0.9183540557206956 1173
1647274766071 0.9184844420380347 1174
1647274766212 0.9186146829200972 1175
1647274766346 0.9187447773421502 1176
1647274766482 0.9188747242806128 1177
1647274766627 0.9190045227130649 1178
1647274766767 0.9191341716182544 1179
1647274766902 0.9192636699761062 1180
1647274767036 0.9193930167677292 1181
1647274767168 0.9195222109754251 1182
1647274767304 0.9196512515826961 1183
1647274767439 0.9197801375742529 1184
1647274767574 0.9199088679360227 1185
1647274767730 0.920037441655157 1186
1647274767867 0.9201658577200402 1187
1647274768015 0.9202941151202968 1188
1647274768148 0.9204222128467998 1189
1647274768279 0.9205501498916783 1190
1647274768411 0.920677925248326 1191
1647274768547 0.9208055379114084 1192
1647274768676 0.9209329868768713 1193
1647274768806 0.9210602711419484 1194
1647274768938 0.9211873897051694 1195
1647274769069 0.9213143415663674 1196
1647274769201 0.9214411257266872 1197
1647274769332 0.9215677411885935 1198
1647274769464 0.9216941869558779 1199
1647274769540 0.9218204620336671 1200
1647274770431 0.921946565428431 1201
1647274770583 0.9220724961479903 1202
1647274770728 0.922198253201524 1203
1647274770862 0.9223238355995781 1204
1647274770995 0.9224492423540722 1205
1647274771138 0.922574472478308 1206
1647274771270 0.9226995249869773 1207
1647274771404 0.9228243988961689 1208
1647274771547 0.9229490932233768 1209
1647274771683 0.9230736069875085 1210
1647274771816 0.9231979392088917 1211
1647274771957 0.9233220889092825 1212
1647274772096 0.9234460551118732 1213
1647274772238 0.9235698368412999 1214
1647274772390 0.9236934331236499 1215
1647274772525 0.9238168429864698 1216
1647274772666 0.923940065458773 1217
1647274772800 0.9240630995710473 1218
1647274772937 0.9241859443552619 1219
1647274773073 0.9243085988448766 1220
1647274773207 0.9244310620748477 1221
1647274773342 0.9245533330816367 1222
1647274773488 0.9246754109032173 1223
1647274773631 0.9247972945790833 1224
1647274773779 0.9249189831502561 1225
1647274773910 0.9250404756592919 1226
1647274774046 0.92516177115029 1227
1647274774183 0.9252828686688992 1228
1647274774318 0.9254037672623264 1229
1647274774454 0.9255244659793436 1230
1647274774587 0.9256449638702953 1231
1647274774718 0.925765259987106 1232
1647274774849 0.9258853533832881 1233
1647274774984 0.9260052431139487 1234
1647274775116 0.9261249282357974 1235
1647274775247 0.9262444078071538 1236
1647274775383 0.9263636808879545 1237
1647274775513 0.926482746539761 1238
1647274775644 0.9266016038257667 1239
1647274775726 0.9267202518108048 1240
1647274780701 0.9268386895613545 1241
1647274780848 0.92695691614555 1242
1647274781007 0.9270749306331862 1243
1647274781147 0.9271927320957274 1244
1647274781288 0.9273103196063135 1245
1647274781420 0.9274276922397681 1246
1647274781549 0.927544849072605 1247
1647274781685 0.9276617891830367 1248
1647274781815 0.92777851165098 1249
1647274781945 0.9278950155580648 1250
1647274782087 0.9280112999876401 1251
1647274782222 0.928127364024782 1252
1647274782355 0.9282432067563008 1253
1647274782485 0.9283588272707477 1254
1647274782622 0.9284742246584226 1255
1647274782760 0.9285893980113805 1256
1647274782898 0.9287043464234398 1257
1647274783033 0.9288190689901881 1258
1647274783174 0.9289335648089903 1259
1647274783316 0.9290478329789951 1260
1647274783450 0.9291618726011426 1261
1647274783587 0.929275682778171 1262
1647274783732 0.9293892626146236 1263
1647274783862 0.9295026112168564 1264
1647274784002 0.9296157276930443 1265
1647274784135 0.9297286111531889 1266
1647274784273 0.9298412607091251 1267
1647274784417 0.9299536754745281 1268
1647274784549 0.9300658545649203 1269
1647274784684 0.9301777970976786 1270
1647274784824 0.930289502192041 1271
1647274784952 0.9304009689691137 1272
1647274785089 0.9305121965518781 1273
1647274785235 0.9306231840651975 1274
1647274785366 0.9307339306358238 1275
1647274785498 0.930844435392405 1276
1647274785630 0.9309546974654916 1277
1647274785760 0.9310647159875435 1278
1647274785893 0.9311744900929366 1279
1647274785971 0.9312840189179703 1280
1647274786812 0.9313933016008737 1281
1647274786963 0.9315023372818123 1282
1647274787095 0.9316111251028955 1283
1647274787234 0.9317196642081822 1284
1647274787369 0.9318279537436889 1285
1647274787504 0.9319359928573951 1286
1647274787652 0.9320437806992512 1287
1647274787785 0.932151316421184 1288
1647274787922 0.9322585991771043 1289
1647274788058 0.9323656281229133 1290
1647274788195 0.9324724024165092 1291
1647274788329 0.9325789212177933 1292
1647274788464 0.9326851836886777 1293
1647274788598 0.9327911889930912 1294
1647274788740 0.9328969362969856 1295
1647274788884 0.933002424768343 1296
1647274789019 0.9331076535771821 1297
1647274789163 0.933212621895564 1298
1647274789299 0.9333173288976001 1299
1647274789434 0.9334217737594575 1300
1647274789564 0.9335259556593655 1301
1647274789710 0.933629873777623 1302
1647274789850 0.9337335272966036 1303
1647274789984 0.9338369154007636 1304
1647274790120 0.9339400372766471 1305
1647274790263 0.9340428921128926 1306
1647274790396 0.9341454791002403 1307
1647274790527 0.9342477974315374 1308
1647274790663 0.934349846301745 1309
1647274790803 0.9344516249079444 1310
1647274790937 0.9345531324493432 1311
1647274791081 0.9346543681272818 1312
1647274791211 0.9347553311452395 1313
1647274791344 0.9348560207088411 1314
1647274791479 0.9349564360258629 1315
1647274791610 0.9350565763062386 1316
1647274791743 0.9351564407620665 1317
1647274791880 0.9352560286076146 1318
1647274792013 0.9353553390593273 1319
1647274792090 0.9354543713358319 1320
1647274792953 0.9355531246579439 1321
1647274793104 0.935651598248674 1322
1647274793237 0.9357497913332338 1323
1647274793380 0.9358477031390413 1324
1647274793513 0.9359453328957285 1325
1647274793646 0.9360426798351459 1326
1647274793781 0.9361397431913695 1327
1647274793914 0.9362365222007065 1328
1647274794046 0.9363330161017013 1329
1647274794186 0.9364292241351415 1330
1647274794330 0.9365251455440639 1331
1647274794463 0.9366207795737604 1332
1647274794611 0.9367161254717842 1333
1647274794745 0.9368111824879554 1334
1647274794890 0.936905949874367 1335
1647274795024 0.9370004268853908 1336
1647274795157 0.9370946127776831 1337
1647274795298 0.9371885068101912 1338
1647274795431 0.9372821082441583 1339
1647274795561 0.9373754163431298 1340
1647274795704 0.9374684303729593 1341
1647274795837 0.937561149601814 1342
1647274795969 0.9376535733001805 1343
1647274796103 0.9377457007408707 1344
1647274796238 0.9378375311990276 1345
1647274796376 0.9379290639521306 1346
1647274796511 0.9380202982800016 1347
1647274796643 0.9381112334648103 1348
1647274796775 0.9382018687910804 1349
1647274796910 0.9382922035456945 1350
1647274797046 0.9383822370179005 1351
1647274797176 0.9384719684993165 1352
1647274797314 0.9385613972839366 1353
1647274797447 0.9386505226681368 1354
1647274797581 0.93873934395068 1355
1647274797713 0.9388278604327219 1356
1647274797845 0.9389160714178163 1357
1647274797983 0.9390039762119206 1358
1647274798116 0.9390915741234015 1359
1647274798195 0.93917886446304 1360
1647274799069 0.9392658465440372 1361
1647274799205 0.9393525196820196 1362
1647274799337 0.9394388831950445 1363
1647274799474 0.9395249364036051 1364
1647274799615 0.9396106786306363 1365
1647274799748 0.9396961092015197 1366
1647274799883 0.939781227444089 1367
1647274800026 0.9398660326886353 1368
1647274800159 0.9399505242679124 1369
1647274800295 0.940034701517142 1370
1647274800440 0.9401185637740188 1371
1647274800580 0.9402021103787163 1372
1647274800713 0.9402853406738908 1373
1647274800862 0.940368254004688 1374
1647274801003 0.9404508497187474 1375
1647274801138 0.9405331271662069 1376
1647274801279 0.9406150856997092 1377
1647274801415 0.9406967246744059 1378
1647274801556 0.940778043447963 1379
1647274801689 0.9408590413805656 1380
1647274801826 0.9409397178349235 1381
1647274801964 0.9410200721762756 1382
1647274802098 0.9411001037723955 1383
1647274802241 0.9411798119935957 1384
1647274802379 0.9412591962127335 1385
1647274802512 0.941338255805215 1386
1647274802655 0.9414169901490008 1387
1647274802788 0.9414953986246104 1388
1647274802926 0.9415734806151272 1389
1647274803068 0.9416512355062036 1390
1647274803201 0.9417286626860651 1391
1647274803345 0.9418057615455162 1392
1647274803475 0.9418825314779444 1393
1647274803608 0.9419589718793251 1394
1647274803755 0.9420350821482265 1395
1647274803891 0.9421108616858143 1396
1647274804025 0.9421863098958564 1397
1647274804172 0.9422614261847276 1398
1647274804303 0.9423362099614142 1399
1647274804380 0.9424106606375187 1400
1647274805256 0.9424847776272643 1401
1647274805395 0.9425585603475001 1402
1647274805554 0.9426320082177045 1403
1647274805690 0.9427051206599913 1404
1647274805825 0.9427778970991129 1405
1647274805962 0.9428503369624653 1406
1647274806105 0.9429224396800933 1407
1647274806236 0.9429942046846935 1408
1647274806377 0.9430656314116204 1409
1647274806509 0.9431367192988895 1410
1647274806644 0.9432074677871827 1411
1647274806779 0.9432778763198519 1412
1647274806915 0.9433479443429241 1413
1647274807047 0.9434176713051052 1414
1647274807181 0.9434870566577848 1415
1647274807314 0.9435560998550399 1416
1647274807452 0.9436248003536398 1417
1647274807600 0.9436931576130504 1418
1647274807732 0.9437611710954377 1419
1647274807874 0.9438288402656728 1420
1647274808010 0.943896164591336 1421
1647274808149 0.9439631435427204 1422
1647274808295 0.9440297765928368 1423
1647274808427 0.9440960632174177 1424
1647274808560 0.9441620028949209 1425
1647274808697 0.9442275951065341 1426
1647274808833 0.9442928393361789 1427
1647274808966 0.9443577350705149 1428
1647274809099 0.9444222817989436 1429
1647274809232 0.9444864790136123 1430
1647274809368 0.9445503262094184 1431
1647274809501 0.9446138228840133 1432
1647274809646 0.9446769685378062 1433
1647274809789 0.9447397626739683 1434
1647274809920 0.9448022047984362 1435
1647274810052 0.9448642944199165 1436
1647274810190 0.944926031049889 1437
1647274810320 0.944987414202611 1438
1647274810455 0.945048443395121 1439
1647274810534 0.945109118147242 1440
1647274815537 0.9451694379815865 1441
1647274815680 0.9452294024235587 1442
1647274815825 0.9452890110013596 1443
1647274815962 0.94534826324599 1444
1647274816097 0.945407158691254 1445
1647274816243 0.9454656968737635 1446
1647274816384 0.9455238773329407 1447
1647274816514 0.9455816996110231 1448
1647274816649 0.9456391632530659 1449
1647274816786 0.945696267806946 1450
1647274816929 0.945753012823366 1451
1647274817061 0.9458093978558567 1452
1647274817192 0.945865422460782 1453
1647274817336 0.945921086197341 1454
1647274817470 0.9459763886275725 1455
1647274817603 0.9460313293163578 1456
1647274817738 0.9460859078314247 1457
1647274817870 0.9461401237433501 1458
1647274818005 0.9461939766255643 1459
1647274818144 0.9462474660543537 1460
1647274818280 0.9463005916088644 1461
1647274818420 0.9463533528711053 1462
1647274818557 0.9464057494259519 1463
1647274818692 0.9464577808611488 1464
1647274818827 0.9465094467673137 1465
1647274818960 0.9465607467379401 1466
1647274819102 0.9466116803694007 1467
1647274819246 0.9466622472609504 1468
1647274819377 0.9467124470147299 1469
1647274819512 0.9467622792357684 1470
1647274819646 0.9468117435319868 1471
1647274819778 0.9468608395142009 1472
1647274819907 0.9469095667961241 1473
1647274820039 0.9469579249943714 1474
1647274820168 0.9470059137284609 1475
1647274820304 0.9470535326208183 1476
1647274820454 0.9471007812967789 1477
1647274820584 0.9471476593845909 1478
1647274820715 0.9471941665154183 1479
1647274820793 0.9472403023233439 1480
1647274821646 0.9472860664453717 1481
1647274821793 0.9473314585214306 1482
1647274821925 0.9473764781943764 1483
1647274822059 0.9474211251099951 1484
1647274822192 0.9474653989170055 1485
1647274822324 0.9475092992670621 1486
1647274822456 0.9475528258147576 1487
1647274822586 0.947595978217626 1488
1647274822720 0.9476387561361448 1489
1647274822860 0.9476811592337381 1490
1647274822997 0.947723187176779 1491
1647274823134 0.9477648396345925 1492
1647274823270 0.9478061162794575 1493
1647274823411 0.9478470167866104 1494
1647274823553 0.9478875408342465 1495
1647274823688 0.9479276881035232 1496
1647274823824 0.9479674582785628 1497
1647274823955 0.9480068510464539 1498
1647274824086 0.9480458660972549 1499
1647274824224 0.9480845031239963 1500
1647274824355 0.9481227618226823 1501
1647274824488 0.9481606418922943 1502
1647274824634 0.9481981430347927 1503
1647274824770 0.9482352649551188 1504
1647274824923 0.9482720073611981 1505
1647274825059 0.9483083699639421 1506
1647274825189 0.9483443524772502 1507
1647274825332 0.9483799546180129 1508
1647274825470 0.948415176106113 1509
1647274825607 0.9484500166644284 1510
1647274825750 0.9484844760188343 1511
1647274825880 0.9485185538982049 1512
1647274826014 0.9485522500344162 1513
1647274826154 0.9485855641623475 1514
1647274826285 0.9486184960198838 1515
1647274826416 0.9486510453479178 1516
1647274826549 0.9486832118903519 1517
1647274826681 0.9487149953941004 1518
1647274826816 0.9487463956090911 1519
1647274826893 0.9487774122882678 1520
1647274827751 0.9488080451875917 1521
1647274827887 0.9488382940660436 1522
1647274828024 0.9488681586856259 1523
1647274828165 0.9488976388113644 1524
1647274828302 0.9489267342113097 1525
1647274828435 0.9489554446565399 1526
1647274828567 0.9489837699211617 1527
1647274828702 0.9490117097823123 1528
1647274828834 0.9490392640201615 1529
1647274828968 0.9490664324179128 1530
1647274829100 0.9490932147618059 1531
1647274829231 0.9491196108411176 1532
1647274829366 0.9491456204481642 1533
1647274829509 0.9491712433783024 1534
1647274829659 0.9491964794299315 1535
1647274829794 0.9492213284044946 1536
1647274829932 0.9492457901064804 1537
1647274830080 0.9492698643434246 1538
1647274830211 0.9492935509259117 1539
1647274830341 0.949316849667576 1540
1647274830473 0.9493397603851033 1541
1647274830610 0.9493622828982324 1542
1647274830743 0.9493844170297568 1543
1647274830884 0.9494061626055253 1544
1647274831016 0.9494275194544444 1545
1647274831148 0.9494484874084783 1546
1647274831280 0.9494690663026518 1547
1647274831414 0.9494892559750504 1548
1647274831561 0.9495090562668222 1549
1647274831699 0.9495284670221789 1550
1647274831832 0.9495474880883967 1551
1647274831974 0.9495661193158185 1552
1647274832107 0.9495843605578539 1553
1647274832239 0.9496022116709812 1554
1647274832377 0.9496196725147482 1555
1647274832507 0.9496367429517731 1556
1647274832637 0.9496534228477462 1557
1647274832776 0.9496697120714304 1558
1647274832909 0.949685610494662 1559
1647274832988 0.9497011179923529 1560
1647274833856 0.9497162344424902 1561
1647274834028 0.9497309597261379 1562
1647274834163 0.9497452937274375 1563
1647274834307 0.9497592363336098 1564
1647274834444 0.9497727874349543 1565
1647274834577 0.9497859469248512 1566
1647274834713 0.949798714699762 1567
1647274834848 0.9498110906592298 1568
1647274834993 0.9498230747058809 1569
1647274835129 0.9498346667454252 1570
1647274835267 0.9498458666866564 1571
1647274835407 0.9498566744414537 1572
1647274835538 0.949867089924782 1573
1647274835675 0.9498771130546922 1574
1647274835826 0.9498867437523227 1575
1647274835970 0.9498959819418993 1576
1647274836132 0.949904827550736 1577
1647274836268 0.9499132805092357 1578
1647274836413 0.9499213407508907 1579
1647274836544 0.9499290082122833 1580
1647274836688 0.9499362828330857 1581
1647274836830 0.9499431645560616 1582
1647274836966 0.9499496533270657 1583
1647274837099 0.9499557490950443 1584
1647274837231 0.9499614518120361 1585
1647274837364 0.9499667614331723 1586
1647274837501 0.9499716779166766 1587
1647274837653 0.9499762012238665 1588
1647274837789 0.9499803313191526 1589
1647274837934 0.9499840681700393 1590
1647274838068 0.9499874117471253 1591
1647274838201 0.9499903620241033 1592
1647274838338 0.9499929189777604 1593
1647274838471 0.9499950825879787 1594
1647274838603 0.9499968528377349 1595
1647274838740 0.9499982297131009 1596
1647274838872 0.9499992132032432 1597
1647274839003 0.9499998033004239 1598
1647274839145 0.95 1599
1647274839222 0.9499998033004239 1600
