1647223903111 0.5968254208564758 0
1647223916947 0.8190476298332214 1
1647223927155 0.9015873074531555 2
1647223937250 0.9396825432777405 3
1647223945810 0.9523809552192688 4
1647223954343 0.9523809552192688 5
1647223962943 0.9777777791023254 6
1647223971522 0.9809523820877075 7
1647223981634 0.9873015880584717 8
1647223990101 0.9841269850730896 9
1647224000509 0.9904761910438538 10
1647224009121 0.9936507940292358 11
1647224017592 1.0 12
1647224025992 1.0 13
1647224036275 0.9873015880584717 14
1647224046508 1.0 15
1647224054986 0.9968253970146179 16
1647224063403 0.9968253970146179 17
1647224071837 0.9968253970146179 18
1647224082076 0.9936507940292358 19
1647224090510 0.9968253970146179 20
1647224099116 1.0 21
1647224144899 0.9936507940292358 22
