1647223903111 1.00212824344635 0
1647223916947 0.4742780923843384 1
1647223927155 0.3139752149581909 2
1647223937250 0.22014613449573517 3
1647223945810 0.14988313615322113 4
1647223954343 0.1316624879837036 5
1647223962943 0.09250497817993164 6
1647223971522 0.08623821288347244 7
1647223981634 0.04674852639436722 8
1647223990101 0.04198641702532768 9
1647224000509 0.03578987717628479 10
1647224009121 0.042881328612565994 11
1647224017592 0.017798813059926033 12
1647224025992 0.015342787839472294 13
1647224036275 0.03070845454931259 14
1647224046508 0.014855701476335526 15
1647224054986 0.017150554805994034 16
1647224063403 0.017483262345194817 17
1647224071837 0.018179794773459435 18
1647224082076 0.02582893706858158 19
1647224090510 0.026478946208953857 20
1647224099116 0.010538700968027115 21
1647224144899 0.042881328612565994 22
