1646474530532 0.18518517911434174 0
1646474530886 0.1805555522441864 1
1646474531468 0.18981482088565826 2
1646474531849 0.19907407462596893 3
1646474532163 0.1805555522441864 4
1646474532485 0.20370370149612427 5
1646474532852 0.18981482088565826 6
1646474533297 0.20370370149612427 7
1646474533680 0.26851850748062134 8
1646474534020 0.24537037312984467 9
1646474534505 0.2777777910232544 10
1646474534834 0.24074074625968933 11
1646474535186 0.3194444477558136 12
1646474535517 0.2916666567325592 13
1646474535850 0.3055555522441864 14
1646474536208 0.31018519401550293 15
1646474536682 0.30092594027519226 16
1646474537116 0.3472222089767456 17
1646474537449 0.36574074625968933 18
1646474537801 0.37962964177131653 19
1646474538218 0.4166666567325592 20
1646474538631 0.4166666567325592 21
1646474538934 0.38425925374031067 22
1646474539234 0.39351850748062134 23
1646474539566 0.5092592835426331 24
1646474539899 0.4583333432674408 25
1646474540218 0.5185185074806213 26
1646474540705 0.5138888955116272 27
1646474541068 0.5138888955116272 28
1646474541408 0.5 29
1646474541840 0.5694444179534912 30
1646474542133 0.5833333134651184 31
1646474542450 0.5879629850387573 32
1646474542767 0.5648148059844971 33
1646474543084 0.5509259104728699 34
1646474543384 0.5972222089767456 35
1646474543699 0.5925925970077515 36
1646474544115 0.5740740895271301 37
1646474544517 0.5972222089767456 38
1646474544868 0.6435185074806213 39
1646474545218 0.6851851940155029 40
1646474545649 0.5925925970077515 41
1646474545968 0.6435185074806213 42
1646474546284 0.6296296119689941 43
1646474546583 0.625 44
1646474546902 0.5740740895271301 45
1646474547200 0.6388888955116272 46
1646474547529 0.6620370149612427 47
1646474548021 0.6851851940155029 48
1646474548385 0.6111111044883728 49
1646474548734 0.6851851940155029 50
1646474549225 0.6759259104728699 51
1646474549533 0.6620370149612427 52
1646474549850 0.6574074029922485 53
1646474550164 0.6990740895271301 54
1646474550482 0.7037037014961243 55
1646474550800 0.6805555820465088 56
1646474551113 0.6759259104728699 57
1646474551455 0.6898148059844971 58
1646474551937 0.6944444179534912 59
1646474552284 0.6851851940155029 60
1646474552638 0.7222222089767456 61
1646474553066 0.6898148059844971 62
1646474553390 0.7222222089767456 63
1646474553723 0.7175925970077515 64
1646474554048 0.75 65
1646474554379 0.6805555820465088 66
1646474554694 0.7592592835426331 67
1646474554999 0.7361111044883728 68
1646474555471 0.7824074029922485 69
1646474555884 0.7175925970077515 70
1646474556216 0.7453703880310059 71
1646474556682 0.7453703880310059 72
1646474556982 0.7546296119689941 73
1646474557298 0.7129629850387573 74
1646474557624 0.7592592835426331 75
1646474557932 0.7083333134651184 76
1646474558254 0.7638888955116272 77
1646474558581 0.7592592835426331 78
1646474558882 0.75 79
1646474559550 0.7824074029922485 80
1646474559916 0.7453703880310059 81
1646474560361 0.7731481194496155 82
1646474560699 0.7453703880310059 83
1646474561013 0.7916666865348816 84
1646474561333 0.8194444179534912 85
1646474561665 0.8009259104728699 86
1646474561965 0.7916666865348816 87
1646474562296 0.7638888955116272 88
1646474562650 0.8009259104728699 89
1646474563157 0.7731481194496155 90
1646474563548 0.8333333134651184 91
1646474563912 0.8796296119689941 92
1646474564320 0.8240740895271301 93
1646474564631 0.8472222089767456 94
1646474564953 0.8240740895271301 95
1646474565247 0.8194444179534912 96
1646474565565 0.8055555820465088 97
1646474565939 0.7916666865348816 98
1646474566436 0.8379629850387573 99
1646474567012 0.8333333134651184 100
1646474567392 0.8055555820465088 101
1646474567809 0.8472222089767456 102
1646474568210 0.8703703880310059 103
1646474568583 0.8657407164573669 104
1646474568898 0.8518518805503845 105
1646474569226 0.8657407164573669 106
1646474569563 0.8379629850387573 107
1646474569881 0.8472222089767456 108
1646474570348 0.8564814925193787 109
1646474570780 0.8703703880310059 110
1646474571136 0.8796296119689941 111
1646474571538 0.8611111044883728 112
1646474571902 0.8981481194496155 113
1646474572229 0.8333333134651184 114
1646474572549 0.8796296119689941 115
1646474572848 0.875 116
1646474573164 0.8703703880310059 117
1646474573506 0.8703703880310059 118
1646474573830 0.8935185074806213 119
1646474574328 0.8657407164573669 120
1646474574710 0.8333333134651184 121
1646474575064 0.9120370149612427 122
1646474575551 0.8981481194496155 123
1646474575913 0.8518518805503845 124
1646474576230 0.8888888955116272 125
1646474576583 0.8888888955116272 126
1646474576881 0.8935185074806213 127
1646474577213 0.9074074029922485 128
1646474577549 0.8842592835426331 129
1646474578061 0.8564814925193787 130
1646474578544 0.8379629850387573 131
1646474578916 0.9027777910232544 132
1646474579364 0.9027777910232544 133
1646474579696 0.9027777910232544 134
1646474580013 0.8935185074806213 135
1646474580331 0.9027777910232544 136
1646474580699 0.8796296119689941 137
1646474581062 0.8842592835426331 138
1646474581476 0.9351851940155029 139
1646474582059 0.9027777910232544 140
1646474582473 0.9212962985038757 141
1646474582869 0.8657407164573669 142
1646474583349 0.8842592835426331 143
1646474583678 0.9212962985038757 144
1646474583987 0.9074074029922485 145
1646474584314 0.9259259104728699 146
1646474584663 0.8981481194496155 147
1646474584974 0.8981481194496155 148
1646474585330 0.9027777910232544 149
1646474585845 0.9120370149612427 150
1646474586245 0.9305555820465088 151
1646474586716 0.8935185074806213 152
1646474587137 0.9027777910232544 153
1646474587527 0.9444444179534912 154
1646474587877 0.9166666865348816 155
1646474588255 0.9120370149612427 156
1646474588631 0.9259259104728699 157
1646474588995 0.9212962985038757 158
1646474589570 0.9537037014961243 159
1646474590047 0.9166666865348816 160
1646474590496 0.9166666865348816 161
1646474590958 0.9120370149612427 162
1646474591296 0.9120370149612427 163
1646474591731 0.9166666865348816 164
1646474592162 0.9259259104728699 165
1646474592549 0.9259259104728699 166
1646474592997 0.9490740895271301 167
1646474593547 0.8981481194496155 168
1646474593962 0.9259259104728699 169
1646474594461 0.9768518805503845 170
1646474594906 0.9351851940155029 171
1646474595247 0.9166666865348816 172
1646474595626 0.9398148059844971 173
1646474595947 0.9675925970077515 174
1646474596278 0.9351851940155029 175
1646474596655 0.9351851940155029 176
1646474597131 0.9444444179534912 177
1646474597514 0.9444444179534912 178
1646474597899 0.9768518805503845 179
1646474598409 0.9444444179534912 180
1646474598815 0.9537037014961243 181
1646474599212 0.9351851940155029 182
1646474599582 0.9212962985038757 183
1646474599971 0.9537037014961243 184
1646474600317 0.9398148059844971 185
1646474600714 0.9259259104728699 186
1646474601149 0.9629629850387573 187
1646474601534 0.9490740895271301 188
1646474602095 0.9444444179534912 189
1646474602454 0.9351851940155029 190
1646474602871 0.9444444179534912 191
1646474603253 0.9675925970077515 192
1646474603667 0.9722222089767456 193
1646474604082 0.9444444179534912 194
1646474604644 0.9444444179534912 195
1646474605030 0.9444444179534912 196
1646474605412 0.9490740895271301 197
1646474605763 0.9398148059844971 198
1646474606115 0.9814814925193787 199
1646474606547 0.9814814925193787 200
1646474606969 0.9351851940155029 201
1646474607659 0.9629629850387573 202
1646474608058 0.9490740895271301 203
1646474608436 0.9490740895271301 204
1646474608779 0.9629629850387573 205
1646474609145 0.9537037014961243 206
1646474609516 0.9351851940155029 207
1646474609881 0.9537037014961243 208
1646474610263 0.9583333134651184 209
1646474610625 0.9583333134651184 210
1646474611014 0.9675925970077515 211
1646474611327 0.9861111044883728 212
1646474611699 0.9629629850387573 213
1646474612046 0.9814814925193787 214
1646474612550 0.9583333134651184 215
1646474613062 0.9583333134651184 216
1646474613360 0.9722222089767456 217
1646474613680 0.9768518805503845 218
1646474613993 0.9398148059844971 219
1646474614311 0.9722222089767456 220
1646474614831 0.9722222089767456 221
1646474615227 0.9583333134651184 222
1646474615611 0.9675925970077515 223
1646474616094 0.9537037014961243 224
1646474616400 0.9629629850387573 225
1646474616710 0.9583333134651184 226
1646474617027 0.9537037014961243 227
1646474617353 0.9675925970077515 228
1646474617678 0.9675925970077515 229
1646474617994 0.9814814925193787 230
1646474618433 0.9861111044883728 231
1646474618849 0.9722222089767456 232
1646474619219 0.9490740895271301 233
1646474619667 0.9444444179534912 234
1646474619995 0.9490740895271301 235
1646474620322 0.9583333134651184 236
1646474620641 0.9629629850387573 237
1646474620945 0.9675925970077515 238
1646474621262 0.9444444179534912 239
1646474621606 0.9814814925193787 240
1646474621949 0.9675925970077515 241
1646474622545 0.9675925970077515 242
1646474622912 0.9768518805503845 243
1646474623313 0.9629629850387573 244
1646474623759 0.9490740895271301 245
1646474624115 0.9722222089767456 246
1646474624480 0.9444444179534912 247
1646474624845 0.9583333134651184 248
1646474625181 0.9629629850387573 249
1646474625559 0.9722222089767456 250
1646474626177 0.9259259104728699 251
1646474626578 0.9490740895271301 252
1646474626929 0.9814814925193787 253
1646474627242 0.9583333134651184 254
1646474627577 0.9722222089767456 255
1646474627881 0.9583333134651184 256
1646474628194 0.9629629850387573 257
1646474628529 0.9537037014961243 258
1646474628844 0.9490740895271301 259
1646474629160 0.9675925970077515 260
1646474629503 0.9351851940155029 261
1646474630013 0.9861111044883728 262
1646474630386 0.9814814925193787 263
1646474630771 0.9629629850387573 264
1646474631243 0.9629629850387573 265
1646474631544 0.9768518805503845 266
1646474631868 0.9675925970077515 267
1646474632177 0.9537037014961243 268
1646474632491 0.9629629850387573 269
1646474632810 0.9675925970077515 270
1646474633107 0.9490740895271301 271
1646474633457 0.9629629850387573 272
1646474633932 0.9629629850387573 273
1646474634294 0.9675925970077515 274
1646474634662 0.9675925970077515 275
1646474635105 0.9490740895271301 276
1646474635410 0.9583333134651184 277
1646474635743 0.9351851940155029 278
1646474636059 0.9629629850387573 279
1646474636375 0.9814814925193787 280
1646474636711 0.9629629850387573 281
1646474637025 0.9444444179534912 282
1646474637548 0.9722222089767456 283
1646474637940 0.9629629850387573 284
1646474638307 0.9490740895271301 285
1646474638763 0.9861111044883728 286
1646474639062 0.9583333134651184 287
1646474639376 0.9583333134651184 288
1646474639711 0.9398148059844971 289
1646474640024 0.9537037014961243 290
1646474640344 0.9861111044883728 291
1646474640682 0.9398148059844971 292
1646474641156 0.9351851940155029 293
1646474641558 0.9398148059844971 294
1646474641911 0.9722222089767456 295
1646474642381 0.9629629850387573 296
1646474642695 0.9398148059844971 297
1646474642992 0.9537037014961243 298
1646474643327 0.9583333134651184 299
