1646474530532 1.6100863218307495 0
1646474530886 1.603338599205017 1
1646474531468 1.607517957687378 2
1646474531849 1.5876870155334473 3
1646474532163 1.605285882949829 4
1646474532485 1.5806409120559692 5
1646474532852 1.5937775373458862 6
1646474533297 1.5703188180923462 7
1646474533680 1.5663899183273315 8
1646474534020 1.573811650276184 9
1646474534505 1.5591706037521362 10
1646474534834 1.5553315877914429 11
1646474535186 1.5265306234359741 12
1646474535517 1.5440073013305664 13
1646474535850 1.5351859331130981 14
1646474536208 1.5068998336791992 15
1646474536682 1.5027893781661987 16
1646474537116 1.4812136888504028 17
1646474537449 1.4597063064575195 18
1646474537801 1.4513697624206543 19
1646474538218 1.4269907474517822 20
1646474538631 1.391204833984375 21
1646474538934 1.3848615884780884 22
1646474539234 1.3676068782806396 23
1646474539566 1.2996314764022827 24
1646474539899 1.2691045999526978 25
1646474540218 1.2243146896362305 26
1646474540705 1.216300368309021 27
1646474541068 1.20592200756073 28
1646474541408 1.1807187795639038 29
1646474541840 1.0815609693527222 30
1646474542133 1.0801491737365723 31
1646474542450 1.1204626560211182 32
1646474542767 1.0562570095062256 33
1646474543084 1.0871832370758057 34
1646474543384 1.046260952949524 35
1646474543699 1.0072211027145386 36
1646474544115 1.004817247390747 37
1646474544517 0.973122775554657 38
1646474544868 0.9190287590026855 39
1646474545218 0.8707584142684937 40
1646474545649 1.039478063583374 41
1646474545968 0.953114926815033 42
1646474546284 0.9128631949424744 43
1646474546583 0.915945827960968 44
1646474546902 0.9593430757522583 45
1646474547200 0.9145942330360413 46
1646474547529 0.8098152279853821 47
1646474548021 0.8397685885429382 48
1646474548385 0.8995577692985535 49
1646474548734 0.817358136177063 50
1646474549225 0.8087131977081299 51
1646474549533 0.8257213830947876 52
1646474549850 0.8589374423027039 53
1646474550164 0.7398874759674072 54
1646474550482 0.7969935536384583 55
1646474550800 0.7975096702575684 56
1646474551113 0.7359578013420105 57
1646474551455 0.754134476184845 58
1646474551937 0.8053862452507019 59
1646474552284 0.7328384518623352 60
1646474552638 0.7054676413536072 61
1646474553066 0.6908037662506104 62
1646474553390 0.7204293608665466 63
1646474553723 0.726165771484375 64
1646474554048 0.6699002385139465 65
1646474554379 0.7522411346435547 66
1646474554694 0.6835770010948181 67
1646474554999 0.5872818231582642 68
1646474555471 0.6067657470703125 69
1646474555884 0.6521906852722168 70
1646474556216 0.6129112243652344 71
1646474556682 0.6833098530769348 72
1646474556982 0.5859337449073792 73
1646474557298 0.6969062685966492 74
1646474557624 0.5898953080177307 75
1646474557932 0.6560810804367065 76
1646474558254 0.5422101020812988 77
1646474558581 0.6292152404785156 78
1646474558882 0.5951005220413208 79
1646474559550 0.46864795684814453 80
1646474559916 0.6291767954826355 81
1646474560361 0.5550309419631958 82
1646474560699 0.577853798866272 83
1646474561013 0.49923187494277954 84
1646474561333 0.49547675251960754 85
1646474561665 0.4838041067123413 86
1646474561965 0.4925975799560547 87
1646474562296 0.5140883922576904 88
1646474562650 0.4855548143386841 89
1646474563157 0.4688417911529541 90
1646474563548 0.4279104471206665 91
1646474563912 0.38318467140197754 92
1646474564320 0.4268754720687866 93
1646474564631 0.4495169222354889 94
1646474564953 0.5192662477493286 95
1646474565247 0.45963054895401 96
1646474565565 0.44434112310409546 97
1646474565939 0.4435577690601349 98
1646474566436 0.3989661633968353 99
1646474567012 0.4383188486099243 100
1646474567392 0.43923890590667725 101
1646474567809 0.4381747841835022 102
1646474568210 0.31728512048721313 103
1646474568583 0.3618006408214569 104
1646474568898 0.3558938205242157 105
1646474569226 0.3581184148788452 106
1646474569563 0.38801440596580505 107
1646474569881 0.37726500630378723 108
1646474570348 0.42500948905944824 109
1646474570780 0.31875118613243103 110
1646474571136 0.3956066071987152 111
1646474571538 0.4011053740978241 112
1646474571902 0.24873554706573486 113
1646474572229 0.4336273670196533 114
1646474572549 0.3320431113243103 115
1646474572848 0.3758724629878998 116
1646474573164 0.36291229724884033 117
1646474573506 0.35438627004623413 118
1646474573830 0.27651697397232056 119
1646474574328 0.34447649121284485 120
1646474574710 0.41010919213294983 121
1646474575064 0.256805956363678 122
1646474575551 0.2734207808971405 123
1646474575913 0.3669623136520386 124
1646474576230 0.2569608986377716 125
1646474576583 0.2785193920135498 126
1646474576881 0.2894136309623718 127
1646474577213 0.24163071811199188 128
1646474577549 0.33984750509262085 129
1646474578061 0.3680931329727173 130
1646474578544 0.4033636450767517 131
1646474578916 0.28140583634376526 132
1646474579364 0.2843806743621826 133
1646474579696 0.2462519407272339 134
1646474580013 0.2881616950035095 135
1646474580331 0.2619442641735077 136
1646474580699 0.27467626333236694 137
1646474581062 0.2609974443912506 138
1646474581476 0.21708589792251587 139
1646474582059 0.27217116951942444 140
1646474582473 0.26254862546920776 141
1646474582869 0.4089897572994232 142
1646474583349 0.24208635091781616 143
1646474583678 0.18965768814086914 144
1646474583987 0.27821266651153564 145
1646474584314 0.21936626732349396 146
1646474584663 0.23761282861232758 147
1646474584974 0.2855605483055115 148
1646474585330 0.24168914556503296 149
1646474585845 0.23928073048591614 150
1646474586245 0.2116680145263672 151
1646474586716 0.23979179561138153 152
1646474587137 0.22182053327560425 153
1646474587527 0.18601396679878235 154
1646474587877 0.21232348680496216 155
1646474588255 0.21074241399765015 156
1646474588631 0.2348642498254776 157
1646474588995 0.2703166902065277 158
1646474589570 0.13780073821544647 159
1646474590047 0.16727517545223236 160
1646474590496 0.1979512870311737 161
1646474590958 0.23120297491550446 162
1646474591296 0.211560919880867 163
1646474591731 0.1884608119726181 164
1646474592162 0.20143364369869232 165
1646474592549 0.1549740433692932 166
1646474592997 0.16281786561012268 167
1646474593547 0.22627869248390198 168
1646474593962 0.19335129857063293 169
1646474594461 0.10174273699522018 170
1646474594906 0.21272361278533936 171
1646474595247 0.2566347122192383 172
1646474595626 0.1418079137802124 173
1646474595947 0.10442978888750076 174
1646474596278 0.1992124766111374 175
1646474596655 0.22595427930355072 176
1646474597131 0.15599626302719116 177
1646474597514 0.16192711889743805 178
1646474597899 0.13087314367294312 179
1646474598409 0.18203479051589966 180
1646474598815 0.14944712817668915 181
1646474599212 0.16478005051612854 182
1646474599582 0.199075385928154 183
1646474599971 0.15782871842384338 184
1646474600317 0.1888480931520462 185
1646474600714 0.24759060144424438 186
1646474601149 0.17101123929023743 187
1646474601534 0.15020067989826202 188
1646474602095 0.1821095198392868 189
1646474602454 0.15413054823875427 190
1646474602871 0.17779594659805298 191
1646474603253 0.11177606880664825 192
1646474603667 0.11751369386911392 193
1646474604082 0.15378057956695557 194
1646474604644 0.19236840307712555 195
1646474605030 0.12213128060102463 196
1646474605412 0.14886967837810516 197
1646474605763 0.14376480877399445 198
1646474606115 0.12339183688163757 199
1646474606547 0.12589585781097412 200
1646474606969 0.1734088957309723 201
1646474607659 0.1387263536453247 202
1646474608058 0.14003239572048187 203
1646474608436 0.1526111364364624 204
1646474608779 0.11969585716724396 205
1646474609145 0.14012479782104492 206
1646474609516 0.20465819537639618 207
1646474609881 0.17388007044792175 208
1646474610263 0.15805278718471527 209
1646474610625 0.16112111508846283 210
1646474611014 0.12504933774471283 211
1646474611327 0.12665274739265442 212
1646474611699 0.10503612458705902 213
1646474612046 0.09264117479324341 214
1646474612550 0.1238829717040062 215
1646474613062 0.12478871643543243 216
1646474613360 0.13128751516342163 217
1646474613680 0.10466179996728897 218
1646474613993 0.1651308685541153 219
1646474614311 0.10637024790048599 220
1646474614831 0.12007498741149902 221
1646474615227 0.12404982000589371 222
1646474615611 0.11859949678182602 223
1646474616094 0.15049313008785248 224
1646474616400 0.12578004598617554 225
1646474616710 0.13706032931804657 226
1646474617027 0.11384628713130951 227
1646474617353 0.17299969494342804 228
1646474617678 0.1394570916891098 229
1646474617994 0.10737689584493637 230
1646474618433 0.09978372603654861 231
1646474618849 0.09705138206481934 232
1646474619219 0.13197512924671173 233
1646474619667 0.13459132611751556 234
1646474619995 0.13402098417282104 235
1646474620322 0.12184444814920425 236
1646474620641 0.14649851620197296 237
1646474620945 0.09819906204938889 238
1646474621262 0.18250827491283417 239
1646474621606 0.11285962909460068 240
1646474621949 0.14241410791873932 241
1646474622545 0.1060539186000824 242
1646474622912 0.07669033855199814 243
1646474623313 0.14563171565532684 244
1646474623759 0.15056820213794708 245
1646474624115 0.16836775839328766 246
1646474624480 0.15809018909931183 247
1646474624845 0.12538757920265198 248
1646474625181 0.11435550451278687 249
1646474625559 0.09285064041614532 250
1646474626177 0.18371741473674774 251
1646474626578 0.17027035355567932 252
1646474626929 0.07205396890640259 253
1646474627242 0.10460413992404938 254
1646474627577 0.09923151880502701 255
1646474627881 0.11237870156764984 256
1646474628194 0.13793152570724487 257
1646474628529 0.1085120141506195 258
1646474628844 0.14753007888793945 259
1646474629160 0.11582572013139725 260
1646474629503 0.16773298382759094 261
1646474630013 0.08603714406490326 262
1646474630386 0.07657193392515182 263
1646474630771 0.12987758219242096 264
1646474631243 0.11538268625736237 265
1646474631544 0.08645106852054596 266
1646474631868 0.09742676466703415 267
1646474632177 0.12675274908542633 268
1646474632491 0.10990326851606369 269
1646474632810 0.11471088975667953 270
1646474633107 0.15424413979053497 271
1646474633457 0.17323759198188782 272
1646474633932 0.11286803334951401 273
1646474634294 0.13684681057929993 274
1646474634662 0.12822288274765015 275
1646474635105 0.12932579219341278 276
1646474635410 0.11314141005277634 277
1646474635743 0.14210736751556396 278
1646474636059 0.10814805328845978 279
1646474636375 0.10074374079704285 280
1646474636711 0.09430788457393646 281
1646474637025 0.13145533204078674 282
1646474637548 0.09556163102388382 283
1646474637940 0.10724464058876038 284
1646474638307 0.13636241853237152 285
1646474638763 0.09495668113231659 286
1646474639062 0.10112515091896057 287
1646474639376 0.1114586889743805 288
1646474639711 0.1489456444978714 289
1646474640024 0.10831142216920853 290
1646474640344 0.07877972722053528 291
1646474640682 0.16379095613956451 292
1646474641156 0.18182945251464844 293
1646474641558 0.1426757425069809 294
1646474641911 0.11348826438188553 295
1646474642381 0.1275804340839386 296
1646474642695 0.1456359177827835 297
1646474642992 0.1039239764213562 298
1646474643327 0.09874792397022247 299
