1646474528970 0.95 0
1646474529841 0.9499993783330846 1
1646474529915 0.9499975133477971 2
1646474529947 0.9499944050905136 3
1646474529988 0.9499900536385262 4
1646474530016 0.9499844591000408 5
1646474530068 0.9499776216141751 6
1646474530083 0.9499695413509548 7
1646474530590 0.949960218511309 8
1646474530628 0.9499496533270657 9
1646474530665 0.9499378460609461 10
1646474530707 0.9499247970065575 11
1646474530744 0.9499105064883867 12
1646474530767 0.9498949748617913 13
1646474530809 0.9498782025129912 14
1646474530951 0.949860189859059 15
1646474530996 0.9498409373479095 16
1646474531017 0.9498204454582888 17
1646474531123 0.949798714699762 18
1646474531200 0.9497757456127007 19
1646474531262 0.94975153876827 20
1646474531325 0.9497260947684136 21
1646474531545 0.9496994142458393 22
1646474531611 0.9496714978640027 23
1646474531662 0.9496423463170918 24
1646474531684 0.9496119603300086 25
1646474531725 0.9495803406583515 26
1646474531751 0.9495474880883967 27
1646474531786 0.9495134034370785 28
1646474531901 0.9494780875519688 29
1646474531940 0.9494415413112564 30
1646474531967 0.9494037656237247 31
1646474532002 0.9493647614287297 32
1646474532031 0.949324529696176 33
1646474532065 0.9492830714264932 34
1646474532083 0.9492403876506104 35
1646474532215 0.9491964794299315 36
1646474532253 0.9491513478563078 37
1646474532283 0.9491049940520119 38
1646474532317 0.9490574191697085 39
1646474532348 0.9490086243924272 40
1646474532388 0.9489586109335315 41
1646474532416 0.9489073800366903 42
1646474532540 0.9488549329758454 43
1646474532580 0.9488012710551812 44
1646474532612 0.9487463956090911 45
1646474532647 0.9486903080021453 46
1646474532678 0.948633009629056 47
1646474532714 0.9485745019146433 48
1646474532749 0.9485147863137998 49
1646474532942 0.9484538643114538 50
1646474533003 0.9483917374225332 51
1646474533055 0.9483284071919273 52
1646474533113 0.9482638751944483 53
1646474533154 0.9481981430347927 54
1646474533183 0.9481312123475005 55
1646474533235 0.9480630847969159 56
1646474533368 0.9479937620771444 57
1646474533414 0.9479232459120117 58
1646474533449 0.9478515380550205 59
1646474533490 0.947778640289307 60
1646474533517 0.9477045544275962 61
1646474533564 0.9476292823121573 62
1646474533607 0.9475528258147576 63
1646474533729 0.9474751868366162 64
1646474533769 0.9473963673083565 65
1646474533800 0.9473163691899582 66
1646474533835 0.9472351944707085 67
1646474533867 0.947152845169153 68
1646474533906 0.9470693233330452 69
1646474533946 0.9469846310392954 70
1646474534130 0.9468987703939197 71
1646474534207 0.9468117435319868 72
1646474534294 0.9467235526175657 73
1646474534317 0.9466341998436714 74
1646474534363 0.9465436874322102 75
1646474534399 0.9464520176339251 76
1646474534439 0.9463591927283393 77
1646474534565 0.9462652150236998 78
1646474534605 0.9461700868569197 79
1646474534635 0.9460738105935204 80
1646474534673 0.9459763886275725 81
1646474534701 0.9458778233816366 82
1646474534739 0.9457781173067029 83
1646474534766 0.94567727288213 84
1646474534904 0.9455752926155836 85
1646474534946 0.9454721790429741 86
1646474534966 0.9453679347283932 87
1646474535013 0.9452625622640507 88
1646474535034 0.9451560642702095 89
1646474535080 0.945048443395121 90
1646474535106 0.9449397023149583 91
1646474535241 0.944829843733751 92
1646474535278 0.9447188703833168 93
1646474535310 0.9446067850231942 94
1646474535342 0.9444935904405733 95
1646474535376 0.9443792894502276 96
1646474535420 0.9442638848944427 97
1646474535449 0.9441473796429463 98
1646474535579 0.9440297765928368 99
1646474535618 0.9439110786685114 100
1646474535648 0.9437912888215928 101
1646474535689 0.9436704100308564 102
1646474535718 0.9435484453021562 103
1646474535759 0.9434253976683494 104
1646474535785 0.9433012701892219 105
1646474535920 0.9431760659514115 106
1646474535961 0.9430497880683315 107
1646474535993 0.9429224396800933 108
1646474536029 0.9427940239534279 109
1646474536049 0.9426645440816077 110
1646474536097 0.942534003284367 111
1646474536117 0.9424024048078212 112
1646474536265 0.9422697519243874 113
1646474536307 0.9421360479327019 114
1646474536333 0.9420012961575386 115
1646474536382 0.9418654999497261 116
1646474536417 0.941728662686065 117
1646474536460 0.9415907877692434 118
1646474536501 0.941451878627752 119
1646474536792 0.9413119387157997 120
1646474536843 0.9411709715132269 121
1646474536881 0.9410289805254195 122
1646474536924 0.9408859692832215 123
1646474536950 0.9407419413428472 124
1646474537001 0.9405969002857928 125
1646474537032 0.9404508497187474 126
1646474537166 0.9403037932735031 127
1646474537207 0.9401557346068651 128
1646474537234 0.9400066774005603 129
1646474537266 0.9398566253611461 130
1646474537292 0.9397055822199181 131
1646474537343 0.9395535517328171 132
1646474537367 0.939400537680336 133
1646474537515 0.9392465438674261 134
1646474537562 0.9390915741234015 135
1646474537599 0.9389356323018446 136
1646474537633 0.9387787222805106 137
1646474537665 0.9386208479612299 138
1646474537694 0.9384620132698124 139
1646474537733 0.9383022221559488 140
1646474537896 0.9381414785931133 141
1646474537955 0.9379797865784638 142
1646474538027 0.9378171501327436 143
1646474538071 0.9376535733001805 144
1646474538100 0.9374890601483866 145
1646474538131 0.9373236147682574 146
1646474538149 0.9371572412738697 147
1646474538274 0.9369899438023792 148
1646474538314 0.936821726513918 149
1646474538394 0.9366525935914912 150
1646474538452 0.9364825492408725 151
1646474538494 0.9363115976904997 152
1646474538516 0.9361397431913695 153
1646474538563 0.9359669900169325 154
1646474538682 0.9357933424629858 155
1646474538722 0.9356188048475672 156
1646474538750 0.9354433815108469 157
1646474538784 0.9352670768150204 158
1646474538800 0.9350898951441995 159
1646474538844 0.9349118409043036 160
1646474538867 0.9347329185229498 161
1646474538989 0.9345531324493432 162
1646474539026 0.9343724871541659 163
1646474539057 0.9341909871294659 164
1646474539089 0.934008636888546 165
1646474539119 0.9338254409658502 166
1646474539152 0.9336414039168526 167
1646474539179 0.9334565303179428 168
1646474539308 0.9332708247663131 169
1646474539344 0.933084291879843 170
1646474539374 0.9328969362969856 171
1646474539413 0.9327087626766517 172
1646474539445 0.9325197756980937 173
1646474539477 0.9323299800607899 174
1646474539501 0.9321393804843269 175
1646474539624 0.9319479817082827 176
1646474539671 0.9317557884921089 177
1646474539702 0.9315628056150119 178
1646474539738 0.9313690378758346 179
1646474539766 0.9311744900929366 180
1646474539800 0.9309791671040749 181
1646474539815 0.9307830737662829 182
1646474539926 0.9305862149557502 183
1646474539977 0.9303885955677015 184
1646474540007 0.9301902205162739 185
1646474540043 0.9299910947343957 186
1646474540071 0.9297912231736634 187
1646474540104 0.9295906108042183 188
1646474540133 0.9293892626146236 189
1646474540297 0.9291871836117395 190
1646474540353 0.9289843788205991 191
1646474540404 0.9287808532842836 192
1646474540455 0.9285766120637968 193
1646474540517 0.928371660237939 194
1646474540577 0.9281660029031811 195
1646474540620 0.9279596451735372 196
1646474540773 0.9277525921804387 197
1646474540820 0.927544849072605 198
1646474540848 0.9273364210159172 199
1646474540891 0.9271273131932879 200
1646474540917 0.9269175308045341 201
1646474540966 0.9267070790662464 202
1646474540999 0.9264959632116602 203
1646474541128 0.9262841884905252 204
1646474541166 0.9260717601689749 205
1646474541197 0.9258586835293956 206
1646474541234 0.9256449638702953 207
1646474541265 0.9254306065061715 208
1646474541299 0.9252156167673797 209
1646474541323 0.9249999999999999 210
1646474541465 0.9247837615657049 211
1646474541509 0.9245669068416256 212
1646474541566 0.9243494412202183 213
1646474541614 0.9241313701091305 214
1646474541681 0.9239126989310659 215
1646474541736 0.9236934331236499 216
1646474541780 0.9234735781392945 217
1646474541886 0.9232531394450625 218
1646474541923 0.9230321225225315 219
1646474541954 0.9228105328676581 220
1646474541988 0.9225883759906404 221
1646474542017 0.9223656574157816 222
1646474542052 0.9221423826813525 223
1646474542079 0.9219185573394538 224
1646474542188 0.9216941869558779 225
1646474542227 0.9214692771099704 226
1646474542259 0.9212438333944919 227
1646474542295 0.9210178614154783 228
1646474542316 0.9207913667921016 229
1646474542359 0.9205643551565306 230
1646474542384 0.9203368321537899 231
1646474542511 0.9201088034416208 232
1646474542546 0.9198802746903394 233
1646474542579 0.9196512515826961 234
1646474542615 0.9194217398137348 235
1646474542633 0.9191917450906499 236
1646474542679 0.9189612731326464 237
1646474542700 0.9187303296707956 238
1646474542822 0.9184989204478939 239
1646474542859 0.9182670512183198 240
1646474542890 0.9180347277478902 241
1646474542925 0.9178019558137178 242
1646474542949 0.9175687412040671 243
1646474542988 0.9173350897182103 244
1646474543014 0.9171010071662834 245
1646474543129 0.9168664993691414 246
1646474543167 0.9166315721582141 247
1646474543195 0.9163962313753602 248
1646474543231 0.916160482872723 249
1646474543249 0.9159243325125842 250
1646474543298 0.9156877861672185 251
1646474543316 0.9154508497187474 252
1646474543447 0.9152135290589928 253
1646474543483 0.9149758300893309 254
1646474543512 0.9147377587205452 255
1646474543546 0.9144993208726793 256
1646474543566 0.9142605224748901 257
1646474543610 0.9140213694653001 258
1646474543632 0.9137818677908499 259
1646474543768 0.9135420234071502 260
1646474543808 0.9133018422783337 261
1646474543832 0.9130613303769068 262
1646474543868 0.9128204936836014 263
1646474543900 0.9125793381872254 264
1646474543946 0.9123378698845146 265
1646474543992 0.9120960947799833 266
1646474544189 0.9118540188857749 267
1646474544243 0.9116116482215121 268
1646474544280 0.9113689888141481 269
1646474544333 0.9111260466978157 270
1646474544365 0.910882827913678 271
1646474544414 0.9106393385097781 272
1646474544457 0.910395584540888 273
1646474544583 0.9101515720683587 274
1646474544630 0.9099073071599698 275
1646474544649 0.9096627958897776 276
1646474544693 0.9094180443379648 277
1646474544717 0.9091730585906891 278
1646474544760 0.9089278447399318 279
1646474544782 0.9086824088833465 280
1646474544924 0.9084367571241072 281
1646474544964 0.9081908955707568 282
1646474544997 0.9079448303370551 283
1646474545035 0.9076985675418267 284
1646474545065 0.9074521133088087 285
1646474545104 0.907205473766499 286
1646474545142 0.9069586550480032 287
1646474545325 0.9067116632908827 288
1646474545415 0.9064645046370017 289
1646474545471 0.9062171852323743 290
1646474545500 0.9059697112270122 291
1646474545539 0.9057220887747716 292
1646474545567 0.9054743240331998 293
1646474545595 0.9052264231633826 294
1646474545693 0.9049783923297908 295
1646474545750 0.9047302377001268 296
1646474545779 0.9044819654451717 297
1646474545815 0.9042335817386311 298
1646474545832 0.9039850927569826 299
1646474545879 0.9037365046793212 300
1646474545899 0.9034878236872063 301
1646474546021 0.9032390559645076 302
1646474546057 0.9029902076972517 303
1646474546090 0.902741285073468 304
1646474546124 0.9024922942830348 305
1646474546154 0.9022432415175257 306
1646474546189 0.9019941329700553 307
1646474546216 0.9017449748351251 308
1646474546331 0.9014957733084699 309
1646474546367 0.9012465345869036 310
1646474546396 0.9009972648681649 311
1646474546432 0.9007479703507631 312
1646474546466 0.9004986572338246 313
1646474546500 0.9002493317169379 314
1646474546526 0.8999999999999999 315
1646474546625 0.899750668283062 316
1646474546674 0.8995013427661753 317
1646474546706 0.8992520296492368 318
1646474546742 0.899002735131835 319
1646474546767 0.8987534654130963 320
1646474546808 0.8985042266915301 321
1646474546834 0.8982550251648749 322
1646474546947 0.8980058670299448 323
1646474546986 0.8977567584824743 324
1646474547015 0.8975077057169651 325
1646474547050 0.897258714926532 326
1646474547066 0.8970097923027482 327
1646474547116 0.8967609440354923 328
1646474547132 0.8965121763127937 329
1646474547255 0.8962634953206787 330
1646474547294 0.8960149072430174 331
1646474547327 0.8957664182613688 332
1646474547359 0.8955180345548283 333
1646474547382 0.8952697622998731 334
1646474547433 0.8950216076702091 335
1646474547453 0.8947735768366173 336
1646474547581 0.8945256759668001 337
1646474547623 0.8942779112252284 338
1646474547661 0.8940302887729877 339
1646474547713 0.8937828147676257 340
1646474547754 0.8935354953629984 341
1646474547824 0.8932883367091172 342
1646474547885 0.8930413449519967 343
1646474548077 0.892794526233501 344
1646474548124 0.8925478866911912 345
1646474548149 0.8923014324581733 346
1646474548194 0.8920551696629448 347
1646474548231 0.8918091044292431 348
1646474548277 0.8915632428758927 349
1646474548316 0.8913175911166534 350
1646474548455 0.8910721552600681 351
1646474548496 0.8908269414093108 352
1646474548536 0.8905819556620351 353
1646474548571 0.8903372041102223 354
1646474548599 0.8900926928400301 355
1646474548637 0.8898484279316412 356
1646474548665 0.8896044154591121 357
1646474548797 0.8893606614902219 358
1646474548845 0.8891171720863219 359
1646474548882 0.8888739533021842 360
1646474548928 0.8886310111858519 361
1646474548965 0.8883883517784879 362
1646474549004 0.8881459811142252 363
1646474549068 0.8879039052200166 364
1646474549272 0.8876621301154852 365
1646474549310 0.8874206618127746 366
1646474549341 0.8871795063163985 367
1646474549374 0.8869386696230931 368
1646474549399 0.8866981577216662 369
1646474549443 0.8864579765928498 370
1646474549466 0.88621813220915 371
1646474549587 0.8859786305346998 372
1646474549626 0.8857394775251098 373
1646474549658 0.8855006791273207 374
1646474549694 0.8852622412794547 375
1646474549715 0.885024169910669 376
1646474549759 0.8847864709410072 377
1646474549783 0.8845491502812526 378
1646474549901 0.8843122138327815 379
1646474549940 0.8840756674874157 380
1646474549965 0.8838395171272769 381
1646474550006 0.8836037686246397 382
1646474550040 0.8833684278417859 383
1646474550071 0.8831335006308585 384
1646474550102 0.8828989928337165 385
1646474550210 0.8826649102817896 386
1646474550250 0.8824312587959329 387
1646474550282 0.8821980441862821 388
1646474550316 0.8819652722521097 389
1646474550332 0.8817329487816802 390
1646474550380 0.881501079552106 391
1646474550411 0.8812696703292043 392
1646474550528 0.8810387268673535 393
1646474550570 0.88080825490935 394
1646474550599 0.8805782601862653 395
1646474550640 0.8803487484173038 396
1646474550668 0.8801197253096605 397
1646474550704 0.8798911965583791 398
1646474550732 0.87966316784621 399
1646474550845 0.8794356448434694 400
1646474550883 0.8792086332078983 401
1646474550911 0.8789821385845217 402
1646474550944 0.878756166605508 403
1646474550966 0.8785307228900295 404
1646474551012 0.878305813044122 405
1646474551033 0.8780814426605461 406
1646474551160 0.8778576173186474 407
1646474551198 0.8776343425842184 408
1646474551227 0.8774116240093596 409
1646474551261 0.8771894671323418 410
1646474551282 0.8769678774774684 411
1646474551325 0.8767468605549374 412
1646474551350 0.8765264218607054 413
1646474551545 0.87630656687635 414
1646474551611 0.8760873010689341 415
1646474551659 0.8758686298908694 416
1646474551698 0.8756505587797816 417
1646474551769 0.8754330931583744 418
1646474551814 0.8752162384342951 419
1646474551837 0.875 420
1646474551987 0.8747843832326203 421
1646474552025 0.8745693934938285 422
1646474552062 0.8743550361297047 423
1646474552104 0.8741413164706043 424
1646474552138 0.8739282398310251 425
1646474552175 0.8737158115094747 426
1646474552200 0.8735040367883398 427
1646474552344 0.8732929209337535 428
1646474552390 0.8730824691954658 429
1646474552422 0.872872686806712 430
1646474552463 0.8726635789840828 431
1646474552482 0.8724551509273949 432
1646474552530 0.8722474078195612 433
1646474552548 0.8720403548264626 434
1646474552753 0.8718339970968189 435
1646474552808 0.8716283397620609 436
1646474552871 0.8714233879362031 437
1646474552917 0.8712191467157163 438
1646474552932 0.8710156211794009 439
1646474552980 0.8708128163882605 440
1646474552998 0.8706107373853763 441
1646474553110 0.8704093891957816 442
1646474553161 0.8702087768263366 443
1646474553197 0.8700089052656043 444
1646474553234 0.8698097794837261 445
1646474553249 0.8696114044322985 446
1646474553293 0.8694137850442496 447
1646474553321 0.869216926233717 448
1646474553453 0.869020832895925 449
1646474553494 0.8688255099070633 450
1646474553516 0.8686309621241654 451
1646474553563 0.868437194384988 452
1646474553591 0.868244211507891 453
1646474553625 0.8680520182917172 454
1646474553649 0.8678606195156731 455
1646474553766 0.86767001993921 456
1646474553804 0.8674802243019062 457
1646474553838 0.8672912373233482 458
1646474553873 0.8671030637030144 459
1646474553900 0.8669157081201571 460
1646474553945 0.866729175233687 461
1646474553982 0.8665434696820571 462
1646474554108 0.8663585960831474 463
1646474554147 0.8661745590341497 464
1646474554183 0.865991363111454 465
1646474554216 0.865809012870534 466
1646474554232 0.8656275128458341 467
1646474554278 0.8654468675506567 468
1646474554298 0.8652670814770501 469
1646474554429 0.8650881590956964 470
1646474554466 0.8649101048558004 471
1646474554498 0.8647329231849795 472
1646474554533 0.864556618489153 473
1646474554564 0.8643811951524327 474
1646474554599 0.8642066575370141 475
1646474554626 0.8640330099830674 476
1646474554742 0.8638602568086304 477
1646474554780 0.8636884023095003 478
1646474554812 0.8635174507591274 479
1646474554847 0.8633474064085087 480
1646474554865 0.8631782734860819 481
1646474554910 0.8630100561976208 482
1646474554931 0.8628427587261303 483
1646474555059 0.8626763852317425 484
1646474555103 0.8625109398516133 485
1646474555133 0.8623464266998194 486
1646474555191 0.8621828498672562 487
1646474555230 0.8620202134215361 488
1646474555295 0.8618585214068867 489
1646474555356 0.8616977778440511 490
1646474555538 0.8615379867301876 491
1646474555578 0.86137915203877 492
1646474555614 0.8612212777194893 493
1646474555668 0.8610643676981553 494
1646474555718 0.8609084258765984 495
1646474555769 0.8607534561325738 496
1646474555798 0.8605994623196639 497
1646474555942 0.860446448267183 498
1646474555983 0.860294417780082 499
1646474556015 0.8601433746388538 500
1646474556048 0.8599933225994396 501
1646474556065 0.8598442653931349 502
1646474556119 0.8596962067264968 503
1646474556147 0.8595491502812526 504
1646474556278 0.8594030997142071 505
1646474556317 0.8592580586571528 506
1646474556349 0.8591140307167784 507
1646474556381 0.8589710194745804 508
1646474556443 0.858829028486773 509
1646474556521 0.8586880612842003 510
1646474556574 0.8585481213722479 511
1646474556739 0.8584092122307565 512
1646474556779 0.8582713373139349 513
1646474556807 0.8581345000502738 514
1646474556841 0.8579987038424614 515
1646474556866 0.857863952067298 516
1646474556901 0.8577302480756125 517
1646474556927 0.8575975951921787 518
1646474557043 0.857465996715633 519
1646474557083 0.8573354559183922 520
1646474557115 0.857205976046572 521
1646474557156 0.8570775603199067 522
1646474557183 0.8569502119316684 523
1646474557217 0.8568239340485885 524
1646474557232 0.856698729810778 525
1646474557356 0.8565746023316505 526
1646474557398 0.8564515546978437 527
1646474557433 0.8563295899691435 528
1646474557472 0.8562087111784071 529
1646474557500 0.8560889213314885 530
1646474557530 0.8559702234071631 531
1646474557556 0.8558526203570537 532
1646474557672 0.8557361151055572 533
1646474557710 0.8556207105497723 534
1646474557743 0.8555064095594266 535
1646474557777 0.8553932149768058 536
1646474557799 0.8552811296166831 537
1646474557841 0.8551701562662489 538
1646474557866 0.8550602976850417 539
1646474557979 0.854951556604879 540
1646474558020 0.8548439357297904 541
1646474558054 0.8547374377359492 542
1646474558090 0.8546320652716067 543
1646474558115 0.8545278209570258 544
1646474558158 0.8544247073844163 545
1646474558181 0.8543227271178699 546
1646474558301 0.854221882693297 547
1646474558338 0.8541221766183633 548
1646474558369 0.8540236113724274 549
1646474558407 0.8539261894064796 550
1646474558433 0.8538299131430802 551
1646474558478 0.8537347849763002 552
1646474558499 0.8536408072716606 553
1646474558626 0.8535479823660749 554
1646474558663 0.8534563125677898 555
1646474558692 0.8533658001563286 556
1646474558727 0.8532764473824342 557
1646474558756 0.8531882564680131 558
1646474558791 0.8531012296060803 559
1646474558816 0.8530153689607045 560
1646474559014 0.8529306766669548 561
1646474559148 0.8528471548308469 562
1646474559244 0.8527648055292915 563
1646474559314 0.8526836308100417 564
1646474559355 0.8526036326916434 565
1646474559383 0.8525248131633837 566
1646474559446 0.8524471741852423 567
1646474559609 0.8523707176878427 568
1646474559654 0.8522954455724038 569
1646474559681 0.8522213597106929 570
1646474559733 0.8521484619449794 571
1646474559765 0.8520767540879882 572
1646474559797 0.8520062379228556 573
1646474559833 0.851936915203084 574
1646474559971 0.8518687876524994 575
1646474560009 0.8518018569652073 576
1646474560047 0.8517361248055516 577
1646474560090 0.8516715928080726 578
1646474560116 0.8516082625774667 579
1646474560164 0.8515461356885461 580
1646474560182 0.8514852136862001 581
1646474560440 0.8514254980853566 582
1646474560483 0.851366990370944 583
1646474560512 0.8513096919978547 584
1646474560546 0.8512536043909088 585
1646474560565 0.8511987289448187 586
1646474560608 0.8511450670241545 587
1646474560631 0.8510926199633096 588
1646474560756 0.8510413890664684 589
1646474560794 0.8509913756075728 590
1646474560823 0.8509425808302914 591
1646474560858 0.8508950059479881 592
1646474560883 0.8508486521436921 593
1646474560925 0.8508035205700685 594
1646474560961 0.8507596123493896 595
1646474561073 0.8507169285735068 596
1646474561111 0.850675470303824 597
1646474561141 0.8506352385712702 598
1646474561175 0.8505962343762752 599
1646474561199 0.8505584586887436 600
1646474561239 0.8505219124480311 601
1646474561273 0.8504865965629215 602
1646474561388 0.8504525119116032 603
1646474561427 0.8504196593416484 604
1646474561463 0.8503880396699913 605
1646474561498 0.850357653682908 606
1646474561514 0.8503285021359972 607
1646474561562 0.8503005857541607 608
1646474561582 0.8502739052315863 609
1646474561710 0.8502484612317299 610
1646474561748 0.8502242543872992 611
1646474561778 0.850201285300238 612
1646474561811 0.8501795545417112 613
1646474561841 0.8501590626520904 614
1646474561876 0.850139810140941 615
1646474561898 0.8501217974870088 616
1646474562027 0.8501050251382086 617
1646474562070 0.8500894935116132 618
1646474562101 0.8500752029934424 619
1646474562139 0.8500621539390538 620
1646474562165 0.8500503466729342 621
1646474562207 0.850039781488691 622
1646474562240 0.8500304586490451 623
1646474562357 0.8500223783858248 624
1646474562397 0.8500155408999591 625
1646474562437 0.8500099463614738 626
1646474562472 0.8500055949094864 627
1646474562499 0.8500024866522028 628
1646474562537 0.8500006216669154 629
1646474562564 0.8500001141839123 630
1646474562743 0.8500004567351277 631
1646474562807 0.8500010276520816 632
1646474562877 0.8500018269321666 633
1646474562936 0.850002854571732 634
1646474562987 0.850004110566084 635
1646474563040 0.8500055949094864 636
1646474563064 0.8500073075951593 637
1646474563219 0.8500092486152805 638
1646474563260 0.8500114179609846 639
1646474563298 0.8500138156223634 640
1646474563339 0.850016441588466 641
1646474563385 0.8500192958472986 642
1646474563414 0.8500223783858248 643
1646474563467 0.8500256891899656 644
1646474563603 0.8500292282445993 645
1646474563650 0.8500329955335618 646
1646474563680 0.8500369910396466 647
1646474563722 0.8500412147446047 648
1646474563773 0.850045666629145 649
1646474563799 0.8500503466729342 650
1646474563840 0.8500552548545969 651
1646474563992 0.8500603911517155 652
1646474564055 0.8500657555408307 653
1646474564139 0.8500713479974417 654
1646474564165 0.8500771684960056 655
1646474564198 0.8500832170099379 656
1646474564226 0.8500894935116132 657
1646474564256 0.8500959979723643 658
1646474564373 0.8501027303624832 659
1646474564413 0.8501096906512204 660
1646474564448 0.850116878806786 661
1646474564482 0.850124294796349 662
1646474564512 0.850131938586038 663
1646474564545 0.850139810140941 664
1646474564564 0.8501479094251059 665
1646474564674 0.8501562364015404 666
1646474564732 0.8501647910322121 667
1646474564761 0.8501735732780491 668
1646474564798 0.8501825830989397 669
1646474564821 0.8501918204537328 670
1646474564860 0.850201285300238 671
1646474564891 0.8502109775952262 672
1646474564997 0.8502208972944292 673
1646474565037 0.85023104435254 674
1646474565066 0.8502414187232137 675
1646474565097 0.8502520203590664 676
1646474565129 0.850262849211677 677
1646474565161 0.8502739052315863 678
1646474565187 0.8502851883682973 679
1646474565301 0.850296698570276 680
1646474565339 0.8503084357849511 681
1646474565371 0.8503203999587147 682
1646474565410 0.850332591036922 683
1646474565431 0.8503450089638922 684
1646474565475 0.850357653682908 685
1646474565500 0.8503705251362167 686
1646474565624 0.8503836232650296 687
1646474565673 0.8503969480095228 688
1646474565716 0.8504104993088377 689
1646474565764 0.8504242771010805 690
1646474565801 0.850438281323323 691
1646474565843 0.8504525119116032 692
1646474565879 0.8504669688009249 693
1646474565991 0.850481651925258 694
1646474566038 0.8504965612175399 695
1646474566080 0.8505116966096742 696
1646474566123 0.8505270580325324 697
1646474566175 0.8505426454159531 698
1646474566223 0.8505584586887436 699
1646474566287 0.8505744977786787 700
1646474566516 0.8505907626125022 701
1646474566619 0.8506072531159269 702
1646474566688 0.8506239692136348 703
1646474566748 0.8506409108292775 704
1646474566795 0.8506580778854765 705
1646474566840 0.850675470303824 706
1646474566893 0.8506930880048822 707
1646474567073 0.8507109309081852 708
1646474567132 0.8507289989322379 709
1646474567172 0.8507472919945172 710
1646474567198 0.8507658100114721 711
1646474567247 0.8507845528985244 712
1646474567290 0.8508035205700685 713
1646474567325 0.8508227129394723 714
1646474567454 0.8508421299190775 715
1646474567496 0.8508617714201998 716
1646474567529 0.8508816373531294 717
1646474567577 0.8509017276271315 718
1646474567625 0.8509220421504468 719
1646474567663 0.8509425808302914 720
1646474567716 0.850963343572858 721
1646474567907 0.8509843302833157 722
1646474567956 0.8510055408658106 723
1646474568017 0.8510269752234666 724
1646474568047 0.8510486332583853 725
1646474568096 0.8510705148716468 726
1646474568114 0.8510926199633096 727
1646474568156 0.8511149484324124 728
1646474568275 0.8511375001769728 729
1646474568320 0.851160275093989 730
1646474568364 0.8511832730794398 731
1646474568421 0.8512064940282852 732
1646474568461 0.851229937834467 733
1646474568481 0.8512536043909088 734
1646474568521 0.8512774935895171 735
1646474568637 0.8513016053211814 736
1646474568672 0.8513259394757747 737
1646474568697 0.8513504959421545 738
1646474568741 0.8513752746081624 739
1646474568765 0.8514002753606256 740
1646474568803 0.8514254980853566 741
1646474568830 0.8514509426671544 742
1646474568953 0.8514766089898043 743
1646474568992 0.8515024969360792 744
1646474569015 0.8515286063877395 745
1646474569060 0.8515549372255342 746
1646474569080 0.8515814893292009 747
1646474569128 0.8516082625774667 748
1646474569148 0.8516352568480485 749
1646474569273 0.851662472017654 750
1646474569313 0.8516899079619817 751
1646474569342 0.851717564555722 752
1646474569382 0.8517454416725573 753
1646474569413 0.8517735391851629 754
1646474569463 0.8518018569652073 755
1646474569480 0.8518303948833533 756
1646474569614 0.851859152809258 757
1646474569652 0.8518881306115735 758
1646474569680 0.8519173281579482 759
1646474569727 0.8519467453150262 760
1646474569762 0.851976381948449 761
1646474569799 0.8520062379228556 762
1646474569826 0.8520363131018829 763
1646474569945 0.852066607348167 764
1646474569985 0.8520971205233432 765
1646474570014 0.852127852488047 766
1646474570059 0.8521588031019145 767
1646474570109 0.8521899722235834 768
1646474570161 0.8522213597106929 769
1646474570213 0.8522529654198855 770
1646474570433 0.8522847892068064 771
1646474570483 0.8523168309261051 772
1646474570521 0.8523490904314356 773
1646474570574 0.8523815675754574 774
1646474570627 0.8524142622098356 775
1646474570673 0.8524471741852423 776
1646474570701 0.8524803033513567 777
1646474570826 0.8525136495568661 778
1646474570876 0.8525472126494665 779
1646474570913 0.8525809924758634 780
1646474570952 0.852614988881772 781
1646474570981 0.8526492017119189 782
1646474571018 0.8526836308100417 783
1646474571059 0.8527182760188906 784
1646474571197 0.8527531371802285 785
1646474571241 0.8527882141348321 786
1646474571264 0.8528235067224923 787
1646474571320 0.8528590147820153 788
1646474571347 0.8528947381512233 789
1646474571389 0.8529306766669548 790
1646474571428 0.8529668301650658 791
1646474571601 0.8530031984804305 792
1646474571663 0.8530397814469417 793
1646474571724 0.853076578897512 794
1646474571747 0.8531135906640742 795
1646474571792 0.8531508165775826 796
1646474571815 0.8531882564680131 797
1646474571853 0.8532259101643643 798
1646474571968 0.8532637774946584 799
1646474572003 0.8533018582859418 800
1646474572030 0.853340152364286 801
1646474572069 0.8533786595547881 802
1646474572096 0.8534173796815723 803
1646474572131 0.8534563125677898 804
1646474572147 0.8534954580356202 805
1646474572279 0.8535348159062723 806
1646474572318 0.8535743859999848 807
1646474572346 0.8536141681360266 808
1646474572378 0.8536541621326988 809
1646474572403 0.8536943678073345 810
1646474572458 0.8537347849763002 811
1646474572482 0.8537754134549959 812
1646474572598 0.8538162530578571 813
1646474572637 0.8538573035983548 814
1646474572663 0.8538985648889964 815
1646474572697 0.8539400367413271 816
1646474572726 0.8539817189659299 817
1646474572765 0.8540236113724274 818
1646474572791 0.854065713769482 819
1646474572909 0.8541080259647971 820
1646474572949 0.8541505477651177 821
1646474572979 0.8541932789762317 822
1646474573011 0.8542362194029703 823
1646474573030 0.8542793688492094 824
1646474573073 0.8543227271178699 825
1646474573097 0.8543662940109193 826
1646474573225 0.8544100693293721 827
1646474573263 0.8544540528732907 828
1646474573295 0.8544982444417867 829
1646474573332 0.8545426438330213 830
1646474573363 0.8545872508442066 831
1646474573397 0.8546320652716067 832
1646474573444 0.8546770869105381 833
1646474573561 0.8547223155553707 834
1646474573599 0.8547677509995295 835
1646474573626 0.8548133930354943 836
1646474573661 0.8548592414548019 837
1646474573680 0.854905296048046 838
1646474573724 0.854951556604879 839
1646474573748 0.8549980229140125 840
1646474573926 0.8550446947632181 841
1646474573985 0.855091571939329 842
1646474574043 0.8551386542282404 843
1646474574107 0.8551859414149107 844
1646474574161 0.8552334332833623 845
1646474574199 0.8552811296166831 846
1646474574243 0.8553290301970269 847
1646474574386 0.8553771348056147 848
1646474574439 0.8554254432227355 849
1646474574478 0.8554739552277476 850
1646474574529 0.8555226705990794 851
1646474574563 0.8555715891142304 852
1646474574598 0.8556207105497723 853
1646474574635 0.85567003468135 854
1646474574769 0.8557195612836825 855
1646474574808 0.8557692901305645 856
1646474574845 0.8558192209948662 857
1646474574881 0.8558693536485358 858
1646474574910 0.8559196878625995 859
1646474574960 0.8559702234071631 860
1646474574982 0.8560209600514126 861
1646474575167 0.8560718975636158 862
1646474575215 0.8561230357111228 863
1646474575276 0.8561743742603676 864
1646474575355 0.8562259129768686 865
1646474575379 0.8562776516252302 866
1646474575430 0.8563295899691434 867
1646474575461 0.8563817277713875 868
1646474575612 0.8564340647938306 869
1646474575659 0.8564866007974304 870
1646474575696 0.8565393355422368 871
1646474575746 0.856592268787391 872
1646474575763 0.8566454002911283 873
1646474575811 0.856698729810778 874
1646474575846 0.8567522571027653 875
1646474575971 0.8568059819226118 876
1646474576010 0.8568599040249373 877
1646474576040 0.8569140231634602 878
1646474576074 0.8569683390909991 879
1646474576103 0.857022851559474 880
1646474576136 0.8570775603199067 881
1646474576165 0.8571324651224229 882
1646474576285 0.857187565716253 883
1646474576325 0.8572428618497326 884
1646474576356 0.8572983532703049 885
1646474576395 0.8573540397245205 886
1646474576429 0.8574099209580398 887
1646474576478 0.857465996715633 888
1646474576498 0.8575222667411823 889
1646474576629 0.8575787307776823 890
1646474576667 0.8576353885672419 891
1646474576697 0.8576922398510843 892
1646474576727 0.8577492843695499 893
1646474576747 0.8578065218620958 894
1646474576790 0.857863952067298 895
1646474576815 0.8579215747228524 896
1646474576940 0.8579793895655755 897
1646474576978 0.8580373963314065 898
1646474577011 0.858095594755408 899
1646474577045 0.8581539845717667 900
1646474577066 0.8582125655137957 901
1646474577114 0.8582713373139348 902
1646474577130 0.8583302997037525 903
1646474577263 0.8583894524139463 904
1646474577303 0.8584487951743448 905
1646474577330 0.8585083277139084 906
1646474577373 0.8585680497607309 907
1646474577416 0.8586279610420402 908
1646474577446 0.8586880612842003 909
1646474577483 0.8587483502127118 910
1646474577607 0.8588088275522139 911
1646474577675 0.8588694930264849 912
1646474577743 0.8589303463584439 913
1646474577812 0.8589913872701522 914
1646474577871 0.8590526154828141 915
1646474577917 0.8591140307167784 916
1646474577962 0.8591756326915401 917
1646474578154 0.8592374211257408 918
1646474578245 0.8592993957371707 919
1646474578301 0.8593615562427699 920
1646474578330 0.8594239023586289 921
1646474578381 0.8594864337999909 922
1646474578414 0.8595491502812526 923
1646474578461 0.8596120515159653 924
1646474578606 0.8596751372168369 925
1646474578645 0.8597384070957321 926
1646474578684 0.8598018608636753 927
1646474578721 0.8598654982308501 928
1646474578758 0.8599293189066022 929
1646474578796 0.8599933225994396 930
1646474578825 0.8600575090170349 931
1646474578992 0.8601218778662257 932
1646474579056 0.8601864288530165 933
1646474579131 0.8602511616825801 934
1646474579201 0.8603160760592583 935
1646474579226 0.8603811716865643 936
1646474579266 0.8604464482671829 937
1646474579296 0.8605119055029729 938
1646474579415 0.8605775430949676 939
1646474579455 0.8606433607433768 940
1646474579480 0.8607093581475879 941
1646474579512 0.8607755350061671 942
1646474579554 0.8608418910168611 943
1646474579588 0.8609084258765984 944
1646474579621 0.8609751392814907 945
1646474579744 0.861042030926834 946
1646474579781 0.8611091005071101 947
1646474579797 0.8611763477159886 948
1646474579842 0.8612437722463274 949
1646474579873 0.8613113737901746 950
1646474579911 0.86137915203877 951
1646474579931 0.8614471066825461 952
1646474580069 0.8615152374111297 953
1646474580105 0.8615835439133436 954
1646474580130 0.8616520258772076 955
1646474580169 0.8617206829899402 956
1646474580198 0.86178951493796 957
1646474580235 0.8618585214068867 958
1646474580263 0.8619277020815432 959
1646474580379 0.8619970566459569 960
1646474580422 0.8620665847833607 961
1646474580447 0.8621362861761948 962
1646474580497 0.8622061605061079 963
1646474580530 0.8622762074539593 964
1646474580581 0.8623464266998194 965
1646474580628 0.8624168179229721 966
1646474580769 0.8624873808019154 967
1646474580818 0.8625581150143635 968
1646474580852 0.8626290202372482 969
1646474580892 0.8627000961467199 970
1646474580922 0.8627713424181496 971
1646474580962 0.8628427587261303 972
1646474580995 0.862914344744478 973
1646474581128 0.8629861001462342 974
1646474581178 0.8630580246036661 975
1646474581212 0.8631301177882692 976
1646474581251 0.8632023793707683 977
1646474581279 0.8632748090211187 978
1646474581332 0.8633474064085087 979
1646474581370 0.8634201712013599 980
1646474581573 0.8634931030673297 981
1646474581640 0.8635662016733122 982
1646474581708 0.8636394666854401 983
1646474581780 0.8637128977690859 984
1646474581830 0.8637864945888636 985
1646474581881 0.8638602568086304 986
1646474581930 0.8639341840914879 987
1646474582117 0.8640082760997838 988
1646474582165 0.8640825324951136 989
1646474582202 0.8641569529383217 990
1646474582252 0.8642315370895036 991
1646474582292 0.8643062846080068 992
1646474582336 0.8643811951524327 993
1646474582383 0.8644562683806383 994
1646474582531 0.8645315039497371 995
1646474582574 0.8646069015161016 996
1646474582612 0.8646824607353644 997
1646474582646 0.8647581812624194 998
1646474582692 0.864834062751424 999
1646474582747 0.8649101048558004 1000
1646474582785 0.8649863072282372 1001
1646474582973 0.8650626695206911 1002
1646474583027 0.8651391913843881 1003
1646474583082 0.8652158724698257 1004
1646474583170 0.865292712426774 1005
1646474583204 0.8653697109042775 1006
1646474583230 0.8654468675506567 1007
1646474583277 0.8655241820135098 1008
1646474583409 0.865601653939714 1009
1646474583455 0.8656792829754274 1010
1646474583481 0.8657570687660906 1011
1646474583518 0.865835010956428 1012
1646474583546 0.86591310919045 1013
1646474583583 0.865991363111454 1014
1646474583596 0.8660697723620265 1015
1646474583729 0.8661483365840446 1016
1646474583770 0.8662270554186772 1017
1646474583796 0.8663059285063875 1018
1646474583831 0.8663849554869342 1019
1646474583865 0.8664641359993726 1020
1646474583896 0.8665434696820571 1021
1646474583913 0.8666229561726426 1022
1646474584044 0.8667025951080859 1023
1646474584084 0.8667823861246476 1024
1646474584113 0.8668623288578938 1025
1646474584155 0.8669424229426974 1026
1646474584180 0.8670226680132402 1027
1646474584220 0.8671030637030144 1028
1646474584247 0.8671836096448241 1029
1646474584361 0.8672643054707874 1030
1646474584402 0.8673451508123375 1031
1646474584429 0.8674261453002252 1032
1646474584480 0.8675072885645196 1033
1646474584512 0.8675885802346106 1034
1646474584545 0.86767001993921 1035
1646474584587 0.8677516073063538 1036
1646474584708 0.8678333419634032 1037
1646474584744 0.8679152235370472 1038
1646474584774 0.8679972516533032 1039
1646474584810 0.8680794259375197 1040
1646474584829 0.8681617460143773 1041
1646474584875 0.868244211507891 1042
1646474584897 0.8683268220414114 1043
1646474585026 0.8684095772376269 1044
1646474585065 0.8684924767185649 1045
1646474585097 0.8685755201055938 1046
1646474585128 0.868658707019425 1047
1646474585167 0.8687420370801142 1048
1646474585200 0.8688255099070633 1049
1646474585230 0.8689091251190221 1050
1646474585419 0.8689928823340901 1051
1646474585480 0.8690767811697184 1052
1646474585534 0.8691608212427109 1053
1646474585593 0.8692450021692267 1054
1646474585642 0.8693293235647817 1055
1646474585683 0.8694137850442496 1056
1646474585733 0.8694983862218651 1057
1646474585903 0.8695831267112243 1058
1646474585957 0.8696680061252872 1059
1646474586006 0.8697530240763792 1060
1646474586044 0.8698381801761932 1061
1646474586091 0.8699234740357906 1062
1646474586130 0.8700089052656043 1063
1646474586161 0.8700944734754392 1064
1646474586321 0.8701801782744748 1065
1646474586368 0.8702660192712668 1066
1646474586421 0.8703519960737487 1067
1646474586473 0.8704381082892338 1068
1646474586512 0.870524355524417 1069
1646474586566 0.8706107373853763 1070
1646474586598 0.8706972534775751 1071
1646474586794 0.8707839034058633 1072
1646474586844 0.8708706867744802 1073
1646474586909 0.8709576031870548 1074
1646474586966 0.8710446522466091 1075
1646474586995 0.871131833555559 1076
1646474587029 0.8712191467157163 1077
1646474587065 0.8713065913282907 1078
1646474587197 0.8713941669938915 1079
1646474587237 0.8714818733125294 1080
1646474587263 0.8715697098836184 1081
1646474587313 0.8716576763059775 1082
1646474587354 0.8717457721778328 1083
1646474587379 0.8718339970968189 1084
1646474587426 0.8719223506599812 1085
1646474587579 0.8720108324637776 1086
1646474587620 0.8720994421040801 1087
1646474587646 0.8721881791761767 1088
1646474587691 0.8722770432747738 1089
1646474587713 0.8723660339939974 1090
1646474587765 0.8724551509273948 1091
1646474587779 0.8725443936679376 1092
1646474587941 0.8726337618080222 1093
1646474587990 0.8727232549394726 1094
1646474588025 0.8728128726535415 1095
1646474588063 0.872902614540913 1096
1646474588079 0.872992480191704 1097
1646474588130 0.8730824691954658 1098
1646474588146 0.8731725811411868 1099
1646474588307 0.8732628156172935 1100
1646474588351 0.8733531722116529 1101
1646474588388 0.8734436505115741 1102
1646474588440 0.8735342501038106 1103
1646474588476 0.8736249705745618 1104
1646474588496 0.8737158115094747 1105
1646474588547 0.8738067724936467 1106
1646474588687 0.8738978531116264 1107
1646474588732 0.8739890529474161 1108
1646474588766 0.8740803715844737 1109
1646474588802 0.8741718086057144 1110
1646474588829 0.8742633635935129 1111
1646474588877 0.8743550361297047 1112
1646474588912 0.8744468257955886 1113
1646474589067 0.8745387321719288 1114
1646474589115 0.8746307548389558 1115
1646474589176 0.8747228933763695 1116
1646474589237 0.8748151473633402 1117
1646474589303 0.874907516378511 1118
1646474589383 0.875 1119
1646474589433 0.8750925978054012 1120
1646474589647 0.8751853093717874 1121
1646474589703 0.8752781342757121 1122
1646474589763 0.8753710720932107 1123
1646474589811 0.8754641223998031 1124
1646474589845 0.8755572847704953 1125
1646474589894 0.8756505587797816 1126
1646474589938 0.8757439440016463 1127
1646474590110 0.875837440009566 1128
1646474590159 0.8759310463765109 1129
1646474590212 0.8760247626749473 1130
1646474590247 0.8761185884768397 1131
1646474590278 0.8762125233536519 1132
1646474590329 0.87630656687635 1133
1646474590376 0.8764007186154038 1134
1646474590581 0.8764949781407887 1135
1646474590629 0.8765893450219877 1136
1646474590724 0.8766838188279937 1137
1646474590781 0.8767783991273113 1138
1646474590797 0.8768730854879582 1139
1646474590848 0.8769678774774683 1140
1646474590880 0.8770627746628928 1141
1646474591009 0.8771577766108024 1142
1646474591052 0.8772528828872892 1143
1646474591081 0.8773480930579691 1144
1646474591115 0.8774434066879833 1145
1646474591147 0.8775388233420003 1146
1646474591179 0.8776343425842184 1147
1646474591210 0.877729963978367 1148
1646474591361 0.8778256870877092 1149
1646474591407 0.8779215114750436 1150
1646474591429 0.8780174367027058 1151
1646474591484 0.8781134623325713 1152
1646474591513 0.8782095879260566 1153
1646474591576 0.878305813044122 1154
1646474591627 0.8784021372472731 1155
1646474591816 0.8784985600955628 1156
1646474591867 0.8785950811485936 1157
1646474591914 0.8786916999655197 1158
1646474591946 0.8787884161050481 1159
1646474592004 0.878885229125442 1160
1646474592046 0.8789821385845217 1161
1646474592080 0.8790791440396672 1162
1646474592230 0.87917624504782 1163
1646474592273 0.8792734411654852 1164
1646474592297 0.8793707319487334 1165
1646474592337 0.879468116953203 1166
1646474592375 0.879565595734102 1167
1646474592411 0.8796631678462099 1168
1646474592456 0.8797608328438803 1169
1646474592601 0.8798585902810421 1170
1646474592652 0.8799564397112024 1171
1646474592681 0.8800543806874479 1172
1646474592712 0.8801524127624473 1173
1646474592754 0.880250535488453 1174
1646474592794 0.8803487484173038 1175
1646474592830 0.8804470511004261 1176
1646474593105 0.8805454430888364 1177
1646474593169 0.8806439239331436 1178
1646474593233 0.8807424931835505 1179
1646474593282 0.8808411503898561 1180
1646474593325 0.8809398951014579 1181
1646474593383 0.8810387268673535 1182
1646474593429 0.8811376452361431 1183
1646474593599 0.8812366497560312 1184
1646474593651 0.881335739974829 1185
1646474593680 0.8814349154399558 1186
1646474593734 0.8815341756984422 1187
1646474593777 0.881633520296931 1188
1646474593820 0.8817329487816802 1189
1646474593862 0.8818324606985644 1190
1646474594043 0.8819320555930772 1191
1646474594093 0.8820317330103331 1192
1646474594142 0.88213149249507 1193
1646474594178 0.8822313335916505 1194
1646474594225 0.882331255844065 1195
1646474594261 0.8824312587959329 1196
1646474594326 0.8825313419905049 1197
1646474594553 0.8826315049706654 1198
1646474594598 0.8827317472789346 1199
1646474594630 0.8828320684574699 1200
1646474594666 0.8829324680480688 1201
1646474594697 0.8830329455921706 1202
1646474594741 0.8831335006308585 1203
1646474594788 0.8832341327048617 1204
1646474594954 0.8833348413545579 1205
1646474594994 0.8834356261199745 1206
1646474595027 0.8835364865407918 1207
1646474595064 0.8836374221563441 1208
1646474595090 0.8837384325056226 1209
1646474595135 0.8838395171272769 1210
1646474595169 0.8839406755596176 1211
1646474595304 0.8840419073406182 1212
1646474595343 0.8841432120079168 1213
1646474595378 0.8842445890988189 1214
1646474595418 0.8843460381502993 1215
1646474595459 0.8844475586990042 1216
1646474595491 0.8845491502812526 1217
1646474595540 0.8846508124330399 1218
1646474595675 0.8847525446900386 1219
1646474595711 0.8848543465876013 1220
1646474595744 0.8849562176607626 1221
1646474595785 0.8850581574442407 1222
1646474595813 0.8851601654724405 1223
1646474595847 0.8852622412794547 1224
1646474595877 0.8853643843990671 1225
1646474595992 0.8854665943647533 1226
1646474596048 0.885568870709684 1227
1646474596078 0.885671212966727 1228
1646474596116 0.8857736206684483 1229
1646474596148 0.8858760933471157 1230
1646474596182 0.8859786305346998 1231
1646474596212 0.8860812317628768 1232
1646474596329 0.8861838965630302 1233
1646474596367 0.8862866244662535 1234
1646474596396 0.8863894150033514 1235
1646474596449 0.8864922677048431 1236
1646474596477 0.8865951821009637 1237
1646474596516 0.8866981577216662 1238
1646474596546 0.8868011940966245 1239
1646474596741 0.8869042907552346 1240
1646474596797 0.8870074472266173 1241
1646474596855 0.8871106630396203 1242
1646474596914 0.8872139377228202 1243
1646474596957 0.8873172708045246 1244
1646474596996 0.8874206618127746 1245
1646474597048 0.8875241102753464 1246
1646474597189 0.8876276157197542 1247
1646474597228 0.8877311776732517 1248
1646474597262 0.8878347956628345 1249
1646474597297 0.8879384692152423 1250
1646474597330 0.888042197856961 1251
1646474597377 0.888145981114225 1252
1646474597410 0.8882498185130192 1253
1646474597582 0.888353709579081 1254
1646474597629 0.888457653837903 1255
1646474597662 0.8885616508147347 1256
1646474597705 0.8886657000345848 1257
1646474597747 0.8887698010222234 1258
1646474597779 0.8888739533021842 1259
1646474597820 0.8889781563987667 1260
1646474597963 0.8890824098360381 1261
1646474598052 0.8891867131378358 1262
1646474598145 0.8892910658277694 1263
1646474598212 0.8893954674292232 1264
1646474598256 0.8894999174653575 1265
1646474598299 0.8896044154591121 1266
1646474598336 0.8897089609332071 1267
1646474598471 0.8898135534101462 1268
1646474598510 0.8899181924122183 1269
1646474598545 0.8900228774614998 1270
1646474598582 0.8901276080798566 1271
1646474598612 0.8902323837889468 1272
1646474598673 0.8903372041102223 1273
1646474598724 0.8904420685649314 1274
1646474598888 0.8905469766741205 1275
1646474598929 0.8906519279586373 1276
1646474598962 0.8907569219391316 1277
1646474599015 0.8908619581360584 1278
1646474599044 0.89096703606968 1279
1646474599095 0.8910721552600681 1280
1646474599129 0.8911773152271059 1281
1646474599272 0.8912825154904902 1282
1646474599318 0.891387755569734 1283
1646474599354 0.8914930349841683 1284
1646474599392 0.8915983532529446 1285
1646474599433 0.8917037098950366 1286
1646474599475 0.8918091044292431 1287
1646474599505 0.8919145363741896 1288
1646474599639 0.892020005248331 1289
1646474599697 0.8921255105699532 1290
1646474599737 0.8922310518571758 1291
1646474599773 0.8923366286279542 1292
1646474599812 0.8924422404000816 1293
1646474599844 0.8925478866911912 1294
1646474599893 0.8926535670187591 1295
1646474600021 0.8927592809001053 1296
1646474600062 0.8928650278523969 1297
1646474600096 0.8929708073926498 1298
1646474600143 0.8930766190377313 1299
1646474600177 0.8931824623043617 1300
1646474600225 0.8932883367091172 1301
1646474600246 0.8933942417684316 1302
1646474600384 0.8935001769985987 1303
1646474600437 0.8936061419157747 1304
1646474600478 0.8937121360359799 1305
1646474600522 0.8938181588751013 1306
1646474600544 0.893924209948895 1307
1646474600595 0.8940302887729877 1308
1646474600640 0.8941363948628799 1309
1646474600772 0.894242527733947 1310
1646474600819 0.8943486869014424 1311
1646474600901 0.8944548718804994 1312
1646474600954 0.8945610821861334 1313
1646474601001 0.894667317333244 1314
1646474601050 0.8947735768366173 1315
1646474601079 0.8948798602109284 1316
1646474601210 0.8949861669707432 1317
1646474601250 0.8950924966305208 1318
1646474601279 0.8951988487046159 1319
1646474601322 0.8953052227072804 1320
1646474601360 0.8954116181526666 1321
1646474601395 0.8955180345548283 1322
1646474601452 0.895624471427724 1323
1646474601608 0.8957309282852185 1324
1646474601676 0.8958374046410855 1325
1646474601736 0.8959439000090094 1326
1646474601792 0.8960504139025879 1327
1646474601847 0.8961569458353341 1328
1646474601913 0.8962634953206787 1329
1646474601956 0.8963700618719723 1330
1646474602153 0.8964766450024872 1331
1646474602192 0.8965832442254206 1332
1646474602233 0.8966898590538956 1333
1646474602279 0.8967964890009643 1334
1646474602321 0.8969031335796098 1335
1646474602345 0.8970097923027482 1336
1646474602386 0.8971164646832313 1337
1646474602515 0.8972231502338479 1338
1646474602560 0.8973298484673276 1339
1646474602602 0.897436558896341 1340
1646474602646 0.8975432810335039 1341
1646474602679 0.897650014391378 1342
1646474602728 0.8977567584824742 1343
1646474602777 0.8978635128192541 1344
1646474602927 0.8979702769141327 1345
1646474602971 0.89807705027948 1346
1646474603011 0.8981838324276243 1347
1646474603055 0.8982906228708534 1348
1646474603098 0.8983974211214172 1349
1646474603133 0.8985042266915301 1350
1646474603169 0.8986110390933728 1351
1646474603307 0.8987178578390952 1352
1646474603350 0.8988246824408179 1353
1646474603393 0.8989315124106348 1354
1646474603445 0.8990383472606156 1355
1646474603478 0.8991451865028072 1356
1646474603514 0.8992520296492368 1357
1646474603543 0.8993588762119136 1358
1646474603723 0.8994657257028313 1359
1646474603772 0.8995725776339702 1360
1646474603811 0.8996794315172995 1361
1646474603864 0.8997862868647791 1362
1646474603917 0.899893143188363 1363
1646474603962 0.8999999999999999 1364
1646474603995 0.9001068568116369 1365
1646474604171 0.9002137131352208 1366
1646474604247 0.9003205684827005 1367
1646474604315 0.9004274223660297 1368
1646474604371 0.9005342742971686 1369
1646474604419 0.9006411237880864 1370
1646474604464 0.9007479703507631 1371
1646474604517 0.9008548134971928 1372
1646474604695 0.9009616527393843 1373
1646474604738 0.9010684875893651 1374
1646474604777 0.901175317559182 1375
1646474604825 0.9012821421609047 1376
1646474604846 0.9013889609066271 1377
1646474604901 0.9014957733084699 1378
1646474604943 0.9016025788785827 1379
1646474605089 0.9017093771291464 1380
1646474605135 0.9018161675723756 1381
1646474605179 0.9019229497205199 1382
1646474605225 0.9020297230858673 1383
1646474605269 0.9021364871807458 1384
1646474605295 0.9022432415175257 1385
1646474605341 0.9023499856086219 1386
1646474605465 0.902456718966496 1387
1646474605510 0.9025634411036589 1388
1646474605545 0.9026701515326724 1389
1646474605583 0.9027768497661519 1390
1646474605611 0.9028835353167687 1391
1646474605661 0.9029902076972517 1392
1646474605679 0.9030968664203901 1393
1646474605819 0.9032035109990356 1394
1646474605862 0.9033101409461043 1395
1646474605907 0.9034167557745794 1396
1646474605928 0.9035233549975127 1397
1646474605979 0.9036299381280276 1398
1646474606012 0.9037365046793212 1399
1646474606046 0.9038430541646658 1400
1646474606185 0.903949586097412 1401
1646474606229 0.9040560999909906 1402
1646474606263 0.9041625953589144 1403
1646474606325 0.9042690717147814 1404
1646474606369 0.9043755285722759 1405
1646474606410 0.9044819654451717 1406
1646474606457 0.9045883818473334 1407
1646474606608 0.9046947772927195 1408
1646474606662 0.9048011512953841 1409
1646474606696 0.9049075033694791 1410
1646474606756 0.9050138330292568 1411
1646474606792 0.9051201397890716 1412
1646474606845 0.9052264231633826 1413
1646474606877 0.9053326826667559 1414
1646474607046 0.9054389178138665 1415
1646474607090 0.9055451281195005 1416
1646474607129 0.9056513130985575 1417
1646474607329 0.905757472266053 1418
1646474607399 0.90586360513712 1419
1646474607458 0.9059697112270122 1420
1646474607500 0.906075790051105 1421
1646474607734 0.9061818411248986 1422
1646474607788 0.9062878639640201 1423
1646474607835 0.9063938580842252 1424
1646474607862 0.9064998230014012 1425
1646474607915 0.9066057582315683 1426
1646474607946 0.9067116632908827 1427
1646474607983 0.9068175376956382 1428
1646474608119 0.9069233809622687 1429
1646474608162 0.9070291926073502 1430
1646474608193 0.9071349721476031 1431
1646474608235 0.9072407190998947 1432
1646474608275 0.9073464329812408 1433
1646474608311 0.9074521133088087 1434
1646474608343 0.9075577595999184 1435
1646474608488 0.9076633713720458 1436
1646474608530 0.9077689481428242 1437
1646474608561 0.9078744894300468 1438
1646474608594 0.9079799947516689 1439
1646474608626 0.9080854636258103 1440
1646474608673 0.9081908955707568 1441
1646474608695 0.9082962901049634 1442
1646474608849 0.9084016467470554 1443
1646474608887 0.9085069650158316 1444
1646474608925 0.9086122444302659 1445
1646474608963 0.9087174845095097 1446
1646474608996 0.9088226847728941 1447
1646474609036 0.9089278447399318 1448
1646474609073 0.9090329639303198 1449
1646474609203 0.9091380418639415 1450
1646474609246 0.9092430780608685 1451
1646474609279 0.9093480720413626 1452
1646474609319 0.9094530233258793 1453
1646474609346 0.9095579314350686 1454
1646474609398 0.9096627958897776 1455
1646474609428 0.9097676162110532 1456
1646474609572 0.9098723919201434 1457
1646474609615 0.9099771225385002 1458
1646474609646 0.9100818075877816 1459
1646474609693 0.9101864465898537 1460
1646474609727 0.9102910390667929 1461
1646474609768 0.910395584540888 1462
1646474609805 0.9105000825346424 1463
1646474609937 0.9106045325707768 1464
1646474609985 0.9107089341722305 1465
1646474610028 0.9108132868621641 1466
1646474610074 0.9109175901639618 1467
1646474610112 0.9110218436012333 1468
1646474610154 0.9111260466978157 1469
1646474610192 0.9112301989777765 1470
1646474610327 0.9113342999654152 1471
1646474610373 0.9114383491852652 1472
1646474610411 0.911542346162097 1473
1646474610452 0.9116462904209188 1474
1646474610489 0.9117501814869807 1475
1646474610511 0.9118540188857749 1476
1646474610561 0.9119578021430388 1477
1646474610697 0.9120615307847576 1478
1646474610745 0.9121652043371654 1479
1646474610779 0.9122688223267482 1480
1646474610829 0.9123723842802457 1481
1646474610863 0.9124758897246535 1482
1646474610901 0.9125793381872254 1483
1646474610928 0.9126827291954753 1484
1646474611066 0.9127860622771797 1485
1646474611105 0.9128893369603795 1486
1646474611128 0.9129925527733826 1487
1646474611173 0.9130957092447654 1488
1646474611195 0.9131988059033754 1489
1646474611236 0.9133018422783337 1490
1646474611263 0.9134048178990363 1491
1646474611392 0.9135077322951568 1492
1646474611445 0.9136105849966485 1493
1646474611489 0.9137133755337464 1494
1646474611527 0.9138161034369696 1495
1646474611565 0.9139187682371231 1496
1646474611594 0.9140213694653001 1497
1646474611630 0.9141239066528842 1498
1646474611748 0.9142263793315516 1499
1646474611795 0.9143287870332729 1500
1646474611828 0.9144311292903158 1501
1646474611875 0.9145334056352467 1502
1646474611895 0.9146356156009329 1503
1646474611943 0.9147377587205452 1504
1646474611966 0.9148398345275595 1505
1646474612102 0.9149418425557593 1506
1646474612146 0.9150437823392373 1507
1646474612190 0.9151456534123985 1508
1646474612227 0.9152474553099613 1509
1646474612260 0.91534918756696 1510
1646474612301 0.9154508497187474 1511
1646474612328 0.9155524413009958 1512
1646474612637 0.9156539618497005 1513
1646474612701 0.915755410901181 1514
1646474612756 0.9158567879920831 1515
1646474612862 0.9159580926593818 1516
1646474612903 0.9160593244403822 1517
1646474612959 0.916160482872723 1518
1646474612990 0.9162615674943773 1519
1646474613106 0.9163625778436558 1520
1646474613144 0.9164635134592082 1521
1646474613172 0.9165643738800254 1522
1646474613207 0.9166651586454421 1523
1646474613227 0.9167658672951382 1524
1646474613272 0.9168664993691414 1525
1646474613296 0.9169670544078293 1526
1646474613423 0.9170675319519311 1527
1646474613459 0.9171679315425301 1528
1646474613490 0.9172682527210654 1529
1646474613524 0.9173684950293345 1530
1646474613544 0.9174686580094951 1531
1646474613585 0.9175687412040671 1532
1646474613611 0.9176687441559349 1533
1646474613735 0.9177686664083494 1534
1646474613772 0.91786850750493 1535
1646474613800 0.9179682669896668 1536
1646474613838 0.9180679444069227 1537
1646474613861 0.9181675393014356 1538
1646474613902 0.9182670512183198 1539
1646474613927 0.918366479703069 1540
1646474614043 0.9184658243015578 1541
1646474614086 0.9185650845600442 1542
1646474614110 0.918664260025171 1543
1646474614153 0.9187633502439687 1544
1646474614178 0.9188623547638568 1545
1646474614197 0.9189612731326464 1546
1646474614239 0.9190601048985421 1547
1646474614368 0.9191588496101438 1548
1646474614412 0.9192575068164495 1549
1646474614443 0.9193560760668563 1550
1646474614510 0.9194545569111635 1551
1646474614594 0.919552948899574 1552
1646474614652 0.9196512515826961 1553
1646474614706 0.9197494645115469 1554
1646474614887 0.9198475872375527 1555
1646474614936 0.919945619312552 1556
1646474614962 0.9200435602887975 1557
1646474615014 0.9201414097189579 1558
1646474615040 0.9202391671561196 1559
1646474615095 0.9203368321537899 1560
1646474615145 0.920434404265898 1561
1646474615284 0.9205318830467969 1562
1646474615324 0.9206292680512664 1563
1646474615360 0.9207265588345147 1564
1646474615406 0.9208237549521799 1565
1646474615448 0.9209208559603327 1566
1646474615478 0.9210178614154783 1567
1646474615527 0.921114770874558 1568
1646474615682 0.9212115838949518 1569
1646474615718 0.9213083000344803 1570
1646474615760 0.9214049188514062 1571
1646474615847 0.9215014399044371 1572
1646474615899 0.9215978627527268 1573
1646474615972 0.9216941869558779 1574
1646474616030 0.9217904120739433 1575
1646474616143 0.9218865376674287 1576
1646474616181 0.9219825632972941 1577
1646474616210 0.9220784885249563 1578
1646474616246 0.9221743129122907 1579
1646474616273 0.9222700360216329 1580
1646474616308 0.9223656574157816 1581
1646474616327 0.9224611766579996 1582
1646474616456 0.9225565933120167 1583
1646474616497 0.9226519069420308 1584
1646474616526 0.9227471171127106 1585
1646474616561 0.9228422233891975 1586
1646474616589 0.9229372253371071 1587
1646474616627 0.9230321225225315 1588
1646474616646 0.9231269145120418 1589
1646474616774 0.9232216008726887 1590
1646474616810 0.9233161811720062 1591
1646474616839 0.9234106549780122 1592
1646474616872 0.9235050218592112 1593
1646474616895 0.9235992813845961 1594
1646474616934 0.9236934331236499 1595
1646474616962 0.9237874766463481 1596
1646474617084 0.9238814115231604 1597
1646474617122 0.9239752373250526 1598
1646474617152 0.9240689536234891 1599
1646474617188 0.924162559990434 1600
1646474617217 0.9242560559983536 1601
1646474617252 0.9243494412202183 1602
1646474617278 0.9244427152295046 1603
1646474617408 0.9245358776001968 1604
1646474617452 0.9246289279067892 1605
1646474617477 0.9247218657242878 1606
1646474617515 0.9248146906282124 1607
1646474617545 0.9249074021945988 1608
1646474617580 0.9249999999999999 1609
1646474617611 0.9250924836214889 1610
1646474617727 0.9251848526366597 1611
1646474617766 0.9252771066236304 1612
1646474617794 0.925369245161044 1613
1646474617837 0.9254612678280711 1614
1646474617861 0.9255531742044112 1615
1646474617910 0.9256449638702953 1616
1646474617927 0.9257366364064871 1617
1646474618045 0.9258281913942854 1618
1646474618084 0.9259196284155262 1619
1646474618116 0.9260109470525838 1620
1646474618154 0.9261021468883736 1621
1646474618189 0.9261932275063532 1622
1646474618238 0.9262841884905252 1623
1646474618303 0.9263750294254381 1624
1646474618517 0.9264657498961894 1625
1646474618564 0.9265563494884258 1626
1646474618602 0.9266468277883471 1627
1646474618646 0.9267371843827065 1628
1646474618698 0.9268274188588131 1629
1646474618727 0.9269175308045341 1630
1646474618778 0.927007519808296 1631
1646474618904 0.9270973854590869 1632
1646474618942 0.9271871273464585 1633
1646474618977 0.9272767450605274 1634
1646474619019 0.9273662381919777 1635
1646474619059 0.9274556063320623 1636
1646474619102 0.927544849072605 1637
1646474619145 0.9276339660060027 1638
1646474619270 0.9277229567252261 1639
1646474619315 0.9278118208238232 1640
1646474619348 0.9279005578959199 1641
1646474619384 0.9279891675362223 1642
1646474619426 0.9280776493400187 1643
1646474619461 0.9281660029031811 1644
1646474619504 0.9282542278221672 1645
1646474619734 0.9283423236940225 1646
1646474619773 0.9284302901163816 1647
1646474619807 0.9285181266874706 1648
1646474619839 0.9286058330061084 1649
1646474619868 0.9286934086717092 1650
1646474619901 0.9287808532842836 1651
1646474619928 0.9288681664444409 1652
1646474620043 0.9289553477533908 1653
1646474620085 0.9290423968129451 1654
1646474620110 0.9291293132255197 1655
1646474620150 0.9292160965941365 1656
1646474620178 0.9293027465224248 1657
1646474620218 0.9293892626146236 1658
1646474620254 0.929475644475583 1659
1646474620368 0.9295618917107661 1660
1646474620412 0.9296480039262512 1661
1646474620455 0.9297339807287331 1662
1646474620477 0.9298198217255251 1663
1646474620516 0.9299055265245607 1664
1646474620544 0.9299910947343957 1665
1646474620576 0.9300765259642093 1666
1646474620688 0.9301618198238067 1667
1646474620728 0.9302469759236207 1668
1646474620758 0.9303319938747128 1669
1646474620796 0.9304168732887756 1670
1646474620812 0.9305016137781348 1671
1646474620857 0.9305862149557503 1672
1646474620877 0.9306706764352183 1673
1646474621002 0.9307549978307732 1674
1646474621040 0.930839178757289 1675
1646474621073 0.9309232188302815 1676
1646474621107 0.9310071176659098 1677
1646474621128 0.9310908748809779 1678
1646474621170 0.9311744900929366 1679
1646474621196 0.9312579629198857 1680
1646474621308 0.9313412929805749 1681
1646474621349 0.9314244798944061 1682
1646474621383 0.931507523281435 1683
1646474621427 0.931590422762373 1684
1646474621459 0.9316731779585884 1685
1646474621493 0.9317557884921089 1686
1646474621531 0.9318382539856226 1687
1646474621654 0.9319205740624802 1688
1646474621690 0.9320027483466967 1689
1646474621719 0.9320847764629527 1690
1646474621752 0.9321666580365967 1691
1646474621783 0.9322483926936462 1692
1646474621818 0.9323299800607899 1693
1646474621845 0.9324114197653893 1694
1646474622052 0.9324927114354803 1695
1646474622195 0.9325738546997747 1696
1646474622254 0.9326548491876624 1697
1646474622304 0.9327356945292126 1698
1646474622335 0.9328163903551758 1699
1646474622386 0.9328969362969856 1700
1646474622426 0.9329773319867597 1701
1646474622605 0.9330575770573025 1702
1646474622647 0.9331376711421061 1703
1646474622677 0.9332176138753523 1704
1646474622727 0.933297404891914 1705
1646474622759 0.9333770438273573 1706
1646474622796 0.9334565303179428 1707
1646474622825 0.9335358640006274 1708
1646474622962 0.9336150445130658 1709
1646474623001 0.9336940714936124 1710
1646474623026 0.9337729445813228 1711
1646474623082 0.9338516634159554 1712
1646474623111 0.9339302276379734 1713
1646474623160 0.934008636888546 1714
1646474623178 0.9340868908095499 1715
1646474623391 0.9341649890435719 1716
1646474623455 0.9342429312339093 1717
1646474623514 0.9343207170245724 1718
1646474623561 0.9343983460602859 1719
1646474623594 0.93447581798649 1720
1646474623637 0.9345531324493432 1721
1646474623661 0.9346302890957224 1722
1646474623808 0.934707287573226 1723
1646474623851 0.9347841275301743 1724
1646474623879 0.9348608086156118 1725
1646474623919 0.9349373304793089 1726
1646474623964 0.9350136927717627 1727
1646474623993 0.9350898951441995 1728
1646474624048 0.935165937248576 1729
1646474624175 0.9352418187375805 1730
1646474624215 0.9353175392646356 1731
1646474624244 0.9353930984838983 1732
1646474624285 0.9354684960502628 1733
1646474624323 0.9355437316193617 1734
1646474624360 0.9356188048475672 1735
1646474624400 0.9356937153919931 1736
1646474624534 0.9357684629104963 1737
1646474624578 0.9358430470616782 1738
1646474624615 0.9359174675048864 1739
1646474624660 0.9359917239002161 1740
1646474624696 0.936065815908512 1741
1646474624727 0.9361397431913695 1742
1646474624763 0.9362135054111363 1743
1646474624891 0.936287102230914 1744
1646474624933 0.9363605333145598 1745
1646474624961 0.9364337983266877 1746
1646474625014 0.9365068969326702 1747
1646474625042 0.93657982879864 1748
1646474625087 0.9366525935914912 1749
1646474625110 0.9367251909788812 1750
1646474625243 0.9367976206292317 1751
1646474625289 0.9368698822117307 1752
1646474625325 0.9369419753963338 1753
1646474625367 0.9370138998537657 1754
1646474625405 0.9370856552555219 1755
1646474625442 0.9371572412738697 1756
1646474625482 0.9372286575818503 1757
1646474625630 0.93729990385328 1758
1646474625686 0.9373709797627517 1759
1646474625735 0.9374418849856364 1760
1646474625775 0.9375126191980845 1761
1646474625872 0.9375831820770278 1762
1646474625956 0.9376535733001805 1763
1646474626051 0.9377237925460407 1764
1646474626249 0.9377938394938921 1765
1646474626302 0.9378637138238052 1766
1646474626348 0.9379334152166392 1767
1646474626377 0.938002943354043 1768
1646474626437 0.9380722979184567 1769
1646474626473 0.9381414785931133 1770
1646474626493 0.93821048506204 1771
1646474626641 0.9382793170100597 1772
1646474626683 0.9383479741227924 1773
1646474626710 0.9384164560866564 1774
1646474626765 0.9384847625888703 1775
1646474626803 0.9385528933174538 1776
1646474626834 0.9386208479612299 1777
1646474626865 0.9386886262098253 1778
1646474626979 0.9387562277536725 1779
1646474627016 0.9388236522840113 1780
1646474627043 0.9388908994928898 1781
1646474627083 0.938957969073166 1782
1646474627111 0.9390248607185092 1783
1646474627151 0.9390915741234015 1784
1646474627185 0.9391581089831388 1785
1646474627302 0.9392244649938328 1786
1646474627338 0.9392906418524121 1787
1646474627368 0.9393566392566232 1788
1646474627405 0.9394224569050323 1789
1646474627426 0.9394880944970271 1790
1646474627474 0.939553551732817 1791
1646474627493 0.9396188283134357 1792
1646474627625 0.9396839239407415 1793
1646474627665 0.9397488383174198 1794
1646474627694 0.9398135711469834 1795
1646474627728 0.9398781221337742 1796
1646474627757 0.939942490982965 1797
1646474627794 0.9400066774005603 1798
1646474627822 0.9400706810933978 1799
1646474627947 0.9401345017691499 1800
1646474627984 0.9401981391363247 1801
1646474628009 0.9402615929042678 1802
1646474628049 0.9403248627831631 1803
1646474628076 0.9403879484840346 1804
1646474628110 0.9404508497187474 1805
1646474628137 0.940513566200009 1806
1646474628257 0.9405760976413711 1807
1646474628296 0.94063844375723 1808
1646474628328 0.9407006042628292 1809
1646474628361 0.9407625788742592 1810
1646474628393 0.9408243673084599 1811
1646474628436 0.9408859692832215 1812
1646474628467 0.9409473845171858 1813
1646474628581 0.9410086127298477 1814
1646474628620 0.941069653641556 1815
1646474628651 0.9411305069735151 1816
1646474628685 0.941191172447786 1817
1646474628710 0.9412516497872881 1818
1646474628751 0.9413119387157997 1819
1646474628777 0.9413720389579597 1820
1646474628899 0.9414319502392691 1821
1646474628938 0.9414916722860915 1822
1646474628972 0.9415512048256551 1823
1646474629005 0.9416105475860537 1824
1646474629026 0.9416697002962474 1825
1646474629072 0.941728662686065 1826
1646474629100 0.9417874344862043 1827
1646474629228 0.9418460154282332 1828
1646474629270 0.941904405244592 1829
1646474629293 0.9419626036685933 1830
1646474629333 0.9420206104344244 1831
1646474629360 0.9420784252771476 1832
1646474629403 0.9421360479327019 1833
1646474629443 0.9421934781379041 1834
1646474629570 0.94225071563045 1835
1646474629648 0.9423077601489156 1836
1646474629720 0.9423646114327581 1837
1646474629785 0.9424212692223176 1838
1646474629839 0.9424777332588177 1839
1646474629891 0.942534003284367 1840
1646474629920 0.9425900790419601 1841
1646474630080 0.9426459602754794 1842
1646474630134 0.942701646729695 1843
1646474630170 0.9427571381502673 1844
1646474630203 0.942812434283747 1845
1646474630244 0.942867534877577 1846
1646474630275 0.9429224396800933 1847
1646474630320 0.942977148440526 1848
1646474630463 0.9430316609090008 1849
1646474630511 0.9430859768365397 1850
1646474630542 0.9431400959750627 1851
1646474630587 0.9431940180773881 1852
1646474630633 0.9432477428972347 1853
1646474630660 0.9433012701892219 1854
1646474630703 0.9433545997088716 1855
1646474630835 0.9434077312126089 1856
1646474630873 0.9434606644577631 1857
1646474630908 0.9435133992025695 1858
1646474630998 0.9435659352061694 1859
1646474631065 0.9436182722286124 1860
1646474631124 0.9436704100308564 1861
1646474631182 0.9437223483747698 1862
1646474631291 0.9437740870231314 1863
1646474631330 0.9438256257396324 1864
1646474631359 0.9438769642888771 1865
1646474631392 0.9439281024363841 1866
1646474631427 0.9439790399485873 1867
1646474631462 0.9440297765928368 1868
1646474631488 0.9440803121374004 1869
1646474631604 0.9441306463514642 1870
1646474631648 0.9441807790051338 1871
1646474631677 0.9442307098694355 1872
1646474631711 0.9442804387163174 1873
1646474631726 0.94432996531865 1874
1646474631775 0.9443792894502276 1875
1646474631804 0.9444284108857696 1876
1646474631919 0.9444773294009206 1877
1646474631956 0.9445260447722523 1878
1646474631986 0.9445745567772644 1879
1646474632018 0.9446228651943852 1880
1646474632043 0.944670969802973 1881
1646474632084 0.9447188703833168 1882
1646474632109 0.9447665667166376 1883
1646474632224 0.9448140585850893 1884
1646474632265 0.9448613457717595 1885
1646474632293 0.9449084280606709 1886
1646474632325 0.9449553052367818 1887
1646474632344 0.9450019770859874 1888
1646474632387 0.945048443395121 1889
1646474632410 0.9450947039519539 1890
1646474632541 0.9451407585451981 1891
1646474632579 0.9451866069645056 1892
1646474632609 0.9452322490004704 1893
1646474632644 0.9452776844446291 1894
1646474632671 0.9453229130894618 1895
1646474632712 0.9453679347283932 1896
1646474632740 0.9454127491557933 1897
1646474632855 0.9454573561669787 1898
1646474632891 0.9455017555582133 1899
1646474632920 0.9455459471267093 1900
1646474632952 0.9455899306706278 1901
1646474632977 0.9456337059890806 1902
1646474633018 0.94567727288213 1903
1646474633055 0.9457206311507905 1904
1646474633171 0.9457637805970296 1905
1646474633210 0.9458067210237683 1906
1646474633240 0.9458494522348823 1907
1646474633270 0.9458919740352029 1908
1646474633300 0.9459342862305179 1909
1646474633334 0.9459763886275725 1910
1646474633359 0.94601828103407 1911
1646474633556 0.9460599632586728 1912
1646474633614 0.9461014351110035 1913
1646474633675 0.9461426964016452 1914
1646474633718 0.9461837469421428 1915
1646474633774 0.9462245865450041 1916
1646474633816 0.9462652150236998 1917
1646474633858 0.9463056321926654 1918
1646474634001 0.9463458378673011 1919
1646474634040 0.9463858318639733 1920
1646474634077 0.9464256140000151 1921
1646474634116 0.9464651840937276 1922
1646474634144 0.9465045419643797 1923
1646474634193 0.9465436874322102 1924
1646474634210 0.9465826203184277 1925
1646474634339 0.9466213404452118 1926
1646474634399 0.946659847635714 1927
1646474634441 0.9466981417140581 1928
1646474634477 0.9467362225053415 1929
1646474634508 0.9467740898356356 1930
1646474634553 0.9468117435319868 1931
1646474634576 0.9468491834224173 1932
1646474634723 0.9468864093359257 1933
1646474634802 0.946923421102488 1934
1646474634862 0.9469602185530582 1935
1646474634927 0.9469968015195694 1936
1646474634970 0.9470331698349341 1937
1646474635000 0.9470693233330452 1938
1646474635033 0.9471052618487766 1939
1646474635152 0.9471409852179846 1940
1646474635191 0.9471764932775076 1941
1646474635225 0.9472117858651679 1942
1646474635261 0.9472468628197714 1943
1646474635288 0.9472817239811093 1944
1646474635323 0.9473163691899582 1945
1646474635344 0.947350798288081 1946
1646474635453 0.9473850111182279 1947
1646474635520 0.9474190075241365 1948
1646474635557 0.9474527873505334 1949
1646474635589 0.9474863504431338 1950
1646474635609 0.9475196966486432 1951
1646474635655 0.9475528258147576 1952
1646474635676 0.9475857377901643 1953
1646474635799 0.9476184324245426 1954
1646474635841 0.9476509095685643 1955
1646474635876 0.9476831690738948 1956
1646474635910 0.9477152107931935 1957
1646474635938 0.9477470345801144 1958
1646474635971 0.947778640289307 1959
1646474635997 0.9478100277764165 1960
1646474636114 0.9478411968980854 1961
1646474636149 0.9478721475119529 1962
1646474636185 0.9479028794766567 1963
1646474636217 0.947933392651833 1964
1646474636242 0.947963686898117 1965
1646474636282 0.9479937620771444 1966
1646474636308 0.9480236180515509 1967
1646474636427 0.9480532546849737 1968
1646474636473 0.9480826718420517 1969
1646474636493 0.9481118693884264 1970
1646474636544 0.948140847190742 1971
1646474636576 0.9481696051166466 1972
1646474636609 0.9481981430347927 1973
1646474636639 0.9482264608148371 1974
1646474636761 0.9482545583274427 1975
1646474636800 0.9482824354442779 1976
1646474636828 0.9483100920380182 1977
1646474636864 0.9483375279823459 1978
1646474636892 0.9483647431519514 1979
1646474636925 0.9483917374225332 1980
1646474636942 0.9484185106707991 1981
1646474637078 0.9484450627744657 1982
1646474637130 0.9484713936122604 1983
1646474637175 0.9484975030639208 1984
1646474637241 0.9485233910101957 1985
1646474637309 0.9485490573328457 1986
1646474637378 0.9485745019146433 1987
1646474637433 0.9485997246393744 1988
1646474637611 0.9486247253918375 1989
1646474637655 0.9486495040578454 1990
1646474637676 0.9486740605242252 1991
1646474637741 0.9486983946788186 1992
1646474637787 0.9487225064104828 1993
1646474637810 0.9487463956090911 1994
1646474637860 0.948770062165533 1995
1646474637995 0.9487935059717147 1996
1646474638036 0.9488167269205602 1997
1646474638059 0.948839724906011 1998
1646474638112 0.9488624998230272 1999
1646474638154 0.9488850515675875 2000
1646474638191 0.9489073800366903 2001
1646474638225 0.9489294851283532 2002
1646474638353 0.9489513667416146 2003
1646474638399 0.9489730247765333 2004
1646474638440 0.9489944591341893 2005
1646474638513 0.9490156697166843 2006
1646474638562 0.949036656427142 2007
1646474638644 0.9490574191697085 2008
1646474638697 0.9490779578495532 2009
1646474638810 0.9490982723728685 2010
1646474638847 0.9491183626468706 2011
1646474638875 0.9491382285798001 2012
1646474638909 0.9491578700809225 2013
1646474638926 0.9491772870605276 2014
1646474638972 0.9491964794299315 2015
1646474638994 0.9492154471014755 2016
1646474639120 0.9492341899885278 2017
1646474639163 0.9492527080054828 2018
1646474639192 0.9492710010677621 2019
1646474639227 0.9492890690918148 2020
1646474639255 0.9493069119951177 2021
1646474639288 0.949324529696176 2022
1646474639309 0.9493419221145234 2023
1646474639444 0.9493590891707224 2024
1646474639481 0.9493760307863651 2025
1646474639509 0.949392746884073 2026
1646474639548 0.9494092373874977 2027
1646474639577 0.9494255022213213 2028
1646474639611 0.9494415413112564 2029
1646474639641 0.9494573545840468 2030
1646474639762 0.9494729419674676 2031
1646474639800 0.9494883033903257 2032
1646474639830 0.94950343878246 2033
1646474639864 0.9495183480747419 2034
1646474639893 0.9495330311990751 2035
1646474639925 0.9495474880883967 2036
1646474639942 0.9495617186766769 2037
1646474640072 0.9495757228989194 2038
1646474640112 0.9495895006911622 2039
1646474640141 0.9496030519904771 2040
1646474640173 0.9496163767349703 2041
1646474640192 0.9496294748637832 2042
1646474640242 0.9496423463170919 2043
1646474640266 0.9496549910361077 2044
1646474640390 0.9496674089630779 2045
1646474640437 0.9496796000412853 2046
1646474640466 0.9496915642150489 2047
1646474640505 0.9497033014297239 2048
1646474640544 0.9497148116317027 2049
1646474640575 0.9497260947684136 2050
1646474640621 0.9497371507883229 2051
1646474640737 0.9497479796409335 2052
1646474640777 0.9497585812767863 2053
1646474640809 0.9497689556474599 2054
1646474640880 0.9497791027055708 2055
1646474640935 0.9497890224047737 2056
1646474640983 0.949798714699762 2057
1646474641051 0.9498081795462672 2058
1646474641214 0.9498174169010603 2059
1646474641257 0.9498264267219508 2060
1646474641298 0.9498352089677878 2061
1646474641349 0.9498437635984596 2062
1646474641383 0.9498520905748941 2063
1646474641430 0.949860189859059 2064
1646474641470 0.949868061413962 2065
1646474641616 0.9498757052036509 2066
1646474641664 0.9498831211932139 2067
1646474641699 0.9498903093487795 2068
1646474641734 0.9498972696375168 2069
1646474641759 0.9499040020276356 2070
1646474641806 0.9499105064883867 2071
1646474641842 0.949916782990062 2072
1646474641968 0.9499228315039944 2073
1646474642007 0.9499286520025583 2074
1646474642040 0.9499342444591692 2075
1646474642080 0.9499396088482844 2076
1646474642129 0.9499447451454031 2077
1646474642192 0.9499496533270657 2078
1646474642223 0.9499543333708549 2079
1646474642437 0.9499587852553952 2080
1646474642474 0.9499630089603534 2081
1646474642503 0.9499670044664381 2082
1646474642535 0.9499707717554007 2083
1646474642560 0.9499743108100344 2084
1646474642597 0.9499776216141751 2085
1646474642623 0.9499807041527013 2086
1646474642744 0.9499835584115339 2087
1646474642784 0.9499861843776365 2088
1646474642815 0.9499885820390154 2089
1646474642847 0.9499907513847194 2090
1646474642879 0.9499926924048406 2091
1646474642910 0.9499944050905136 2092
1646474642935 0.9499958894339159 2093
1646474643053 0.949997145428268 2094
1646474643094 0.9499981730678333 2095
1646474643123 0.9499989723479183 2096
1646474643155 0.9499995432648722 2097
1646474643185 0.9499998858160876 2098
1646474643222 0.95 2099
1646474643243 0.9499998858160876 2100
