1646476013545 0.1805555522441864 0
1646476013899 0.21759259700775146 1
1646476014221 0.21759259700775146 2
1646476014548 0.18518517911434174 3
1646476015057 0.24074074625968933 4
1646476015441 0.2361111044883728 5
1646476015832 0.23148147761821747 6
1646476016283 0.2777777910232544 7
1646476016599 0.26851850748062134 8
1646476016917 0.34259259700775146 9
1646476017232 0.3055555522441864 10
1646476017616 0.36574074625968933 11
1646476017950 0.28703704476356506 12
1646476018265 0.3611111044883728 13
1646476018789 0.36574074625968933 14
1646476019180 0.41203704476356506 15
1646476019531 0.4166666567325592 16
1646476019989 0.39351850748062134 17
1646476020313 0.3333333432674408 18
1646476020616 0.4027777910232544 19
1646476020943 0.4166666567325592 20
1646476021249 0.4444444477558136 21
1646476021557 0.4166666567325592 22
1646476021887 0.46759259700775146 23
1646476022246 0.4722222089767456 24
1646476022709 0.46759259700775146 25
1646476023067 0.5138888955116272 26
1646476023410 0.5324074029922485 27
1646476023871 0.5416666865348816 28
1646476024172 0.5972222089767456 29
1646476024504 0.5555555820465088 30
1646476024852 0.6018518805503845 31
1646476025217 0.5833333134651184 32
1646476025574 0.5972222089767456 33
1646476025912 0.6527777910232544 34
1646476026416 0.6157407164573669 35
1646476026783 0.5879629850387573 36
1646476027151 0.6388888955116272 37
1646476027583 0.5879629850387573 38
1646476027896 0.6851851940155029 39
1646476028223 0.6666666865348816 40
1646476028529 0.6527777910232544 41
1646476028857 0.6805555820465088 42
1646476029166 0.6203703880310059 43
1646476029497 0.6759259104728699 44
1646476030008 0.6805555820465088 45
1646476030384 0.6990740895271301 46
1646476030730 0.6527777910232544 47
1646476031199 0.7685185074806213 48
1646476031515 0.75 49
1646476031831 0.7361111044883728 50
1646476032148 0.7222222089767456 51
1646476032466 0.7083333134651184 52
1646476032817 0.7638888955116272 53
1646476033148 0.7453703880310059 54
1646476033631 0.7314814925193787 55
1646476034035 0.7453703880310059 56
1646476034417 0.7453703880310059 57
1646476034911 0.7546296119689941 58
1646476035230 0.7361111044883728 59
1646476035532 0.75 60
1646476035917 0.75 61
1646476036269 0.7638888955116272 62
1646476036599 0.8287037014961243 63
1646476036965 0.7175925970077515 64
1646476037563 0.8009259104728699 65
1646476038063 0.7638888955116272 66
1646476038424 0.7314814925193787 67
1646476038948 0.8055555820465088 68
1646476039365 0.7824074029922485 69
1646476039766 0.7638888955116272 70
1646476040199 0.8101851940155029 71
1646476040514 0.7962962985038757 72
1646476040872 0.7870370149612427 73
1646476041182 0.7962962985038757 74
1646476041498 0.8055555820465088 75
1646476041830 0.7916666865348816 76
1646476042155 0.7916666865348816 77
1646476042683 0.8379629850387573 78
1646476043058 0.8287037014961243 79
1646476043434 0.8287037014961243 80
1646476043898 0.8379629850387573 81
1646476044213 0.8379629850387573 82
1646476044547 0.8148148059844971 83
1646476044882 0.8703703880310059 84
1646476045197 0.8333333134651184 85
1646476045515 0.7546296119689941 86
1646476045863 0.8796296119689941 87
1646476046347 0.8703703880310059 88
1646476046750 0.8425925970077515 89
1646476047130 0.8287037014961243 90
1646476047598 0.7962962985038757 91
1646476047930 0.8333333134651184 92
1646476048249 0.8240740895271301 93
1646476048581 0.8518518805503845 94
1646476048913 0.8935185074806213 95
1646476049229 0.8611111044883728 96
1646476049572 0.875 97
1646476050065 0.8611111044883728 98
1646476050450 0.8611111044883728 99
1646476050862 0.8935185074806213 100
1646476051362 0.8009259104728699 101
1646476051707 0.8703703880310059 102
1646476052044 0.8657407164573669 103
1646476052384 0.9074074029922485 104
1646476052713 0.8518518805503845 105
1646476053048 0.9074074029922485 106
1646476053381 0.8564814925193787 107
1646476053919 0.875 108
1646476054312 0.8055555820465088 109
1646476054700 0.8657407164573669 110
1646476055159 0.8981481194496155 111
1646476055474 0.9027777910232544 112
1646476055813 0.8842592835426331 113
1646476056129 0.9166666865348816 114
1646476056460 0.8796296119689941 115
1646476056791 0.8796296119689941 116
1646476057113 0.8657407164573669 117
1646476057630 0.9120370149612427 118
1646476058032 0.8935185074806213 119
1646476058399 0.8981481194496155 120
1646476058962 0.9120370149612427 121
1646476059298 0.9305555820465088 122
1646476059612 0.9259259104728699 123
1646476059965 0.9351851940155029 124
1646476060281 0.8703703880310059 125
1646476060596 0.8657407164573669 126
1646476060929 0.8935185074806213 127
1646476061450 0.8981481194496155 128
1646476061831 0.8796296119689941 129
1646476062202 0.9074074029922485 130
1646476062660 0.8888888955116272 131
1646476062983 0.8935185074806213 132
1646476063312 0.9166666865348816 133
1646476063614 0.9212962985038757 134
1646476063952 0.9490740895271301 135
1646476064262 0.9351851940155029 136
1646476064606 0.9351851940155029 137
1646476065111 0.9120370149612427 138
1646476065497 0.9259259104728699 139
1646476065865 0.8981481194496155 140
1646476066349 0.9259259104728699 141
1646476066663 0.9305555820465088 142
1646476067007 0.9305555820465088 143
1646476067328 0.9027777910232544 144
1646476067652 0.9027777910232544 145
1646476067995 0.9120370149612427 146
1646476068313 0.9259259104728699 147
1646476068792 0.9212962985038757 148
1646476069193 0.9490740895271301 149
1646476069577 0.9259259104728699 150
1646476070043 0.9212962985038757 151
1646476070379 0.9120370149612427 152
1646476070715 0.9212962985038757 153
1646476071046 0.9629629850387573 154
1646476071413 0.9259259104728699 155
1646476071745 0.8981481194496155 156
1646476072096 0.9351851940155029 157
1646476072652 0.9583333134651184 158
1646476073094 0.9212962985038757 159
1646476073543 0.9305555820465088 160
1646476074080 0.9444444179534912 161
1646476074395 0.9398148059844971 162
1646476074730 0.9305555820465088 163
1646476075061 0.8981481194496155 164
1646476075378 0.9120370149612427 165
1646476075711 0.9351851940155029 166
1646476076030 0.9490740895271301 167
1646476076565 0.9305555820465088 168
1646476076943 0.9305555820465088 169
1646476077299 0.9444444179534912 170
1646476077763 0.9212962985038757 171
1646476078095 0.9490740895271301 172
1646476078427 0.9537037014961243 173
1646476078745 0.9398148059844971 174
1646476079139 0.9259259104728699 175
1646476079461 0.9305555820465088 176
1646476079810 0.9398148059844971 177
1646476080347 0.9259259104728699 178
1646476080727 0.9398148059844971 179
1646476081112 0.9351851940155029 180
1646476081562 0.9444444179534912 181
1646476081894 0.9398148059844971 182
1646476082210 0.9166666865348816 183
1646476082528 0.9814814925193787 184
1646476082861 0.9444444179534912 185
1646476083196 0.9166666865348816 186
1646476083526 0.9398148059844971 187
1646476084007 0.9490740895271301 188
1646476084395 0.9583333134651184 189
1646476084766 0.9398148059844971 190
1646476085246 0.9398148059844971 191
1646476085560 0.9537037014961243 192
1646476085894 0.9212962985038757 193
1646476086204 0.9212962985038757 194
1646476086528 0.9675925970077515 195
1646476086844 0.9444444179534912 196
1646476087177 0.9629629850387573 197
1646476087621 0.9212962985038757 198
1646476088013 0.9305555820465088 199
1646476088387 0.9814814925193787 200
1646476088807 0.9490740895271301 201
1646476089177 0.9768518805503845 202
1646476089512 0.9583333134651184 203
1646476089827 0.9444444179534912 204
1646476090137 0.9722222089767456 205
1646476090461 0.9722222089767456 206
1646476090813 0.9814814925193787 207
1646476091140 0.9444444179534912 208
1646476091648 0.9351851940155029 209
1646476092063 0.9537037014961243 210
1646476092442 0.9861111044883728 211
1646476092878 0.9537037014961243 212
1646476093196 0.9490740895271301 213
1646476093515 0.9351851940155029 214
1646476093842 0.9722222089767456 215
1646476094162 0.9490740895271301 216
1646476094508 0.9814814925193787 217
1646476094846 0.9629629850387573 218
1646476095404 0.9259259104728699 219
1646476095780 0.9398148059844971 220
1646476096142 0.9675925970077515 221
1646476096576 0.9814814925193787 222
1646476096910 0.9583333134651184 223
1646476097225 0.9444444179534912 224
1646476097543 0.9351851940155029 225
1646476097861 0.9583333134651184 226
1646476098272 0.9629629850387573 227
1646476098773 0.9722222089767456 228
1646476099229 0.9629629850387573 229
1646476099593 0.9398148059844971 230
1646476100009 0.9490740895271301 231
1646476100409 0.9675925970077515 232
1646476100724 0.9675925970077515 233
1646476101077 0.9722222089767456 234
1646476101408 0.9814814925193787 235
1646476101728 0.9722222089767456 236
1646476102076 0.9583333134651184 237
1646476102513 0.9490740895271301 238
1646476102929 0.9675925970077515 239
1646476103295 0.9629629850387573 240
1646476103773 0.9212962985038757 241
1646476104097 0.9722222089767456 242
1646476104411 0.9675925970077515 243
1646476104727 0.9722222089767456 244
1646476105063 0.9675925970077515 245
1646476105375 0.9537037014961243 246
1646476105710 0.9490740895271301 247
1646476106047 0.9583333134651184 248
1646476106547 0.9768518805503845 249
1646476106928 0.9675925970077515 250
1646476107304 0.9490740895271301 251
1646476107720 0.9259259104728699 252
1646476108044 0.9305555820465088 253
1646476108361 0.9722222089767456 254
1646476108660 0.9814814925193787 255
1646476109006 0.9537037014961243 256
1646476109327 0.9907407164573669 257
1646476109660 0.9675925970077515 258
1646476110160 0.9675925970077515 259
1646476110561 0.9675925970077515 260
1646476110942 0.9814814925193787 261
1646476111391 0.9490740895271301 262
1646476111692 0.9768518805503845 263
1646476112025 0.9583333134651184 264
1646476112325 0.9675925970077515 265
1646476112641 0.9537037014961243 266
1646476112956 0.9768518805503845 267
1646476113292 0.9490740895271301 268
1646476113739 0.9583333134651184 269
1646476114182 0.9675925970077515 270
1646476114560 0.9537037014961243 271
1646476115045 0.9768518805503845 272
1646476115358 0.9583333134651184 273
1646476115676 0.9629629850387573 274
1646476115991 0.9861111044883728 275
1646476116310 0.9768518805503845 276
1646476116626 0.9629629850387573 277
1646476116973 0.9722222089767456 278
1646476117324 0.9722222089767456 279
1646476117812 0.9629629850387573 280
1646476118192 0.9814814925193787 281
1646476118608 0.9675925970077515 282
1646476119141 0.9490740895271301 283
1646476119455 0.9675925970077515 284
1646476119795 0.9537037014961243 285
1646476120109 0.9768518805503845 286
1646476120443 0.9722222089767456 287
1646476120775 0.9537037014961243 288
1646476121206 0.9722222089767456 289
1646476121608 0.9814814925193787 290
1646476121995 0.9768518805503845 291
1646476122425 0.9907407164573669 292
1646476122784 0.9583333134651184 293
1646476123111 0.9861111044883728 294
1646476123424 0.9675925970077515 295
1646476123752 0.9537037014961243 296
1646476124075 0.9444444179534912 297
1646476124392 0.9814814925193787 298
1646476124725 0.9722222089767456 299
