1646476011652 0.004 0
1646476013008 0.004000596800238801 1
1646476013077 0.004002387186114745 2
1646476013107 0.004005371113106879 3
1646476013140 0.004009548507014876 4
1646476013166 0.004014919263960817 5
1646476013205 0.004021483250391852 6
1646476013233 0.004029240303083395 7
1646476013600 0.004038190229143396 8
1646476013639 0.004048332806016894 9
1646476013674 0.004059667781491735 10
1646476013710 0.004072194873704721 11
1646476013746 0.004085913771148725 12
1646476013779 0.004100824132680342 13
1646476013817 0.004116925587528436 14
1646476013939 0.004134217735303369 15
1646476013979 0.004152700146006827 16
1646476014013 0.004172372360042753 17
1646476014049 0.004193233888228523 18
1646476014079 0.00421528421180728 19
1646476014114 0.00423852278246073 20
1646476014144 0.004262949022322882 21
1646476014263 0.004288562323994313 22
1646476014303 0.004315362050557339 23
1646476014339 0.004343347535591804 24
1646476014374 0.004372518083191737 25
1646476014399 0.004402872967982557 26
1646476014440 0.004434411435139132 27
1646476014466 0.004467132700404622 28
1646476014596 0.004501035950109908 29
1646476014656 0.004536120341193842 30
1646476014721 0.004572385001224186 31
1646476014774 0.0046098290284194154 32
1646476014827 0.00464845149167098 33
1646476014894 0.004688251430566573 34
1646476014952 0.00472922785541402 35
1646476015109 0.004771379747265783 36
1646476015162 0.004814706057944401 37
1646476015197 0.004859205710068537 38
1646476015238 0.004904877597079721 39
1646476015266 0.004951720583269897 40
1646476015299 0.004999733503809695 41
1646476015351 0.005048915164777332 42
1646476015497 0.005099264343188359 43
1646476015541 0.005150779787026036 44
1646476015579 0.0052034602152724735 45
1646476015616 0.0052573043179405116 46
1646476015649 0.005312310756106234 47
1646476015702 0.005368478161942372 48
1646476015732 0.005425805138752182 49
1646476015880 0.005484290261004263 50
1646476015929 0.005543932074367999 51
1646476016006 0.005604729095749744 52
1646476016058 0.005666679813329564 53
1646476016153 0.005729782686599044 54
1646476016183 0.005794036146399437 55
1646476016212 0.0058594385949607 56
1646476016331 0.005925988405941329 57
1646476016370 0.005993683924468696 58
1646476016404 0.006062523467180211 59
1646476016439 0.006132505322265253 60
1646476016466 0.00620362774950764 61
1646476016506 0.006275888980328992 62
1646476016533 0.006349287217832622 63
1646476016650 0.006423820636848349 64
1646476016689 0.006499487383977681 65
1646476016720 0.006576285577640131 66
1646476016760 0.006654213308119827 67
1646476016791 0.006733268637613102 68
1646476016824 0.006813449600276647 69
1646476016849 0.006894754202276393 70
1646476016967 0.006977180421837106 71
1646476017004 0.007060726209292614 72
1646476017037 0.007145389487136861 73
1646476017071 0.007231168150075476 74
1646476017099 0.007318060065078194 75
1646476017134 0.007406063071431879 76
1646476017161 0.007495174980794203 77
1646476017276 0.007585393577248162 78
1646476017313 0.007676716617357068 79
1646476017349 0.007769141830220441 80
1646476017368 0.007862666917530362 81
1646476017467 0.007957289553628788 82
1646476017519 0.008053007385565164 83
1646476017554 0.008149818033155162 84
1646476017667 0.008247719089039693 85
1646476017707 0.00834670811874487 86
1646476017744 0.008446782660742488 87
1646476017787 0.008547940226511286 88
1646476017815 0.008650178300598804 89
1646476017850 0.008753494340683884 90
1646476017878 0.00885788577763999 91
1646476017997 0.008963350015599003 92
1646476018034 0.009069884432015826 93
1646476018069 0.009177486377733593 94
1646476018105 0.009286153177049505 95
1646476018133 0.009395882127781405 96
1646476018170 0.009506670501334968 97
1646476018198 0.009618515542771502 98
1646476018323 0.009731414470876582 99
1646476018366 0.009845364478229035 100
1646476018429 0.009960362731270891 101
1646476018498 0.01007640637037778 102
1646476018568 0.010193492509930055 103
1646476018619 0.010311618238384529 104
1646476018666 0.010430780618346944 105
1646476018844 0.010550976686644925 106
1646476018896 0.010672203454401688 107
1646476018945 0.010794457907110436 108
1646476018982 0.010917737004709188 109
1646476019024 0.011042037681656541 110
1646476019061 0.011167356847007703 111
1646476019091 0.011293691384491558 112
1646476019222 0.011421038152587992 113
1646476019262 0.011549393984606124 114
1646476019293 0.011678755688762962 115
1646476019336 0.011809120048262886 116
1646476019366 0.011940483821377482 117
1646476019406 0.012072843741526285 118
1646476019432 0.012206196517358006 119
1646476019576 0.012340538832832246 120
1646476019620 0.01247586734730212 121
1646476019660 0.012612178695597207 122
1646476019697 0.012749469488107304 123
1646476019732 0.012887736310866635 124
1646476019801 0.013026975725638892 125
1646476019863 0.013167184270002533 126
1646476020045 0.013308358457437025 127
1646476020086 0.013450494777409519 128
1646476020115 0.013593589695462094 129
1646476020131 0.01373763965329973 130
1646476020178 0.013882641068878668 131
1646476020207 0.014028590336495617 132
1646476020240 0.01417548382687736 133
1646476020340 0.014323317887270925 134
1646476020386 0.014472088841534572 135
1646476020423 0.014621792990229088 136
1646476020455 0.014772426610709821 137
1646476020487 0.014923985957219221 138
1646476020520 0.015076467260980053 139
1646476020549 0.01522986673028906 140
1646476020656 0.01538418055061122 141
1646476020705 0.01553940488467466 142
1646476020740 0.015695535872566085 143
1646476020779 0.01585256963182667 144
1646476020809 0.016010502257548756 145
1646476020841 0.016169329822472794 146
1646476020869 0.016329048377085084 147
1646476020981 0.016489653949715966 148
1646476021016 0.016651142546638617 149
1646476021048 0.01681351015216835 150
1646476021083 0.016976752728762368 151
1646476021111 0.01714086621712034 152
1646476021146 0.01730584653628521 153
1646476021172 0.017471689583744746 154
1646476021286 0.017638391235533513 155
1646476021323 0.017805947346335463 156
1646476021357 0.017974353749586933 157
1646476021390 0.01814360625758038 158
1646476021422 0.018313700661568413 159
1646476021453 0.01848463273186851 160
1646476021482 0.018656398217968134 161
1646476021599 0.018828992848630502 162
1646476021636 0.019002412332000743 163
1646476021669 0.019176652355712642 164
1646476021705 0.019351708586995878 165
1646476021733 0.01952757667278375 166
1646476021779 0.019704252239821474 167
1646476021809 0.01988173089477481 168
1646476021920 0.020060008224339468 169
1646476021957 0.02023907979535075 170
1646476021989 0.020418941154893788 171
1646476022020 0.02059958783041435 172
1646476022048 0.02078101532982994 173
1646476022087 0.020963219141641634 174
1646476022116 0.021146194735046114 175
1646476022331 0.02132993756004853 176
1646476022384 0.021514443047575424 177
1646476022449 0.02169970660958853 178
1646476022499 0.02188572363919876 179
1646476022535 0.022072489510780793 180
1646476022565 0.02225999958008809 181
1646476022619 0.022448249184368413 182
1646476022743 0.0226372336424797 183
1646476022802 0.022826948255006557 184
1646476022843 0.023017388304377093 185
1646476022865 0.02320854905498014 186
1646476022910 0.023400425753283174 187
1646476022932 0.023593013627950354 188
1646476022976 0.023786307889961292 189
1646476023109 0.02398030373273008 190
1646476023151 0.02417499633222485 191
1646476023180 0.024370380847087675 192
1646476023215 0.024566452418755005 193
1646476023251 0.024763206171578483 194
1646476023286 0.024960637212946155 195
1646476023319 0.02515874063340416 196
1646476023490 0.0253575115067788 197
1646476023539 0.025556944890299083 198
1646476023650 0.025757035824719512 199
1646476023696 0.025957779334443556 200
1646476023726 0.026159170427647246 201
1646476023767 0.026361204096403426 202
1646476023795 0.026563875316806165 203
1646476023908 0.026767179049095785 204
1646476023946 0.026971110237784104 205
1646476023980 0.0271756638117802 206
1646476024020 0.027380834684516506 207
1646476024054 0.027586617754075282 208
1646476024087 0.027793007903315486 209
1646476024114 0.027999999999999997 210
1646476024223 0.02820758889692332 211
1646476024259 0.028415769432039453 212
1646476024292 0.028624536428590378 213
1646476024328 0.02883388469523468 214
1646476024358 0.02904380902617673 215
1646476024390 0.029254304201296072 216
1646476024419 0.029465364986277248 217
1646476024545 0.029676986132739974 218
1646476024581 0.029889162378369652 219
1646476024621 0.030101888447048183 220
1646476024652 0.0303151590489852 221
1646476024683 0.030528968880849647 222
1646476024720 0.030743312625901534 223
1646476024749 0.030958184954124293 224
1646476024905 0.03117358052235722 225
1646476024954 0.03138949397442836 226
1646476024982 0.03160591994128775 227
1646476025023 0.03182285304114085 228
1646476025048 0.03204028787958242 229
1646476025096 0.03225821904973064 230
1646476025132 0.03247664113236158 231
1646476025273 0.03269554869604396 232
1646476025321 0.03291493629727417 233
1646476025361 0.03313479848061167 234
1646476025406 0.03335512977881465 235
1646476025431 0.03357592471297598 236
1646476025468 0.033797177792659436 237
1646476025494 0.034018883516036214 238
1646476025610 0.03424103637002181 239
1646476025646 0.034463630830413025 240
1646476025677 0.03468666136202542 241
1646476025711 0.034910122418830875 242
1646476025752 0.035134008444095546 243
1646476025786 0.03535831387051806 244
1646476025816 0.035583033120367896 245
1646476025980 0.035808160605624154 246
1646476026052 0.036033690728114465 247
1646476026125 0.03625961787965419 248
1646476026188 0.03648593644218592 249
1646476026236 0.03671264078791915 250
1646476026283 0.03693972527947022 251
1646476026316 0.037167184270002526 252
1646476026462 0.03739501210336689 253
1646476026505 0.037623203114242276 254
1646476026540 0.0378517516282766 255
1646476026576 0.03808065196222787 256
1646476026616 0.038309898424105496 257
1646476026652 0.038539485313311875 258
1646476026689 0.038769406920784046 259
1646476026829 0.038999657529135756 260
1646476026876 0.039230231412799604 261
1646476026921 0.03946112283816936 262
1646476026962 0.03969232606374264 263
1646476027004 0.03992383534026359 264
1646476027032 0.040155644910865915 265
1646476027072 0.04038774901121596 266
1646476027222 0.04062014186965612 267
1646476027272 0.04085281770734836 268
1646476027338 0.041085770738417855 269
1646476027405 0.04131899517009691 270
1646476027451 0.04155248520286901 271
1646476027479 0.041786235030613024 272
1646476027511 0.04202023884074756 273
1646476027624 0.04225449081437555 274
1646476027662 0.042488985126428916 275
1646476027693 0.042723715945813444 276
1646476027730 0.04295867743555375 277
1646476027771 0.04319386375293845 278
1646476027801 0.043429269049665445 279
1646476027832 0.04366488747198734 280
1646476027952 0.04390071316085705 281
1646476027990 0.0441367402520734 282
1646476028022 0.044372962876427044 283
1646476028053 0.0446093751598464 284
1646476028081 0.04484597122354363 285
1646476028117 0.04508274518416096 286
1646476028145 0.04531969115391687 287
1646476028261 0.04555680324075254 288
1646476028299 0.045794075548478405 289
1646476028335 0.04603150217692071 290
1646476028369 0.046269077222068286 291
1646476028397 0.046506794776219273 292
1646476028414 0.04674464892812815 293
1646476028456 0.046982633763152634 294
1646476028556 0.0472207433634008 295
1646476028602 0.04745897180787822 296
1646476028643 0.047697313172635196 297
1646476028677 0.047935761530914084 298
1646476028698 0.048174310953296676 299
1646476028741 0.048412955507851636 300
1646476028770 0.048651689260281995 301
1646476028892 0.04889050627407272 302
1646476028928 0.04912940061063836 303
1646476028961 0.04936836632947072 304
1646476028996 0.04960739748828654 305
1646476029029 0.049846488143175285 306
1646476029049 0.05008563234874696 307
1646476029094 0.05032482415827995 308
1646476029215 0.050564057623868876 309
1646476029252 0.050803326796572505 310
1646476029286 0.051042625726561694 311
1646476029319 0.05128194846326735 312
1646476029350 0.05152128905552836 313
1646476029382 0.051760641551739615 314
1646476029411 0.052000000000000005 315
1646476029538 0.05223935844826039 316
1646476029586 0.052478710944471645 317
1646476029631 0.052718051536732646 318
1646476029686 0.0529573742734383 319
1646476029759 0.0531966732034275 320
1646476029826 0.05343594237613112 321
1646476029878 0.05367517584172004 322
1646476030060 0.05391436765125303 323
1646476030102 0.0541535118568247 324
1646476030131 0.054392602511713475 325
1646476030164 0.05463163367052929 326
1646476030223 0.054870599389361646 327
1646476030261 0.0551094937259273 328
1646476030292 0.05534831073971802 329
1646476030428 0.055587044492148366 330
1646476030465 0.05582568904670332 331
1646476030506 0.05606423846908592 332
1646476030544 0.056302686827364806 333
1646476030581 0.056541028192121784 334
1646476030620 0.0567792566365992 335
1646476030655 0.05701736623684736 336
1646476030786 0.05725535107187185 337
1646476030824 0.05749320522378073 338
1646476030856 0.05773092277793172 339
1646476030889 0.05796849782307928 340
1646476030976 0.05820592445152159 341
1646476031043 0.05844319675924745 342
1646476031125 0.058680308846083135 343
1646476031243 0.05891725481583904 344
1646476031283 0.05915402877645638 345
1646476031317 0.05939062484015362 346
1646476031350 0.059627037123572965 347
1646476031381 0.05986325974792661 348
1646476031397 0.060099286839142965 349
1646476031441 0.06033511252801266 350
1646476031556 0.06057073095033456 351
1646476031594 0.060806136247061555 352
1646476031628 0.06104132256444625 353
1646476031660 0.06127628405418655 354
1646476031689 0.06151101487357108 355
1646476031721 0.06174550918562445 356
1646476031748 0.061979761159252446 357
1646476031879 0.06221376496938698 358
1646476031915 0.06244751479713099 359
1646476031949 0.0626810048299031 360
1646476031983 0.06291422926158215 361
1646476032011 0.06314718229265165 362
1646476032046 0.06337985813034389 363
1646476032073 0.06361225098878405 364
1646476032187 0.06384435508913411 365
1646476032223 0.06407616465973642 366
1646476032257 0.06430767393625736 367
1646476032292 0.06453887716183064 368
1646476032322 0.0647697685872004 369
1646476032357 0.06500034247086425 370
1646476032384 0.06523059307921597 371
1646476032503 0.06546051468668813 372
1646476032543 0.0656901015758945 373
1646476032577 0.06591934803777214 374
1646476032609 0.06614824837172341 375
1646476032641 0.06637679688575773 376
1646476032676 0.0666049878966331 377
1646476032707 0.06683281572999747 378
1646476032863 0.06706027472052978 379
1646476032897 0.06728735921208084 380
1646476032941 0.06751406355781409 381
1646476032973 0.0677403821203458 382
1646476033008 0.06796630927188553 383
1646476033043 0.06819183939437584 384
1646476033064 0.0684169668796321 385
1646476033193 0.06864168612948196 386
1646476033232 0.06886599155590446 387
1646476033268 0.06908987758116913 388
1646476033312 0.06931333863797458 389
1646476033366 0.06953636916958697 390
1646476033428 0.06975896362997819 391
1646476033487 0.06998111648396378 392
1646476033687 0.07020282220734056 393
1646476033736 0.07042407528702402 394
1646476033789 0.07064487022118535 395
1646476033830 0.07086520151938834 396
1646476033877 0.07108506370272583 397
1646476033913 0.07130445130395605 398
1646476033946 0.07152335886763841 399
1646476034077 0.07174178095026935 400
1646476034116 0.07195971212041757 401
1646476034156 0.07217714695885914 402
1646476034194 0.07239408005871224 403
1646476034250 0.07261050602557165 404
1646476034295 0.07282641947764279 405
1646476034328 0.07304181504587573 406
1646476034457 0.07325668737409848 407
1646476034496 0.07347103111915038 408
1646476034531 0.0736848409510148 409
1646476034583 0.07389811155295183 410
1646476034614 0.07411083762163034 411
1646476034663 0.07432301386726002 412
1646476034703 0.07453463501372275 413
1646476034951 0.07474569579870394 414
1646476034990 0.07495619097382326 415
1646476035021 0.07516611530476532 416
1646476035056 0.07537546357140963 417
1646476035081 0.07558423056796054 418
1646476035118 0.07579241110307669 419
1646476035147 0.076 420
1646476035269 0.07620699209668452 421
1646476035304 0.07641338224592471 422
1646476035337 0.07661916531548349 423
1646476035373 0.07682433618821982 424
1646476035401 0.0770288897622159 425
1646476035435 0.07723282095090424 426
1646476035463 0.07743612468319383 427
1646476035594 0.07763879590359658 428
1646476035640 0.07784082957235275 429
1646476035664 0.07804222066555645 430
1646476035710 0.0782429641752805 431
1646476035751 0.07844305510970093 432
1646476035782 0.0786424884932212 433
1646476035833 0.07884125936659585 434
1646476035959 0.07903936278705387 435
1646476035999 0.07923679382842153 436
1646476036035 0.079433547581245 437
1646476036069 0.07962961915291233 438
1646476036103 0.07982500366777515 439
1646476036139 0.0800196962672699 440
1646476036164 0.0802136921100387 441
1646476036306 0.08040698637204964 442
1646476036350 0.08059957424671685 443
1646476036384 0.08079145094501985 444
1646476036414 0.08098261169562293 445
1646476036454 0.08117305174499345 446
1646476036489 0.08136276635752032 447
1646476036526 0.0815517508156316 448
1646476036659 0.08174000041991192 449
1646476036704 0.08192751048921922 450
1646476036746 0.08211427636080125 451
1646476036790 0.08230029339041146 452
1646476036823 0.08248555695242459 453
1646476036858 0.08267006243995148 454
1646476036886 0.0828538052649539 455
1646476037022 0.08303678085835839 456
1646476037068 0.08321898467017007 457
1646476037145 0.08340041216958566 458
1646476037229 0.08358105884510621 459
1646476037309 0.08376092020464924 460
1646476037400 0.08393999177566053 461
1646476037448 0.08411826910522519 462
1646476037651 0.08429574776017855 463
1646476037693 0.08447242332721626 464
1646476037817 0.08464829141300415 465
1646476037864 0.08482334764428737 466
1646476037914 0.08499758766799928 467
1646476037958 0.08517100715136951 468
1646476038001 0.08534360178203187 469
1646476038116 0.0855153672681315 470
1646476038161 0.0856862993384316 471
1646476038191 0.08585639374241963 472
1646476038235 0.08602564625041308 473
1646476038279 0.08619405265366455 474
1646476038314 0.0863616087644665 475
1646476038352 0.08652831041625525 476
1646476038472 0.0866941534637148 477
1646476038521 0.08685913378287967 478
1646476038588 0.08702324727123764 479
1646476038642 0.08718648984783166 480
1646476038700 0.08734885745336138 481
1646476038754 0.08751034605028403 482
1646476038811 0.08767095162291494 483
1646476039002 0.08783067017752721 484
1646476039063 0.08798949774245125 485
1646476039109 0.08814743036817332 486
1646476039148 0.08830446412743394 487
1646476039185 0.08846059511532535 488
1646476039214 0.0886158194493888 489
1646476039260 0.08877013326971095 490
1646476039418 0.08892353273901994 491
1646476039459 0.08907601404278077 492
1646476039493 0.08922757338929019 493
1646476039532 0.08937820700977092 494
1646476039564 0.08952791115846542 495
1646476039610 0.08967668211272907 496
1646476039651 0.08982451617312266 497
1646476039810 0.08997140966350438 498
1646476039850 0.09011735893112133 499
1646476039934 0.09026236034670027 500
1646476039983 0.0904064103045379 501
1646476040038 0.09054950522259048 502
1646476040103 0.09069164154256298 503
1646476040130 0.09083281572999748 504
1646476040244 0.09097302427436112 505
1646476040282 0.09111226368913336 506
1646476040315 0.0912505305118927 507
1646476040352 0.09138782130440279 508
1646476040382 0.09152413265269789 509
1646476040419 0.09165946116716775 510
1646476040446 0.091793803482642 511
1646476040575 0.09192715625847371 512
1646476040614 0.09205951617862253 513
1646476040647 0.09219087995173712 514
1646476040685 0.09232124431123703 515
1646476040715 0.09245060601539389 516
1646476040753 0.092578961847412 517
1646476040795 0.09270630861550845 518
1646476040911 0.0928326431529923 519
1646476040945 0.09295796231834347 520
1646476040981 0.09308226299529081 521
1646476041015 0.09320554209288957 522
1646476041046 0.09332779654559832 523
1646476041079 0.09344902331335508 524
1646476041111 0.09356921938165307 525
1646476041228 0.09368838176161547 526
1646476041267 0.09380650749006995 527
1646476041301 0.09392359362962223 528
1646476041333 0.09403963726872912 529
1646476041363 0.09415463552177097 530
1646476041400 0.09426858552912343 531
1646476041428 0.0943814844572285 532
1646476041546 0.09449332949866504 533
1646476041587 0.0946041178722186 534
1646476041621 0.09471384682295049 535
1646476041652 0.0948225136222664 536
1646476041686 0.09493011556798417 537
1646476041721 0.095036649984401 538
1646476041754 0.09514211422236002 539
1646476041884 0.09524650565931612 540
1646476041921 0.0953498216994012 541
1646476041957 0.09545205977348871 542
1646476041995 0.09555321733925752 543
1646476042030 0.09565329188125515 544
1646476042066 0.09575228091096032 545
1646476042099 0.09585018196684485 546
1646476042218 0.09594699261443485 547
1646476042269 0.09604271044637124 548
1646476042314 0.09613733308246963 549
1646476042361 0.09623085816977958 550
1646476042427 0.09632328338264294 551
1646476042496 0.09641460642275185 552
1646476042562 0.09650482501920579 553
1646476042741 0.09659393692856813 554
1646476042789 0.0966819399349218 555
1646476042830 0.09676883184992453 556
1646476042871 0.09685461051286315 557
1646476042911 0.0969392737907074 558
1646476042944 0.0970228195781629 559
1646476042987 0.0971052457977236 560
1646476043105 0.09718655039972335 561
1646476043147 0.09726673136238691 562
1646476043180 0.0973457866918802 563
1646476043222 0.09742371442235989 564
1646476043266 0.09750051261602233 565
1646476043313 0.09757617936315167 566
1646476043347 0.09765071278216737 567
1646476043473 0.09772411101967103 568
1646476043519 0.09779637225049237 569
1646476043547 0.09786749467773476 570
1646476043595 0.0979374765328198 571
1646476043681 0.09800631607553131 572
1646476043742 0.09807401159405868 573
1646476043823 0.09814056140503931 574
1646476043943 0.09820596385360059 575
1646476043979 0.09827021731340096 576
1646476044020 0.09833332018667043 577
1646476044054 0.09839527090425026 578
1646476044080 0.098456067925632 579
1646476044119 0.09851570973899575 580
1646476044146 0.09857419486124784 581
1646476044260 0.09863152183805765 582
1646476044309 0.09868768924389378 583
1646476044343 0.09874269568205951 584
1646476044384 0.09879653978472754 585
1646476044415 0.09884922021297397 586
1646476044452 0.09890073565681165 587
1646476044479 0.09895108483522268 588
1646476044600 0.09900026649619031 589
1646476044637 0.09904827941673011 590
1646476044670 0.09909512240292029 591
1646476044704 0.09914079428993147 592
1646476044738 0.0991852939420556 593
1646476044766 0.09922862025273423 594
1646476044805 0.09927077214458599 595
1646476044927 0.09931174856943342 596
1646476044963 0.09935154850832903 597
1646476044999 0.0993901709715806 598
1646476045029 0.09942761499877581 599
1646476045060 0.09946387965880618 600
1646476045098 0.0994989640498901 601
1646476045125 0.09953286729959539 602
1646476045240 0.09956558856486088 603
1646476045276 0.09959712703201745 604
1646476045314 0.09962748191680826 605
1646476045349 0.0996566524644082 606
1646476045377 0.09968463794944267 607
1646476045416 0.0997114376760057 608
1646476045443 0.09973705097767713 609
1646476045566 0.09976147721753928 610
1646476045604 0.09978471578819273 611
1646476045636 0.09980676611177149 612
1646476045674 0.09982762763995724 613
1646476045709 0.09984729985399317 614
1646476045750 0.09986578226469665 615
1646476045792 0.09988307441247157 616
1646476045905 0.09989917586731967 617
1646476045943 0.0999140862288513 618
1646476045979 0.09992780512629529 619
1646476046022 0.09994033221850827 620
1646476046070 0.0999516671939831 621
1646476046129 0.09996180977085661 622
1646476046188 0.0999707596969166 623
1646476046397 0.09997851674960817 624
1646476046445 0.09998508073603919 625
1646476046498 0.09999045149298513 626
1646476046538 0.09999462888689313 627
1646476046581 0.09999761281388526 628
1646476046619 0.09999940319976121 629
1646476046647 0.09999988581654443 630
1646476046800 0.09999954326669921 631
1646476046845 0.09999897235202891 632
1646476046880 0.0999981730751411 633
1646476046930 0.09999714543968634 634
1646476046965 0.09999588945035823 635
1646476047004 0.09999440511289331 636
1646476047030 0.09999269243407109 637
1646476047184 0.09999075142171397 638
1646476047225 0.09998858208468725 639
1646476047267 0.09998618443289907 640
1646476047311 0.09998355847730035 641
1646476047379 0.09998070422988478 642
1646476047424 0.09997762170368871 643
1646476047487 0.09997431091279116 644
1646476047648 0.09997077187231367 645
1646476047688 0.0999670045984203 646
1646476047722 0.09996300910831754 647
1646476047763 0.09995878542025423 648
1646476047792 0.09995433355352143 649
1646476047831 0.09994965352845243 650
1646476047859 0.09994474536642255 651
1646476047979 0.09993960908984914 652
1646476048019 0.09993424472219138 653
1646476048055 0.09992865228795028 654
1646476048089 0.09992283181266845 655
1646476048113 0.0999167833229301 656
1646476048155 0.09991050684636081 657
1646476048181 0.09990400241162752 658
1646476048302 0.09989727004843828 659
1646476048339 0.0998903097875422 660
1646476048370 0.09988312166072927 661
1646476048403 0.09987570570083022 662
1646476048430 0.0998680619417164 663
1646476048471 0.09986019041829958 664
1646476048498 0.09985209116653179 665
1646476048622 0.09984376422340524 666
1646476048663 0.09983520962695201 667
1646476048701 0.09982642741624403 668
1646476048733 0.09981741763139274 669
1646476048771 0.09980818031354909 670
1646476048808 0.09979871550490317 671
1646476048835 0.09978902324868413 672
1646476048957 0.09977910358915996 673
1646476048994 0.09976895657163733 674
1646476049023 0.09975858224246123 675
1646476049059 0.09974798064901494 676
1646476049088 0.09973715183971972 677
1646476049127 0.0997260958640346 678
1646476049153 0.09971481277245615 679
1646476049273 0.0997033026165183 680
1646476049308 0.09969156544879201 681
1646476049349 0.09967960132288511 682
1646476049386 0.09966741029344206 683
1646476049424 0.09965499241614359 684
1646476049460 0.09964234774770661 685
1646476049498 0.0996294763458838 686
1646476049607 0.09961637826946346 687
1646476049651 0.09960305357826917 688
1646476049688 0.09958950233315954 689
1646476049738 0.09957572459602795 690
1646476049812 0.09956172042980223 691
1646476049876 0.09954748989844439 692
1646476049924 0.09953303306695035 693
1646476050098 0.0995183500013496 694
1646476050160 0.09950344076870497 695
1646476050214 0.0994883054371122 696
1646476050249 0.09947294407569977 697
1646476050288 0.09945735675462848 698
1646476050313 0.09944154354509119 699
1646476050346 0.09942550451931245 700
1646476050489 0.09940923975054825 701
1646476050524 0.09939274931308553 702
1646476050573 0.09937603328224204 703
1646476050624 0.09935909173436584 704
1646476050674 0.099341924746835 705
1646476050714 0.09932453239805729 706
1646476050757 0.09930691476746976 707
1646476050911 0.09928907193553844 708
1646476050969 0.09927100398375785 709
1646476051014 0.09925271099465081 710
1646476051046 0.09923419305176792 711
1646476051098 0.09921545023968721 712
1646476051131 0.09919648264401378 713
1646476051205 0.0991772903513794 714
1646476051410 0.09915787344944213 715
1646476051448 0.09913823202688588 716
1646476051482 0.09911836617342003 717
1646476051513 0.099098275979779 718
1646476051547 0.09907796153772187 719
1646476051589 0.09905742294003195 720
1646476051621 0.09903666028051634 721
1646476051745 0.0990156736540055 722
1646476051794 0.09899446315635282 723
1646476051830 0.09897302888443424 724
1646476051873 0.09895137093614768 725
1646476051904 0.09892948941041274 726
1646476051942 0.09890738440717015 727
1646476051977 0.09888505602738132 728
1646476052095 0.0988625043730279 729
1646476052135 0.09883972954711141 730
1646476052172 0.09881673165365253 731
1646476052204 0.09879351079769086 732
1646476052235 0.09877006708528434 733
1646476052272 0.09874640062350874 734
1646476052305 0.09872251152045726 735
1646476052429 0.09869839988523992 736
1646476052466 0.09867406582798315 737
1646476052507 0.09864950945982928 738
1646476052539 0.098624730892936 739
1646476052563 0.09859973024047584 740
1646476052610 0.0985745076166357 741
1646476052642 0.09854906313661634 742
1646476052763 0.0985233969166317 743
1646476052811 0.0984975090739086 744
1646476052841 0.09847139972668602 745
1646476052875 0.09844506899421467 746
1646476052909 0.0984185169967564 747
1646476052944 0.09839174385558365 748
1646476052976 0.09836474969297887 749
1646476053098 0.09833753463223405 750
1646476053142 0.09831009879765007 751
1646476053174 0.09828244231453617 752
1646476053210 0.09825456530920935 753
1646476053240 0.09822646790899386 754
1646476053277 0.09819815024222053 755
1646476053304 0.09816961243822624 756
1646476053428 0.0981408546273533 757
1646476053477 0.09811187694094889 758
1646476053549 0.09808267951136446 759
1646476053611 0.09805326247195503 760
1646476053694 0.09802362595707877 761
1646476053742 0.09799377010209614 762
1646476053801 0.09796369504336953 763
1646476053973 0.09793340091826243 764
1646476054027 0.09790288786513891 765
1646476054063 0.09787215602336295 766
1646476054100 0.09784120553329785 767
1646476054130 0.09781003653630553 768
1646476054180 0.0977786491747459 769
1646476054215 0.09774704359197621 770
1646476054356 0.09771521993235047 771
1646476054397 0.09768317834121862 772
1646476054430 0.09765091896492609 773
1646476054476 0.09761844195081291 774
1646476054530 0.09758574744721321 775
1646476054580 0.09755283560345443 776
1646476054614 0.09751970656985669 777
1646476054744 0.09748636049773209 778
1646476054794 0.09745279753938403 779
1646476054827 0.09741901784810654 780
1646476054893 0.09738502157818346 781
1646476054936 0.09735080888488792 782
1646476054997 0.09731637992448146 783
1646476055084 0.09728173485421342 784
1646476055198 0.09724687383232018 785
1646476055238 0.09721179701802449 786
1646476055271 0.09717650457153462 787
1646476055305 0.09714099665404377 788
1646476055337 0.09710527342772927 789
1646476055369 0.09706933505575184 790
1646476055396 0.09703318170225479 791
1646476055532 0.09699681353236342 792
1646476055571 0.09696023071218408 793
1646476055603 0.0969234334088036 794
1646476055634 0.09688642179028838 795
1646476055663 0.09684919602568365 796
1646476055698 0.09681175628501273 797
1646476055729 0.09677410273927631 798
1646476055863 0.09673623556045154 799
1646476055897 0.09669815492149131 800
1646476055932 0.09665986099632348 801
1646476055964 0.09662135395985007 802
1646476055996 0.09658263398794643 803
1646476056033 0.09654370125746049 804
1646476056063 0.09650455594621189 805
1646476056175 0.09646519823299123 806
1646476056213 0.09642562829755921 807
1646476056247 0.09638584632064587 808
1646476056279 0.09634585248394963 809
1646476056311 0.09630564697013662 810
1646476056330 0.09626522996283975 811
1646476056361 0.0962246016466579 812
1646476056498 0.09618376220715508 813
1646476056536 0.09614271183085958 814
1646476056568 0.09610145070526309 815
1646476056605 0.09605997901881987 816
1646476056635 0.09601829696094591 817
1646476056670 0.09597640472201803 818
1646476056696 0.095934302493373 819
1646476056834 0.09589199046730673 820
1646476056872 0.09584946883707332 821
1646476056907 0.09580673779688421 822
1646476056929 0.0957637975419073 823
1646476056978 0.09572064826826603 824
1646476057014 0.09567729017303851 825
1646476057042 0.09563372345425666 826
1646476057162 0.09558994831090517 827
1646476057204 0.09554596494292075 828
1646476057255 0.0955017735511911 829
1646476057295 0.09545737433755408 830
1646476057390 0.09541276750479673 831
1646476057460 0.09536795325665434 832
1646476057519 0.09532293179780955 833
1646476057685 0.09527770333389145 834
1646476057732 0.09523226807147452 835
1646476057787 0.09518662621807782 836
1646476057814 0.09514077798216396 837
1646476057871 0.09509472357313818 838
1646476057896 0.09504846320134738 839
1646476057952 0.09500199707807919 840
1646476058071 0.09495532541556093 841
1646476058126 0.09490844842695872 842
1646476058161 0.0948613663263765 843
1646476058203 0.094814079328855 844
1646476058229 0.0947665876503708 845
1646476058280 0.09471889150783531 846
1646476058308 0.09467099111909384 847
1646476058445 0.09462288670292453 848
1646476058491 0.09457457847903737 849
1646476058546 0.09452606666807328 850
1646476058663 0.094477351491603 851
1646476058740 0.09442843317212607 852
1646476058791 0.09437931193306992 853
1646476058886 0.09432998799878874 854
1646476059010 0.09428046159456253 855
1646476059044 0.09423073294659605 856
1646476059078 0.09418080228201775 857
1646476059114 0.09413066982887877 858
1646476059147 0.0940803358161519 859
1646476059188 0.09402980047373054 860
1646476059213 0.09397906403242758 861
1646476059334 0.09392812672397445 862
1646476059375 0.09387698878102001 863
1646476059405 0.09382565043712943 864
1646476059440 0.09377411192678328 865
1646476059475 0.09372237348537629 866
1646476059513 0.09367043534921637 867
1646476059542 0.0936182977555235 868
1646476059666 0.09356596094242865 869
1646476059704 0.0935134251489727 870
1646476059742 0.09346069061510538 871
1646476059781 0.09340775758168408 872
1646476059813 0.09335462629047282 873
1646476059853 0.09330129698414119 874
1646476059879 0.09324776990626309 875
1646476060004 0.09319404530131581 876
1646476060039 0.09314012341467875 877
1646476060071 0.09308600449263241 878
1646476060102 0.09303168878235718 879
1646476060129 0.09297717653193228 880
1646476060173 0.09292246799033459 881
1646476060203 0.09286756340743753 882
1646476060322 0.09281246303400989 883
1646476060360 0.09275716712171472 884
1646476060393 0.09270167592310816 885
1646476060431 0.09264598969163833 886
1646476060458 0.09259010868164405 887
1646476060497 0.09253403314835384 888
1646476060523 0.09247776334788467 889
1646476060653 0.09242129953724074 890
1646476060692 0.09236464197431243 891
1646476060729 0.092307790917875 892
1646476060767 0.09225074662758755 893
1646476060796 0.09219350936399162 894
1646476060834 0.09213607938851023 895
1646476060862 0.09207845696344655 896
1646476060985 0.09202064235198275 897
1646476061027 0.09196263581817875 898
1646476061097 0.09190443762697105 899
1646476061159 0.09184604804417158 900
1646476061224 0.09178746733646638 901
1646476061289 0.09172869577141439 902
1646476061353 0.09166973361744632 903
1646476061507 0.09161058114386335 904
1646476061554 0.0915512386208359 905
1646476061581 0.09149170631940244 906
1646476061626 0.09143198451146821 907
1646476061672 0.091372073469804 908
1646476061711 0.09131197346804489 909
1646476061748 0.091251684780689 910
1646476061875 0.0911912076830963 911
1646476061919 0.09113054245148722 912
1646476061953 0.09106968936294149 913
1646476061989 0.09100864869539688 914
1646476062034 0.09094742072764787 915
1646476062062 0.09088600573934444 916
1646476062108 0.0908244040109907 917
1646476062252 0.09076261582394374 918
1646476062293 0.09070064146041219 919
1646476062341 0.0906384812034551 920
1646476062413 0.09057613533698053 921
1646476062460 0.09051360414574423 922
1646476062569 0.0904508879153485 923
1646476062598 0.09038798693224069 924
1646476062710 0.09032490148371201 925
1646476062758 0.0902616318578962 926
1646476062791 0.09019817834376821 927
1646476062826 0.09013454123114283 928
1646476062855 0.09007072081067347 929
1646476062883 0.09000671737385073 930
1646476062919 0.0899425312130011 931
1646476063040 0.0898781626212857 932
1646476063083 0.0898136118926988 933
1646476063111 0.08974887932206663 934
1646476063147 0.08968396520504587 935
1646476063175 0.08961886983812245 936
1646476063214 0.08955359351861014 937
1646476063239 0.08948813654464913 938
1646476063358 0.08942249921520477 939
1646476063394 0.08935668183006615 940
1646476063428 0.08929068468984472 941
1646476063459 0.08922450809597293 942
1646476063487 0.08915815235070293 943
1646476063524 0.089091617757105 944
1646476063546 0.08902490461906638 945
1646476063674 0.08895801324128978 946
1646476063715 0.0888909439292919 947
1646476063745 0.08882369698940226 948
1646476063786 0.08875627272876158 949
1646476063822 0.0886886714553205 950
1646476063856 0.08862089347783814 951
1646476063879 0.08855293910588066 952
1646476063990 0.08848480864981995 953
1646476064035 0.08841650242083204 954
1646476064067 0.08834802073089587 955
1646476064097 0.0882793638927917 956
1646476064129 0.08821053222009981 957
1646476064167 0.08814152602719895 958
1646476064196 0.08807234562926505 959
1646476064320 0.08800299134226963 960
1646476064358 0.08793346348297842 961
1646476064390 0.08786376236894998 962
1646476064425 0.08779388831853412 963
1646476064461 0.08772384165087055 964
1646476064498 0.08765362268588736 965
1646476064533 0.08758323174429958 966
1646476064643 0.08751266914760779 967
1646476064680 0.08744193521809647 968
1646476064720 0.08737103027883272 969
1646476064774 0.08729995465366468 970
1646476064831 0.08722870866722003 971
1646476064897 0.08715729264490463 972
1646476064966 0.08708570691290088 973
1646476065160 0.08701395179816636 974
1646476065207 0.08694202762843227 975
1646476065264 0.0868699347322019 976
1646476065296 0.08679767343874924 977
1646476065329 0.08672524407811735 978
1646476065377 0.08665264698111695 979
1646476065412 0.08657988247932488 980
1646476065538 0.08650695090508254 981
1646476065580 0.08643385259149444 982
1646476065617 0.0863605878724266 983
1646476065653 0.08628715708250519 984
1646476065678 0.08621356055711472 985
1646476065727 0.08613979863239682 986
1646476065772 0.08606587164524845 987
1646476065912 0.08599177993332055 988
1646476065957 0.08591752383501637 989
1646476065991 0.08584310368948996 990
1646476066037 0.0857685198366447 991
1646476066078 0.08569377261713158 992
1646476066112 0.08561886237234785 993
1646476066196 0.08554378944443528 994
1646476066397 0.08546855417627869 995
1646476066436 0.08539315691150438 996
1646476066466 0.08531759799447851 997
1646476066496 0.08524187777030565 998
1646476066529 0.08516599658482699 999
1646476066567 0.085089954784619 1000
1646476066594 0.08501375271699167 1001
1646476066715 0.084937390729987 1002
1646476066761 0.08486086917237745 1003
1646476066795 0.08478418839366421 1004
1646476066830 0.08470734874407575 1005
1646476066862 0.08463035057456612 1006
1646476066899 0.08455319423681344 1007
1646476066925 0.0844758800832182 1008
1646476067048 0.08439840846690169 1009
1646476067083 0.08432077974170443 1010
1646476067116 0.08424299426218444 1011
1646476067152 0.08416505238361578 1012
1646476067178 0.08408695446198675 1013
1646476067219 0.08400870085399842 1014
1646476067245 0.08393029191706292 1015
1646476067368 0.08385172800930181 1016
1646476067407 0.08377300948954447 1017
1646476067437 0.08369413671732644 1018
1646476067472 0.0836151100528878 1019
1646476067505 0.08353592985717145 1020
1646476067536 0.08345659649182165 1021
1646476067587 0.08337711031918209 1022
1646476067704 0.0832974717022945 1023
1646476067741 0.0832176810048968 1024
1646476067778 0.08313773859142158 1025
1646476067822 0.08305764482699435 1026
1646476067850 0.08297740007743183 1027
1646476067888 0.08289700470924045 1028
1646476067912 0.08281645908961449 1029
1646476068037 0.08273576358643453 1030
1646476068074 0.08265491856826568 1031
1646476068108 0.08257392440435597 1032
1646476068148 0.08249278146463462 1033
1646476068178 0.08241149011971037 1034
1646476068220 0.08233005074086974 1035
1646476068245 0.08224846370007544 1036
1646476068367 0.08216672936996457 1037
1646476068415 0.08208484812384692 1038
1646476068445 0.08200282033570337 1039
1646476068478 0.08192064638018404 1040
1646476068523 0.08183832663260669 1041
1646476068561 0.08175586146895497 1042
1646476068625 0.08167325126587667 1043
1646476068852 0.08159049640068203 1044
1646476068902 0.08150759725134202 1045
1646476068956 0.0814245541964866 1046
1646476068992 0.08134136761540303 1047
1646476069031 0.08125803788803408 1048
1646476069061 0.0811745653949763 1049
1646476069104 0.08109095051747836 1050
1646476069248 0.08100719363743916 1051
1646476069290 0.08092329513740626 1052
1646476069335 0.08083925540057403 1053
1646476069362 0.08075507481078188 1054
1646476069409 0.0806707537525126 1055
1646476069462 0.0805862926108905 1056
1646476069497 0.08050169177167975 1057
1646476069626 0.08041695162128251 1058
1646476069672 0.08033207254673727 1059
1646476069715 0.08024705493571704 1060
1646476069756 0.08016189917652754 1061
1646476069806 0.08007660565810545 1062
1646476069846 0.07999117477001676 1063
1646476069893 0.0799056069024547 1064
1646476070105 0.07981990244623828 1065
1646476070152 0.07973406179281028 1066
1646476070182 0.07964808533423559 1067
1646476070213 0.07956197346319932 1068
1646476070243 0.0794757265730051 1069
1646476070276 0.0793893450575732 1070
1646476070302 0.07930282931143882 1071
1646476070426 0.07921617972975023 1072
1646476070469 0.07912939670826691 1073
1646476070501 0.07904248064335789 1074
1646476070531 0.07895543193199983 1075
1646476070572 0.0788682509717752 1076
1646476070604 0.07878093816087055 1077
1646476070634 0.07869349389807459 1078
1646476070753 0.07860591858277646 1079
1646476070799 0.07851821261496385 1080
1646476070831 0.07843037639522116 1081
1646476070866 0.07834241032472773 1082
1646476070896 0.07825431480525596 1083
1646476070931 0.07816609023916948 1084
1646476070958 0.07807773702942139 1085
1646476071100 0.07798925557955222 1086
1646476071141 0.07790064629368836 1087
1646476071175 0.07781190957653995 1088
1646476071213 0.07772304583339924 1089
1646476071252 0.07763405547013864 1090
1646476071278 0.07754493889320883 1091
1646476071319 0.07745569650963702 1092
1646476071455 0.07736632872702497 1093
1646476071494 0.07727683595354719 1094
1646476071526 0.07718721859794911 1095
1646476071564 0.07709747706954512 1096
1646476071595 0.07700761177821679 1097
1646476071634 0.0769176231344109 1098
1646476071663 0.07682751154913771 1099
1646476071779 0.07673727743396895 1100
1646476071845 0.07664692120103597 1101
1646476071887 0.07655644326302792 1102
1646476071920 0.07646584403318979 1103
1646476071949 0.07637512392532053 1104
1646476071993 0.07628428335377127 1105
1646476072023 0.07619332273344324 1106
1646476072143 0.07610224247978606 1107
1646476072184 0.07601104300879569 1108
1646476072233 0.07591972473701261 1109
1646476072281 0.07582828808151994 1110
1646476072380 0.07573673345994147 1111
1646476072450 0.07564506129043984 1112
1646476072503 0.07555327199171448 1113
1646476072702 0.07546136598299985 1114
1646476072750 0.07536934368406346 1115
1646476072805 0.07527720551520398 1116
1646476072828 0.07518495189724923 1117
1646476072896 0.07509258325155439 1118
1646476072945 0.0750001 1119
1646476072998 0.07490750256499003 1120
1646476073159 0.07481479136945 1121
1646476073208 0.07472196683682494 1122
1646476073253 0.07462902939107763 1123
1646476073292 0.0745359794566865 1124
1646476073336 0.07444281745864377 1125
1646476073375 0.07434954382245348 1126
1646476073424 0.07425615897412961 1127
1646476073594 0.07416266334019404 1128
1646476073643 0.07406905734767466 1129
1646476073697 0.0739753414241034 1130
1646476073756 0.07388151599751429 1131
1646476073809 0.07378758149644153 1132
1646476073892 0.07369353834991745 1133
1646476073952 0.07359938698747061 1134
1646476074120 0.07350512783912388 1135
1646476074158 0.07341076133539239 1136
1646476074190 0.07331628790728158 1137
1646476074223 0.07322170798628527 1138
1646476074245 0.07312702200438372 1139
1646476074298 0.07303223039404153 1140
1646476074325 0.0729373335882058 1141
1646476074432 0.07284233202030403 1142
1646476074480 0.07274722612424228 1143
1646476074516 0.07265201633440309 1144
1646476074550 0.07255670308564348 1145
1646476074578 0.07246128681329309 1146
1646476074616 0.07236576795315197 1147
1646476074643 0.07227014694148887 1148
1646476074772 0.07217442421503903 1149
1646476074816 0.07207860021100225 1150
1646476074848 0.07198267536704092 1151
1646476074887 0.07188665012127801 1152
1646476074923 0.07179052491229503 1153
1646476074953 0.07169430017913009 1154
1646476074983 0.07159797636127585 1155
1646476075097 0.07150155389867752 1156
1646476075135 0.07140503323173088 1157
1646476075171 0.07130841480128018 1158
1646476075206 0.07121169904861628 1159
1646476075238 0.0711148864154745 1160
1646476075274 0.07101797734403262 1161
1646476075301 0.07092097227690894 1162
1646476075417 0.07082387165716014 1163
1646476075459 0.07072667592827944 1164
1646476075496 0.07062938553419432 1165
1646476075530 0.07053200091926472 1166
1646476075563 0.07043452252828089 1167
1646476075597 0.0703369508064614 1168
1646476075631 0.07023928619945106 1169
1646476075752 0.07014152915331899 1170
1646476075799 0.07004368011455644 1171
1646476075830 0.06994573953007484 1172
1646476075867 0.06984770784720377 1173
1646476075894 0.06974958551368889 1174
1646476075934 0.06965137297768985 1175
1646476075961 0.06955307068777833 1176
1646476076092 0.06945467909293594 1177
1646476076142 0.06935619864255214 1178
1646476076210 0.06925762978642228 1179
1646476076278 0.06915897297474545 1180
1646476076339 0.06906022865812249 1181
1646476076408 0.0689613972875539 1182
1646476076466 0.06886247931443776 1183
1646476076610 0.06876347519056775 1184
1646476076656 0.06866438536813095 1185
1646476076691 0.06856521029970594 1186
1646476076730 0.06846595043826062 1187
1646476076762 0.06836660623715013 1188
1646476076810 0.06826717815011489 1189
1646476076849 0.06816766663127838 1190
1646476076983 0.0680680721351452 1191
1646476077026 0.06796839511659894 1192
1646476077061 0.06786863603090004 1193
1646476077101 0.06776879533368381 1194
1646476077128 0.06766887348095833 1195
1646476077181 0.06756887092910233 1196
1646476077212 0.06746878813486307 1197
1646476077342 0.0673686255553544 1198
1646476077386 0.0672683836480545 1199
1646476077432 0.06716806287080392 1200
1646476077509 0.06706766368180335 1201
1646476077564 0.06696718653961176 1202
1646476077624 0.06686663190314403 1203
1646476077686 0.06676600023166905 1204
1646476077802 0.06666529198480751 1205
1646476077844 0.06656450762252991 1206
1646476077876 0.06646364760515434 1207
1646476077908 0.06636271239334447 1208
1646476077942 0.06626170244810739 1209
1646476077975 0.06616061823079152 1210
1646476078004 0.06605946020308452 1211
1646476078136 0.06595822882701116 1212
1646476078184 0.06585692456493124 1213
1646476078216 0.06575554787953744 1214
1646476078251 0.0656540992338532 1215
1646476078277 0.06555257909123066 1216
1646476078319 0.0654509879153485 1217
1646476078344 0.06534932617020985 1218
1646476078468 0.06524759432014013 1219
1646476078512 0.06514579282978496 1220
1646476078542 0.06504392216410806 1221
1646476078576 0.06494198278838906 1222
1646476078606 0.06483997516822142 1223
1646476078628 0.06473789976951033 1224
1646476078669 0.06463575705847052 1225
1646476078812 0.06453354750162416 1226
1646476078882 0.06443127156579871 1227
1646476078919 0.06432892971812486 1228
1646476078965 0.0642265224260343 1229
1646476078998 0.06412405015725764 1230
1646476079027 0.06402151337982227 1231
1646476079063 0.06391891256205022 1232
1646476079180 0.06381624817255596 1233
1646476079218 0.06371352068024438 1234
1646476079256 0.06361073055430858 1235
1646476079288 0.06350787826422767 1236
1646476079322 0.06340496427976475 1237
1646476079345 0.06330198907096464 1238
1646476079387 0.06319895310815188 1239
1646476079510 0.06309585686192841 1240
1646476079544 0.06299270080317156 1241
1646476079586 0.06288948540303181 1242
1646476079623 0.06278621113293069 1243
1646476079659 0.06268287846455858 1244
1646476079693 0.06257948786987269 1245
1646476079720 0.06247603982109465 1246
1646476079837 0.0623725347907086 1247
1646476079880 0.062268973251458935 1248
1646476079926 0.06216535567634809 1249
1646476079976 0.062061682538634484 1250
1646476080091 0.06195795431183031 1251
1646476080177 0.061854171469699334 1252
1646476080218 0.06175033448625481 1253
1646476080408 0.06164644383575726 1254
1646476080457 0.06154249999271228 1255
1646476080496 0.06143850343186853 1256
1646476080528 0.061334454628215324 1257
1646476080562 0.06123035405698065 1258
1646476080616 0.06112620219362893 1259
1646476080648 0.06102199951385886 1260
1646476080779 0.060917746493601224 1261
1646476080826 0.06081344360901673 1262
1646476080869 0.06070909133649383 1263
1646476080907 0.060604690152646565 1264
1646476080940 0.06050024053431233 1265
1646476080982 0.0603957429585498 1266
1646476081023 0.060291197902636665 1267
1646476081153 0.060186605844067424 1268
1646476081195 0.06008196726055132 1269
1646476081225 0.059977282630010065 1270
1646476081263 0.059872552430575675 1271
1646476081337 0.05976777714058832 1272
1646476081392 0.059662957238594105 1273
1646476081447 0.059558093203342884 1274
1646476081603 0.05945318551378608 1275
1646476081641 0.0593482346490745 1276
1646476081672 0.0592432410885562 1277
1646476081707 0.05913820531177416 1278
1646476081736 0.05903312779846423 1279
1646476081784 0.05892800902855288 1280
1646476081811 0.05882284948215499 1281
1646476081938 0.05871764963957172 1282
1646476081982 0.05861240998128823 1283
1646476082010 0.05850713098797158 1284
1646476082045 0.05840181314046844 1285
1646476082073 0.05829645691980298 1286
1646476082112 0.05819106280717461 1287
1646476082138 0.058085631283955816 1288
1646476082255 0.057980162831689955 1289
1646476082292 0.057874657932089055 1290
1646476082328 0.05776911706703158 1291
1646476082358 0.05766354071856031 1292
1646476082391 0.057557929368880045 1293
1646476082429 0.057452283500355486 1294
1646476082455 0.05734660359550898 1295
1646476082574 0.0572408901370183 1296
1646476082615 0.05713514360771452 1297
1646476082652 0.057029364490579715 1298
1646476082686 0.056923553268744854 1299
1646476082711 0.056817710425487486 1300
1646476082752 0.05671183644422961 1301
1646476082778 0.05660593180853546 1302
1646476082907 0.056499997002109226 1303
1646476082943 0.05639403250879297 1304
1646476082980 0.05628803881256428 1305
1646476083016 0.05618201639753418 1306
1646476083045 0.05607596574794482 1307
1646476083083 0.0559698873481673 1308
1646476083121 0.05586378168269955 1309
1646476083241 0.055757649236163914 1310
1646476083278 0.05565149049330513 1311
1646476083313 0.05554530593898801 1312
1646476083349 0.055439096058195296 1313
1646476083377 0.055332861336025344 1314
1646476083423 0.05522660225769002 1315
1646476083454 0.05512031930851241 1316
1646476083568 0.05501401297392465 1317
1646476083606 0.05490768373946564 1318
1646476083635 0.054801332090778906 1319
1646476083678 0.054694958513610364 1320
1646476083711 0.054588563493806024 1321
1646476083761 0.0544821475173099 1322
1646476083849 0.05437571107016168 1323
1646476084059 0.054269254638494566 1324
1646476084108 0.05416277870853303 1325
1646476084168 0.05405628376659061 1326
1646476084211 0.053949770299067674 1327
1646476084251 0.053843238792449184 1328
1646476084278 0.0537366897333025 1329
1646476084325 0.053630123608275175 1330
1646476084429 0.053523540904092705 1331
1646476084481 0.05341694210755628 1332
1646476084527 0.053310327705540596 1333
1646476084557 0.05320369818499166 1334
1646476084596 0.05309705403292447 1335
1646476084639 0.05299039573642093 1336
1646476084661 0.05288372378262746 1337
1646476084811 0.05277703865875294 1338
1646476084853 0.05267034085206632 1339
1646476084889 0.052563630849894544 1340
1646476084933 0.052456909139620256 1341
1646476084960 0.052350176208679516 1342
1646476085050 0.05224343254455968 1343
1646476085104 0.052136678634797116 1344
1646476085289 0.05202991496697501 1345
1646476085326 0.05192314202872104 1346
1646476085364 0.05181636030770532 1347
1646476085396 0.051709570291638036 1348
1646476085427 0.051602772468267256 1349
1646476085462 0.051495967325376694 1350
1646476085489 0.05138915535078352 1351
1646476085607 0.05128233703233613 1352
1646476085646 0.05117551285791184 1353
1646476085684 0.05106868331541472 1354
1646476085721 0.0509618488927734 1355
1646476085755 0.05085501007793878 1356
1646476085797 0.05074816735888178 1357
1646476085824 0.05064132122359121 1358
1646476085940 0.05053447216007148 1359
1646476085976 0.05042762065634031 1360
1646476086014 0.05032076720042663 1361
1646476086044 0.05021391228036826 1362
1646476086075 0.05010705638420974 1363
1646476086104 0.0500002 1364
1646476086137 0.049893343615790266 1365
1646476086256 0.04978648771963174 1366
1646476086293 0.049679632799573374 1367
1646476086328 0.04957277934365971 1368
1646476086361 0.04946592783992853 1369
1646476086393 0.049359078776408785 1370
1646476086425 0.049252232641118235 1371
1646476086452 0.049145389922061224 1372
1646476086569 0.0490385511072266 1373
1646476086607 0.048931716684585284 1374
1646476086637 0.048824887142088165 1375
1646476086670 0.04871806296766387 1376
1646476086699 0.04861124464921647 1377
1646476086732 0.04850443267462332 1378
1646476086761 0.048397627531732754 1379
1646476086887 0.04829082970836198 1380
1646476086925 0.048184039692294685 1381
1646476086960 0.04807725797127896 1382
1646476086998 0.047970485033025013 1383
1646476087028 0.047863721365202894 1384
1646476087069 0.04775696745544034 1385
1646476087103 0.047650223791320494 1386
1646476087217 0.047543490860379754 1387
1646476087256 0.04743676915010546 1388
1646476087285 0.04733005914793368 1389
1646476087319 0.047223361341247085 1390
1646476087344 0.047116676217372554 1391
1646476087391 0.047010004263579076 1392
1646476087448 0.04690334596707554 1393
1646476087677 0.046796701815008356 1394
1646476087725 0.04669007229445942 1395
1646476087762 0.04658345789244373 1396
1646476087815 0.04647685909590729 1397
1646476087851 0.046370276391724835 1398
1646476087898 0.046263710266697504 1399
1646476087937 0.04615716120755084 1400
1646476088052 0.046050629700932336 1401
1646476088106 0.04594411623340938 1402
1646476088142 0.04583762129146698 1403
1646476088186 0.04573114536150543 1404
1646476088210 0.04562468892983833 1405
1646476088266 0.04551825248269011 1406
1646476088310 0.04541183650619397 1407
1646476088430 0.04530544148638965 1408
1646476088470 0.0451990679092211 1409
1646476088503 0.04509271626053438 1410
1646476088544 0.04498638702607535 1411
1646476088582 0.04488008069148759 1412
1646476088623 0.04477379774230999 1413
1646476088662 0.04466753866397466 1414
1646476088884 0.044561303941804714 1415
1646476088950 0.044455094061012 1416
1646476088987 0.0443489095066949 1417
1646476089022 0.0442427507638361 1418
1646476089050 0.04413661831730046 1419
1646476089086 0.0440305126518327 1420
1646476089112 0.04392443425205519 1421
1646476089228 0.04381838360246583 1422
1646476089266 0.043712361187435725 1423
1646476089301 0.04360636749120703 1424
1646476089336 0.04350040299789078 1425
1646476089365 0.04339446819146456 1426
1646476089403 0.043288563555770404 1427
1646476089431 0.04318268957451252 1428
1646476089548 0.04307684673125514 1429
1646476089588 0.042971035509420295 1430
1646476089620 0.042865256392285486 1431
1646476089652 0.042759509862981715 1432
1646476089681 0.04265379640449103 1433
1646476089714 0.04254811649964451 1434
1646476089741 0.04244247063111996 1435
1646476089868 0.04233685928143969 1436
1646476089905 0.04223128293296843 1437
1646476089937 0.042125742067910955 1438
1646476089974 0.042020237168310055 1439
1646476090003 0.04191476871604419 1440
1646476090039 0.041809337192825397 1441
1646476090066 0.041703943080197044 1442
1646476090186 0.041598586859531564 1443
1646476090223 0.04149326901202844 1444
1646476090260 0.04138799001871178 1445
1646476090301 0.041282750360428284 1446
1646476090327 0.04117755051784502 1447
1646476090365 0.04107239097144713 1448
1646476090390 0.04096727220153579 1449
1646476090506 0.04086219468822585 1450
1646476090541 0.040757158911443804 1451
1646476090584 0.04065216535092551 1452
1646476090621 0.04054721448621393 1453
1646476090644 0.04044230679665713 1454
1646476090696 0.040337442761405905 1455
1646476090725 0.04023262285941167 1456
1646476090847 0.04012784756942433 1457
1646476090887 0.04002311736998995 1458
1646476090916 0.0399184327394487 1459
1646476090948 0.039813794155932586 1460
1646476090977 0.03970920209736335 1461
1646476091015 0.039604657041450206 1462
1646476091044 0.03950015946568767 1463
1646476091224 0.03939570984735346 1464
1646476091284 0.03929130866350617 1465
1646476091343 0.039186956390983275 1466
1646476091406 0.039082653506398786 1467
1646476091474 0.03897840048614113 1468
1646476091518 0.03887419780637107 1469
1646476091544 0.03877004594301936 1470
1646476091703 0.0386659453717847 1471
1646476091751 0.03856189656813148 1472
1646476091803 0.03845790000728771 1473
1646476091843 0.03835395616424277 1474
1646476091892 0.03825006551374519 1475
1646476091939 0.038146228530300676 1476
1646476091960 0.0380424456881697 1477
1646476092108 0.03793871746136551 1478
1646476092152 0.037835044323651916 1479
1646476092185 0.037731426748541075 1480
1646476092232 0.037627865209291414 1481
1646476092261 0.03752436017890536 1482
1646476092312 0.037420912130127326 1483
1646476092342 0.03731752153544142 1484
1646476092508 0.03721418886706933 1485
1646476092564 0.03711091459696821 1486
1646476092637 0.037007699196828454 1487
1646476092701 0.03690454313807158 1488
1646476092732 0.036801446891848125 1489
1646476092771 0.03669841092903536 1490
1646476092801 0.036595435720235284 1491
1646476092920 0.036492521735772346 1492
1646476092958 0.036389669445691435 1493
1646476092992 0.036286879319755626 1494
1646476093026 0.03618415182744404 1495
1646476093055 0.0360814874379498 1496
1646476093080 0.03597888662017773 1497
1646476093117 0.03587634984274237 1498
1646476093235 0.035773877573965704 1499
1646476093271 0.03567147028187514 1500
1646476093301 0.035569128434201305 1501
1646476093340 0.03546685249837586 1502
1646476093360 0.0353646429415295 1503
1646476093405 0.03526250023048967 1504
1646476093433 0.03516042483177858 1505
1646476093556 0.03505841721161096 1506
1646476093591 0.034956477835891946 1507
1646476093625 0.034854607170215046 1508
1646476093658 0.03475280567985989 1509
1646476093689 0.03465107382979015 1510
1646476093711 0.03454941208465151 1511
1646476093755 0.03444782090876935 1512
1646476093884 0.03434630076614682 1513
1646476093924 0.03424485212046257 1514
1646476093955 0.03414347543506876 1515
1646476093992 0.03404217117298885 1516
1646476094021 0.03394093979691549 1517
1646476094057 0.0338397817692085 1518
1646476094083 0.03373869755189263 1519
1646476094214 0.03363768760665553 1520
1646476094260 0.033536752394845666 1521
1646476094291 0.033435892377470106 1522
1646476094331 0.0333351080151925 1523
1646476094361 0.033234399768330966 1524
1646476094400 0.03313376809685598 1525
1646476094426 0.03303321346038826 1526
1646476094551 0.03293273631819665 1527
1646476094590 0.032832337129196115 1528
1646476094620 0.03273201635194551 1529
1646476094657 0.03263177444464562 1530
1646476094693 0.03253161186513693 1531
1646476094727 0.03243152907089768 1532
1646476094760 0.03233152651904167 1533
1646476094923 0.032231604666316194 1534
1646476094978 0.03213176396909999 1535
1646476095063 0.03203200488340108 1536
1646476095121 0.031932327864854795 1537
1646476095186 0.03183273336872164 1538
1646476095251 0.03173322184988512 1539
1646476095291 0.031633793762849874 1540
1646476095458 0.0315344495617394 1541
1646476095505 0.031435189700294054 1542
1646476095547 0.03133601463186906 1543
1646476095584 0.031236924809432277 1544
1646476095623 0.031137920685562263 1545
1646476095643 0.03103900271244612 1546
1646476095692 0.03094017134187751 1547
1646476095826 0.030841427025254563 1548
1646476095871 0.030742770213577728 1549
1646476095910 0.030644201357447873 1550
1646476095951 0.030545720907064082 1551
1646476095976 0.030447329312221667 1552
1646476096022 0.030349027022310158 1553
1646476096043 0.030250814486311124 1554
1646476096204 0.030152692152796243 1555
1646476096262 0.030054660469925172 1556
1646476096331 0.02995671988544359 1557
1646476096399 0.02985887084668103 1558
1646476096445 0.029761113800548935 1559
1646476096473 0.02966344919353861 1560
1646476096506 0.029565877471719113 1561
1646476096621 0.029468399080735296 1562
1646476096659 0.02937101446580569 1563
1646476096691 0.029273724071720568 1564
1646476096710 0.02917652834283987 1565
1646476096757 0.02907942772309107 1566
1646476096798 0.0289824226559674 1567
1646476096824 0.02888551358452552 1568
1646476096947 0.028788700951383705 1569
1646476096985 0.028691985198719825 1570
1646476097016 0.028595366768269147 1571
1646476097049 0.02849884610132249 1572
1646476097076 0.028402423638724167 1573
1646476097112 0.028306099820869922 1574
1646476097139 0.028209875087704988 1575
1646476097269 0.02811374987872201 1576
1646476097307 0.028017724632959092 1577
1646476097337 0.027921799788997764 1578
1646476097374 0.02782597578496098 1579
1646476097404 0.02773025305851113 1580
1646476097440 0.027634632046848028 1581
1646476097467 0.027539113186706952 1582
1646476097577 0.027443696914356514 1583
1646476097626 0.02734838366559692 1584
1646476097655 0.027253173875757743 1585
1646476097690 0.027158067979695975 1586
1646476097720 0.027063066411794238 1587
1646476097754 0.02696816960595849 1588
1646476097788 0.026873377995616298 1589
1646476097913 0.026778692013714737 1590
1646476097957 0.026684112092718447 1591
1646476097987 0.026589638664607635 1592
1646476098025 0.02649527216087613 1593
1646476098053 0.02640101301252939 1594
1646476098090 0.026306861650082565 1595
1646476098121 0.026212818503558485 1596
1646476098295 0.02611888400248571 1597
1646476098345 0.026025058575896615 1598
1646476098377 0.02593134265232537 1599
1646476098415 0.02583773665980597 1600
1646476098444 0.025744241025870387 1601
1646476098486 0.02565085617754652 1602
1646476098513 0.02555758254135624 1603
1646476098831 0.025464420543313528 1604
1646476098882 0.025371370608922368 1605
1646476098924 0.025278433163175056 1606
1646476098989 0.025185608630550027 1607
1646476099034 0.02509289743500996 1608
1646476099076 0.025000300000000013 1609
1646476099124 0.024907816748445624 1610
1646476099281 0.024815448102750767 1611
1646476099325 0.02472319448479604 1612
1646476099360 0.024631056315936546 1613
1646476099401 0.02453903401700016 1614
1646476099426 0.024447128008285544 1615
1646476099470 0.024355338709560182 1616
1646476099500 0.024263666540058532 1617
1646476099641 0.02417211191848008 1618
1646476099696 0.024080675262987412 1619
1646476099729 0.023989356991204337 1620
1646476099770 0.023898157520213972 1621
1646476099809 0.023807077266556752 1622
1646476099844 0.023716116646228726 1623
1646476099880 0.023625276074679475 1624
1646476100070 0.023534555966810214 1625
1646476100155 0.0234439567369721 1626
1646476100185 0.02335347879896404 1627
1646476100219 0.02326312256603105 1628
1646476100253 0.023172888450862305 1629
1646476100290 0.023082776865589114 1630
1646476100321 0.02299278822178324 1631
1646476100452 0.022902922930454896 1632
1646476100491 0.022813181402050887 1633
1646476100520 0.022723564046452822 1634
1646476100556 0.022634071272975044 1635
1646476100594 0.02254470349036299 1636
1646476100629 0.022455461106791173 1637
1646476100662 0.02236634452986137 1638
1646476100776 0.02227735416660076 1639
1646476100824 0.022188490423460064 1640
1646476100856 0.02209975370631166 1641
1646476100896 0.022011144420447784 1642
1646476100926 0.021922662970578623 1643
1646476100970 0.021834309760830513 1644
1646476100999 0.02174608519474405 1645
1646476101119 0.0216579896752723 1646
1646476101157 0.02157002360477885 1647
1646476101186 0.02148218738503618 1648
1646476101223 0.021394481417223554 1649
1646476101259 0.02130690610192541 1650
1646476101296 0.02121946183912947 1651
1646476101332 0.021132149028224818 1652
1646476101446 0.02104496806800019 1653
1646476101484 0.020957919356642124 1654
1646476101516 0.020871003291733102 1655
1646476101549 0.020784220270249794 1656
1646476101577 0.020697570688561186 1657
1646476101617 0.02061105494242681 1658
1646476101644 0.02052467342699492 1659
1646476101775 0.020438426536800693 1660
1646476101831 0.02035231466576442 1661
1646476101866 0.020266338207189722 1662
1646476101898 0.02018049755376174 1663
1646476101927 0.0200947930975453 1664
1646476101965 0.020009225229983257 1665
1646476101992 0.01992379434189454 1666
1646476102114 0.019838500823472473 1667
1646476102151 0.019753345064282987 1668
1646476102183 0.019668327453262732 1669
1646476102210 0.019583448378717498 1670
1646476102258 0.019498708228320283 1671
1646476102320 0.0194141073891095 1672
1646476102370 0.01932964624748742 1673
1646476102562 0.019245325189218135 1674
1646476102623 0.01916114459942599 1675
1646476102665 0.01907710486259375 1676
1646476102709 0.018993206362560855 1677
1646476102757 0.018909449482521663 1678
1646476102808 0.0188258346050237 1679
1646476102840 0.018742362111965925 1680
1646476102971 0.018659032384596968 1681
1646476103017 0.0185758458035134 1682
1646476103056 0.018492802748657992 1683
1646476103102 0.018409903599317986 1684
1646476103140 0.01832714873412336 1685
1646476103182 0.018244538531045032 1686
1646476103210 0.018162073367393308 1687
1646476103340 0.01807975361981598 1688
1646476103384 0.017997579664296638 1689
1646476103421 0.017915551876153096 1690
1646476103470 0.017833670630035454 1691
1646476103507 0.017751936299924557 1692
1646476103548 0.01767034925913027 1693
1646476103576 0.017588909880289653 1694
1646476103827 0.01750761853536539 1695
1646476103866 0.017426475595644038 1696
1646476103898 0.017345481431734314 1697
1646476103932 0.01726463641356548 1698
1646476103960 0.01718394091038552 1699
1646476103975 0.017103395290759566 1700
1646476104021 0.017022999922568182 1701
1646476104136 0.016942755173005676 1702
1646476104174 0.016862661408578426 1703
1646476104210 0.0167827189951032 1704
1646476104243 0.016702928297705515 1705
1646476104276 0.01662328968081792 1706
1646476104314 0.01654380350817838 1707
1646476104341 0.016464470142828543 1708
1646476104452 0.016385289947112216 1709
1646476104501 0.016306263282673573 1710
1646476104533 0.016227390510455526 1711
1646476104565 0.016148671990698204 1712
1646476104597 0.016070108082937094 1713
1646476104628 0.015991699146001584 1714
1646476104660 0.01591344553801327 1715
1646476104775 0.015835347616384245 1716
1646476104829 0.01575740573781557 1717
1646476104863 0.015679620258295588 1718
1646476104897 0.015601991533098313 1719
1646476104926 0.015524519916781809 1720
1646476104962 0.015447205763186572 1721
1646476104988 0.01537004942543389 1722
1646476105101 0.015293051255924268 1723
1646476105141 0.015216211606335801 1724
1646476105171 0.015139530827622559 1725
1646476105206 0.015063009270012992 1726
1646476105235 0.014986647283008355 1727
1646476105269 0.01491044521538101 1728
1646476105299 0.01483440341517301 1729
1646476105411 0.014758522229694374 1730
1646476105449 0.01468280200552148 1731
1646476105486 0.014607243088495642 1732
1646476105527 0.014531845823721313 1733
1646476105564 0.014456610555564738 1734
1646476105593 0.01438153762765216 1735
1646476105630 0.014306627382868404 1736
1646476105746 0.01423188016335532 1737
1646476105793 0.014157296310510046 1738
1646476105824 0.014082876164983646 1739
1646476105864 0.014008620066679458 1740
1646476105892 0.013934528354751551 1741
1646476105931 0.013860601367603195 1742
1646476105960 0.01378683944288528 1743
1646476106126 0.013713242917494827 1744
1646476106183 0.01363981212757339 1745
1646476106243 0.013566547408505575 1746
1646476106289 0.013493449094917467 1747
1646476106344 0.013420517520675126 1748
1646476106418 0.013347753018883066 1749
1646476106458 0.013275155921882654 1750
1646476106605 0.01320272656125077 1751
1646476106651 0.013130465267798111 1752
1646476106680 0.013058372371567737 1753
1646476106720 0.012986448201833646 1754
1646476106756 0.012914693087099135 1755
1646476106806 0.012843107355095378 1756
1646476106840 0.012771691332779984 1757
1646476106967 0.012700445346335344 1758
1646476107016 0.012629369721167285 1759
1646476107059 0.01255846478190354 1760
1646476107092 0.012487730852392225 1761
1646476107125 0.012417168255700415 1762
1646476107174 0.012346777314112658 1763
1646476107203 0.012276558349129467 1764
1646476107361 0.012206511681465887 1765
1646476107413 0.012136637631050039 1766
1646476107469 0.012066936517021579 1767
1646476107532 0.011997408657730383 1768
1646476107583 0.011928054370734954 1769
1646476107609 0.011858873972801047 1770
1646476107650 0.011789867779900215 1771
1646476107755 0.011721036107208302 1772
1646476107805 0.011652379269104136 1773
1646476107842 0.011583897579167966 1774
1646476107874 0.011515591350180054 1775
1646476107903 0.01144746089411934 1776
1646476107939 0.01137950652216188 1777
1646476107966 0.011311728544679496 1778
1646476108087 0.01124412727123843 1779
1646476108123 0.011176703010597746 1780
1646476108155 0.011109456070708103 1781
1646476108191 0.011042386758710243 1782
1646476108222 0.010975495380933621 1783
1646476108254 0.010908782242895008 1784
1646476108281 0.010842247649297088 1785
1646476108398 0.010775891904027068 1786
1646476108439 0.010709715310155294 1787
1646476108468 0.010643718169933855 1788
1646476108502 0.010577900784795232 1789
1646476108531 0.010512263455350872 1790
1646476108566 0.010446806481389882 1791
1646476108592 0.010381530161877548 1792
1646476108706 0.010316434794954152 1793
1646476108751 0.010251520677933394 1794
1646476108806 0.010186788107301193 1795
1646476108836 0.010122237378714316 1796
1646476108871 0.010057868786998908 1797
1646476108904 0.009993682626149294 1798
1646476108934 0.009929679189326548 1799
1646476109046 0.009865858768857165 1800
1646476109085 0.009802221656231812 1801
1646476109121 0.00973876814210381 1802
1646476109160 0.009675498516288003 1803
1646476109176 0.009612413067759323 1804
1646476109228 0.009549512084651508 1805
1646476109254 0.009486795854255768 1806
1646476109371 0.009424264663019481 1807
1646476109407 0.009361918796544893 1808
1646476109444 0.009299758539587808 1809
1646476109474 0.009237784176056271 1810
1646476109504 0.009175995989009299 1811
1646476109543 0.009114394260655564 1812
1646476109576 0.009052979272352138 1813
1646476109700 0.008991751304603121 1814
1646476109745 0.008930710637058518 1815
1646476109800 0.008869857548512808 1816
1646476109870 0.008809192316903707 1817
1646476109920 0.008748715219311002 1818
1646476109994 0.008688426531955128 1819
1646476110044 0.008628326530196014 1820
1646476110217 0.008568415488531796 1821
1646476110271 0.00850869368059757 1822
1646476110321 0.008449161379164107 1823
1646476110363 0.008389818856136658 1824
1646476110403 0.008330666382553682 1825
1646476110435 0.008271704228585617 1826
1646476110472 0.008212932663533628 1827
1646476110610 0.008154351955828412 1828
1646476110656 0.008095962373028948 1829
1646476110694 0.00803776418182128 1830
1646476110732 0.00797975764801726 1831
1646476110781 0.007921943036553452 1832
1646476110810 0.007864320611489771 1833
1646476110856 0.007806890636008386 1834
1646476110983 0.0077496533724124754 1835
1646476111022 0.007692609082124989 1836
1646476111061 0.007635758025687573 1837
1646476111125 0.007579100462759275 1838
1646476111213 0.00752263665211534 1839
1646476111282 0.007466366851646166 1840
1646476111317 0.007410291318355963 1841
1646476111431 0.00735441030836168 1842
1646476111472 0.00729872407689185 1843
1646476111502 0.007243232878285297 1844
1646476111534 0.007187936965990127 1845
1646476111564 0.007132836592562487 1846
1646476111598 0.007077932009665416 1847
1646476111625 0.007023223468067726 1848
1646476111738 0.006968711217642824 1849
1646476111781 0.006914395507367594 1850
1646476111821 0.006860276585321247 1851
1646476111843 0.006806354698684202 1852
1646476111874 0.006752630093736909 1853
1646476111919 0.006699103015858823 1854
1646476111946 0.006645773709527192 1855
1646476112060 0.006592642418315927 1856
1646476112103 0.006539709384894633 1857
1646476112133 0.006486974851027303 1858
1646476112166 0.006434439057571355 1859
1646476112195 0.006382102244476517 1860
1646476112231 0.006329964650783642 1861
1646476112257 0.0062780265146237186 1862
1646476112370 0.0062262880732167295 1863
1646476112407 0.006174749562870569 1864
1646476112442 0.006123411218980016 1865
1646476112471 0.006072273276025566 1866
1646476112502 0.006021335967572434 1867
1646476112536 0.005970599526269472 1868
1646476112563 0.005920064183848099 1869
1646476112676 0.005869730171121236 1870
1646476112715 0.005819597717982258 1871
1646476112748 0.005769667053403953 1872
1646476112794 0.005719938405437472 1873
1646476112826 0.00567041200121127 1874
1646476112860 0.005621088066930097 1875
1646476112896 0.00557196682787394 1876
1646476113003 0.00552304850839702 1877
1646476113039 0.005474333331926713 1878
1646476113074 0.005425821520962636 1879
1646476113110 0.005377513297075492 1880
1646476113141 0.005329408880906164 1881
1646476113178 0.0052815084921647 1882
1646476113209 0.005233812349629216 1883
1646476113327 0.005186320671145013 1884
1646476113364 0.005139033673623512 1885
1646476113396 0.0050919515730412914 1886
1646476113430 0.005045074584439097 1887
1646476113459 0.004998402921920835 1888
1646476113512 0.004951936798652629 1889
1646476113567 0.004905676426861829 1890
1646476113803 0.004859622017836047 1891
1646476113863 0.004813773781922187 1892
1646476113913 0.0047681319285254875 1893
1646476113963 0.004722696666108572 1894
1646476114009 0.004677468202190451 1895
1646476114062 0.00463244674334567 1896
1646476114101 0.004587632495203288 1897
1646476114220 0.004543025662445922 1898
1646476114256 0.004498626448808909 1899
1646476114295 0.004454435057079256 1900
1646476114335 0.004410451689094834 1901
1646476114376 0.004366676545743354 1902
1646476114408 0.0043231098269614805 1903
1646476114443 0.004279751731733984 1904
1646476114603 0.004236602458092715 1905
1646476114649 0.0041936622031157915 1906
1646476114686 0.004150931162926686 1907
1646476114734 0.004108409532693276 1908
1646476114774 0.0040660975066270045 1909
1646476114814 0.004023995277981982 1910
1646476114845 0.003982103039054096 1911
1646476115095 0.003940420981180137 1912
1646476115132 0.0038989492947369194 1913
1646476115165 0.003857688169140423 1914
1646476115196 0.003816637792844913 1915
1646476115227 0.00377579835334211 1916
1646476115246 0.00373517003716026 1917
1646476115284 0.0036947530298633907 1918
1646476115403 0.0036545475160503875 1919
1646476115443 0.0036145536793541415 1920
1646476115472 0.003574771702440786 1921
1646476115506 0.003535201767008779 1922
1646476115525 0.00349584405378811 1923
1646476115569 0.0034566987425395223 1924
1646476115595 0.0034177660120535704 1925
1646476115717 0.0033790460401499356 1926
1646476115755 0.003340539003676524 1927
1646476115792 0.0033022450785087005 1928
1646476115832 0.00326416443954847 1929
1646476115858 0.003226297260723691 1930
1646476115896 0.003188643714987268 1931
1646476115923 0.0031512039743163667 1932
1646476116042 0.0031139782097116277 1933
1646476116082 0.003076966591196388 1934
1646476116114 0.0030401692878159097 1935
1646476116144 0.0030035864676365917 1936
1646476116175 0.0029672182977452154 1937
1646476116209 0.0029310649442481776 1938
1646476116235 0.0028951265722707256 1939
1646476116343 0.0028594033459562232 1940
1646476116394 0.0028238954284653906 1941
1646476116426 0.0027886029819755172 1942
1646476116462 0.0027535261676798223 1943
1646476116491 0.002718665145786594 1944
1646476116507 0.002684020075518547 1945
1646476116555 0.0026495911151120937 1946
1646476116669 0.0026153784218165463 1947
1646476116704 0.002581382151893477 1948
1646476116743 0.0025476024606159702 1949
1646476116775 0.0025140395022679213 1950
1646476116830 0.0024806934301433276 1951
1646476116859 0.0024475643965455826 1952
1646476116895 0.002414652552786793 1953
1646476117012 0.0023819580491870867 1954
1646476117050 0.002349481035073915 1955
1646476117082 0.00231722165878138 1956
1646476117117 0.0022851800676495487 1957
1646476117141 0.0022533564080238037 1958
1646476117182 0.002221750825254118 1959
1646476117208 0.0021903634636944807 1960
1646476117386 0.0021591944667021562 1961
1646476117445 0.0021282439766370474 1962
1646476117503 0.0020975121348611055 1963
1646476117556 0.0020669990817375784 1964
1646476117606 0.0020367049566304674 1965
1646476117669 0.0020066298979038613 1966
1646476117707 0.0019767740429212414 1967
1646476117864 0.0019471375280449726 1968
1646476117911 0.0019177204886355577 1969
1646476117941 0.0018885230590511169 1970
1646476117991 0.0018595453726467156 1971
1646476118025 0.0018307875617737757 1972
1646476118070 0.0018022497577794773 1973
1646476118113 0.0017739320910061408 1974
1646476118249 0.001745834690790645 1975
1646476118294 0.0017179576854638337 1976
1646476118325 0.0016903012023499315 1977
1646476118359 0.0016628653677659558 1978
1646476118415 0.0016356503070211353 1979
1646476118455 0.0016086561444163695 1980
1646476118499 0.0015818830032436025 1981
1646476118697 0.0015553310057853343 1982
1646476118811 0.0015290002733139942 1983
1646476118864 0.001502890926091412 1984
1646476118935 0.0014770030833683087 1985
1646476118988 0.001451336863383674 1986
1646476119024 0.0014258923833642832 1987
1646476119058 0.0014006697595241656 1988
1646476119177 0.0013756691070640143 1989
1646476119213 0.001350890540170732 1990
1646476119245 0.0013263341720168647 1991
1646476119279 0.001302000114760097 1992
1646476119309 0.0012778884795427512 1993
1646476119350 0.0012539993764912555 1994
1646476119374 0.0012303329147156609 1995
1646476119504 0.0012068892023091413 1996
1646476119539 0.0011836683463474773 1997
1646476119576 0.0011606704528886013 1998
1646476119609 0.0011378956269720922 1999
1646476119641 0.001115343972618703 2000
1646476119682 0.0010930155928298624 2001
1646476119708 0.0010709105895872686 2002
1646476119836 0.0010490290638523229 2003
1646476119873 0.0010273711155657703 2004
1646476119909 0.0010059368436471814 2005
1646476119938 0.0009847263459945043 2006
1646476119972 0.000963739719483664 2007
1646476120007 0.0009429770599680519 2008
1646476120044 0.0009224384622781263 2009
1646476120142 0.0009021240202210126 2010
1646476120185 0.0008820338265799817 2011
1646476120229 0.0008621679731141276 2012
1646476120259 0.0008425265505578737 2013
1646476120296 0.0008231096486206064 2014
1646476120326 0.0008039173559862364 2015
1646476120365 0.0007849497603128103 2016
1646476120484 0.0007662069482320886 2017
1646476120521 0.000747689005349185 2018
1646476120558 0.0007293960162421442 2019
1646476120592 0.0007113280644615651 2020
1646476120622 0.0006934852325302335 2021
1646476120660 0.0006758676019427177 2022
1646476120687 0.0006584752531650071 2023
1646476120822 0.0006413082656341742 2024
1646476120859 0.000624366717757974 2025
1646476120897 0.0006076506869144732 2026
1646476120929 0.0005911602494517659 2027
1646476120960 0.0005748954806875473 2028
1646476121007 0.0005588564549088189 2029
1646476121060 0.0005430432453715275 2030
1646476121260 0.000527455924300238 2031
1646476121347 0.0005120945628878062 2032
1646476121386 0.0004969592312950392 2033
1646476121425 0.00048204999865039655 2034
1646476121467 0.00046736693304965705 2035
1646476121491 0.0004529101015556186 2036
1646476121547 0.00043867957019777656 2037
1646476121666 0.0004246754039720515 2038
1646476121717 0.00041089766684046205 2039
1646476121757 0.00039734642173083583 2040
1646476121809 0.00038402173053654333 2041
1646476121839 0.0003709236541162035 2042
1646476121881 0.00035805225229340067 2043
1646476121908 0.00034540758385641823 2044
1646476122037 0.0003329897065579498 2045
1646476122078 0.0003207986771148884 2046
1646476122113 0.000308834551207999 2047
1646476122154 0.0002970973834817017 2048
1646476122190 0.00028558722754385015 2049
1646476122233 0.0002743041359654092 2050
1646476122266 0.000263248160280283 2051
1646476122489 0.0002524193509850653 2052
1646476122527 0.00024181775753877825 2053
1646476122562 0.00023144342836267835 2054
1646476122595 0.00022129641084003433 2055
1646476122625 0.00021137675131588292 2056
1646476122660 0.00020168449509684564 2057
1646476122688 0.00019221968645092346 2058
1646476122824 0.00018298236860725802 2059
1646476122859 0.00017397258375597622 2060
1646476122892 0.00016519037304798495 2061
1646476122929 0.00015663577659475998 2062
1646476122957 0.00014830883346820726 2063
1646476122993 0.0001402095817004298 2064
1646476123023 0.00013233805828360547 2065
1646476123164 0.0001246942991697873 2066
1646476123202 0.00011727833927074226 2067
1646476123235 0.00011009021245781277 2068
1646476123267 0.00010312995156173331 2069
1646476123298 9.639758837249167e-05 2070
1646476123331 8.989315363919581e-05 2071
1646476123358 8.361667706991835e-05 2072
1646476123474 7.756818733155786e-05 2073
1646476123516 7.174771204972772e-05 2074
1646476123548 6.61552778086175e-05 2075
1646476123580 6.0790910150865196e-05 2076
1646476123611 5.565463357745169e-05 2077
1646476123645 5.07464715475788e-05 2078
1646476123671 4.606644647856922e-05 2079
1646476123800 4.161457974577774e-05 2080
1646476123840 3.7390891682458074e-05 2081
1646476123874 3.339540157970169e-05 2082
1646476123910 2.9628127686337992e-05 2083
1646476123938 2.6089087208845458e-05 2084
1646476123975 2.2778296311290572e-05 2085
1646476124001 1.9695770115227916e-05 2086
1646476124118 1.6841522699655765e-05 2087
1646476124154 1.4215567100938363e-05 2088
1646476124189 1.181791531276152e-05 2089
1646476124227 9.64857828603824e-06 2090
1646476124258 7.707565928919825e-06 2091
1646476124298 5.9948871066904034e-06 2092
1646476124324 4.51054964177248e-06 2093
1646476124444 3.2545603136603254e-06 2094
1646476124482 2.226924858908874e-06 2095
1646476124512 1.427647971089312e-06 2096
1646476124547 8.567333007890797e-07 2097
1646476124576 5.141834555785649e-07 2098
1646476124609 4.0000000000000003e-07 2099
1646476124644 5.141834555785649e-07 2100
