1646476013545 1.648285150527954 0
1646476013899 1.6419962644577026 1
1646476014221 1.6308120489120483 2
1646476014548 1.6270848512649536 3
1646476015057 1.5828421115875244 4
1646476015441 1.5906366109848022 5
1646476015832 1.5972199440002441 6
1646476016283 1.5795847177505493 7
1646476016599 1.564637541770935 8
1646476016917 1.5403976440429688 9
1646476017232 1.526558518409729 10
1646476017616 1.5027555227279663 11
1646476017950 1.5135897397994995 12
1646476018265 1.4751859903335571 13
1646476018789 1.4707880020141602 14
1646476019180 1.4530657529830933 15
1646476019531 1.4487446546554565 16
1646476019989 1.3814412355422974 17
1646476020313 1.458121657371521 18
1646476020616 1.4022095203399658 19
1646476020943 1.3655723333358765 20
1646476021249 1.3243567943572998 21
1646476021557 1.3297441005706787 22
1646476021887 1.2787598371505737 23
1646476022246 1.2603570222854614 24
1646476022709 1.2575743198394775 25
1646476023067 1.2139477729797363 26
1646476023410 1.2043898105621338 27
1646476023871 1.160218358039856 28
1646476024172 1.079925537109375 29
1646476024504 1.1193947792053223 30
1646476024852 1.0396180152893066 31
1646476025217 1.1048978567123413 32
1646476025574 1.0433006286621094 33
1646476025912 0.965582549571991 34
1646476026416 0.9991051554679871 35
1646476026783 1.0268181562423706 36
1646476027151 0.9728403687477112 37
1646476027583 0.9332824945449829 38
1646476027896 0.8433020114898682 39
1646476028223 0.87400883436203 40
1646476028529 0.8570016026496887 41
1646476028857 0.8610743284225464 42
1646476029166 0.8677632212638855 43
1646476029497 0.8141616582870483 44
1646476030008 0.8113604784011841 45
1646476030384 0.8064673542976379 46
1646476030730 0.8618894219398499 47
1646476031199 0.6626881957054138 48
1646476031515 0.7141242027282715 49
1646476031831 0.6701850891113281 50
1646476032148 0.7276448607444763 51
1646476032466 0.7601837515830994 52
1646476032817 0.6753248572349548 53
1646476033148 0.6952435970306396 54
1646476033631 0.7155617475509644 55
1646476034035 0.6968051791191101 56
1646476034417 0.6838588714599609 57
1646476034911 0.6660876870155334 58
1646476035230 0.6876876354217529 59
1646476035532 0.6905834674835205 60
1646476035917 0.600202202796936 61
1646476036269 0.6409278512001038 62
1646476036599 0.5292866826057434 63
1646476036965 0.8704659342765808 64
1646476037563 0.5618508458137512 65
1646476038063 0.6504127979278564 66
1646476038424 0.6627999544143677 67
1646476038948 0.5625689625740051 68
1646476039365 0.5937952399253845 69
1646476039766 0.6078059077262878 70
1646476040199 0.552796483039856 71
1646476040514 0.458387553691864 72
1646476040872 0.45785820484161377 73
1646476041182 0.5733744502067566 74
1646476041498 0.5049147009849548 75
1646476041830 0.49904435873031616 76
1646476042155 0.520486056804657 77
1646476042683 0.47825172543525696 78
1646476043058 0.4502409100532532 79
1646476043434 0.47484245896339417 80
1646476043898 0.4542667269706726 81
1646476044213 0.42396318912506104 82
1646476044547 0.4116702377796173 83
1646476044882 0.3746768832206726 84
1646476045197 0.39041200280189514 85
1646476045515 0.6299759745597839 86
1646476045863 0.3775361478328705 87
1646476046347 0.38256779313087463 88
1646476046750 0.41583389043807983 89
1646476047130 0.43974170088768005 90
1646476047598 0.6135201454162598 91
1646476047930 0.433193176984787 92
1646476048249 0.44134384393692017 93
1646476048581 0.43461036682128906 94
1646476048913 0.3326226472854614 95
1646476049229 0.3812435269355774 96
1646476049572 0.34958454966545105 97
1646476050065 0.3609946072101593 98
1646476050450 0.3310384750366211 99
1646476050862 0.2683906853199005 100
1646476051362 0.5566041469573975 101
1646476051707 0.39400652050971985 102
1646476052044 0.39402294158935547 103
1646476052384 0.2882827818393707 104
1646476052713 0.3861602544784546 105
1646476053048 0.29442867636680603 106
1646476053381 0.4938323199748993 107
1646476053919 0.36007753014564514 108
1646476054312 0.49600765109062195 109
1646476054700 0.3662378191947937 110
1646476055159 0.3323575258255005 111
1646476055474 0.26345229148864746 112
1646476055813 0.30882298946380615 113
1646476056129 0.2822776138782501 114
1646476056460 0.3013133704662323 115
1646476056791 0.3020862340927124 116
1646476057113 0.3274824917316437 117
1646476057630 0.2811377942562103 118
1646476058032 0.2616165578365326 119
1646476058399 0.24607416987419128 120
1646476058962 0.24227917194366455 121
1646476059298 0.21405638754367828 122
1646476059612 0.21294590830802917 123
1646476059965 0.23574469983577728 124
1646476060281 0.34608885645866394 125
1646476060596 0.35414090752601624 126
1646476060929 0.2665640413761139 127
1646476061450 0.33138683438301086 128
1646476061831 0.33530113101005554 129
1646476062202 0.24943915009498596 130
1646476062660 0.3289140462875366 131
1646476062983 0.3620920777320862 132
1646476063312 0.22895954549312592 133
1646476063614 0.24958932399749756 134
1646476063952 0.1988821178674698 135
1646476064262 0.21106359362602234 136
1646476064606 0.2173164337873459 137
1646476065111 0.250201553106308 138
1646476065497 0.23892532289028168 139
1646476065865 0.26894015073776245 140
1646476066349 0.22424562275409698 141
1646476066663 0.1981429159641266 142
1646476067007 0.171662837266922 143
1646476067328 0.35980838537216187 144
1646476067652 0.33281466364860535 145
1646476067995 0.2538233995437622 146
1646476068313 0.2621833086013794 147
1646476068792 0.2294871211051941 148
1646476069193 0.1759619563817978 149
1646476069577 0.24411709606647491 150
1646476070043 0.2033941149711609 151
1646476070379 0.19340293109416962 152
1646476070715 0.194870263338089 153
1646476071046 0.13558928668498993 154
1646476071413 0.18876081705093384 155
1646476071745 0.2732502520084381 156
1646476072096 0.1727224588394165 157
1646476072652 0.1416715532541275 158
1646476073094 0.21355487406253815 159
1646476073543 0.187425434589386 160
1646476074080 0.1682557761669159 161
1646476074395 0.19807296991348267 162
1646476074730 0.20064809918403625 163
1646476075061 0.253348171710968 164
1646476075378 0.255855530500412 165
1646476075711 0.1919049322605133 166
1646476076030 0.15274542570114136 167
1646476076565 0.18325470387935638 168
1646476076943 0.16147708892822266 169
1646476077299 0.18011528253555298 170
1646476077763 0.20720387995243073 171
1646476078095 0.14392051100730896 172
1646476078427 0.1390436738729477 173
1646476078745 0.18374595046043396 174
1646476079139 0.1935393214225769 175
1646476079461 0.16603095829486847 176
1646476079810 0.15777090191841125 177
1646476080347 0.14912433922290802 178
1646476080727 0.15683963894844055 179
1646476081112 0.1771581768989563 180
1646476081562 0.19401885569095612 181
1646476081894 0.13782401382923126 182
1646476082210 0.22342699766159058 183
1646476082528 0.11529111117124557 184
1646476082861 0.1881209760904312 185
1646476083196 0.1705249547958374 186
1646476083526 0.16352126002311707 187
1646476084007 0.14763355255126953 188
1646476084395 0.1379251778125763 189
1646476084766 0.15152257680892944 190
1646476085246 0.16377493739128113 191
1646476085560 0.12031315267086029 192
1646476085894 0.21173736453056335 193
1646476086204 0.18367178738117218 194
1646476086528 0.10443557798862457 195
1646476086844 0.13176319003105164 196
1646476087177 0.12200526148080826 197
1646476087621 0.17439845204353333 198
1646476088013 0.17291736602783203 199
1646476088387 0.11392191797494888 200
1646476088807 0.12280739098787308 201
1646476089177 0.11678612977266312 202
1646476089512 0.14003147184848785 203
1646476089827 0.16851001977920532 204
1646476090137 0.07662039250135422 205
1646476090461 0.0923018604516983 206
1646476090813 0.09832048416137695 207
1646476091140 0.16459013521671295 208
1646476091648 0.13704760372638702 209
1646476092063 0.15989820659160614 210
1646476092442 0.06272413581609726 211
1646476092878 0.13396117091178894 212
1646476093196 0.13716720044612885 213
1646476093515 0.1984781175851822 214
1646476093842 0.10293716937303543 215
1646476094162 0.1161569282412529 216
1646476094508 0.06795281171798706 217
1646476094846 0.11301237344741821 218
1646476095404 0.15077830851078033 219
1646476095780 0.13857828080654144 220
1646476096142 0.10007544606924057 221
1646476096576 0.09607633203268051 222
1646476096910 0.12855032086372375 223
1646476097225 0.1398300975561142 224
1646476097543 0.181109219789505 225
1646476097861 0.1720040887594223 226
1646476098272 0.1104353591799736 227
1646476098773 0.10002164542675018 228
1646476099229 0.12043652683496475 229
1646476099593 0.11340814083814621 230
1646476100009 0.15130750834941864 231
1646476100409 0.12134147435426712 232
1646476100724 0.08225595206022263 233
1646476101077 0.12787173688411713 234
1646476101408 0.09970512241125107 235
1646476101728 0.12473549693822861 236
1646476102076 0.14191246032714844 237
1646476102513 0.16075359284877777 238
1646476102929 0.11956457793712616 239
1646476103295 0.10000684857368469 240
1646476103773 0.16912485659122467 241
1646476104097 0.11424646526575089 242
1646476104411 0.09399314969778061 243
1646476104727 0.10855431109666824 244
1646476105063 0.08988793939352036 245
1646476105375 0.12444905936717987 246
1646476105710 0.12843070924282074 247
1646476106047 0.12470955401659012 248
1646476106547 0.08956816792488098 249
1646476106928 0.1272251009941101 250
1646476107304 0.11105791479349136 251
1646476107720 0.17360754311084747 252
1646476108044 0.21017591655254364 253
1646476108361 0.11196500808000565 254
1646476108660 0.07554511725902557 255
1646476109006 0.11732783913612366 256
1646476109327 0.0720774233341217 257
1646476109660 0.07738714665174484 258
1646476110160 0.08285707235336304 259
1646476110561 0.10013075172901154 260
1646476110942 0.09046395868062973 261
1646476111391 0.1305072009563446 262
1646476111692 0.08697180449962616 263
1646476112025 0.13545078039169312 264
1646476112325 0.10787662863731384 265
1646476112641 0.13713811337947845 266
1646476112956 0.10172539204359055 267
1646476113292 0.12393181771039963 268
1646476113739 0.11168568581342697 269
1646476114182 0.0960218608379364 270
1646476114560 0.1380845606327057 271
1646476115045 0.08416929095983505 272
1646476115358 0.13542507588863373 273
1646476115676 0.12449906766414642 274
1646476115991 0.07744935899972916 275
1646476116310 0.0768745020031929 276
1646476116626 0.08626239746809006 277
1646476116973 0.08628455549478531 278
1646476117324 0.08639482408761978 279
1646476117812 0.10601449757814407 280
1646476118192 0.07568380236625671 281
1646476118608 0.07486660033464432 282
1646476119141 0.11142043769359589 283
1646476119455 0.09455129504203796 284
1646476119795 0.10829269140958786 285
1646476120109 0.07321181893348694 286
1646476120443 0.12050806730985641 287
1646476120775 0.14137636125087738 288
1646476121206 0.10114836692810059 289
1646476121608 0.05669727176427841 290
1646476121995 0.09963229298591614 291
1646476122425 0.08592043071985245 292
1646476122784 0.11557689309120178 293
1646476123111 0.06404055655002594 294
1646476123424 0.10191282629966736 295
1646476123752 0.10558361560106277 296
1646476124075 0.13329289853572845 297
1646476124392 0.06531009823083878 298
1646476124725 0.08879461139440536 299
