1646476011667 0.95 0
1646476013024 0.9499993783330846 1
1646476013086 0.9499975133477971 2
1646476013116 0.9499944050905136 3
1646476013149 0.9499900536385262 4
1646476013166 0.9499844591000408 5
1646476013214 0.9499776216141751 6
1646476013234 0.9499695413509548 7
1646476013602 0.949960218511309 8
1646476013650 0.9499496533270657 9
1646476013684 0.9499378460609461 10
1646476013720 0.9499247970065575 11
1646476013749 0.9499105064883867 12
1646476013791 0.9498949748617913 13
1646476013829 0.9498782025129912 14
1646476013948 0.949860189859059 15
1646476013991 0.9498409373479095 16
1646476014016 0.9498204454582888 17
1646476014058 0.949798714699762 18
1646476014083 0.9497757456127007 19
1646476014123 0.94975153876827 20
1646476014150 0.9497260947684136 21
1646476014274 0.9496994142458393 22
1646476014314 0.9496714978640027 23
1646476014348 0.9496423463170918 24
1646476014384 0.9496119603300086 25
1646476014399 0.9495803406583515 26
1646476014450 0.9495474880883967 27
1646476014466 0.9495134034370785 28
1646476014608 0.9494780875519688 29
1646476014673 0.9494415413112564 30
1646476014736 0.9494037656237247 31
1646476014790 0.9493647614287297 32
1646476014849 0.949324529696176 33
1646476014913 0.9492830714264932 34
1646476014966 0.9492403876506104 35
1646476015126 0.9491964794299315 36
1646476015173 0.9491513478563078 37
1646476015200 0.9491049940520119 38
1646476015248 0.9490574191697085 39
1646476015281 0.9490086243924272 40
1646476015315 0.9489586109335315 41
1646476015366 0.9489073800366903 42
1646476015509 0.9488549329758454 43
1646476015552 0.9488012710551812 44
1646476015590 0.9487463956090911 45
1646476015625 0.9486903080021453 46
1646476015664 0.948633009629056 47
1646476015713 0.9485745019146433 48
1646476015741 0.9485147863137998 49
1646476015894 0.9484538643114538 50
1646476015961 0.9483917374225332 51
1646476016019 0.9483284071919273 52
1646476016089 0.9482638751944483 53
1646476016161 0.9481981430347927 54
1646476016190 0.9481312123475005 55
1646476016222 0.9480630847969159 56
1646476016342 0.9479937620771444 57
1646476016380 0.9479232459120117 58
1646476016413 0.9478515380550205 59
1646476016450 0.947778640289307 60
1646476016466 0.9477045544275962 61
1646476016515 0.9476292823121573 62
1646476016543 0.9475528258147576 63
1646476016662 0.9474751868366162 64
1646476016699 0.9473963673083565 65
1646476016732 0.9473163691899582 66
1646476016770 0.9472351944707085 67
1646476016798 0.947152845169153 68
1646476016831 0.9470693233330452 69
1646476016849 0.9469846310392954 70
1646476016975 0.9468987703939197 71
1646476017016 0.9468117435319868 72
1646476017045 0.9467235526175657 73
1646476017079 0.9466341998436714 74
1646476017099 0.9465436874322102 75
1646476017142 0.9464520176339251 76
1646476017168 0.9463591927283393 77
1646476017289 0.9462652150236998 78
1646476017325 0.9461700868569197 79
1646476017357 0.9460738105935204 80
1646476017395 0.9459763886275725 81
1646476017482 0.9458778233816366 82
1646476017529 0.9457781173067029 83
1646476017564 0.94567727288213 84
1646476017676 0.9455752926155836 85
1646476017715 0.9454721790429741 86
1646476017758 0.9453679347283932 87
1646476017794 0.9452625622640507 88
1646476017815 0.9451560642702095 89
1646476017858 0.945048443395121 90
1646476017883 0.9449397023149583 91
1646476018008 0.944829843733751 92
1646476018047 0.9447188703833168 93
1646476018078 0.9446067850231942 94
1646476018115 0.9444935904405733 95
1646476018133 0.9443792894502276 96
1646476018178 0.9442638848944427 97
1646476018199 0.9441473796429463 98
1646476018332 0.9440297765928368 99
1646476018385 0.9439110786685114 100
1646476018449 0.9437912888215928 101
1646476018519 0.9436704100308564 102
1646476018580 0.9435484453021562 103
1646476018634 0.9434253976683494 104
1646476018686 0.9433012701892219 105
1646476018857 0.9431760659514115 106
1646476018914 0.9430497880683315 107
1646476018959 0.9429224396800933 108
1646476018990 0.9427940239534279 109
1646476019034 0.9426645440816077 110
1646476019071 0.942534003284367 111
1646476019099 0.9424024048078212 112
1646476019229 0.9422697519243874 113
1646476019272 0.9421360479327019 114
1646476019299 0.9420012961575386 115
1646476019345 0.9418654999497261 116
1646476019366 0.941728662686065 117
1646476019417 0.9415907877692434 118
1646476019447 0.941451878627752 119
1646476019589 0.9413119387157997 120
1646476019635 0.9411709715132269 121
1646476019672 0.9410289805254195 122
1646476019706 0.9408859692832215 123
1646476019748 0.9407419413428472 124
1646476019813 0.9405969002857928 125
1646476019879 0.9404508497187474 126
1646476020058 0.9403037932735031 127
1646476020094 0.9401557346068651 128
1646476020115 0.9400066774005603 129
1646476020146 0.9398566253611461 130
1646476020187 0.9397055822199181 131
1646476020215 0.9395535517328171 132
1646476020250 0.939400537680336 133
1646476020340 0.9392465438674261 134
1646476020400 0.9390915741234015 135
1646476020431 0.9389356323018446 136
1646476020464 0.9387787222805106 137
1646476020496 0.9386208479612299 138
1646476020528 0.9384620132698124 139
1646476020556 0.9383022221559488 140
1646476020656 0.9381414785931133 141
1646476020713 0.9379797865784638 142
1646476020751 0.9378171501327436 143
1646476020788 0.9376535733001805 144
1646476020815 0.9374890601483866 145
1646476020850 0.9373236147682574 146
1646476020876 0.9371572412738697 147
1646476020990 0.9369899438023792 148
1646476021027 0.936821726513918 149
1646476021057 0.9366525935914912 150
1646476021090 0.9364825492408725 151
1646476021116 0.9363115976904997 152
1646476021154 0.9361397431913695 153
1646476021179 0.9359669900169325 154
1646476021295 0.9357933424629858 155
1646476021336 0.9356188048475672 156
1646476021364 0.9354433815108469 157
1646476021400 0.9352670768150204 158
1646476021429 0.9350898951441995 159
1646476021462 0.9349118409043036 160
1646476021482 0.9347329185229498 161
1646476021609 0.9345531324493432 162
1646476021647 0.9343724871541659 163
1646476021677 0.9341909871294659 164
1646476021712 0.934008636888546 165
1646476021748 0.9338254409658502 166
1646476021789 0.9336414039168526 167
1646476021817 0.9334565303179428 168
1646476021930 0.9332708247663131 169
1646476021967 0.933084291879843 170
1646476021997 0.9328969362969856 171
1646476022028 0.9327087626766517 172
1646476022058 0.9325197756980937 173
1646476022095 0.9323299800607899 174
1646476022131 0.9321393804843269 175
1646476022345 0.9319479817082827 176
1646476022407 0.9317557884921089 177
1646476022461 0.9315628056150119 178
1646476022499 0.9313690378758346 179
1646476022545 0.9311744900929366 180
1646476022583 0.9309791671040749 181
1646476022628 0.9307830737662829 182
1646476022768 0.9305862149557502 183
1646476022816 0.9303885955677015 184
1646476022849 0.9301902205162739 185
1646476022881 0.9299910947343957 186
1646476022919 0.9297912231736634 187
1646476022953 0.9295906108042183 188
1646476022987 0.9293892626146236 189
1646476023120 0.9291871836117395 190
1646476023158 0.9289843788205991 191
1646476023182 0.9287808532842836 192
1646476023225 0.9285766120637968 193
1646476023264 0.928371660237939 194
1646476023293 0.9281660029031811 195
1646476023329 0.9279596451735372 196
1646476023501 0.9277525921804387 197
1646476023561 0.927544849072605 198
1646476023667 0.9273364210159172 199
1646476023704 0.9271273131932879 200
1646476023732 0.9269175308045341 201
1646476023776 0.9267070790662464 202
1646476023799 0.9264959632116602 203
1646476023918 0.9262841884905252 204
1646476023957 0.9260717601689749 205
1646476023990 0.9258586835293956 206
1646476024029 0.9256449638702953 207
1646476024062 0.9254306065061715 208
1646476024095 0.9252156167673797 209
1646476024115 0.9249999999999999 210
1646476024231 0.9247837615657049 211
1646476024270 0.9245669068416256 212
1646476024298 0.9243494412202183 213
1646476024337 0.9241313701091305 214
1646476024366 0.9239126989310659 215
1646476024398 0.9236934331236499 216
1646476024427 0.9234735781392945 217
1646476024556 0.9232531394450625 218
1646476024595 0.9230321225225315 219
1646476024628 0.9228105328676581 220
1646476024661 0.9225883759906404 221
1646476024690 0.9223656574157816 222
1646476024733 0.9221423826813525 223
1646476024765 0.9219185573394538 224
1646476024918 0.9216941869558779 225
1646476024963 0.9214692771099704 226
1646476024982 0.9212438333944919 227
1646476025034 0.9210178614154783 228
1646476025064 0.9207913667921016 229
1646476025108 0.9205643551565306 230
1646476025132 0.9203368321537899 231
1646476025286 0.9201088034416208 232
1646476025332 0.9198802746903394 233
1646476025374 0.9196512515826961 234
1646476025413 0.9194217398137348 235
1646476025431 0.9191917450906499 236
1646476025475 0.9189612731326464 237
1646476025499 0.9187303296707956 238
1646476025619 0.9184989204478939 239
1646476025656 0.9182670512183198 240
1646476025681 0.9180347277478902 241
1646476025722 0.9178019558137178 242
1646476025763 0.9175687412040671 243
1646476025793 0.9173350897182103 244
1646476025825 0.9171010071662834 245
1646476026008 0.9168664993691414 246
1646476026071 0.9166315721582141 247
1646476026147 0.9163962313753602 248
1646476026204 0.916160482872723 249
1646476026252 0.9159243325125842 250
1646476026287 0.9156877861672185 251
1646476026325 0.9154508497187474 252
1646476026474 0.9152135290589928 253
1646476026517 0.9149758300893309 254
1646476026547 0.9147377587205452 255
1646476026590 0.9144993208726793 256
1646476026627 0.9142605224748901 257
1646476026661 0.9140213694653001 258
1646476026700 0.9137818677908499 259
1646476026843 0.9135420234071502 260
1646476026890 0.9133018422783337 261
1646476026932 0.9130613303769068 262
1646476026974 0.9128204936836014 263
1646476027013 0.9125793381872254 264
1646476027032 0.9123378698845146 265
1646476027079 0.9120960947799833 266
1646476027238 0.9118540188857749 267
1646476027290 0.9116116482215121 268
1646476027365 0.9113689888141481 269
1646476027422 0.9111260466978157 270
1646476027458 0.910882827913678 271
1646476027483 0.9106393385097781 272
1646476027521 0.910395584540888 273
1646476027633 0.9101515720683587 274
1646476027672 0.9099073071599698 275
1646476027698 0.9096627958897776 276
1646476027741 0.9094180443379648 277
1646476027780 0.9091730585906891 278
1646476027809 0.9089278447399318 279
1646476027841 0.9086824088833465 280
1646476027960 0.9084367571241072 281
1646476027999 0.9081908955707568 282
1646476028030 0.9079448303370551 283
1646476028062 0.9076985675418267 284
1646476028081 0.9074521133088087 285
1646476028124 0.907205473766499 286
1646476028149 0.9069586550480032 287
1646476028273 0.9067116632908827 288
1646476028312 0.9064645046370017 289
1646476028343 0.9062171852323743 290
1646476028376 0.9059697112270122 291
1646476028398 0.9057220887747716 292
1646476028432 0.9054743240331998 293
1646476028464 0.9052264231633826 294
1646476028556 0.9049783923297908 295
1646476028614 0.9047302377001268 296
1646476028651 0.9044819654451717 297
1646476028685 0.9042335817386311 298
1646476028698 0.9039850927569826 299
1646476028753 0.9037365046793212 300
1646476028790 0.9034878236872063 301
1646476028901 0.9032390559645076 302
1646476028938 0.9029902076972517 303
1646476028966 0.902741285073468 304
1646476029006 0.9024922942830348 305
1646476029033 0.9022432415175257 306
1646476029065 0.9019941329700553 307
1646476029103 0.9017449748351251 308
1646476029224 0.9014957733084699 309
1646476029262 0.9012465345869036 310
1646476029293 0.9009972648681649 311
1646476029327 0.9007479703507631 312
1646476029358 0.9004986572338246 313
1646476029391 0.9002493317169379 314
1646476029416 0.8999999999999999 315
1646476029548 0.899750668283062 316
1646476029600 0.8995013427661753 317
1646476029636 0.8992520296492368 318
1646476029706 0.899002735131835 319
1646476029776 0.8987534654130963 320
1646476029842 0.8985042266915301 321
1646476029890 0.8982550251648749 322
1646476030072 0.8980058670299448 323
1646476030113 0.8977567584824743 324
1646476030147 0.8975077057169651 325
1646476030192 0.897258714926532 326
1646476030236 0.8970097923027482 327
1646476030266 0.8967609440354923 328
1646476030303 0.8965121763127937 329
1646476030440 0.8962634953206787 330
1646476030479 0.8960149072430174 331
1646476030515 0.8957664182613688 332
1646476030555 0.8955180345548283 333
1646476030593 0.8952697622998731 334
1646476030629 0.8950216076702091 335
1646476030663 0.8947735768366173 336
1646476030794 0.8945256759668001 337
1646476030834 0.8942779112252284 338
1646476030863 0.8940302887729877 339
1646476030904 0.8937828147676257 340
1646476030995 0.8935354953629984 341
1646476031083 0.8932883367091172 342
1646476031134 0.8930413449519967 343
1646476031255 0.892794526233501 344
1646476031293 0.8925478866911912 345
1646476031326 0.8923014324581733 346
1646476031360 0.8920551696629448 347
1646476031381 0.8918091044292431 348
1646476031412 0.8915632428758927 349
1646476031449 0.8913175911166534 350
1646476031566 0.8910721552600681 351
1646476031603 0.8908269414093108 352
1646476031631 0.8905819556620351 353
1646476031669 0.8903372041102223 354
1646476031697 0.8900926928400301 355
1646476031733 0.8898484279316412 356
1646476031763 0.8896044154591121 357
1646476031889 0.8893606614902219 358
1646476031928 0.8891171720863219 359
1646476031957 0.8888739533021842 360
1646476031991 0.8886310111858519 361
1646476032021 0.8883883517784879 362
1646476032054 0.8881459811142252 363
1646476032080 0.8879039052200166 364
1646476032196 0.8876621301154852 365
1646476032235 0.8874206618127746 366
1646476032264 0.8871795063163985 367
1646476032300 0.8869386696230931 368
1646476032330 0.8866981577216662 369
1646476032365 0.8864579765928498 370
1646476032392 0.88621813220915 371
1646476032512 0.8859786305346998 372
1646476032553 0.8857394775251098 373
1646476032582 0.8855006791273207 374
1646476032620 0.8852622412794547 375
1646476032648 0.885024169910669 376
1646476032687 0.8847864709410072 377
1646476032716 0.8845491502812526 378
1646476032863 0.8843122138327815 379
1646476032912 0.8840756674874157 380
1646476032950 0.8838395171272769 381
1646476032981 0.8836037686246397 382
1646476033018 0.8833684278417859 383
1646476033049 0.8831335006308585 384
1646476033080 0.8828989928337165 385
1646476033205 0.8826649102817896 386
1646476033244 0.8824312587959329 387
1646476033276 0.8821980441862821 388
1646476033321 0.8819652722521097 389
1646476033376 0.8817329487816802 390
1646476033444 0.881501079552106 391
1646476033502 0.8812696703292043 392
1646476033697 0.8810387268673535 393
1646476033751 0.88080825490935 394
1646476033802 0.8805782601862653 395
1646476033830 0.8803487484173038 396
1646476033889 0.8801197253096605 397
1646476033923 0.8798911965583791 398
1646476033954 0.87966316784621 399
1646476034089 0.8794356448434694 400
1646476034128 0.8792086332078983 401
1646476034166 0.8789821385845217 402
1646476034209 0.878756166605508 403
1646476034263 0.8785307228900295 404
1646476034307 0.878305813044122 405
1646476034332 0.8780814426605461 406
1646476034466 0.8778576173186474 407
1646476034505 0.8776343425842184 408
1646476034546 0.8774116240093596 409
1646476034593 0.8771894671323418 410
1646476034614 0.8769678774774684 411
1646476034676 0.8767468605549374 412
1646476034740 0.8765264218607054 413
1646476034959 0.87630656687635 414
1646476034999 0.8760873010689341 415
1646476035029 0.8758686298908694 416
1646476035064 0.8756505587797816 417
1646476035081 0.8754330931583744 418
1646476035127 0.8752162384342951 419
1646476035147 0.875 420
1646476035277 0.8747843832326203 421
1646476035313 0.8745693934938285 422
1646476035348 0.8743550361297047 423
1646476035380 0.8741413164706043 424
1646476035409 0.8739282398310251 425
1646476035443 0.8737158115094747 426
1646476035465 0.8735040367883398 427
1646476035603 0.8732929209337535 428
1646476035650 0.8730824691954658 429
1646476035664 0.872872686806712 430
1646476035720 0.8726635789840828 431
1646476035764 0.8724551509273949 432
1646476035797 0.8722474078195612 433
1646476035843 0.8720403548264626 434
1646476035970 0.8718339970968189 435
1646476036011 0.8716283397620609 436
1646476036043 0.8714233879362031 437
1646476036082 0.8712191467157163 438
1646476036110 0.8710156211794009 439
1646476036152 0.8708128163882605 440
1646476036180 0.8706107373853763 441
1646476036317 0.8704093891957816 442
1646476036362 0.8702087768263366 443
1646476036394 0.8700089052656043 444
1646476036430 0.8698097794837261 445
1646476036463 0.8696114044322985 446
1646476036500 0.8694137850442496 447
1646476036532 0.869216926233717 448
1646476036673 0.869020832895925 449
1646476036719 0.8688255099070633 450
1646476036749 0.8686309621241654 451
1646476036802 0.868437194384988 452
1646476036831 0.868244211507891 453
1646476036866 0.8680520182917172 454
1646476036896 0.8678606195156731 455
1646476037029 0.86767001993921 456
1646476037093 0.8674802243019062 457
1646476037164 0.8672912373233482 458
1646476037258 0.8671030637030144 459
1646476037346 0.8669157081201571 460
1646476037410 0.866729175233687 461
1646476037463 0.8665434696820571 462
1646476037662 0.8663585960831474 463
1646476037756 0.8661745590341497 464
1646476037835 0.865991363111454 465
1646476037881 0.865809012870534 466
1646476037930 0.8656275128458341 467
1646476037967 0.8654468675506567 468
1646476038009 0.8652670814770501 469
1646476038129 0.8650881590956964 470
1646476038169 0.8649101048558004 471
1646476038198 0.8647329231849795 472
1646476038247 0.864556618489153 473
1646476038292 0.8643811951524327 474
1646476038314 0.8642066575370141 475
1646476038359 0.8640330099830674 476
1646476038488 0.8638602568086304 477
1646476038536 0.8636884023095003 478
1646476038599 0.8635174507591274 479
1646476038656 0.8633474064085087 480
1646476038717 0.8631782734860819 481
1646476038769 0.8630100561976208 482
1646476038831 0.8628427587261303 483
1646476039015 0.8626763852317425 484
1646476039076 0.8625109398516133 485
1646476039122 0.8623464266998194 486
1646476039148 0.8621828498672562 487
1646476039197 0.8620202134215361 488
1646476039230 0.8618585214068867 489
1646476039276 0.8616977778440511 490
1646476039427 0.8615379867301876 491
1646476039471 0.86137915203877 492
1646476039502 0.8612212777194893 493
1646476039543 0.8610643676981553 494
1646476039564 0.8609084258765984 495
1646476039622 0.8607534561325738 496
1646476039674 0.8605994623196639 497
1646476039824 0.860446448267183 498
1646476039863 0.860294417780082 499
1646476039947 0.8601433746388538 500
1646476039999 0.8599933225994396 501
1646476040055 0.8598442653931349 502
1646476040111 0.8596962067264968 503
1646476040131 0.8595491502812526 504
1646476040255 0.8594030997142071 505
1646476040294 0.8592580586571528 506
1646476040324 0.8591140307167784 507
1646476040363 0.8589710194745804 508
1646476040382 0.858829028486773 509
1646476040427 0.8586880612842003 510
1646476040451 0.8585481213722479 511
1646476040585 0.8584092122307565 512
1646476040624 0.8582713373139349 513
1646476040652 0.8581345000502738 514
1646476040693 0.8579987038424614 515
1646476040715 0.857863952067298 516
1646476040768 0.8577302480756125 517
1646476040803 0.8575975951921787 518
1646476040921 0.857465996715633 519
1646476040960 0.8573354559183922 520
1646476040989 0.857205976046572 521
1646476041025 0.8570775603199067 522
1646476041053 0.8569502119316684 523
1646476041090 0.8568239340485885 524
1646476041114 0.856698729810778 525
1646476041239 0.8565746023316505 526
1646476041277 0.8564515546978437 527
1646476041308 0.8563295899691435 528
1646476041342 0.8562087111784071 529
1646476041373 0.8560889213314885 530
1646476041407 0.8559702234071631 531
1646476041431 0.8558526203570537 532
1646476041557 0.8557361151055572 533
1646476041595 0.8556207105497723 534
1646476041629 0.8555064095594266 535
1646476041665 0.8553932149768058 536
1646476041694 0.8552811296166831 537
1646476041737 0.8551701562662489 538
1646476041754 0.8550602976850417 539
1646476041892 0.854951556604879 540
1646476041934 0.8548439357297904 541
1646476041967 0.8547374377359492 542
1646476042006 0.8546320652716067 543
1646476042032 0.8545278209570258 544
1646476042076 0.8544247073844163 545
1646476042107 0.8543227271178699 546
1646476042235 0.854221882693297 547
1646476042281 0.8541221766183633 548
1646476042314 0.8540236113724274 549
1646476042383 0.8539261894064796 550
1646476042447 0.8538299131430802 551
1646476042513 0.8537347849763002 552
1646476042577 0.8536408072716606 553
1646476042756 0.8535479823660749 554
1646476042803 0.8534563125677898 555
1646476042837 0.8533658001563286 556
1646476042883 0.8532764473824342 557
1646476042923 0.8531882564680131 558
1646476042948 0.8531012296060803 559
1646476042995 0.8530153689607045 560
1646476043114 0.8529306766669548 561
1646476043156 0.8528471548308469 562
1646476043180 0.8527648055292915 563
1646476043236 0.8526836308100417 564
1646476043286 0.8526036326916434 565
1646476043325 0.8525248131633837 566
1646476043347 0.8524471741852423 567
1646476043488 0.8523707176878427 568
1646476043527 0.8522954455724038 569
1646476043562 0.8522213597106929 570
1646476043606 0.8521484619449794 571
1646476043696 0.8520767540879882 572
1646476043755 0.8520062379228556 573
1646476043838 0.851936915203084 574
1646476043943 0.8518687876524994 575
1646476043995 0.8518018569652073 576
1646476044028 0.8517361248055516 577
1646476044061 0.8516715928080726 578
1646476044080 0.8516082625774667 579
1646476044127 0.8515461356885461 580
1646476044148 0.8514852136862001 581
1646476044272 0.8514254980853566 582
1646476044319 0.851366990370944 583
1646476044354 0.8513096919978547 584
1646476044393 0.8512536043909088 585
1646476044415 0.8511987289448187 586
1646476044459 0.8511450670241545 587
1646476044481 0.8510926199633096 588
1646476044610 0.8510413890664684 589
1646476044647 0.8509913756075728 590
1646476044679 0.8509425808302914 591
1646476044712 0.8508950059479881 592
1646476044749 0.8508486521436921 593
1646476044786 0.8508035205700685 594
1646476044815 0.8507596123493896 595
1646476044937 0.8507169285735068 596
1646476044975 0.850675470303824 597
1646476045006 0.8506352385712702 598
1646476045039 0.8505962343762752 599
1646476045068 0.8505584586887436 600
1646476045106 0.8505219124480311 601
1646476045130 0.8504865965629215 602
1646476045253 0.8504525119116032 603
1646476045288 0.8504196593416484 604
1646476045314 0.8503880396699913 605
1646476045356 0.850357653682908 606
1646476045381 0.8503285021359972 607
1646476045424 0.8503005857541607 608
1646476045447 0.8502739052315863 609
1646476045576 0.8502484612317299 610
1646476045615 0.8502242543872992 611
1646476045646 0.850201285300238 612
1646476045685 0.8501795545417112 613
1646476045714 0.8501590626520904 614
1646476045765 0.850139810140941 615
1646476045800 0.8501217974870088 616
1646476045913 0.8501050251382086 617
1646476045951 0.8500894935116132 618
1646476045980 0.8500752029934424 619
1646476046036 0.8500621539390538 620
1646476046088 0.8500503466729342 621
1646476046145 0.850039781488691 622
1646476046204 0.8500304586490451 623
1646476046408 0.8500223783858248 624
1646476046462 0.8500155408999591 625
1646476046515 0.8500099463614738 626
1646476046548 0.8500055949094864 627
1646476046591 0.8500024866522028 628
1646476046634 0.8500006216669154 629
1646476046662 0.8500001141839123 630
1646476046816 0.8500004567351277 631
1646476046861 0.8500010276520816 632
1646476046896 0.8500018269321666 633
1646476046941 0.850002854571732 634
1646476046965 0.850004110566084 635
1646476047013 0.8500055949094864 636
1646476047047 0.8500073075951593 637
1646476047192 0.8500092486152805 638
1646476047239 0.8500114179609846 639
1646476047280 0.8500138156223634 640
1646476047323 0.850016441588466 641
1646476047392 0.8500192958472986 642
1646476047448 0.8500223783858248 643
1646476047529 0.8500256891899656 644
1646476047657 0.8500292282445993 645
1646476047698 0.8500329955335618 646
1646476047733 0.8500369910396466 647
1646476047771 0.8500412147446047 648
1646476047798 0.850045666629145 649
1646476047839 0.8500503466729342 650
1646476047864 0.8500552548545969 651
1646476047990 0.8500603911517155 652
1646476048028 0.8500657555408307 653
1646476048064 0.8500713479974417 654
1646476048098 0.8500771684960056 655
1646476048113 0.8500832170099379 656
1646476048162 0.8500894935116132 657
1646476048181 0.8500959979723643 658
1646476048311 0.8501027303624832 659
1646476048349 0.8501096906512204 660
1646476048378 0.850116878806786 661
1646476048411 0.850124294796349 662
1646476048430 0.850131938586038 663
1646476048478 0.850139810140941 664
1646476048508 0.8501479094251059 665
1646476048631 0.8501562364015404 666
1646476048677 0.8501647910322121 667
1646476048708 0.8501735732780491 668
1646476048749 0.8501825830989397 669
1646476048779 0.8501918204537328 670
1646476048816 0.850201285300238 671
1646476048842 0.8502109775952262 672
1646476048965 0.8502208972944292 673
1646476049003 0.85023104435254 674
1646476049030 0.8502414187232137 675
1646476049068 0.8502520203590664 676
1646476049096 0.850262849211677 677
1646476049135 0.8502739052315863 678
1646476049163 0.8502851883682973 679
1646476049284 0.850296698570276 680
1646476049323 0.8503084357849511 681
1646476049359 0.8503203999587147 682
1646476049398 0.850332591036922 683
1646476049431 0.8503450089638922 684
1646476049472 0.850357653682908 685
1646476049507 0.8503705251362167 686
1646476049607 0.8503836232650296 687
1646476049660 0.8503969480095228 688
1646476049703 0.8504104993088377 689
1646476049762 0.8504242771010805 690
1646476049831 0.850438281323323 691
1646476049892 0.8504525119116032 692
1646476049942 0.8504669688009249 693
1646476050125 0.850481651925258 694
1646476050177 0.8504965612175399 695
1646476050225 0.8505116966096742 696
1646476050256 0.8505270580325324 697
1646476050301 0.8505426454159531 698
1646476050329 0.8505584586887436 699
1646476050361 0.8505744977786787 700
1646476050499 0.8505907626125022 701
1646476050539 0.8506072531159269 702
1646476050591 0.8506239692136348 703
1646476050639 0.8506409108292775 704
1646476050687 0.8506580778854765 705
1646476050714 0.850675470303824 706
1646476050771 0.8506930880048822 707
1646476050928 0.8507109309081852 708
1646476050987 0.8507289989322379 709
1646476051030 0.8507472919945172 710
1646476051070 0.8507658100114721 711
1646476051108 0.8507845528985244 712
1646476051163 0.8508035205700685 713
1646476051218 0.8508227129394723 714
1646476051421 0.8508421299190775 715
1646476051458 0.8508617714201998 716
1646476051489 0.8508816373531294 717
1646476051523 0.8509017276271315 718
1646476051547 0.8509220421504468 719
1646476051600 0.8509425808302914 720
1646476051633 0.850963343572858 721
1646476051759 0.8509843302833157 722
1646476051804 0.8510055408658106 723
1646476051845 0.8510269752234666 724
1646476051883 0.8510486332583853 725
1646476051914 0.8510705148716468 726
1646476051954 0.8510926199633096 727
1646476051990 0.8511149484324124 728
1646476052106 0.8511375001769728 729
1646476052144 0.851160275093989 730
1646476052179 0.8511832730794398 731
1646476052211 0.8512064940282852 732
1646476052245 0.851229937834467 733
1646476052283 0.8512536043909088 734
1646476052313 0.8512774935895171 735
1646476052439 0.8513016053211814 736
1646476052478 0.8513259394757747 737
1646476052514 0.8513504959421545 738
1646476052547 0.8513752746081624 739
1646476052580 0.8514002753606256 740
1646476052621 0.8514254980853566 741
1646476052647 0.8514509426671544 742
1646476052778 0.8514766089898043 743
1646476052820 0.8515024969360792 744
1646476052852 0.8515286063877395 745
1646476052885 0.8515549372255342 746
1646476052913 0.8515814893292009 747
1646476052955 0.8516082625774667 748
1646476052987 0.8516352568480485 749
1646476053109 0.851662472017654 750
1646476053153 0.8516899079619817 751
1646476053180 0.851717564555722 752
1646476053219 0.8517454416725573 753
1646476053247 0.8517735391851629 754
1646476053285 0.8518018569652073 755
1646476053314 0.8518303948833533 756
1646476053441 0.851859152809258 757
1646476053504 0.8518881306115735 758
1646476053563 0.8519173281579482 759
1646476053625 0.8519467453150262 760
1646476053707 0.851976381948449 761
1646476053756 0.8520062379228556 762
1646476053813 0.8520363131018829 763
1646476053988 0.852066607348167 764
1646476054036 0.8520971205233432 765
1646476054063 0.852127852488047 766
1646476054108 0.8521588031019145 767
1646476054145 0.8521899722235834 768
1646476054192 0.8522213597106929 769
1646476054228 0.8522529654198855 770
1646476054365 0.8522847892068064 771
1646476054412 0.8523168309261051 772
1646476054452 0.8523490904314356 773
1646476054488 0.8523815675754574 774
1646476054544 0.8524142622098356 775
1646476054593 0.8524471741852423 776
1646476054620 0.8524803033513567 777
1646476054758 0.8525136495568661 778
1646476054805 0.8525472126494665 779
1646476054836 0.8525809924758634 780
1646476054903 0.852614988881772 781
1646476054951 0.8526492017119189 782
1646476055052 0.8526836308100417 783
1646476055091 0.8527182760188906 784
1646476055207 0.8527531371802285 785
1646476055247 0.8527882141348321 786
1646476055279 0.8528235067224923 787
1646476055313 0.8528590147820153 788
1646476055345 0.8528947381512233 789
1646476055379 0.8529306766669548 790
1646476055396 0.8529668301650658 791
1646476055541 0.8530031984804305 792
1646476055578 0.8530397814469417 793
1646476055611 0.853076578897512 794
1646476055643 0.8531135906640742 795
1646476055663 0.8531508165775826 796
1646476055708 0.8531882564680131 797
1646476055745 0.8532259101643643 798
1646476055873 0.8532637774946584 799
1646476055909 0.8533018582859418 800
1646476055939 0.853340152364286 801
1646476055975 0.8533786595547881 802
1646476055996 0.8534173796815723 803
1646476056041 0.8534563125677898 804
1646476056063 0.8534954580356202 805
1646476056175 0.8535348159062723 806
1646476056225 0.8535743859999848 807
1646476056254 0.8536141681360266 808
1646476056286 0.8536541621326988 809
1646476056314 0.8536943678073345 810
1646476056346 0.8537347849763002 811
1646476056376 0.8537754134549959 812
1646476056507 0.8538162530578571 813
1646476056545 0.8538573035983548 814
1646476056578 0.8538985648889964 815
1646476056614 0.8539400367413271 816
1646476056642 0.8539817189659299 817
1646476056681 0.8540236113724274 818
1646476056696 0.854065713769482 819
1646476056843 0.8541080259647971 820
1646476056884 0.8541505477651177 821
1646476056914 0.8541932789762317 822
1646476056945 0.8542362194029703 823
1646476056988 0.8542793688492094 824
1646476057023 0.8543227271178699 825
1646476057050 0.8543662940109193 826
1646476057173 0.8544100693293721 827
1646476057221 0.8544540528732907 828
1646476057275 0.8544982444417867 829
1646476057326 0.8545426438330213 830
1646476057409 0.8545872508442066 831
1646476057475 0.8546320652716067 832
1646476057534 0.8546770869105381 833
1646476057696 0.8547223155553707 834
1646476057749 0.8547677509995295 835
1646476057799 0.8548133930354943 836
1646476057830 0.8548592414548019 837
1646476057882 0.854905296048046 838
1646476057911 0.854951556604879 839
1646476057960 0.8549980229140125 840
1646476058082 0.8550446947632181 841
1646476058137 0.855091571939329 842
1646476058172 0.8551386542282404 843
1646476058215 0.8551859414149107 844
1646476058245 0.8552334332833623 845
1646476058288 0.8552811296166831 846
1646476058313 0.8553290301970269 847
1646476058457 0.8553771348056147 848
1646476058505 0.8554254432227355 849
1646476058561 0.8554739552277476 850
1646476058693 0.8555226705990794 851
1646476058753 0.8555715891142304 852
1646476058804 0.8556207105497723 853
1646476058896 0.85567003468135 854
1646476059020 0.8557195612836825 855
1646476059057 0.8557692901305645 856
1646476059086 0.8558192209948662 857
1646476059124 0.8558693536485358 858
1646476059147 0.8559196878625995 859
1646476059196 0.8559702234071631 860
1646476059213 0.8560209600514126 861
1646476059343 0.8560718975636158 862
1646476059384 0.8561230357111228 863
1646476059412 0.8561743742603676 864
1646476059451 0.8562259129768686 865
1646476059480 0.8562776516252302 866
1646476059523 0.8563295899691434 867
1646476059545 0.8563817277713875 868
1646476059674 0.8564340647938306 869
1646476059713 0.8564866007974304 870
1646476059754 0.8565393355422368 871
1646476059791 0.856592268787391 872
1646476059813 0.8566454002911283 873
1646476059861 0.856698729810778 874
1646476059879 0.8567522571027653 875
1646476060011 0.8568059819226118 876
1646476060050 0.8568599040249373 877
1646476060078 0.8569140231634602 878
1646476060113 0.8569683390909991 879
1646476060138 0.857022851559474 880
1646476060184 0.8570775603199067 881
1646476060210 0.8571324651224229 882
1646476060332 0.857187565716253 883
1646476060372 0.8572428618497326 884
1646476060395 0.8572983532703049 885
1646476060438 0.8573540397245205 886
1646476060463 0.8574099209580398 887
1646476060504 0.857465996715633 888
1646476060529 0.8575222667411823 889
1646476060662 0.8575787307776823 890
1646476060704 0.8576353885672419 891
1646476060739 0.8576922398510843 892
1646476060775 0.8577492843695499 893
1646476060796 0.8578065218620958 894
1646476060841 0.857863952067298 895
1646476060869 0.8579215747228524 896
1646476060993 0.8579793895655755 897
1646476061048 0.8580373963314065 898
1646476061115 0.858095594755408 899
1646476061184 0.8581539845717667 900
1646476061239 0.8582125655137957 901
1646476061304 0.8582713373139348 902
1646476061366 0.8583302997037525 903
1646476061521 0.8583894524139463 904
1646476061562 0.8584487951743448 905
1646476061597 0.8585083277139084 906
1646476061641 0.8585680497607309 907
1646476061686 0.8586279610420402 908
1646476061712 0.8586880612842003 909
1646476061763 0.8587483502127118 910
1646476061890 0.8588088275522139 911
1646476061930 0.8588694930264849 912
1646476061963 0.8589303463584439 913
1646476062001 0.8589913872701522 914
1646476062044 0.8590526154828141 915
1646476062082 0.8591140307167784 916
1646476062119 0.8591756326915401 917
1646476062260 0.8592374211257408 918
1646476062308 0.8592993957371707 919
1646476062361 0.8593615562427699 920
1646476062425 0.8594239023586289 921
1646476062482 0.8594864337999909 922
1646476062577 0.8595491502812526 923
1646476062605 0.8596120515159653 924
1646476062724 0.8596751372168369 925
1646476062770 0.8597384070957321 926
1646476062799 0.8598018608636753 927
1646476062834 0.8598654982308501 928
1646476062863 0.8599293189066022 929
1646476062883 0.8599933225994396 930
1646476062926 0.8600575090170349 931
1646476063054 0.8601218778662257 932
1646476063090 0.8601864288530165 933
1646476063112 0.8602511616825801 934
1646476063154 0.8603160760592583 935
1646476063184 0.8603811716865643 936
1646476063221 0.8604464482671829 937
1646476063247 0.8605119055029729 938
1646476063369 0.8605775430949676 939
1646476063406 0.8606433607433768 940
1646476063435 0.8607093581475879 941
1646476063467 0.8607755350061671 942
1646476063495 0.8608418910168611 943
1646476063532 0.8609084258765984 944
1646476063546 0.8609751392814907 945
1646476063688 0.861042030926834 946
1646476063727 0.8611091005071101 947
1646476063761 0.8611763477159886 948
1646476063786 0.8612437722463274 949
1646476063830 0.8613113737901746 950
1646476063864 0.86137915203877 951
1646476063887 0.8614471066825461 952
1646476064004 0.8615152374111297 953
1646476064044 0.8615835439133436 954
1646476064075 0.8616520258772076 955
1646476064109 0.8617206829899402 956
1646476064129 0.86178951493796 957
1646476064177 0.8618585214068867 958
1646476064196 0.8619277020815432 959
1646476064329 0.8619970566459569 960
1646476064367 0.8620665847833607 961
1646476064395 0.8621362861761948 962
1646476064436 0.8622061605061079 963
1646476064473 0.8622762074539593 964
1646476064508 0.8623464266998194 965
1646476064541 0.8624168179229721 966
1646476064653 0.8624873808019154 967
1646476064692 0.8625581150143635 968
1646476064735 0.8626290202372482 969
1646476064787 0.8627000961467199 970
1646476064841 0.8627713424181496 971
1646476064915 0.8628427587261303 972
1646476064981 0.862914344744478 973
1646476065176 0.8629861001462342 974
1646476065223 0.8630580246036661 975
1646476065275 0.8631301177882692 976
1646476065296 0.8632023793707683 977
1646476065349 0.8632748090211187 978
1646476065380 0.8633474064085087 979
1646476065422 0.8634201712013599 980
1646476065551 0.8634931030673297 981
1646476065591 0.8635662016733122 982
1646476065624 0.8636394666854401 983
1646476065661 0.8637128977690859 984
1646476065694 0.8637864945888636 985
1646476065743 0.8638602568086304 986
1646476065783 0.8639341840914879 987
1646476065923 0.8640082760997838 988
1646476065968 0.8640825324951136 989
1646476066002 0.8641569529383217 990
1646476066051 0.8642315370895036 991
1646476066093 0.8643062846080068 992
1646476066128 0.8643811951524327 993
1646476066204 0.8644562683806383 994
1646476066407 0.8645315039497371 995
1646476066446 0.8646069015161016 996
1646476066473 0.8646824607353644 997
1646476066505 0.8647581812624194 998
1646476066533 0.864834062751424 999
1646476066574 0.8649101048558004 1000
1646476066595 0.8649863072282372 1001
1646476066727 0.8650626695206911 1002
1646476066774 0.8651391913843881 1003
1646476066803 0.8652158724698257 1004
1646476066840 0.865292712426774 1005
1646476066863 0.8653697109042775 1006
1646476066906 0.8654468675506567 1007
1646476066929 0.8655241820135098 1008
1646476067056 0.865601653939714 1009
1646476067094 0.8656792829754274 1010
1646476067127 0.8657570687660906 1011
1646476067159 0.865835010956428 1012
1646476067178 0.86591310919045 1013
1646476067226 0.865991363111454 1014
1646476067245 0.8660697723620265 1015
1646476067377 0.8661483365840446 1016
1646476067416 0.8662270554186772 1017
1646476067444 0.8663059285063875 1018
1646476067481 0.8663849554869342 1019
1646476067513 0.8664641359993726 1020
1646476067560 0.8665434696820571 1021
1646476067595 0.8666229561726426 1022
1646476067712 0.8667025951080859 1023
1646476067757 0.8667823861246476 1024
1646476067793 0.8668623288578938 1025
1646476067829 0.8669424229426974 1026
1646476067860 0.8670226680132402 1027
1646476067896 0.8671030637030144 1028
1646476067912 0.8671836096448241 1029
1646476068044 0.8672643054707874 1030
1646476068085 0.8673451508123375 1031
1646476068112 0.8674261453002252 1032
1646476068159 0.8675072885645196 1033
1646476068178 0.8675885802346106 1034
1646476068228 0.86767001993921 1035
1646476068245 0.8677516073063538 1036
1646476068385 0.8678333419634032 1037
1646476068422 0.8679152235370472 1038
1646476068446 0.8679972516533032 1039
1646476068489 0.8680794259375197 1040
1646476068535 0.8681617460143773 1041
1646476068586 0.868244211507891 1042
1646476068639 0.8683268220414114 1043
1646476068862 0.8684095772376269 1044
1646476068922 0.8684924767185649 1045
1646476068967 0.8685755201055938 1046
1646476068995 0.868658707019425 1047
1646476069039 0.8687420370801142 1048
1646476069061 0.8688255099070633 1049
1646476069115 0.8689091251190221 1050
1646476069258 0.8689928823340901 1051
1646476069304 0.8690767811697184 1052
1646476069345 0.8691608212427109 1053
1646476069378 0.8692450021692267 1054
1646476069432 0.8693293235647817 1055
1646476069476 0.8694137850442496 1056
1646476069497 0.8694983862218651 1057
1646476069641 0.8695831267112243 1058
1646476069685 0.8696680061252872 1059
1646476069726 0.8697530240763792 1060
1646476069770 0.8698381801761932 1061
1646476069819 0.8699234740357906 1062
1646476069846 0.8700089052656043 1063
1646476069911 0.8700944734754392 1064
1646476070122 0.8701801782744748 1065
1646476070160 0.8702660192712668 1066
1646476070190 0.8703519960737487 1067
1646476070222 0.8704381082892338 1068
1646476070252 0.870524355524417 1069
1646476070284 0.8706107373853763 1070
1646476070312 0.8706972534775751 1071
1646476070440 0.8707839034058633 1072
1646476070478 0.8708706867744802 1073
1646476070509 0.8709576031870548 1074
1646476070544 0.8710446522466091 1075
1646476070579 0.871131833555559 1076
1646476070614 0.8712191467157163 1077
1646476070641 0.8713065913282907 1078
1646476070767 0.8713941669938915 1079
1646476070809 0.8714818733125294 1080
1646476070841 0.8715697098836184 1081
1646476070874 0.8716576763059775 1082
1646476070896 0.8717457721778328 1083
1646476070939 0.8718339970968189 1084
1646476070970 0.8719223506599812 1085
1646476071109 0.8720108324637776 1086
1646476071150 0.8720994421040801 1087
1646476071179 0.8721881791761767 1088
1646476071221 0.8722770432747738 1089
1646476071262 0.8723660339939974 1090
1646476071294 0.8724551509273948 1091
1646476071333 0.8725443936679376 1092
1646476071465 0.8726337618080222 1093
1646476071503 0.8727232549394726 1094
1646476071528 0.8728128726535415 1095
1646476071572 0.872902614540913 1096
1646476071595 0.872992480191704 1097
1646476071645 0.8730824691954658 1098
1646476071663 0.8731725811411868 1099
1646476071809 0.8732628156172935 1100
1646476071863 0.8733531722116529 1101
1646476071894 0.8734436505115741 1102
1646476071933 0.8735342501038106 1103
1646476071965 0.8736249705745618 1104
1646476072002 0.8737158115094747 1105
1646476072028 0.8738067724936467 1106
1646476072155 0.8738978531116264 1107
1646476072197 0.8739890529474161 1108
1646476072245 0.8740803715844737 1109
1646476072310 0.8741718086057144 1110
1646476072410 0.8742633635935129 1111
1646476072464 0.8743550361297047 1112
1646476072523 0.8744468257955886 1113
1646476072713 0.8745387321719288 1114
1646476072764 0.8746307548389558 1115
1646476072817 0.8747228933763695 1116
1646476072855 0.8748151473633402 1117
1646476072910 0.874907516378511 1118
1646476072963 0.875 1119
1646476073015 0.8750925978054012 1120
1646476073175 0.8751853093717874 1121
1646476073223 0.8752781342757121 1122
1646476073262 0.8753710720932107 1123
1646476073306 0.8754641223998031 1124
1646476073349 0.8755572847704953 1125
1646476073378 0.8756505587797816 1126
1646476073442 0.8757439440016463 1127
1646476073610 0.875837440009566 1128
1646476073662 0.8759310463765109 1129
1646476073712 0.8760247626749473 1130
1646476073761 0.8761185884768397 1131
1646476073842 0.8762125233536519 1132
1646476073912 0.87630656687635 1133
1646476073978 0.8764007186154038 1134
1646476074129 0.8764949781407887 1135
1646476074167 0.8765893450219877 1136
1646476074195 0.8766838188279937 1137
1646476074234 0.8767783991273113 1138
1646476074260 0.8768730854879582 1139
1646476074306 0.8769678774774683 1140
1646476074328 0.8770627746628928 1141
1646476074450 0.8771577766108024 1142
1646476074495 0.8772528828872892 1143
1646476074524 0.8773480930579691 1144
1646476074558 0.8774434066879833 1145
1646476074578 0.8775388233420003 1146
1646476074624 0.8776343425842184 1147
1646476074646 0.877729963978367 1148
1646476074785 0.8778256870877092 1149
1646476074826 0.8779215114750436 1150
1646476074858 0.8780174367027058 1151
1646476074896 0.8781134623325713 1152
1646476074929 0.8782095879260566 1153
1646476074962 0.878305813044122 1154
1646476074990 0.8784021372472731 1155
1646476075106 0.8784985600955628 1156
1646476075148 0.8785950811485936 1157
1646476075178 0.8786916999655197 1158
1646476075217 0.8787884161050481 1159
1646476075244 0.878885229125442 1160
1646476075282 0.8789821385845217 1161
1646476075311 0.8790791440396672 1162
1646476075432 0.87917624504782 1163
1646476075472 0.8792734411654852 1164
1646476075504 0.8793707319487334 1165
1646476075540 0.879468116953203 1166
1646476075563 0.879565595734102 1167
1646476075607 0.8796631678462099 1168
1646476075642 0.8797608328438803 1169
1646476075765 0.8798585902810421 1170
1646476075809 0.8799564397112024 1171
1646476075830 0.8800543806874479 1172
1646476075874 0.8801524127624473 1173
1646476075894 0.880250535488453 1174
1646476075942 0.8803487484173038 1175
1646476075961 0.8804470511004261 1176
1646476076106 0.8805454430888364 1177
1646476076159 0.8806439239331436 1178
1646476076225 0.8807424931835505 1179
1646476076302 0.8808411503898561 1180
1646476076356 0.8809398951014579 1181
1646476076423 0.8810387268673535 1182
1646476076479 0.8811376452361431 1183
1646476076625 0.8812366497560312 1184
1646476076665 0.881335739974829 1185
1646476076703 0.8814349154399558 1186
1646476076741 0.8815341756984422 1187
1646476076778 0.881633520296931 1188
1646476076823 0.8817329487816802 1189
1646476076862 0.8818324606985644 1190
1646476076996 0.8819320555930772 1191
1646476077037 0.8820317330103331 1192
1646476077071 0.88213149249507 1193
1646476077115 0.8822313335916505 1194
1646476077144 0.882331255844065 1195
1646476077194 0.8824312587959329 1196
1646476077212 0.8825313419905049 1197
1646476077357 0.8826315049706654 1198
1646476077399 0.8827317472789346 1199
1646476077445 0.8828320684574699 1200
1646476077519 0.8829324680480688 1201
1646476077582 0.8830329455921706 1202
1646476077653 0.8831335006308585 1203
1646476077694 0.8832341327048617 1204
1646476077813 0.8833348413545579 1205
1646476077852 0.8834356261199745 1206
1646476077878 0.8835364865407918 1207
1646476077919 0.8836374221563441 1208
1646476077944 0.8837384325056226 1209
1646476077986 0.8838395171272769 1210
1646476078012 0.8839406755596176 1211
1646476078152 0.8840419073406182 1212
1646476078194 0.8841432120079168 1213
1646476078223 0.8842445890988189 1214
1646476078259 0.8843460381502993 1215
1646476078277 0.8844475586990042 1216
1646476078327 0.8845491502812526 1217
1646476078344 0.8846508124330399 1218
1646476078479 0.8847525446900386 1219
1646476078519 0.8848543465876013 1220
1646476078545 0.8849562176607626 1221
1646476078586 0.8850581574442407 1222
1646476078612 0.8851601654724405 1223
1646476078644 0.8852622412794547 1224
1646476078677 0.8853643843990671 1225
1646476078823 0.8854665943647533 1226
1646476078893 0.885568870709684 1227
1646476078936 0.885671212966727 1228
1646476078972 0.8857736206684483 1229
1646476079006 0.8858760933471157 1230
1646476079028 0.8859786305346998 1231
1646476079073 0.8860812317628768 1232
1646476079189 0.8861838965630302 1233
1646476079231 0.8862866244662535 1234
1646476079264 0.8863894150033514 1235
1646476079298 0.8864922677048431 1236
1646476079329 0.8865951821009637 1237
1646476079360 0.8866981577216662 1238
1646476079396 0.8868011940966245 1239
1646476079520 0.8869042907552346 1240
1646476079559 0.8870074472266173 1241
1646476079596 0.8871106630396203 1242
1646476079635 0.8872139377228202 1243
1646476079663 0.8873172708045246 1244
1646476079702 0.8874206618127746 1245
1646476079727 0.8875241102753464 1246
1646476079837 0.8876276157197542 1247
1646476079892 0.8877311776732517 1248
1646476079938 0.8878347956628345 1249
1646476080007 0.8879384692152423 1250
1646476080119 0.888042197856961 1251
1646476080191 0.888145981114225 1252
1646476080238 0.8882498185130192 1253
1646476080422 0.888353709579081 1254
1646476080469 0.888457653837903 1255
1646476080496 0.8885616508147347 1256
1646476080547 0.8886657000345848 1257
1646476080582 0.8887698010222234 1258
1646476080627 0.8888739533021842 1259
1646476080661 0.8889781563987667 1260
1646476080795 0.8890824098360381 1261
1646476080843 0.8891867131378358 1262
1646476080877 0.8892910658277694 1263
1646476080916 0.8893954674292232 1264
1646476080947 0.8894999174653575 1265
1646476080996 0.8896044154591121 1266
1646476081032 0.8897089609332071 1267
1646476081162 0.8898135534101462 1268
1646476081203 0.8899181924122183 1269
1646476081227 0.8900228774614998 1270
1646476081283 0.8901276080798566 1271
1646476081350 0.8902323837889468 1272
1646476081405 0.8903372041102223 1273
1646476081480 0.8904420685649314 1274
1646476081611 0.8905469766741205 1275
1646476081649 0.8906519279586373 1276
1646476081677 0.8907569219391316 1277
1646476081715 0.8908619581360584 1278
1646476081749 0.89096703606968 1279
1646476081795 0.8910721552600681 1280
1646476081811 0.8911773152271059 1281
1646476081947 0.8912825154904902 1282
1646476081988 0.891387755569734 1283
1646476082018 0.8914930349841683 1284
1646476082053 0.8915983532529446 1285
1646476082079 0.8917037098950366 1286
1646476082119 0.8918091044292431 1287
1646476082144 0.8919145363741896 1288
1646476082265 0.892020005248331 1289
1646476082304 0.8921255105699532 1290
1646476082336 0.8922310518571758 1291
1646476082370 0.8923366286279542 1292
1646476082400 0.8924422404000816 1293
1646476082436 0.8925478866911912 1294
1646476082462 0.8926535670187591 1295
1646476082586 0.8927592809001053 1296
1646476082630 0.8928650278523969 1297
1646476082659 0.8929708073926498 1298
1646476082693 0.8930766190377313 1299
1646476082711 0.8931824623043617 1300
1646476082764 0.8932883367091172 1301
1646476082793 0.8933942417684316 1302
1646476082918 0.8935001769985987 1303
1646476082959 0.8936061419157747 1304
1646476082988 0.8937121360359799 1305
1646476083027 0.8938181588751013 1306
1646476083052 0.893924209948895 1307
1646476083093 0.8940302887729877 1308
1646476083132 0.8941363948628799 1309
1646476083252 0.894242527733947 1310
1646476083289 0.8943486869014424 1311
1646476083323 0.8944548718804994 1312
1646476083361 0.8945610821861334 1313
1646476083393 0.894667317333244 1314
1646476083434 0.8947735768366173 1315
1646476083454 0.8948798602109284 1316
1646476083576 0.8949861669707432 1317
1646476083614 0.8950924966305208 1318
1646476083645 0.8951988487046159 1319
1646476083687 0.8953052227072804 1320
1646476083726 0.8954116181526666 1321
1646476083777 0.8955180345548283 1322
1646476083868 0.895624471427724 1323
1646476084073 0.8957309282852185 1324
1646476084125 0.8958374046410855 1325
1646476084180 0.8959439000090094 1326
1646476084218 0.8960504139025879 1327
1646476084259 0.8961569458353341 1328
1646476084294 0.8962634953206787 1329
1646476084333 0.8963700618719723 1330
1646476084451 0.8964766450024872 1331
1646476084496 0.8965832442254206 1332
1646476084529 0.8966898590538956 1333
1646476084569 0.8967964890009643 1334
1646476084612 0.8969031335796098 1335
1646476084645 0.8970097923027482 1336
1646476084677 0.8971164646832313 1337
1646476084823 0.8972231502338479 1338
1646476084865 0.8973298484673276 1339
1646476084902 0.897436558896341 1340
1646476084945 0.8975432810335039 1341
1646476084976 0.897650014391378 1342
1646476085062 0.8977567584824742 1343
1646476085119 0.8978635128192541 1344
1646476085300 0.8979702769141327 1345
1646476085339 0.89807705027948 1346
1646476085372 0.8981838324276243 1347
1646476085406 0.8982906228708534 1348
1646476085427 0.8983974211214172 1349
1646476085469 0.8985042266915301 1350
1646476085495 0.8986110390933728 1351
1646476085618 0.8987178578390952 1352
1646476085660 0.8988246824408179 1353
1646476085692 0.8989315124106348 1354
1646476085729 0.8990383472606156 1355
1646476085761 0.8991451865028072 1356
1646476085805 0.8992520296492368 1357
1646476085828 0.8993588762119136 1358
1646476085951 0.8994657257028313 1359
1646476085990 0.8995725776339702 1360
1646476086022 0.8996794315172995 1361
1646476086054 0.8997862868647791 1362
1646476086083 0.899893143188363 1363
1646476086118 0.8999999999999999 1364
1646476086144 0.9001068568116369 1365
1646476086267 0.9002137131352208 1366
1646476086306 0.9003205684827005 1367
1646476086336 0.9004274223660297 1368
1646476086369 0.9005342742971686 1369
1646476086394 0.9006411237880864 1370
1646476086433 0.9007479703507631 1371
1646476086459 0.9008548134971928 1372
1646476086578 0.9009616527393843 1373
1646476086616 0.9010684875893651 1374
1646476086644 0.901175317559182 1375
1646476086679 0.9012821421609047 1376
1646476086707 0.9013889609066271 1377
1646476086748 0.9014957733084699 1378
1646476086777 0.9016025788785827 1379
1646476086897 0.9017093771291464 1380
1646476086936 0.9018161675723756 1381
1646476086960 0.9019229497205199 1382
1646476087008 0.9020297230858673 1383
1646476087028 0.9021364871807458 1384
1646476087080 0.9022432415175257 1385
1646476087110 0.9023499856086219 1386
1646476087225 0.902456718966496 1387
1646476087264 0.9025634411036589 1388
1646476087292 0.9026701515326724 1389
1646476087327 0.9027768497661519 1390
1646476087360 0.9028835353167687 1391
1646476087402 0.9029902076972517 1392
1646476087465 0.9030968664203901 1393
1646476087691 0.9032035109990356 1394
1646476087734 0.9033101409461043 1395
1646476087781 0.9034167557745794 1396
1646476087826 0.9035233549975127 1397
1646476087851 0.9036299381280276 1398
1646476087906 0.9037365046793212 1399
1646476087948 0.9038430541646658 1400
1646476088074 0.903949586097412 1401
1646476088116 0.9040560999909906 1402
1646476088150 0.9041625953589144 1403
1646476088197 0.9042690717147814 1404
1646476088226 0.9043755285722759 1405
1646476088277 0.9044819654451717 1406
1646476088321 0.9045883818473334 1407
1646476088439 0.9046947772927195 1408
1646476088481 0.9048011512953841 1409
1646476088511 0.9049075033694791 1410
1646476088552 0.9050138330292568 1411
1646476088595 0.9051201397890716 1412
1646476088628 0.9052264231633826 1413
1646476088674 0.9053326826667559 1414
1646476088919 0.9054389178138665 1415
1646476088965 0.9055451281195005 1416
1646476088994 0.9056513130985575 1417
1646476089030 0.905757472266053 1418
1646476089057 0.90586360513712 1419
1646476089094 0.9059697112270122 1420
1646476089119 0.906075790051105 1421
1646476089237 0.9061818411248986 1422
1646476089279 0.9062878639640201 1423
1646476089308 0.9063938580842252 1424
1646476089344 0.9064998230014012 1425
1646476089373 0.9066057582315683 1426
1646476089411 0.9067116632908827 1427
1646476089439 0.9068175376956382 1428
1646476089557 0.9069233809622687 1429
1646476089599 0.9070291926073502 1430
1646476089627 0.9071349721476031 1431
1646476089660 0.9072407190998947 1432
1646476089689 0.9073464329812408 1433
1646476089722 0.9074521133088087 1434
1646476089744 0.9075577595999184 1435
1646476089876 0.9076633713720458 1436
1646476089916 0.9077689481428242 1437
1646476089944 0.9078744894300468 1438
1646476089982 0.9079799947516689 1439
1646476090011 0.9080854636258103 1440
1646476090048 0.9081908955707568 1441
1646476090074 0.9082962901049634 1442
1646476090194 0.9084016467470554 1443
1646476090235 0.9085069650158316 1444
1646476090260 0.9086122444302659 1445
1646476090308 0.9087174845095097 1446
1646476090327 0.9088226847728941 1447
1646476090372 0.9089278447399318 1448
1646476090394 0.9090329639303198 1449
1646476090517 0.9091380418639415 1450
1646476090557 0.9092430780608685 1451
1646476090594 0.9093480720413626 1452
1646476090633 0.9094530233258793 1453
1646476090659 0.9095579314350686 1454
1646476090706 0.9096627958897776 1455
1646476090728 0.9097676162110532 1456
1646476090857 0.9098723919201434 1457
1646476090896 0.9099771225385002 1458
1646476090924 0.9100818075877816 1459
1646476090958 0.9101864465898537 1460
1646476090977 0.9102910390667929 1461
1646476091025 0.910395584540888 1462
1646476091044 0.9105000825346424 1463
1646476091244 0.9106045325707768 1464
1646476091304 0.9107089341722305 1465
1646476091358 0.9108132868621641 1466
1646476091421 0.9109175901639618 1467
1646476091488 0.9110218436012333 1468
1646476091531 0.9111260466978157 1469
1646476091560 0.9112301989777765 1470
1646476091718 0.9113342999654152 1471
1646476091767 0.9114383491852652 1472
1646476091817 0.911542346162097 1473
1646476091843 0.9116462904209188 1474
1646476091903 0.9117501814869807 1475
1646476091953 0.9118540188857749 1476
1646476091976 0.9119578021430388 1477
1646476092119 0.9120615307847576 1478
1646476092161 0.9121652043371654 1479
1646476092197 0.9122688223267482 1480
1646476092243 0.9123723842802457 1481
1646476092277 0.9124758897246535 1482
1646476092319 0.9125793381872254 1483
1646476092352 0.9126827291954753 1484
1646476092524 0.9127860622771797 1485
1646476092582 0.9128893369603795 1486
1646476092661 0.9129925527733826 1487
1646476092708 0.9130957092447654 1488
1646476092746 0.9131988059033754 1489
1646476092778 0.9133018422783337 1490
1646476092812 0.9134048178990363 1491
1646476092929 0.9135077322951568 1492
1646476092971 0.9136105849966485 1493
1646476092999 0.9137133755337464 1494
1646476093034 0.9138161034369696 1495
1646476093061 0.9139187682371231 1496
1646476093096 0.9140213694653001 1497
1646476093127 0.9141239066528842 1498
1646476093243 0.9142263793315516 1499
1646476093280 0.9143287870332729 1500
1646476093310 0.9144311292903158 1501
1646476093348 0.9145334056352467 1502
1646476093376 0.9146356156009329 1503
1646476093413 0.9147377587205452 1504
1646476093441 0.9148398345275595 1505
1646476093566 0.9149418425557593 1506
1646476093604 0.9150437823392373 1507
1646476093633 0.9151456534123985 1508
1646476093667 0.9152474553099613 1509
1646476093693 0.91534918756696 1510
1646476093727 0.9154508497187474 1511
1646476093767 0.9155524413009958 1512
1646476093892 0.9156539618497005 1513
1646476093934 0.915755410901181 1514
1646476093960 0.9158567879920831 1515
1646476094000 0.9159580926593818 1516
1646476094028 0.9160593244403822 1517
1646476094065 0.916160482872723 1518
1646476094091 0.9162615674943773 1519
1646476094225 0.9163625778436558 1520
1646476094269 0.9164635134592082 1521
1646476094302 0.9165643738800254 1522
1646476094339 0.9166651586454421 1523
1646476094361 0.9167658672951382 1524
1646476094407 0.9168664993691414 1525
1646476094427 0.9169670544078293 1526
1646476094559 0.9170675319519311 1527
1646476094599 0.9171679315425301 1528
1646476094628 0.9172682527210654 1529
1646476094668 0.9173684950293345 1530
1646476094705 0.9174686580094951 1531
1646476094727 0.9175687412040671 1532
1646476094776 0.9176687441559349 1533
1646476094940 0.9177686664083494 1534
1646476095006 0.91786850750493 1535
1646476095082 0.9179682669896668 1536
1646476095141 0.9180679444069227 1537
1646476095202 0.9181675393014356 1538
1646476095260 0.9182670512183198 1539
1646476095303 0.918366479703069 1540
1646476095471 0.9184658243015578 1541
1646476095519 0.9185650845600442 1542
1646476095555 0.918664260025171 1543
1646476095595 0.9187633502439687 1544
1646476095631 0.9188623547638568 1545
1646476095667 0.9189612731326464 1546
1646476095693 0.9190601048985421 1547
1646476095838 0.9191588496101438 1548
1646476095882 0.9192575068164495 1549
1646476095923 0.9193560760668563 1550
1646476095959 0.9194545569111635 1551
1646476095991 0.919552948899574 1552
1646476096032 0.9196512515826961 1553
1646476096059 0.9197494645115469 1554
1646476096222 0.9198475872375527 1555
1646476096277 0.919945619312552 1556
1646476096353 0.9200435602887975 1557
1646476096415 0.9201414097189579 1558
1646476096452 0.9202391671561196 1559
1646476096478 0.9203368321537899 1560
1646476096517 0.920434404265898 1561
1646476096631 0.9205318830467969 1562
1646476096669 0.9206292680512664 1563
1646476096699 0.9207265588345147 1564
1646476096729 0.9208237549521799 1565
1646476096760 0.9209208559603327 1566
1646476096805 0.9210178614154783 1567
1646476096826 0.921114770874558 1568
1646476096956 0.9212115838949518 1569
1646476096995 0.9213083000344803 1570
1646476097023 0.9214049188514062 1571
1646476097056 0.9215014399044371 1572
1646476097076 0.9215978627527268 1573
1646476097119 0.9216941869558779 1574
1646476097144 0.9217904120739433 1575
1646476097278 0.9218865376674287 1576
1646476097315 0.9219825632972941 1577
1646476097344 0.9220784885249563 1578
1646476097382 0.9221743129122907 1579
1646476097409 0.9222700360216329 1580
1646476097448 0.9223656574157816 1581
1646476097474 0.9224611766579996 1582
1646476097595 0.9225565933120167 1583
1646476097634 0.9226519069420308 1584
1646476097660 0.9227471171127106 1585
1646476097698 0.9228422233891975 1586
1646476097727 0.9229372253371071 1587
1646476097764 0.9230321225225315 1588
1646476097794 0.9231269145120418 1589
1646476097924 0.9232216008726887 1590
1646476097967 0.9233161811720062 1591
1646476097998 0.9234106549780122 1592
1646476098033 0.9235050218592112 1593
1646476098060 0.9235992813845961 1594
1646476098102 0.9236934331236499 1595
1646476098128 0.9237874766463481 1596
1646476098316 0.9238814115231604 1597
1646476098356 0.9239752373250526 1598
1646476098387 0.9240689536234891 1599
1646476098425 0.924162559990434 1600
1646476098444 0.9242560559983536 1601
1646476098495 0.9243494412202183 1602
1646476098523 0.9244427152295046 1603
1646476098851 0.9245358776001968 1604
1646476098893 0.9246289279067892 1605
1646476098934 0.9247218657242878 1606
1646476099004 0.9248146906282124 1607
1646476099047 0.9249074021945988 1608
1646476099076 0.9249999999999999 1609
1646476099141 0.9250924836214889 1610
1646476099290 0.9251848526366597 1611
1646476099336 0.9252771066236304 1612
1646476099370 0.925369245161044 1613
1646476099409 0.9254612678280711 1614
1646476099442 0.9255531742044112 1615
1646476099480 0.9256449638702953 1616
1646476099508 0.9257366364064871 1617
1646476099664 0.9258281913942854 1618
1646476099707 0.9259196284155262 1619
1646476099738 0.9260109470525838 1620
1646476099784 0.9261021468883736 1621
1646476099819 0.9261932275063532 1622
1646476099852 0.9262841884905252 1623
1646476099893 0.9263750294254381 1624
1646476100117 0.9264657498961894 1625
1646476100164 0.9265563494884258 1626
1646476100192 0.9266468277883471 1627
1646476100229 0.9267371843827065 1628
1646476100260 0.9268274188588131 1629
1646476100302 0.9269175308045341 1630
1646476100326 0.927007519808296 1631
1646476100462 0.9270973854590869 1632
1646476100499 0.9271871273464585 1633
1646476100528 0.9272767450605274 1634
1646476100567 0.9273662381919777 1635
1646476100607 0.9274556063320623 1636
1646476100636 0.927544849072605 1637
1646476100669 0.9276339660060027 1638
1646476100790 0.9277229567252261 1639
1646476100835 0.9278118208238232 1640
1646476100867 0.9279005578959199 1641
1646476100907 0.9279891675362223 1642
1646476100942 0.9280776493400187 1643
1646476100979 0.9281660029031811 1644
1646476101007 0.9282542278221672 1645
1646476101127 0.9283423236940225 1646
1646476101165 0.9284302901163816 1647
1646476101192 0.9285181266874706 1648
1646476101234 0.9286058330061084 1649
1646476101270 0.9286934086717092 1650
1646476101306 0.9287808532842836 1651
1646476101340 0.9288681664444409 1652
1646476101456 0.9289553477533908 1653
1646476101494 0.9290423968129451 1654
1646476101523 0.9291293132255197 1655
1646476101557 0.9292160965941365 1656
1646476101577 0.9293027465224248 1657
1646476101628 0.9293892626146236 1658
1646476101644 0.929475644475583 1659
1646476101793 0.9295618917107661 1660
1646476101841 0.9296480039262512 1661
1646476101873 0.9297339807287331 1662
1646476101908 0.9298198217255251 1663
1646476101927 0.9299055265245607 1664
1646476101973 0.9299910947343957 1665
1646476101993 0.9300765259642093 1666
1646476102124 0.9301618198238067 1667
1646476102163 0.9302469759236207 1668
1646476102191 0.9303319938747128 1669
1646476102230 0.9304168732887756 1670
1646476102260 0.9305016137781348 1671
1646476102334 0.9305862149557503 1672
1646476102383 0.9306706764352183 1673
1646476102579 0.9307549978307732 1674
1646476102636 0.930839178757289 1675
1646476102682 0.9309232188302815 1676
1646476102709 0.9310071176659098 1677
1646476102770 0.9310908748809779 1678
1646476102821 0.9311744900929366 1679
1646476102840 0.9312579629198857 1680
1646476102982 0.9313412929805749 1681
1646476103030 0.9314244798944061 1682
1646476103068 0.931507523281435 1683
1646476103114 0.931590422762373 1684
1646476103140 0.9316731779585884 1685
1646476103194 0.9317557884921089 1686
1646476103210 0.9318382539856226 1687
1646476103353 0.9319205740624802 1688
1646476103397 0.9320027483466967 1689
1646476103435 0.9320847764629527 1690
1646476103482 0.9321666580365967 1691
1646476103510 0.9322483926936462 1692
1646476103561 0.9323299800607899 1693
1646476103591 0.9324114197653893 1694
1646476103838 0.9324927114354803 1695
1646476103877 0.9325738546997747 1696
1646476103905 0.9326548491876624 1697
1646476103939 0.9327356945292126 1698
1646476103960 0.9328163903551758 1699
1646476103991 0.9328969362969856 1700
1646476104030 0.9329773319867597 1701
1646476104147 0.9330575770573025 1702
1646476104187 0.9331376711421061 1703
1646476104217 0.9332176138753523 1704
1646476104251 0.933297404891914 1705
1646476104277 0.9333770438273573 1706
1646476104322 0.9334565303179428 1707
1646476104344 0.9335358640006274 1708
1646476104452 0.9336150445130658 1709
1646476104509 0.9336940714936124 1710
1646476104541 0.9337729445813228 1711
1646476104574 0.9338516634159554 1712
1646476104605 0.9339302276379734 1713
1646476104640 0.934008636888546 1714
1646476104667 0.9340868908095499 1715
1646476104795 0.9341649890435719 1716
1646476104841 0.9342429312339093 1717
1646476104870 0.9343207170245724 1718
1646476104905 0.9343983460602859 1719
1646476104926 0.93447581798649 1720
1646476104969 0.9345531324493432 1721
1646476104993 0.9346302890957224 1722
1646476105110 0.934707287573226 1723
1646476105150 0.9347841275301743 1724
1646476105176 0.9348608086156118 1725
1646476105215 0.9349373304793089 1726
1646476105244 0.9350136927717627 1727
1646476105277 0.9350898951441995 1728
1646476105306 0.935165937248576 1729
1646476105421 0.9352418187375805 1730
1646476105461 0.9353175392646356 1731
1646476105494 0.9353930984838983 1732
1646476105537 0.9354684960502628 1733
1646476105577 0.9355437316193617 1734
1646476105593 0.9356188048475672 1735
1646476105640 0.9356937153919931 1736
1646476105759 0.9357684629104963 1737
1646476105804 0.9358430470616782 1738
1646476105825 0.9359174675048864 1739
1646476105871 0.9359917239002161 1740
1646476105892 0.936065815908512 1741
1646476105942 0.9361397431913695 1742
1646476105960 0.9362135054111363 1743
1646476106141 0.936287102230914 1744
1646476106200 0.9363605333145598 1745
1646476106256 0.9364337983266877 1746
1646476106299 0.9365068969326702 1747
1646476106369 0.93657982879864 1748
1646476106429 0.9366525935914912 1749
1646476106470 0.9367251909788812 1750
1646476106617 0.9367976206292317 1751
1646476106658 0.9368698822117307 1752
1646476106691 0.9369419753963338 1753
1646476106731 0.9370138998537657 1754
1646476106759 0.9370856552555219 1755
1646476106817 0.9371572412738697 1756
1646476106843 0.9372286575818503 1757
1646476106985 0.93729990385328 1758
1646476107031 0.9373709797627517 1759
1646476107067 0.9374418849856364 1760
1646476107109 0.9375126191980845 1761
1646476107140 0.9375831820770278 1762
1646476107182 0.9376535733001805 1763
1646476107210 0.9377237925460407 1764
1646476107378 0.9377938394938921 1765
1646476107430 0.9378637138238052 1766
1646476107486 0.9379334152166392 1767
1646476107545 0.938002943354043 1768
1646476107597 0.9380722979184567 1769
1646476107625 0.9381414785931133 1770
1646476107657 0.93821048506204 1771
1646476107755 0.9382793170100597 1772
1646476107818 0.9383479741227924 1773
1646476107849 0.9384164560866564 1774
1646476107882 0.9384847625888703 1775
1646476107910 0.9385528933174538 1776
1646476107947 0.9386208479612299 1777
1646476107973 0.9386886262098253 1778
1646476108096 0.9387562277536725 1779
1646476108135 0.9388236522840113 1780
1646476108160 0.9388908994928898 1781
1646476108201 0.938957969073166 1782
1646476108226 0.9390248607185092 1783
1646476108262 0.9390915741234015 1784
1646476108288 0.9391581089831388 1785
1646476108407 0.9392244649938328 1786
1646476108447 0.9392906418524121 1787
1646476108475 0.9393566392566232 1788
1646476108510 0.9394224569050323 1789
1646476108539 0.9394880944970271 1790
1646476108574 0.939553551732817 1791
1646476108592 0.9396188283134357 1792
1646476108717 0.9396839239407415 1793
1646476108770 0.9397488383174198 1794
1646476108815 0.9398135711469834 1795
1646476108843 0.9398781221337742 1796
1646476108882 0.939942490982965 1797
1646476108910 0.9400066774005603 1798
1646476108943 0.9400706810933978 1799
1646476109056 0.9401345017691499 1800
1646476109097 0.9401981391363247 1801
1646476109127 0.9402615929042678 1802
1646476109168 0.9403248627831631 1803
1646476109191 0.9403879484840346 1804
1646476109235 0.9404508497187474 1805
1646476109259 0.940513566200009 1806
1646476109382 0.9405760976413711 1807
1646476109419 0.94063844375723 1808
1646476109451 0.9407006042628292 1809
1646476109483 0.9407625788742592 1810
1646476109514 0.9408243673084599 1811
1646476109553 0.9408859692832215 1812
1646476109576 0.9409473845171858 1813
1646476109709 0.9410086127298477 1814
1646476109760 0.941069653641556 1815
1646476109815 0.9411305069735151 1816
1646476109877 0.941191172447786 1817
1646476109942 0.9412516497872881 1818
1646476110011 0.9413119387157997 1819
1646476110062 0.9413720389579597 1820
1646476110235 0.9414319502392691 1821
1646476110284 0.9414916722860915 1822
1646476110334 0.9415512048256551 1823
1646476110373 0.9416105475860537 1824
1646476110412 0.9416697002962474 1825
1646476110444 0.941728662686065 1826
1646476110484 0.9417874344862043 1827
1646476110622 0.9418460154282332 1828
1646476110666 0.941904405244592 1829
1646476110702 0.9419626036685933 1830
1646476110743 0.9420206104344244 1831
1646476110794 0.9420784252771476 1832
1646476110810 0.9421360479327019 1833
1646476110869 0.9421934781379041 1834
1646476110991 0.94225071563045 1835
1646476111034 0.9423077601489156 1836
1646476111077 0.9423646114327581 1837
1646476111154 0.9424212692223176 1838
1646476111225 0.9424777332588177 1839
1646476111294 0.942534003284367 1840
1646476111325 0.9425900790419601 1841
1646476111441 0.9426459602754794 1842
1646476111480 0.942701646729695 1843
1646476111509 0.9427571381502673 1844
1646476111543 0.942812434283747 1845
1646476111572 0.942867534877577 1846
1646476111606 0.9429224396800933 1847
1646476111625 0.942977148440526 1848
1646476111749 0.9430316609090008 1849
1646476111799 0.9430859768365397 1850
1646476111826 0.9431400959750627 1851
1646476111858 0.9431940180773881 1852
1646476111892 0.9432477428972347 1853
1646476111928 0.9433012701892219 1854
1646476111954 0.9433545997088716 1855
1646476112073 0.9434077312126089 1856
1646476112112 0.9434606644577631 1857
1646476112141 0.9435133992025695 1858
1646476112173 0.9435659352061694 1859
1646476112195 0.9436182722286124 1860
1646476112239 0.9436704100308564 1861
1646476112259 0.9437223483747698 1862
1646476112382 0.9437740870231314 1863
1646476112419 0.9438256257396324 1864
1646476112449 0.9438769642888771 1865
1646476112481 0.9439281024363841 1866
1646476112510 0.9439790399485873 1867
1646476112544 0.9440297765928368 1868
1646476112570 0.9440803121374004 1869
1646476112685 0.9441306463514642 1870
1646476112727 0.9441807790051338 1871
1646476112759 0.9442307098694355 1872
1646476112803 0.9442804387163174 1873
1646476112836 0.94432996531865 1874
1646476112869 0.9443792894502276 1875
1646476112904 0.9444284108857696 1876
1646476113013 0.9444773294009206 1877
1646476113052 0.9445260447722523 1878
1646476113084 0.9445745567772644 1879
1646476113117 0.9446228651943852 1880
1646476113143 0.944670969802973 1881
1646476113188 0.9447188703833168 1882
1646476113209 0.9447665667166376 1883
1646476113337 0.9448140585850893 1884
1646476113375 0.9448613457717595 1885
1646476113396 0.9449084280606709 1886
1646476113438 0.9449553052367818 1887
1646476113474 0.9450019770859874 1888
1646476113525 0.945048443395121 1889
1646476113581 0.9450947039519539 1890
1646476113821 0.9451407585451981 1891
1646476113879 0.9451866069645056 1892
1646476113929 0.9452322490004704 1893
1646476113977 0.9452776844446291 1894
1646476114009 0.9453229130894618 1895
1646476114073 0.9453679347283932 1896
1646476114112 0.9454127491557933 1897
1646476114230 0.9454573561669787 1898
1646476114269 0.9455017555582133 1899
1646476114306 0.9455459471267093 1900
1646476114349 0.9455899306706278 1901
1646476114386 0.9456337059890806 1902
1646476114424 0.94567727288213 1903
1646476114459 0.9457206311507905 1904
1646476114614 0.9457637805970296 1905
1646476114659 0.9458067210237683 1906
1646476114698 0.9458494522348823 1907
1646476114746 0.9458919740352029 1908
1646476114781 0.9459342862305179 1909
1646476114830 0.9459763886275725 1910
1646476114897 0.94601828103407 1911
1646476115103 0.9460599632586728 1912
1646476115140 0.9461014351110035 1913
1646476115172 0.9461426964016452 1914
1646476115205 0.9461837469421428 1915
1646476115235 0.9462245865450041 1916
1646476115265 0.9462652150236998 1917
1646476115292 0.9463056321926654 1918
1646476115414 0.9463458378673011 1919
1646476115450 0.9463858318639733 1920
1646476115475 0.9464256140000151 1921
1646476115515 0.9464651840937276 1922
1646476115541 0.9465045419643797 1923
1646476115577 0.9465436874322102 1924
1646476115602 0.9465826203184277 1925
1646476115725 0.9466213404452118 1926
1646476115768 0.946659847635714 1927
1646476115792 0.9466981417140581 1928
1646476115840 0.9467362225053415 1929
1646476115858 0.9467740898356356 1930
1646476115903 0.9468117435319868 1931
1646476115926 0.9468491834224173 1932
1646476116052 0.9468864093359257 1933
1646476116089 0.946923421102488 1934
1646476116121 0.9469602185530582 1935
1646476116153 0.9469968015195694 1936
1646476116175 0.9470331698349341 1937
1646476116216 0.9470693233330452 1938
1646476116243 0.9471052618487766 1939
1646476116365 0.9471409852179846 1940
1646476116404 0.9471764932775076 1941
1646476116433 0.9472117858651679 1942
1646476116469 0.9472468628197714 1943
1646476116491 0.9472817239811093 1944
1646476116523 0.9473163691899582 1945
1646476116564 0.947350798288081 1946
1646476116680 0.9473850111182279 1947
1646476116719 0.9474190075241365 1948
1646476116756 0.9474527873505334 1949
1646476116787 0.9474863504431338 1950
1646476116840 0.9475196966486432 1951
1646476116859 0.9475528258147576 1952
1646476116903 0.9475857377901643 1953
1646476117022 0.9476184324245426 1954
1646476117060 0.9476509095685643 1955
1646476117092 0.9476831690738948 1956
1646476117125 0.9477152107931935 1957
1646476117157 0.9477470345801144 1958
1646476117194 0.947778640289307 1959
1646476117224 0.9478100277764165 1960
1646476117401 0.9478411968980854 1961
1646476117458 0.9478721475119529 1962
1646476117517 0.9479028794766567 1963
1646476117574 0.947933392651833 1964
1646476117627 0.947963686898117 1965
1646476117679 0.9479937620771444 1966
1646476117708 0.9480236180515509 1967
1646476117879 0.9480532546849737 1968
1646476117919 0.9480826718420517 1969
1646476117957 0.9481118693884264 1970
1646476118002 0.948140847190742 1971
1646476118041 0.9481696051166466 1972
1646476118083 0.9481981430347927 1973
1646476118125 0.9482264608148371 1974
1646476118257 0.9482545583274427 1975
1646476118302 0.9482824354442779 1976
1646476118340 0.9483100920380182 1977
1646476118375 0.9483375279823459 1978
1646476118427 0.9483647431519514 1979
1646476118459 0.9483917374225332 1980
1646476118511 0.9484185106707991 1981
1646476118774 0.9484450627744657 1982
1646476118827 0.9484713936122604 1983
1646476118884 0.9484975030639208 1984
1646476118957 0.9485233910101957 1985
1646476118999 0.9485490573328457 1986
1646476119036 0.9485745019146433 1987
1646476119058 0.9485997246393744 1988
1646476119186 0.9486247253918375 1989
1646476119224 0.9486495040578454 1990
1646476119253 0.9486740605242252 1991
1646476119287 0.9486983946788186 1992
1646476119309 0.9487225064104828 1993
1646476119361 0.9487463956090911 1994
1646476119390 0.948770062165533 1995
1646476119515 0.9487935059717147 1996
1646476119552 0.9488167269205602 1997
1646476119583 0.948839724906011 1998
1646476119619 0.9488624998230272 1999
1646476119641 0.9488850515675875 2000
1646476119692 0.9489073800366903 2001
1646476119708 0.9489294851283532 2002
1646476119846 0.9489513667416146 2003
1646476119886 0.9489730247765333 2004
1646476119917 0.9489944591341893 2005
1646476119948 0.9490156697166843 2006
1646476119983 0.949036656427142 2007
1646476120020 0.9490574191697085 2008
1646476120051 0.9490779578495532 2009
1646476120159 0.9490982723728685 2010
1646476120200 0.9491183626468706 2011
1646476120238 0.9491382285798001 2012
1646476120266 0.9491578700809225 2013
1646476120306 0.9491772870605276 2014
1646476120326 0.9491964794299315 2015
1646476120376 0.9492154471014755 2016
1646476120493 0.9492341899885278 2017
1646476120533 0.9492527080054828 2018
1646476120558 0.9492710010677621 2019
1646476120600 0.9492890690918148 2020
1646476120626 0.9493069119951177 2021
1646476120668 0.949324529696176 2022
1646476120692 0.9493419221145234 2023
1646476120834 0.9493590891707224 2024
1646476120873 0.9493760307863651 2025
1646476120905 0.949392746884073 2026
1646476120940 0.9494092373874977 2027
1646476120960 0.9494255022213213 2028
1646476121031 0.9494415413112564 2029
1646476121071 0.9494573545840468 2030
1646476121275 0.9494729419674676 2031
1646476121355 0.9494883033903257 2032
1646476121397 0.94950343878246 2033
1646476121425 0.9495183480747419 2034
1646476121477 0.9495330311990751 2035
1646476121507 0.9495474880883967 2036
1646476121554 0.9495617186766769 2037
1646476121677 0.9495757228989194 2038
1646476121731 0.9495895006911622 2039
1646476121762 0.9496030519904771 2040
1646476121817 0.9496163767349703 2041
1646476121843 0.9496294748637832 2042
1646476121892 0.9496423463170919 2043
1646476121908 0.9496549910361077 2044
1646476122048 0.9496674089630779 2045
1646476122089 0.9496796000412853 2046
1646476122125 0.9496915642150489 2047
1646476122165 0.9497033014297239 2048
1646476122206 0.9497148116317027 2049
1646476122245 0.9497260947684136 2050
1646476122276 0.9497371507883229 2051
1646476122500 0.9497479796409335 2052
1646476122538 0.9497585812767863 2053
1646476122572 0.9497689556474599 2054
1646476122604 0.9497791027055708 2055
1646476122625 0.9497890224047737 2056
1646476122669 0.949798714699762 2057
1646476122698 0.9498081795462672 2058
1646476122835 0.9498174169010603 2059
1646476122870 0.9498264267219508 2060
1646476122902 0.9498352089677878 2061
1646476122937 0.9498437635984596 2062
1646476122964 0.9498520905748941 2063
1646476123003 0.949860189859059 2064
1646476123026 0.949868061413962 2065
1646476123173 0.9498757052036509 2066
1646476123210 0.9498831211932139 2067
1646476123242 0.9498903093487795 2068
1646476123276 0.9498972696375168 2069
1646476123306 0.9499040020276356 2070
1646476123339 0.9499105064883867 2071
1646476123366 0.949916782990062 2072
1646476123485 0.9499228315039944 2073
1646476123525 0.9499286520025583 2074
1646476123555 0.9499342444591692 2075
1646476123589 0.9499396088482844 2076
1646476123619 0.9499447451454031 2077
1646476123652 0.9499496533270657 2078
1646476123676 0.9499543333708549 2079
1646476123813 0.9499587852553952 2080
1646476123852 0.9499630089603534 2081
1646476123874 0.9499670044664381 2082
1646476123917 0.9499707717554007 2083
1646476123941 0.9499743108100344 2084
1646476123982 0.9499776216141751 2085
1646476124008 0.9499807041527013 2086
1646476124127 0.9499835584115339 2087
1646476124166 0.9499861843776365 2088
1646476124199 0.9499885820390154 2089
1646476124237 0.9499907513847194 2090
1646476124268 0.9499926924048406 2091
1646476124305 0.9499944050905136 2092
1646476124324 0.9499958894339159 2093
1646476124454 0.949997145428268 2094
1646476124492 0.9499981730678333 2095
1646476124519 0.9499989723479183 2096
1646476124555 0.9499995432648722 2097
1646476124576 0.9499998858160876 2098
1646476124619 0.95 2099
1646476124655 0.9499998858160876 2100
