1647275290069 0.5047619342803955 0
1647275304752 0.6634920835494995 1
1647275310988 0.6730158925056458 2
1647275317353 0.7682539820671082 3
1647275323559 0.7968254089355469 4
1647275329704 0.7809523940086365 5
1647275339959 0.803174614906311 6
1647275346155 0.8126984238624573 7
1647275356431 0.8285714387893677 8
1647275366719 0.7968254089355469 9
1647275376882 0.8476190567016602 10
1647275383116 0.8507936596870422 11
1647275389420 0.8666666746139526 12
1647275399661 0.8761904835700989 13
1647275405842 0.8857142925262451 14
1647275416113 0.8380952477455139 15
1647275426301 0.8730158805847168 16
1647275436623 0.920634925365448 17
1647275446722 0.9047619104385376 18
1647275457020 0.8857142925262451 19
1647275463407 0.9238095283508301 20
1647275469726 0.9333333373069763 21
1647275476035 0.9238095283508301 22
1647275486118 0.9142857193946838 23
1647275496334 0.920634925365448 24
1647275506615 0.9396825432777405 25
1647275512711 0.9523809552192688 26
1647275523023 0.9460317492485046 27
1647275533343 0.9523809552192688 28
1647275543493 0.9682539701461792 29
1647275553707 0.9396825432777405 30
1647275563975 0.9492063522338867 31
1647275574138 0.9682539701461792 32
1647275584422 0.9492063522338867 33
1647275594679 0.9523809552192688 34
1647275604946 0.9523809552192688 35
1647275615151 0.961904764175415 36
1647275621405 0.9777777791023254 37
1647275657090 0.9238095283508301 38
