1647275273372 0.002 0
1647275281528 0.002000514040060901 1
1647275281781 0.002002056138223837 2
1647275281923 0.0020046262284304436 3
1647275282058 0.0020082242005866335 4
1647275282194 0.002012849900567222 5
1647275282326 0.00201850313022265 6
1647275282463 0.002025183647387359 7
1647275282608 0.002032891165890234 8
1647275282745 0.0020416253555668173 9
1647275282882 0.0020513858422735176 10
1647275283016 0.0020621722079035565 11
1647275283149 0.002073983990404926 12
1647275283288 0.002086820683800193 13
1647275283426 0.0021006817382081197 14
1647275283566 0.002115566559867277 15
1647275283709 0.002131474511161441 16
1647275283842 0.0021484049106469255 17
1647275283973 0.002166357033081767 18
1647275284124 0.00218533010945679 19
1647275284259 0.002205323327028552 20
1647275284402 0.0022263358293541508 21
1647275284540 0.0022483667163279153 22
1647275284673 0.0022714150442199876 23
1647275284813 0.0022954798257166925 24
1647275284947 0.0023205600299629064 25
1647275285105 0.0023466545826061336 26
1647275285238 0.0023737623658426008 27
1647275285369 0.0024018822184650873 28
1647275285501 0.0024310129359127117 29
1647275285632 0.0024611532703224734 30
1647275285765 0.002492301930582773 31
1647275285904 0.002524457582388666 32
1647275286035 0.0025576188482990675 33
1647275286168 0.0025917843077956984 34
1647275286314 0.0026269524973439942 35
1647275286446 0.002663121910455764 36
1647275286585 0.002700290997753728 37
1647275286726 0.0027384581670378966 38
1647275286861 0.0027776217833537648 39
1647275287922 0.002817780169062367 40
1647275298617 0.002858931603912096 41
1647275298777 0.002901074325112468 42
1647275298915 0.0029442065274095583 43
1647275299051 0.002988326363163367 44
1647275299185 0.0030334319424269868 45
1647275299322 0.003079521333027517 46
1647275299459 0.003126592560648872 47
1647275299626 0.003174643608916311 48
1647275299767 0.003223672419482869 49
1647275299908 0.0032736768921174594 50
1647275300047 0.003324654884794928 51
1647275300197 0.003376604213787715 52
1647275300340 0.0034295226537594814 53
1647275300487 0.0034834079378603805 54
1647275300623 0.0035382577578241814 55
1647275300761 0.003594069764067162 56
1647275300900 0.0036508415657887164 57
1647275301035 0.003708570731073821 58
1647275301168 0.0037672547869971665 59
1647275301306 0.0038268912197291227 60
1647275301437 0.0038874774746433804 61
1647275301577 0.003949010956426441 62
1647275301711 0.004011489029188735 63
1647275301861 0.004074909016577581 64
1647275302006 0.004139268201891783 65
1647275302145 0.004204563828198046 66
1647275302286 0.004270793098449077 67
1647275302421 0.004337953175603343 68
1647275302558 0.004406041182746685 69
1647275302698 0.004475054203215485 70
1647275302840 0.004544989280721626 71
1647275302979 0.004615843419479175 72
1647275303113 0.004687613584332624 73
1647275303251 0.004760296700886998 74
1647275303390 0.004833889655639481 75
1647275303525 0.004908389296112835 76
1647275303660 0.004983792430990404 77
1647275303804 0.005060095830252867 78
1647275303938 0.00513729622531655 79
1647275304016 0.005215390309173472 80
1647275305043 0.005294374736532999 81
1647275305184 0.005374246123965136 82
1647275305324 0.005455001050045483 83
1647275305461 0.005536636055501788 84
1647275305597 0.0056191476433621115 85
1647275305743 0.0057025322791046384 86
1647275305884 0.005786786390809123 87
1647275306028 0.005871906369309822 88
1647275306165 0.005957888568350167 89
1647275306301 0.006044729304738913 90
1647275306435 0.00613242485850795 91
1647275306568 0.006220971473071629 92
1647275306708 0.006310365355387676 93
1647275306847 0.006400602676119707 94
1647275306999 0.006491679569801234 95
1647275307143 0.006583592135001266 96
1647275307280 0.006676336434491406 97
1647275307424 0.006769908495414548 98
1647275307563 0.006864304309455033 99
1647275307702 0.006959519833010359 100
1647275307836 0.007055550987364406 101
1647275307974 0.0071523936588621245 102
1647275308127 0.007250043699085794 103
1647275308262 0.007348496925032699 104
1647275308401 0.007447749119294314 105
1647275308550 0.007547796030236975 106
1647275308685 0.007648633372183994 107
1647275308821 0.00775025682559926 108
1647275308960 0.007852662037272258 109
1647275309094 0.007955844620504547 110
1647275309238 0.008059800155297676 111
1647275309371 0.008164524188542542 112
1647275309503 0.008270012234210096 113
1647275309642 0.008376259773543546 114
1647275309772 0.00848326225525195 115
1647275309907 0.008591015095705104 116
1647275310040 0.008699513679129953 117
1647275310174 0.008808753357808292 118
1647275310312 0.00891872945227589 119
1647275310398 0.009029437251522866 120
1647275311266 0.009140872013195557 121
1647275311416 0.009253028963799675 122
1647275311552 0.009365903298904736 123
1647275311690 0.009479490183349905 124
1647275311830 0.009593784751451097 125
1647275311976 0.009708782107209393 126
1647275312113 0.009824477324520853 127
1647275312255 0.009940865447387405 128
1647275312390 0.010057941490129237 129
1647275312528 0.01017570043759835 130
1647275312664 0.010294137245393353 131
1647275312807 0.0104132468400756 132
1647275312943 0.010533024119386461 133
1647275313091 0.010653463952465969 134
1647275313229 0.010774561180072507 135
1647275313373 0.010896310614803902 136
1647275313508 0.011018707041319575 137
1647275313646 0.011141745216563984 138
1647275313786 0.01126541986999121 139
1647275313939 0.01138972570379071 140
1647275314078 0.011514657393114289 141
1647275314215 0.011640209586304184 142
1647275314351 0.011766376905122312 143
1647275314484 0.011893153944980646 144
1647275314634 0.012020535275172745 145
1647275314771 0.012148515439106389 146
1647275314906 0.012277088954537309 147
1647275315049 0.012406250313804011 148
1647275315189 0.012535993984063763 149
1647275315327 0.01266631440752955 150
1647275315463 0.01279720600170816 151
1647275315601 0.01292866315963935 152
1647275315734 0.013060680250135993 153
1647275315869 0.013193251618025321 154
1647275316002 0.013326371584391171 155
1647275316159 0.013460034446817232 156
1647275316292 0.013594234479631345 157
1647275316434 0.013728965934150753 158
1647275316567 0.01386422303892837 159
1647275316647 0.013999999999999999 160
1647275317626 0.014136291001132534 161
1647275317770 0.01427309020407308 162
1647275317908 0.014410391748799108 163
1647275318053 0.014548189753769404 164
1647275318189 0.014686478316176053 165
1647275318336 0.01482525151219733 166
1647275318472 0.01496450339725136 167
1647275318607 0.015104228006250879 168
1647275318759 0.01524441935385866 169
1647275318892 0.01538507143474397 170
1647275319040 0.015526178223839796 171
1647275319179 0.015667733676600917 172
1647275319311 0.015809731729262887 173
1647275319446 0.015952166299101726 174
1647275319579 0.016095031284694528 175
1647275319711 0.01623832056618079 176
1647275319847 0.016382028005524622 177
1647275319983 0.016526147446777592 178
1647275320120 0.01667067271634251 179
1647275320266 0.016815597623237845 180
1647275320399 0.016960915959362943 181
1647275320544 0.017106621499763927 182
1647275320677 0.0172527080029004 183
1647275320813 0.0173991692109128 184
1647275320949 0.017545998849890394 185
1647275321085 0.017693190630140174 186
1647275321221 0.017840738246456142 187
1647275321357 0.017988635378389503 188
1647275321494 0.018136875690519354 189
1647275321625 0.018285452832724126 190
1647275321770 0.018434360440453525 191
1647275321902 0.018583592135001263 192
1647275322043 0.01873314152377821 193
1647275322186 0.0188830022005863 194
1647275322319 0.019033167745892907 195
1647275322464 0.019183631727105854 196
1647275322597 0.019334387698848987 197
1647275322729 0.01948542920323822 198
1647275322861 0.01963674977015821 199
1647275322940 0.019788342917539503 200
1647275323833 0.01994020215163621 201
1647275323987 0.020092320967304168 202
1647275324122 0.020244692848279604 203
1647275324269 0.02039731126745827 204
1647275324401 0.020550169687175046 205
1647275324535 0.020703261559483967 206
1647275324672 0.020856580326438785 207
1647275324805 0.02101011942037378 208
1647275324936 0.02116387226418519 209
1647275325082 0.02131783227161292 210
1647275325221 0.021471992847522676 211
1647275325364 0.021626347388188458 212
1647275325496 0.02178088928157549 213
1647275325640 0.021935611907623415 214
1647275325783 0.02209050863852987 215
1647275325917 0.022245572839034458 216
1647275326050 0.022400797866702925 217
1647275326187 0.022556177072211702 218
1647275326323 0.022711703799632766 219
1647275326455 0.02286737138671876 220
1647275326587 0.023023173165188354 221
1647275326722 0.023179102461011895 222
1647275326856 0.023335152594697338 223
1647275326997 0.023491316881576317 224
1647275327135 0.02364758863209054 225
1647275327279 0.02380396115207834 226
1647275327416 0.0239604277430614 227
1647275327548 0.024116981702531723 228
1647275327680 0.024273616324238734 229
1647275327821 0.024430324898476567 230
1647275327959 0.024587100712371468 231
1647275328091 0.02474393705016935 232
1647275328225 0.024900827193523503 233
1647275328361 0.025057764421782355 234
1647275328493 0.025214742012277372 235
1647275328628 0.025371753240611042 236
1647275328760 0.025528791380944927 237
1647275328901 0.025685849706287737 238
1647275329032 0.025842921488783557 239
1647275329114 0.026000000000000002 240
1647275334098 0.026157078511216444 241
1647275334260 0.026314150293712264 242
1647275334408 0.026471208619055078 243
1647275334548 0.026628246759388952 244
1647275334678 0.026785257987722626 245
1647275334815 0.026942235578217642 246
1647275334947 0.027099172806476494 247
1647275335090 0.027256062949830656 248
1647275335229 0.02741289928762854 249
1647275335370 0.027569675101523437 250
1647275335503 0.02772638367576127 251
1647275335649 0.027883018297468278 252
1647275335786 0.0280395722569386 253
1647275335923 0.02819603884792166 254
1647275336059 0.028352411367909457 255
1647275336202 0.02850868311842368 256
1647275336338 0.028664847405302663 257
1647275336474 0.028820897538988102 258
1647275336612 0.028976826834811644 259
1647275336753 0.029132628613281236 260
1647275336889 0.02928829620036723 261
1647275337022 0.029443822927788302 262
1647275337157 0.029599202133297087 263
1647275337293 0.029754427160965546 264
1647275337430 0.02990949136147013 265
1647275337575 0.030064388092376593 266
1647275337711 0.03021911071842451 267
1647275337844 0.030373652611811543 268
1647275337977 0.030528007152477325 269
1647275338111 0.03068216772838708 270
1647275338245 0.030836127735814813 271
1647275338386 0.030989880579626223 272
1647275338518 0.031143419673561216 273
1647275338650 0.031296738440516024 274
1647275338780 0.03144983031282496 275
1647275338911 0.031602688732541726 276
1647275339043 0.0317553071517204 277
1647275339175 0.03190767903269583 278
1647275339305 0.0320597978483638 279
1647275339384 0.0322116570824605 280
1647275340235 0.032363250229841795 281
1647275340388 0.03251457079676179 282
1647275340530 0.03266561230115102 283
1647275340676 0.03281636827289415 284
1647275340809 0.0329668322541071 285
1647275340950 0.033116997799413704 286
1647275341094 0.03326685847622179 287
1647275341238 0.033416407864998735 288
1647275341374 0.03356563955954647 289
1647275341526 0.03371454716727587 290
1647275341661 0.033863124309480644 291
1647275341815 0.0340113646216105 292
1647275341958 0.03415926175354386 293
1647275342100 0.03430680936985984 294
1647275342236 0.0344540011501096 295
1647275342367 0.03460083078908721 296
1647275342500 0.0347472919970996 297
1647275342650 0.03489337850023607 298
1647275342783 0.03503908404063706 299
1647275342929 0.03518440237676215 300
1647275343061 0.035329327283657494 301
1647275343193 0.03547385255322241 302
1647275343332 0.03561797199447538 303
1647275343466 0.03576167943381921 304
1647275343608 0.03590496871530548 305
1647275343742 0.03604783370089827 306
1647275343879 0.03619026827073711 307
1647275344016 0.03633226632339909 308
1647275344148 0.036473821776160216 309
1647275344284 0.03661492856525603 310
1647275344416 0.036755580646141345 311
1647275344555 0.036895771993749125 312
1647275344699 0.03703549660274864 313
1647275344841 0.03717474848780268 314
1647275344974 0.037313521683823944 315
1647275345105 0.03745181024623061 316
1647275345236 0.03758960825120089 317
1647275345368 0.03772690979592691 318
1647275345500 0.03786370899886747 319
1647275345578 0.038 320
1647275350525 0.03813577696107163 321
1647275350705 0.03827103406584925 322
1647275350842 0.03840576552036866 323
1647275350977 0.03853996555318277 324
1647275351116 0.038673628415608834 325
1647275351261 0.038806748381974676 326
1647275351395 0.03893931974986401 327
1647275351527 0.039071336840360654 328
1647275351670 0.039202793998291845 329
1647275351805 0.03933368559247045 330
1647275351942 0.039464006015936234 331
1647275352073 0.039593749686195986 332
1647275352209 0.039722911045462696 333
1647275352342 0.03985148456089361 334
1647275352472 0.03997946472482725 335
1647275352612 0.04010684605501935 336
1647275352743 0.04023362309487769 337
1647275352891 0.04035979041369582 338
1647275353026 0.040485342606885716 339
1647275353172 0.040610274296209295 340
1647275353305 0.0407345801300088 341
1647275353443 0.04085825478343602 342
1647275353580 0.04098129295868043 343
1647275353724 0.041103689385196096 344
1647275353868 0.04122543881992749 345
1647275353999 0.041346536047534035 346
1647275354142 0.04146697588061354 347
1647275354288 0.04158675315992441 348
1647275354419 0.04170586275460665 349
1647275354569 0.041824299562401655 350
1647275354707 0.041942058509870754 351
1647275354837 0.04205913455261259 352
1647275354969 0.04217552267547915 353
1647275355104 0.042291217892790604 354
1647275355238 0.042406215248548915 355
1647275355381 0.0425205098166501 356
1647275355512 0.04263409670109526 357
1647275355641 0.04274697103620032 358
1647275355780 0.04285912798680444 359
1647275355861 0.042970562748477145 360
1647275360749 0.043081270547724114 361
1647275360895 0.043191246642191705 362
1647275361036 0.04330048632087005 363
1647275361168 0.0434089849042949 364
1647275361307 0.043516737744748055 365
1647275361458 0.04362374022645645 366
1647275361594 0.04372998776578991 367
1647275361758 0.04383547581145747 368
1647275361909 0.04394019984470233 369
1647275362040 0.04404415537949546 370
1647275362175 0.044147337962727747 371
1647275362314 0.044249743174400745 372
1647275362463 0.04435136662781601 373
1647275362617 0.04445220396976303 374
1647275362783 0.04455225088070569 375
1647275362939 0.044651503074967305 376
1647275363071 0.044749956300914204 377
1647275363227 0.04484760634113787 378
1647275363360 0.0449444490126356 379
1647275363489 0.045040480166989645 380
1647275363625 0.04513569569054497 381
1647275363761 0.04523009150458546 382
1647275363895 0.0453236635655086 383
1647275364028 0.04541640786499874 384
1647275364163 0.04550832043019876 385
1647275364295 0.0455993973238803 386
1647275364437 0.04568963464461233 387
1647275364569 0.04577902852692838 388
1647275364698 0.045867575141492055 389
1647275364833 0.04595527069526109 390
1647275364964 0.04604211143164984 391
1647275365096 0.046128093630690176 392
1647275365244 0.046213213609190874 393
1647275365374 0.04629746772089536 394
1647275365512 0.04638085235663789 395
1647275365653 0.046463363944498216 396
1647275365781 0.046544998949954515 397
1647275365932 0.04662575387603487 398
1647275366065 0.046705625263467006 399
1647275366146 0.04678460969082653 400
1647275370967 0.046862703774683455 401
1647275371143 0.04693990416974714 402
1647275371287 0.047016207569009594 403
1647275371419 0.04709161070388717 404
1647275371565 0.04716611034436052 405
1647275371711 0.047239703299113006 406
1647275371850 0.04731238641566737 407
1647275371987 0.04738415658052083 408
1647275372121 0.04745501071927837 409
1647275372255 0.04752494579678452 410
1647275372390 0.04759395881725331 411
1647275372526 0.047662046824396655 412
1647275372670 0.04772920690155093 413
1647275372803 0.04779543617180196 414
1647275372934 0.04786073179810822 415
1647275373076 0.04792509098342242 416
1647275373209 0.04798851097081126 417
1647275373352 0.04805098904357356 418
1647275373483 0.048112522525356624 419
1647275373618 0.04817310878027088 420
1647275373775 0.04823274521300284 421
1647275373914 0.048291429268926184 422
1647275374046 0.04834915843421129 423
1647275374183 0.04840593023593284 424
1647275374322 0.048461742242175816 425
1647275374454 0.04851659206213962 426
1647275374594 0.048570477346240516 427
1647275374734 0.04862339578621228 428
1647275374876 0.048675345115205076 429
1647275375008 0.04872632310788254 430
1647275375141 0.048776327580517136 431
1647275375274 0.04882535639108369 432
1647275375417 0.04887340743935113 433
1647275375546 0.04892047866697248 434
1647275375684 0.04896656805757302 435
1647275375824 0.04901167363683664 436
1647275375954 0.049055793472590446 437
1647275376089 0.049098925674887536 438
1647275376223 0.04914106839608791 439
1647275376304 0.04918221983093764 440
1647275377173 0.04922237821664624 441
1647275377328 0.04926154183296211 442
1647275377469 0.04929970900224628 443
1647275377619 0.04933687808954424 444
1647275377758 0.04937304750265601 445
1647275377898 0.049408215692204306 446
1647275378029 0.04944238115170094 447
1647275378169 0.04947554241761134 448
1647275378317 0.04950769806941724 449
1647275378453 0.04953884672967753 450
1647275378585 0.04956898706408729 451
1647275378721 0.04959811778153491 452
1647275378860 0.049626237634157404 453
1647275379002 0.04965334541739387 454
1647275379142 0.0496794399700371 455
1647275379278 0.049704520174283305 456
1647275379412 0.04972858495578002 457
1647275379547 0.04975163328367209 458
1647275379685 0.049773664170645854 459
1647275379824 0.04979467667297145 460
1647275379958 0.049814669890543214 461
1647275380091 0.04983364296691823 462
1647275380225 0.04985159508935308 463
1647275380379 0.049868525488838564 464
1647275380530 0.04988443344013273 465
1647275380666 0.049899318261791885 466
1647275380813 0.04991317931619981 467
1647275380947 0.04992601600959507 468
1647275381081 0.04993782779209645 469
1647275381239 0.04994861415772649 470
1647275381376 0.04995837464443318 471
1647275381519 0.04996710883410978 472
1647275381654 0.049974816352612646 473
1647275381787 0.049981496869777355 474
1647275381929 0.04998715009943278 475
1647275382061 0.04999177579941338 476
1647275382194 0.04999537377156956 477
1647275382325 0.04999794386177617 478
1647275382463 0.049999485959939104 479
1647275382546 0.049999901650605354 480
1647275383395 0.04999960660319523 481
1647275383543 0.04999911486009105 482
1647275383677 0.04999842642516184 483
1647275383813 0.04999754130382421 484
1647275383954 0.049996459503042254 485
1647275384085 0.04999518103132757 486
1647275384229 0.04999370589873917 487
1647275384364 0.04999203411688336 488
1647275384498 0.04999016569891369 489
1647275384633 0.04998810065953084 490
1647275384770 0.049985839014982505 491
1647275384904 0.04998338078306327 492
1647275385063 0.049980725983114455 493
1647275385198 0.04997787463602398 494
1647275385333 0.04997482676422622 495
1647275385469 0.04997158239170175 496
1647275385603 0.04996814154397724 497
1647275385739 0.049964504248125235 498
1647275385882 0.049960670532763915 499
1647275386019 0.049956640428056885 500
1647275386165 0.049952413965712934 501
1647275386312 0.0499479911789858 502
1647275386453 0.0499433721026739 503
1647275386587 0.04993855677312004 504
1647275386726 0.04993354522821116 505
1647275386866 0.049928337507378004 506
1647275387001 0.04992293365159483 507
1647275387144 0.049917333703379085 508
1647275387283 0.049911537706791076 509
1647275387427 0.04990554570743358 510
1647275387558 0.049899357752451586 511
1647275387689 0.04989297389053178 512
1647275387822 0.0498863941719023 513
1647275387955 0.049879618648332257 514
1647275388088 0.04987264737313135 515
1647275388220 0.04986548040114947 516
1647275388359 0.04985811778877622 517
1647275388502 0.049850559593940504 518
1647275388633 0.049842805876110084 519
1647275388712 0.04983485669629106 520
1647275393666 0.049826712117027466 521
1647275393837 0.0498183722024007 522
1647275393977 0.04980983701802908 523
1647275394126 0.04980110663106728 524
1647275394260 0.04979218111020584 525
1647275394400 0.04978306052567061 526
1647275394531 0.049773744949222196 527
1647275394664 0.049764234454155384 528
1647275394799 0.04975452911529861 529
1647275394935 0.049744629009013296 530
1647275395072 0.049734534213193314 531
1647275395213 0.04972424480726435 532
1647275395354 0.04971376087218328 533
1647275395486 0.04970308249043751 534
1647275395631 0.04969220974604439 535
1647275395783 0.049681142724550466 536
1647275395920 0.049669881513030895 537
1647275396065 0.04965842620008869 538
1647275396198 0.049646776875854046 539
1647275396344 0.04963493363198367 540
1647275396481 0.04962289656165999 541
1647275396616 0.049610665759590486 542
1647275396748 0.04959824132200689 543
1647275396886 0.049585623346664456 544
1647275397021 0.04957281193284122 545
1647275397156 0.04955980718133716 546
1647275397291 0.04954660919447344 547
1647275397431 0.0495332180760916 548
1647275397566 0.049519633931552724 549
1647275397707 0.04950585686773663 550
1647275397868 0.04949188699304105 551
1647275398006 0.04947772441738069 552
1647275398160 0.049463369252186466 553
1647275398293 0.04944882161040457 554
1647275398426 0.049434081606495615 555
1647275398559 0.049419149356433684 556
1647275398700 0.04940402497770548 557
1647275398838 0.04938870858930935 558
1647275398974 0.04937320031175437 559
1647275399056 0.049357500267059436 560
1647275399929 0.0493416085787522 561
1647275400076 0.04932552537186822 562
1647275400208 0.04930925077294988 563
1647275400344 0.049292784910045455 564
1647275400481 0.04927612791270807 565
1647275400617 0.0492592799119947 566
1647275400763 0.04924224104046514 567
1647275400895 0.04922501143218092 568
1647275401028 0.04920759122270433 569
1647275401176 0.04918998054909726 570
1647275401308 0.04917217954992021 571
1647275401441 0.049154188365231125 572
1647275401582 0.04913600713658435 573
1647275401723 0.04911763600702949 574
1647275401856 0.04909907512111027 575
1647275401993 0.04908032462486342 576
1647275402131 0.04906138466581754 577
1647275402278 0.0490422553929919 578
1647275402411 0.0490229369568953 579
1647275402566 0.049003429509524854 580
1647275402702 0.04898373320436484 581
1647275402843 0.04896384819638546 582
1647275402980 0.048943774642041596 583
1647275403117 0.04892351269927165 584
1647275403258 0.04890306252749624 585
1647275403395 0.04888242428761697 586
1647275403531 0.04886159814201517 587
1647275403667 0.04884058425455059 588
1647275403800 0.04881938279056013 589
1647275403932 0.04879799391685658 590
1647275404065 0.048776417801727215 591
1647275404210 0.048754654614932544 592
1647275404341 0.04873270452770495 593
1647275404472 0.04871056771274736 594
1647275404619 0.048688244344231836 595
1647275404752 0.04866573459779828 596
1647275404884 0.04864303865055299 597
1647275405037 0.04862015668106731 598
1647275405170 0.04859708886937616 599
1647275405258 0.04857383539697671 600
1647275410196 0.048550396446826884 601
1647275410364 0.048526772203343935 602
1647275410503 0.04850296285240302 603
1647275410645 0.04847896858133571 604
1647275410777 0.048454789578928514 605
1647275410922 0.048430426035421414 606
1647275411054 0.04840587814250637 607
1647275411211 0.04838114609332577 608
1647275411354 0.04835623008247097 609
1647275411488 0.04833113030598072 610
1647275411643 0.04830584696133962 611
1647275411777 0.04828038024747661 612
1647275411910 0.048254730364763375 613
1647275412045 0.048228897515012734 614
1647275412185 0.048202881901477125 615
1647275412324 0.04817668372884695 616
1647275412460 0.04815030320324898 617
1647275412596 0.04812374053224475 618
1647275412743 0.04809699592482892 619
1647275412874 0.04807006959142759 620
1647275413005 0.04804296174389669 621
1647275413141 0.04801567259552031 622
1647275413292 0.047988202361009015 623
1647275413423 0.04796055125649813 624
1647275413566 0.04793271949954609 625
1647275413699 0.04790470730913269 626
1647275413839 0.04787651490565735 627
1647275413973 0.04784814251093744 628
1647275414104 0.047819590348206466 629
1647275414236 0.047790858642112376 630
1647275414378 0.04776194761871574 631
1647275414509 0.04773285750548799 632
1647275414639 0.047703588531309654 633
1647275414774 0.04767414092646852 634
1647275414909 0.04764451492265785 635
1647275415039 0.047614710752974534 636
1647275415180 0.04758472865191728 637
1647275415314 0.04755456885538474 638
1647275415451 0.04752423160067369 639
1647275415531 0.04749371712647713 640
1647275420445 0.04746302567288243 641
1647275420588 0.04743215748136943 642
1647275420726 0.047401112794808534 643
1647275420864 0.04736989185745881 644
1647275421015 0.04733849491496605 645
1647275421149 0.047306922214360884 646
1647275421288 0.04727517400405678 647
1647275421419 0.04724325053384811 648
1647275421549 0.047211152054908216 649
1647275421682 0.04717887881978736 650
1647275421816 0.047146431082410824 651
1647275421966 0.04711380909807686 652
1647275422105 0.04708101312345467 653
1647275422237 0.04704804341658244 654
1647275422373 0.04701490023686527 655
1647275422507 0.046981583845073116 656
1647275422639 0.046948094503338804 657
1647275422771 0.04691443247515589 658
1647275422913 0.046880598025376655 659
1647275423047 0.046846591420209964 660
1647275423181 0.04681241292721922 661
1647275423319 0.04677806281532022 662
1647275423455 0.046743541354779074 663
1647275423592 0.04670884881721003 664
1647275423737 0.046673985475573394 665
1647275423869 0.04663895160417335 666
1647275424024 0.046603747478655796 667
1647275424158 0.0465683733760062 668
1647275424292 0.04653282957454741 669
1647275424432 0.04649711635393743 670
1647275424562 0.04646123399516729 671
1647275424691 0.046425182780558794 672
1647275424823 0.04638896299376226 673
1647275424968 0.04635257491975437 674
1647275425099 0.04631601884483587 675
1647275425232 0.046279295056629345 676
1647275425366 0.046242403844076935 677
1647275425495 0.046205345497438065 678
1647275425624 0.04616812030828718 679
1647275425702 0.04613072856951145 680
1647275430674 0.046093170575308436 681
1647275430840 0.04605544662118379 682
1647275430980 0.04601755700394896 683
1647275431115 0.0459795020217188 684
1647275431249 0.04594128197390926 685
1647275431382 0.04590289716123505 686
1647275431513 0.045864347885707195 687
1647275431641 0.045825634450630766 688
1647275431775 0.045786757160602404 689
1647275431906 0.04574771632150797 690
1647275432043 0.04570851224052012 691
1647275432175 0.0456691452260959 692
1647275432308 0.04562961558797431 693
1647275432440 0.04558992363717389 694
1647275432597 0.04555006968599021 695
1647275432727 0.04551005404799349 696
1647275432869 0.0454698770380261 697
1647275432998 0.04542953897220007 698
1647275433130 0.04538904016789461 699
1647275433261 0.04534838094375364 700
1647275433403 0.04530756161968323 701
1647275433534 0.04526658251684914 702
1647275433672 0.04522544395767425 703
1647275433801 0.045184146265836056 704
1647275433934 0.04514268976626408 705
1647275434082 0.04510107478513738 706
1647275434212 0.0450593016498819 707
1647275434346 0.04501737068916798 708
1647275434477 0.0449752822329077 709
1647275434614 0.0449330366122523 710
1647275434750 0.04489063415958964 711
1647275434882 0.04484807520854148 712
1647275435015 0.04480536009396093 713
1647275435149 0.044762489151929784 714
1647275435280 0.044719462719755895 715
1647275435417 0.04467628113597048 716
1647275435547 0.04463294474032554 717
1647275435677 0.044589453873791075 718
1647275435814 0.0445458088785525 719
1647275435896 0.044502010098007895 720
1647275440892 0.044458057876765315 721
1647275441042 0.0444139525606401 722
1647275441174 0.04436969449665212 723
1647275441329 0.04432528403302309 724
1647275441459 0.04428072151917376 725
1647275441591 0.04423600730572126 726
1647275441723 0.04419114174447625 727
1647275441858 0.04414612518844019 728
1647275441990 0.04410095799180261 729
1647275442126 0.04405564050993822 730
1647275442262 0.04401017309940422 731
1647275442392 0.04396455611793741 732
1647275442526 0.04391878992445143 733
1647275442659 0.04387287487903392 734
1647275442789 0.04382681134294368 735
1647275442919 0.04378059967860782 736
1647275443059 0.04373424024961894 737
1647275443194 0.04368773342073224 738
1647275443358 0.04364107955786265 739
1647275443488 0.043594279028082 740
1647275443623 0.04354733219961603 741
1647275443754 0.04350023944184162 742
1647275443888 0.043453001125283774 743
1647275444023 0.04340561762161276 744
1647275444158 0.0433580893036412 745
1647275444299 0.04331041654532108 746
1647275444434 0.04326259972174085 747
1647275444566 0.04321463920912249 748
1647275444698 0.043166535384818475 749
1647275444832 0.0431182886273089 750
1647275444976 0.04306989931619841 751
1647275445107 0.0430213678322133 752
1647275445240 0.042972694557198474 753
1647275445378 0.042923879874114404 754
1647275445508 0.04287492416703422 755
1647275445639 0.042825827821140576 756
1647275445782 0.0427765912227227 757
1647275445913 0.04272721475917331 758
1647275446045 0.04267769881898557 759
1647275446126 0.04262804379175008 760
1647275451132 0.04257825006815174 761
1647275451287 0.04252831803996673 762
1647275451425 0.04247824810005939 763
1647275451558 0.042428040642379164 764
1647275451698 0.04237769606195748 765
1647275451828 0.04232721475490465 766
1647275451988 0.04227659711840672 767
1647275452121 0.04222584355072241 768
1647275452256 0.04217495445117994 769
1647275452398 0.04212393022017386 770
1647275452531 0.04207277125916198 771
1647275452666 0.04202147797066211 772
1647275452811 0.04197005075824899 773
1647275452945 0.041918490026551056 774
1647275453080 0.04186679618124727 775
1647275453215 0.041814969629063926 776
1647275453350 0.041763010777771455 777
1647275453488 0.04171092003618122 778
1647275453629 0.041658697814142304 779
1647275453764 0.04160634452253825 780
1647275453909 0.04155386057328388 781
1647275454043 0.04150124637932201 782
1647275454179 0.04144850235462023 783
1647275454314 0.04139562891416762 784
1647275454455 0.04134262647397153 785
1647275454591 0.041289495451054245 786
1647275454731 0.04123623626344976 787
1647275454863 0.041182849330200465 788
1647275454998 0.04112933507135384 789
1647275455132 0.04107569390795916 790
1647275455273 0.041021926262064204 791
1647275455406 0.04096803255671189 792
1647275455543 0.040914013215936976 793
1647275455675 0.040859868664762725 794
1647275455806 0.04080559932919754 795
1647275455943 0.040751205636231635 796
1647275456075 0.040696688013833665 797
1647275456230 0.04064204689094736 798
1647275456361 0.04058728269748815 799
1647275456448 0.040532395864339786 800
1647275457288 0.040477386823350926 801
1647275457442 0.04042225600733177 802
1647275457574 0.04036700385005066 803
1647275457709 0.04031163078623062 804
1647275457847 0.04025613725154599 805
1647275457979 0.04020052368261895 806
1647275458113 0.04014479051701612 807
1647275458258 0.04008893819324509 808
1647275458392 0.04003296715075102 809
1647275458546 0.039976877829913104 810
1647275458687 0.03992067067204118 811
1647275458834 0.0398643461193722 812
1647275458968 0.0398079046150668 813
1647275459100 0.03975134660320578 814
1647275459234 0.0396946725287866 815
1647275459370 0.03963788283771994 816
1647275459504 0.03958097797682611 817
1647275459643 0.03952395839383161 818
1647275459779 0.03946682453736553 819
1647275459917 0.03940957685695609 820
1647275460052 0.03935221580302708 821
1647275460190 0.03929474182689428 822
1647275460329 0.03923715538076199 823
1647275460480 0.03917945691771935 824
1647275460624 0.03912164689173693 825
1647275460795 0.03906372575766301 826
1647275460933 0.0390056939712201 827
1647275461082 0.03894755198900131 828
1647275461220 0.03888930026846676 829
1647275461363 0.038830939267940005 830
1647275461495 0.03877246944660442 831
1647275461627 0.038713891264499554 832
1647275461763 0.03865520518251756 833
1647275461905 0.03859641166239953 834
1647275462050 0.03853751116673188 835
1647275462186 0.038478504158942724 836
1647275462320 0.03841939110329818 837
1647275462461 0.03836017246489878 838
1647275462603 0.03830084870967577 839
1647275462682 0.03824142030438743 840
1647275463686 0.03818188771661547 841
1647275463827 0.03812225141476128 842
1647275463963 0.03806251186804225 843
1647275464110 0.038002669546488135 844
1647275464244 0.03794272492093732 845
1647275464391 0.037882678463033066 846
1647275464528 0.03782253064521992 847
1647275464659 0.03776228194073987 848
1647275464791 0.037701932823628714 849
1647275464936 0.037641483768712285 850
1647275465072 0.03758093525160271 851
1647275465207 0.037520287748694696 852
1647275465346 0.037459541737161775 853
1647275465490 0.03739869769495254 854
1647275465637 0.037337756100786865 855
1647275465778 0.0372767174341522 856
1647275465915 0.03721558217529973 857
1647275466048 0.03715435080524063 858
1647275466188 0.03709302380574229 859
1647275466331 0.03703160165932449 860
1647275466465 0.03697008484925565 861
1647275466612 0.03690847385954899 862
1647275466748 0.03684676917495872 863
1647275466883 0.03678497128097627 864
1647275467022 0.03672308066382639 865
1647275467155 0.036661097810463436 866
1647275467286 0.036599023208567436 867
1647275467422 0.03653685734654031 868
1647275467553 0.036474600713501996 869
1647275467710 0.03641225379928664 870
1647275467848 0.0363498170944387 871
1647275467981 0.03628729109020911 872
1647275468128 0.03622467627855141 873
1647275468259 0.036161973152117874 874
1647275468394 0.036099182204255655 875
1647275468527 0.03603630392900284 876
1647275468657 0.03597333882108465 877
1647275468791 0.03591028737590948 878
1647275468927 0.035847150089565044 879
1647275469004 0.03578392745881442 880
1647275469991 0.03572061998109221 881
1647275470142 0.03565722815450057 882
1647275470281 0.03559375247780531 883
1647275470414 0.03553019345043199 884
1647275470557 0.03546655157246195 885
1647275470689 0.03540282734462842 886
1647275470833 0.03533902126831252 887
1647275470971 0.0352751338455394 888
1647275471106 0.03521116557897422 889
1647275471244 0.03514711697191819 890
1647275471377 0.035082988528304694 891
1647275471510 0.03501878075269521 892
1647275471652 0.03495449415027546 893
1647275471789 0.03489012922685132 894
1647275471928 0.034825686488844924 895
1647275472063 0.03476116644329064 896
1647275472200 0.0346965695978311 897
1647275472352 0.034631896460713164 898
1647275472488 0.034567147540784014 899
1647275472623 0.03450232334748703 900
1647275472776 0.03443742439085786 901
1647275472909 0.034372451181520415 902
1647275473042 0.03430740423068279 903
1647275473177 0.034242284050133305 904
1647275473314 0.03417709115223642 905
1647275473451 0.03411182604992876 906
1647275473597 0.03404648925671504 907
1647275473735 0.033981081286664036 908
1647275473881 0.03391560265440456 909
1647275474015 0.033850053875121376 910
1647275474155 0.03378443546455116 911
1647275474287 0.033718747938978465 912
1647275474425 0.03365299181523162 913
1647275474564 0.03358716761067869 914
1647275474697 0.03352127584322341 915
1647275474831 0.033455317031301085 916
1647275474965 0.03338929169387453 917
1647275475108 0.033323200350429974 918
1647275475240 0.03325704352097299 919
1647275475326 0.03319082172602439 920
1647275480277 0.033124535486616126 921
1647275480425 0.033058185324287226 922
1647275480561 0.032991771761079626 923
1647275480693 0.03292529531953412 924
1647275480827 0.032858756522686224 925
1647275480963 0.03279215589406206 926
1647275481117 0.03272549395767425 927
1647275481255 0.032658771238017775 928
1647275481387 0.03259198826006586 929
1647275481535 0.032525145549265846 930
1647275481665 0.032458243631535044 931
1647275481797 0.03239128303325662 932
1647275481936 0.03232426428127542 933
1647275482071 0.032257187902893836 934
1647275482206 0.03219005442586769 935
1647275482349 0.03212286437840204 936
1647275482486 0.032055618289147034 937
1647275482632 0.03198831668719376 938
1647275482766 0.031920960102070094 939
1647275482903 0.0318535490637365 940
1647275483036 0.03178608410258187 941
1647275483188 0.0317185657494194 942
1647275483327 0.03165099453548232 943
1647275483466 0.03158337099241981 944
1647275483604 0.03151569565229278 945
1647275483749 0.03144796904756962 946
1647275483883 0.03138019171112214 947
1647275484017 0.03131236417622125 948
1647275484156 0.031244486976532856 949
1647275484287 0.03117656064611361 950
1647275484420 0.031108585719406737 951
1647275484550 0.031040562731237804 952
1647275484679 0.030972492216810518 953
1647275484810 0.03090437471170255 954
1647275484941 0.030836210751861253 955
1647275485076 0.030768000873599526 956
1647275485213 0.030699745613591525 957
1647275485343 0.030631445508868486 958
1647275485472 0.030563101096814465 959
1647275485552 0.030494712915162148 960
1647275490498 0.03042628150198858 961
1647275490670 0.03035780739571096 962
1647275490805 0.030289291135082407 963
1647275490937 0.03022073325918768 964
1647275491084 0.030152134307439 965
1647275491214 0.03008349481957174 966
1647275491352 0.030014815335640245 967
1647275491490 0.029946096396013516 968
1647275491623 0.02987733854137101 969
1647275491774 0.02980854231269836 970
1647275491904 0.029739708251283126 971
1647275492040 0.02967083689871054 972
1647275492182 0.029601928796859227 973
1647275492316 0.029532984487896985 974
1647275492447 0.02946400451427644 975
1647275492579 0.029394989418730873 976
1647275492710 0.029325939744269877 977
1647275492843 0.02925685603417513 978
1647275492985 0.02918773883199608 979
1647275493126 0.02911858868154571 980
1647275493257 0.029049406126896226 981
1647275493395 0.0289801917123748 982
1647275493529 0.02891094598255927 983
1647275493661 0.028841669482273857 984
1647275493808 0.028772362756584905 985
1647275493941 0.02870302635079654 986
1647275494084 0.02863366081044644 987
1647275494218 0.028564266681301496 988
1647275494353 0.028494844509353537 989
1647275494484 0.02842539484081504 990
1647275494618 0.028355918222114807 991
1647275494747 0.028286415199893715 992
1647275494881 0.028216886321000344 993
1647275495013 0.02814733213248675 994
1647275495150 0.028077753181604107 995
1647275495290 0.02800815001579841 996
1647275495421 0.0279385231827062 997
1647275495553 0.027868873230150203 998
1647275495683 0.027799200706135088 999
1647275495762 0.02772950615884307 1000
1647275500730 0.027659790136629683 1001
1647275500876 0.027590053188019395 1002
1647275501016 0.027520295861701342 1003
1647275501150 0.02745051870652499 1004
1647275501296 0.027380722271495794 1005
1647275501429 0.027310907105770936 1006
1647275501562 0.02724107375865495 1007
1647275501694 0.027171222779595435 1008
1647275501836 0.027101354718178698 1009
1647275501968 0.027031470124125472 1010
1647275502108 0.026961569547286554 1011
1647275502242 0.0268916535376385 1012
1647275502373 0.02682172264527928 1013
1647275502526 0.026751777420423974 1014
1647275502660 0.026681818413400435 1015
1647275502789 0.026611846174644925 1016
1647275502925 0.02654186125469785 1017
1647275503058 0.02647186420419936 1018
1647275503192 0.026401855573885073 1019
1647275503339 0.026331835914581693 1020
1647275503469 0.026261805777202725 1021
1647275503603 0.0261917657127441 1022
1647275503739 0.02612171627227984 1023
1647275503877 0.02605165800695778 1024
1647275504016 0.02598159146799514 1025
1647275504163 0.025911517206674284 1026
1647275504305 0.025841435774338294 1027
1647275504453 0.0257713477223867 1028
1647275504595 0.025701253602271098 1029
1647275504738 0.02563115396549085 1030
1647275504871 0.0255610493635887 1031
1647275505001 0.02549094034814646 1032
1647275505136 0.025420827470780692 1033
1647275505272 0.025350711283138316 1034
1647275505406 0.025280592336892314 1035
1647275505542 0.025210471183737357 1036
1647275505670 0.025140348375385497 1037
1647275505802 0.02507022446356179 1038
1647275505933 0.0250001 1039
1647275506021 0.024929975536438213 1040
1647275506882 0.024859851624614508 1041
1647275507036 0.024789728816262648 1042
1647275507168 0.02471960766310769 1043
1647275507298 0.02464948871686169 1044
1647275507435 0.02457937252921931 1045
1647275507568 0.024509259651853542 1046
1647275507703 0.02443915063641131 1047
1647275507839 0.02436904603450916 1048
1647275507971 0.024298946397728907 1049
1647275508104 0.02422885227761331 1050
1647275508238 0.024158764225661718 1051
1647275508382 0.024088682793325728 1052
1647275508514 0.024018608532004868 1053
1647275508648 0.023948541993042232 1054
1647275508785 0.02387848372772017 1055
1647275508915 0.023808434287255913 1056
1647275509048 0.023738394222797273 1057
1647275509192 0.023668364085418305 1058
1647275509325 0.02359834442611493 1059
1647275509463 0.023528335795800638 1060
1647275509609 0.02345833874530215 1061
1647275509745 0.023388353825355073 1062
1647275509876 0.02331838158659957 1063
1647275510007 0.023248422579576024 1064
1647275510138 0.023178477354720728 1065
1647275510276 0.023108546462361507 1066
1647275510420 0.023038630452713454 1067
1647275510556 0.02296872987587453 1068
1647275510688 0.022898845281821307 1069
1647275510818 0.02282897722040457 1070
1647275510954 0.022759126241345056 1071
1647275511085 0.02268929289422907 1072
1647275511233 0.022619477728504214 1073
1647275511373 0.022549681293475017 1074
1647275511516 0.02247990413829866 1075
1647275511647 0.02241014681198061 1076
1647275511778 0.022340409863370318 1077
1647275511909 0.02227069384115693 1078
1647275512046 0.022200999293864914 1079
1647275512126 0.0221313267698498 1080
1647275517150 0.022061676817293808 1081
1647275517294 0.0219920499842016 1082
1647275517435 0.0219224468183959 1083
1647275517568 0.021852867867513257 1084
1647275517700 0.021783313678999657 1085
1647275517839 0.021713784800106297 1086
1647275517974 0.021644281777885202 1087
1647275518106 0.021574805159184973 1088
1647275518248 0.021505355490646475 1089
1647275518385 0.021435933318698513 1090
1647275518530 0.021366539189553568 1091
1647275518663 0.02129717364920346 1092
1647275518799 0.021227837243415097 1093
1647275518931 0.021158530517726138 1094
1647275519073 0.021089254017440728 1095
1647275519205 0.021020008287625198 1096
1647275519349 0.02095079387310377 1097
1647275519485 0.020881611318454292 1098
1647275519620 0.020812461168003924 1099
1647275519757 0.020743343965824872 1100
1647275519912 0.020674260255730124 1101
1647275520046 0.02060521058126913 1102
1647275520181 0.020536195485723566 1103
1647275520320 0.020467215512103024 1104
1647275520464 0.020398271203140774 1105
1647275520598 0.020329363101289463 1106
1647275520734 0.02026049174871688 1107
1647275520867 0.020191657687301644 1108
1647275521001 0.020122861458628998 1109
1647275521137 0.020054103603986493 1110
1647275521274 0.01998538466435976 1111
1647275521413 0.019916705180428266 1112
1647275521557 0.019848065692561007 1113
1647275521690 0.019779466740812324 1114
1647275521821 0.0197109088649176 1115
1647275521963 0.01964239260428904 1116
1647275522096 0.019573918498011423 1117
1647275522227 0.019505487084837857 1118
1647275522358 0.019437098903185537 1119
1647275522437 0.019368754491131523 1120
1647275527384 0.019300454386408483 1121
1647275527543 0.019232199126400482 1122
1647275527687 0.01916398924813876 1123
1647275527821 0.019095825288297463 1124
1647275527954 0.01902770778318949 1125
1647275528099 0.018959637268762205 1126
1647275528233 0.018891614280593258 1127
1647275528364 0.018823639353886385 1128
1647275528502 0.01875571302346714 1129
1647275528645 0.01868783582377875 1130
1647275528780 0.018620008288877863 1131
1647275528916 0.018552230952430374 1132
1647275529047 0.018484504347707226 1133
1647275529191 0.018416829007580182 1134
1647275529325 0.01834920546451768 1135
1647275529461 0.018281634250580606 1136
1647275529612 0.018214115897418132 1137
1647275529748 0.018146650936263505 1138
1647275529880 0.01807923989792991 1139
1647275530013 0.01801188331280624 1140
1647275530148 0.017944581710852975 1141
1647275530280 0.017877335621597965 1142
1647275530413 0.017810145574132314 1143
1647275530549 0.017743012097106173 1144
1647275530717 0.01767593571872459 1145
1647275530850 0.01760891696674339 1146
1647275530986 0.017541956368464957 1147
1647275531124 0.017475054450734162 1148
1647275531269 0.01740821173993414 1149
1647275531419 0.017341428761982233 1150
1647275531564 0.017274706042325755 1151
1647275531706 0.017208044105937945 1152
1647275531839 0.017141443477313778 1153
1647275531971 0.017074904680465883 1154
1647275532111 0.01700842823892038 1155
1647275532247 0.01694201467571278 1156
1647275532379 0.016875664513383883 1157
1647275532520 0.016809378273975623 1158
1647275532651 0.016743156479027025 1159
1647275532754 0.016676999649570038 1160
1647275537602 0.016610908306125487 1161
1647275537774 0.016544882968698917 1162
1647275537905 0.016478924156776587 1163
1647275538051 0.016413032389321305 1164
1647275538186 0.01634720818476838 1165
1647275538323 0.01628145206102154 1166
1647275538458 0.01621576453544884 1167
1647275538593 0.016150146124878625 1168
1647275538734 0.01608459734559544 1169
1647275538866 0.016019118713335966 1170
1647275538998 0.01595371074328497 1171
1647275539131 0.015888373950071245 1172
1647275539275 0.015823108847763587 1173
1647275539406 0.015757915949866703 1174
1647275539548 0.01569279576931721 1175
1647275539679 0.015627748818479587 1176
1647275539814 0.015562775609142147 1177
1647275539949 0.015497876652512978 1178
1647275540085 0.015433052459215994 1179
1647275540219 0.015368303539286839 1180
1647275540357 0.01530363040216891 1181
1647275540491 0.015239033556709365 1182
1647275540622 0.015174513511155079 1183
1647275540754 0.015110070773148684 1184
1647275540902 0.015045705849724545 1185
1647275541047 0.014981419247304792 1186
1647275541183 0.014917211471695318 1187
1647275541332 0.01485308302808182 1188
1647275541481 0.014789034421025794 1189
1647275541616 0.014725066154460606 1190
1647275541761 0.014661178731687487 1191
1647275541898 0.014597372655371595 1192
1647275542030 0.01453364842753806 1193
1647275542162 0.014470006549568025 1194
1647275542296 0.014406447522194695 1195
1647275542430 0.014342971845499443 1196
1647275542573 0.014279580018907792 1197
1647275542705 0.014216272541185583 1198
1647275542837 0.014153049910434961 1199
1647275542914 0.014089912624090511 1200
1647275547856 0.01402686117891535 1201
1647275548010 0.013963896070997161 1202
1647275548151 0.013901017795744356 1203
1647275548294 0.013838226847882131 1204
1647275548426 0.013775523721448591 1205
1647275548560 0.013712908909790895 1206
1647275548696 0.013650382905561307 1207
1647275548831 0.013587946200713368 1208
1647275548965 0.013525599286498002 1209
1647275549111 0.013463342653459696 1210
1647275549246 0.01340117679143257 1211
1647275549384 0.013339102189536572 1212
1647275549517 0.01327711933617361 1213
1647275549648 0.013215228719023742 1214
1647275549782 0.013153430825041282 1215
1647275549919 0.013091726140451019 1216
1647275550078 0.013030115150744355 1217
1647275550223 0.012968598340675512 1218
1647275550355 0.012907176194257717 1219
1647275550487 0.01284584919475938 1220
1647275550628 0.012784617824700285 1221
1647275550760 0.012723482565847806 1222
1647275550894 0.012662443899213137 1223
1647275551028 0.012601502305047474 1224
1647275551164 0.012540658262838233 1225
1647275551295 0.012479912251305318 1226
1647275551436 0.012419264748397302 1227
1647275551570 0.012358716231287729 1228
1647275551701 0.012298267176371296 1229
1647275551838 0.012237918059260142 1230
1647275551972 0.01217766935478009 1231
1647275552129 0.012117521536966932 1232
1647275552260 0.01205747507906269 1233
1647275552392 0.011997530453511863 1234
1647275552524 0.011937688131957754 1235
1647275552659 0.01187794858523872 1236
1647275552793 0.011818312283384525 1237
1647275552927 0.011758779695612568 1238
1647275553057 0.011699351290324242 1239
1647275553135 0.011640027535101228 1240
1647275558078 0.011580808896701824 1241
1647275558239 0.011521695841057285 1242
1647275558376 0.011462688833268127 1243
1647275558511 0.011403788337600482 1244
1647275558660 0.011344994817482442 1245
1647275558795 0.011286308735500445 1246
1647275558931 0.011227730553395586 1247
1647275559061 0.011169260732060001 1248
1647275559204 0.011110899731533255 1249
1647275559335 0.0110526480109987 1250
1647275559476 0.010994506028779908 1251
1647275559611 0.010936474242336996 1252
1647275559745 0.010878553108263078 1253
1647275559886 0.010820743082280647 1254
1647275560023 0.01076304461923802 1255
1647275560168 0.01070545817310572 1256
1647275560301 0.01064798419697293 1257
1647275560435 0.010590623143043912 1258
1647275560575 0.010533375462634477 1259
1647275560723 0.010476241606168403 1260
1647275560858 0.010419222023173894 1261
1647275560994 0.010362317162280072 1262
1647275561135 0.010305527471213405 1263
1647275561273 0.010248853396794235 1264
1647275561408 0.01019229538493321 1265
1647275561539 0.010135853880627814 1266
1647275561683 0.01007952932795883 1267
1647275561819 0.010023322170086894 1268
1647275561954 0.009967232849248983 1269
1647275562088 0.00991126180675491 1270
1647275562238 0.00985540948298389 1271
1647275562368 0.00979967631738105 1272
1647275562511 0.00974406274845401 1273
1647275562642 0.009688569213769378 1274
1647275562785 0.009633196149949343 1275
1647275562919 0.009577943992668236 1276
1647275563049 0.00952281317664908 1277
1647275563190 0.00946780413566022 1278
1647275563321 0.00941291730251185 1279
1647275563400 0.009358153109052641 1280
1647275568306 0.009303511986166333 1281
1647275568476 0.009248994363768368 1282
1647275568613 0.009194600670802466 1283
1647275568745 0.009140331335237284 1284
1647275568878 0.009086186784063031 1285
1647275569010 0.009032167443288113 1286
1647275569147 0.008978273737935796 1287
1647275569280 0.008924506092040842 1288
1647275569434 0.008870864928646171 1289
1647275569568 0.00881735066979954 1290
1647275569700 0.008763963736550246 1291
1647275569831 0.008710704548945765 1292
1647275569963 0.008657573526028488 1293
1647275570094 0.008604571085832386 1294
1647275570227 0.008551697645379781 1295
1647275570373 0.008498953620677997 1296
1647275570505 0.008446339426716128 1297
1647275570640 0.008393855477461756 1298
1647275570775 0.008341502185857698 1299
1647275570909 0.008289279963818784 1300
1647275571042 0.008237189222228554 1301
1647275571175 0.008185230370936079 1302
1647275571305 0.008133403818752737 1303
1647275571456 0.00808170997344894 1304
1647275571588 0.00803014924175101 1305
1647275571722 0.007978722029337892 1306
1647275571861 0.00792742874083803 1307
1647275571994 0.007876269779826141 1308
1647275572137 0.007825245548820062 1309
1647275572272 0.007774356449277585 1310
1647275572412 0.007723602881593283 1311
1647275572553 0.007672985245095361 1312
1647275572683 0.00762250393804252 1313
1647275572814 0.007572159357620837 1314
1647275572944 0.0075219518999406175 1315
1647275573074 0.007471881960033282 1316
1647275573208 0.0074219499318482615 1317
1647275573339 0.007372156208249922 1318
1647275573477 0.007322501181014432 1319
1647275573558 0.0072729852408267015 1320
1647275578549 0.00722360877727731 1321
1647275578699 0.007174372178859426 1322
1647275578835 0.0071252758329657835 1323
1647275578983 0.0070763201258855985 1324
1647275579120 0.007027505442801539 1325
1647275579251 0.0069788321677867 1326
1647275579387 0.006930300683801597 1327
1647275579523 0.006881911372691115 1328
1647275579670 0.006833664615181532 1329
1647275579800 0.006785560790877514 1330
1647275579931 0.006737600278259151 1331
1647275580079 0.006689783454678929 1332
1647275580219 0.006642110696358811 1333
1647275580355 0.006594582378387248 1334
1647275580499 0.006547198874716235 1335
1647275580639 0.006499960558158389 1336
1647275580788 0.006452867800383967 1337
1647275580922 0.006405920971918009 1338
1647275581053 0.006359120442137349 1339
1647275581190 0.006312466579267763 1340
1647275581329 0.0062659597503810635 1341
1647275581463 0.006219600321392185 1342
1647275581607 0.006173388657056329 1343
1647275581742 0.006127325120966086 1344
1647275581887 0.00608141007554857 1345
1647275582020 0.006035643882062597 1346
1647275582157 0.005990026900595787 1347
1647275582291 0.005944559490061785 1348
1647275582424 0.005899242008197396 1349
1647275582567 0.00585407481155981 1350
1647275582699 0.005809058255523758 1351
1647275582831 0.0057641926942787435 1352
1647275582964 0.005719478480826232 1353
1647275583097 0.005674915966976912 1354
1647275583230 0.005630505503347879 1355
1647275583360 0.005586247439359904 1356
1647275583491 0.0055421421232346915 1357
1647275583636 0.005498189901992111 1358
1647275583767 0.005454391121447502 1359
1647275583853 0.005410746126208931 1360
1647275588780 0.00536725525967447 1361
1647275588950 0.005323918864029518 1362
1647275589090 0.005280737280244115 1363
1647275589225 0.005237710848070222 1364
1647275589366 0.005194839906039079 1365
1647275589502 0.00515212479145853 1366
1647275589648 0.005109565840410365 1367
1647275589784 0.005067163387747702 1368
1647275589923 0.005024917767092315 1369
1647275590055 0.0049828293108320305 1370
1647275590188 0.0049408983501181 1371
1647275590318 0.004899125214862619 1372
1647275590456 0.004857510233735917 1373
1647275590593 0.004816053734163949 1374
1647275590737 0.004774756042325754 1375
1647275590885 0.00473361748315086 1376
1647275591021 0.004692638380316774 1377
1647275591153 0.004651819056246367 1378
1647275591285 0.004611159832105392 1379
1647275591420 0.004570661027799938 1380
1647275591561 0.0045303229619739005 1381
1647275591698 0.004490145952006513 1382
1647275591832 0.004450130314009799 1383
1647275591963 0.004410276362826121 1384
1647275592097 0.004370584412025686 1385
1647275592229 0.004331054773904104 1386
1647275592377 0.004291687759479888 1387
1647275592508 0.00425248367849204 1388
1647275592641 0.004213442839397597 1389
1647275592775 0.004174565549369235 1390
1647275592929 0.004135852114292806 1391
1647275593063 0.00409730283876496 1392
1647275593202 0.004058918026090744 1393
1647275593333 0.0040206979782812045 1394
1647275593472 0.003982642996051044 1395
1647275593606 0.003944753378816211 1396
1647275593743 0.0039070294246915695 1397
1647275593875 0.0038694714304885495 1398
1647275594007 0.0038320796917128202 1399
1647275594086 0.0037948545025619424 1400
1647275599000 0.0037577961559230786 1401
1647275599148 0.003720904943370664 1402
1647275599295 0.0036841811551641315 1403
1647275599429 0.003647625080245636 1404
1647275599570 0.003611237006237749 1405
1647275599704 0.003575017219441219 1406
1647275599844 0.003538966004832708 1407
1647275599983 0.0035030836460625703 1408
1647275600119 0.0034673704254526 1409
1647275600254 0.003431826623993802 1410
1647275600386 0.00339645252134421 1411
1647275600524 0.0033612483958266547 1412
1647275600656 0.0033262145244266086 1413
1647275600802 0.003291351182789975 1414
1647275600937 0.003256658645220932 1415
1647275601072 0.003222137184679781 1416
1647275601214 0.0031877870727807785 1417
1647275601367 0.0031536085797900354 1418
1647275601513 0.003119601974623349 1419
1647275601647 0.0030857675248441136 1420
1647275601794 0.003052105496661199 1421
1647275601930 0.003018616154926885 1422
1647275602066 0.002985299763134736 1423
1647275602202 0.0029521565834175617 1424
1647275602336 0.0029191868765453353 1425
1647275602471 0.0028863909019231464 1426
1647275602617 0.0028537689175891774 1427
1647275602749 0.0028213211802126455 1428
1647275602912 0.002789047945091794 1429
1647275603048 0.002756949466151888 1430
1647275603182 0.0027250259959432244 1431
1647275603315 0.002693277785639119 1432
1647275603448 0.0026617050850339537 1433
1647275603597 0.0026303081425411968 1434
1647275603737 0.0025990872051914688 1435
1647275603872 0.0025680425186305703 1436
1647275604015 0.0025371743271175706 1437
1647275604148 0.0025064828735228734 1438
1647275604279 0.0024759683993263145 1439
1647275604368 0.0024456311446152644 1440
1647275609236 0.002415471348082729 1441
1647275609383 0.0023854892470254662 1442
1647275609524 0.002355685077342152 1443
1647275609665 0.0023260590735314783 1444
1647275609796 0.0022966114686903487 1445
1647275609942 0.002267342494512014 1446
1647275610079 0.00223825238128427 1447
1647275610212 0.0022093413578876298 1448
1647275610350 0.0021806096517935337 1449
1647275610494 0.002152057489062564 1450
1647275610642 0.002123685094342652 1451
1647275610778 0.0020954926908673156 1452
1647275610911 0.0020674805004539045 1453
1647275611047 0.0020396487435018675 1454
1647275611186 0.002011997638990991 1455
1647275611322 0.0019845274044796943 1456
1647275611468 0.001957238256103316 1457
1647275611604 0.0019301304085724185 1458
1647275611735 0.0019032040751710828 1459
1647275611867 0.001876459467755246 1460
1647275612018 0.0018498967967510234 1461
1647275612172 0.0018235162711530552 1462
1647275612309 0.0017973180985228808 1463
1647275612442 0.0017713024849872693 1464
1647275612587 0.0017454696352366319 1465
1647275612719 0.0017198197525233867 1466
1647275612858 0.001694353038660384 1467
1647275612991 0.0016690696940192908 1468
1647275613124 0.0016439699175290368 1469
1647275613260 0.0016190539066742297 1470
1647275613397 0.001594321857493634 1471
1647275613530 0.0015697739645785854 1472
1647275613662 0.0015454104210714911 1473
1647275613807 0.0015212314186642984 1474
1647275613940 0.001497237147596981 1475
1647275614088 0.0014734277966560693 1476
1647275614222 0.0014498035531731192 1477
1647275614352 0.001426364603023291 1478
1647275614484 0.0014031111306238415 1479
1647275614564 0.0013800433189326954 1480
1647275615419 0.001357161349447005 1481
1647275615560 0.001334465402201722 1482
1647275615699 0.0013119556557681703 1483
1647275615836 0.0012896322872526537 1484
1647275615972 0.0012674954722950522 1485
1647275616120 0.001245545385067462 1486
1647275616254 0.0012237821982727913 1487
1647275616398 0.001202206083143424 1488
1647275616531 0.0011808172094398641 1489
1647275616686 0.0011596157454494165 1490
1647275616835 0.0011386018579848355 1491
1647275616968 0.001117775712383031 1492
1647275617113 0.001097137472503759 1493
1647275617249 0.0010766873007283526 1494
1647275617384 0.0010564253579584072 1495
1647275617518 0.0010363518036145473 1496
1647275617660 0.0010164667956351614 1497
1647275617793 0.0009967704904751474 1498
1647275617928 0.0009772630431047072 1499
1647275618059 0.000957944607008105 1500
1647275618192 0.0009388153341824663 1501
1647275618322 0.0009198753751365829 1502
1647275618455 0.0009011248788897387 1503
1647275618589 0.0008825639929705155 1504
1647275618742 0.0008641928634156506 1505
1647275618875 0.0008460116347688782 1506
1647275619025 0.0008280204500797953 1507
1647275619164 0.000810219450902742 1508
1647275619294 0.0007926087772956788 1509
1647275619428 0.0007751885678190833 1510
1647275619561 0.0007579589595348658 1511
1647275619692 0.0007409200880052981 1512
1647275619823 0.0007240720872919328 1513
1647275619954 0.0007074150899545499 1514
1647275620087 0.0006909492270501259 1515
1647275620220 0.0006746746281317828 1516
1647275620353 0.0006585914212477994 1517
1647275620489 0.0006426997329405706 1518
1647275620623 0.0006269996882456277 1519
1647275620711 0.0006114914106906617 1520
