1647275290069 1.1511683464050293 0
1647275304752 0.9002528786659241 1
1647275310988 0.84353107213974 2
1647275317353 0.6674506068229675 3
1647275323559 0.6423001885414124 4
1647275329704 0.8458513617515564 5
1647275339959 0.9019544124603271 6
1647275346155 0.6240518689155579 7
1647275356431 0.6024316549301147 8
1647275366719 0.6374493837356567 9
1647275376882 0.5295271873474121 10
1647275383116 0.45939797163009644 11
1647275389420 0.45846185088157654 12
1647275399661 0.41828757524490356 13
1647275405842 0.3905515968799591 14
1647275416113 0.472836971282959 15
1647275426301 0.43210363388061523 16
1647275436623 0.28339141607284546 17
1647275446722 0.3005329966545105 18
1647275457020 0.33119621872901917 19
1647275463407 0.27403131127357483 20
1647275469726 0.21464549005031586 21
1647275476035 0.2109377682209015 22
1647275486118 0.24163806438446045 23
1647275496334 0.23283201456069946 24
1647275506615 0.19827699661254883 25
1647275512711 0.14251111447811127 26
1647275523023 0.22579890489578247 27
1647275533343 0.13516436517238617 28
1647275543493 0.11481965333223343 29
1647275553707 0.18914242088794708 30
1647275563975 0.13914170861244202 31
1647275574138 0.133739173412323 32
1647275584422 0.14568105340003967 33
1647275594679 0.14020855724811554 34
1647275604946 0.13028296828269958 35
1647275615151 0.13587456941604614 36
1647275621405 0.11134494841098785 37
1647275657090 0.2109377682209015 38
