1647275273387 0.95 0
1647275281544 0.9499989290832064 1
1647275281798 0.9499957163787003 2
1647275281938 0.9499903620241033 3
1647275282074 0.9499828662487778 4
1647275282210 0.9499732293738182 5
1647275282341 0.9499614518120361 6
1647275282479 0.949947534067943 7
1647275282623 0.9499314767377286 8
1647275282760 0.9499132805092357 9
1647275282897 0.9498929461619301 10
1647275283031 0.9498704745668676 11
1647275283164 0.9498458666866564 12
1647275283303 0.9498191235754162 13
1647275283444 0.949790246378733 14
1647275283581 0.9497592363336098 15
1647275283724 0.9497260947684136 16
1647275283856 0.9496908231028188 17
1647275283988 0.9496534228477462 18
1647275284139 0.9496138956052983 19
1647275284275 0.9495722430686905 20
1647275284416 0.9495284670221789 21
1647275284555 0.9494825693409835 22
1647275284688 0.9494345519912083 23
1647275284828 0.9493844170297568 24
1647275284967 0.9493321666042439 25
1647275285119 0.9492778029529039 26
1647275285253 0.9492213284044946 27
1647275285384 0.9491627453781977 28
1647275285517 0.9491020563835152 29
1647275285646 0.9490392640201615 30
1647275285780 0.9489743709779526 31
1647275285919 0.9489073800366903 32
1647275286051 0.9488382940660436 33
1647275286183 0.9487671160254256 34
1647275286330 0.9486938489638667 35
1647275286460 0.9486184960198838 36
1647275286599 0.9485410604213463 37
1647275286742 0.9484615454853377 38
1647275286877 0.9483799546180129 39
1647275287937 0.9482962913144534 40
1647275298635 0.9482105591585164 41
1647275298793 0.9481227618226823 42
1647275298930 0.9480329030678967 43
1647275299066 0.9479409867434097 44
1647275299200 0.9478470167866104 45
1647275299337 0.9477509972228593 46
1647275299481 0.9476529321653148 47
1647275299642 0.9475528258147576 48
1647275299785 0.9474506824594107 49
1647275299924 0.9473465064747553 50
1647275300065 0.9472403023233439 51
1647275300217 0.9471320745546089 52
1647275300357 0.9470218278046677 53
1647275300503 0.9469095667961241 54
1647275300638 0.9467952963378663 55
1647275300781 0.94667902132486 56
1647275300915 0.9465607467379401 57
1647275301050 0.9464404776435962 58
1647275301183 0.9463182191937558 59
1647275301320 0.9461939766255643 60
1647275301452 0.9460677552611596 61
1647275301591 0.9459395605074449 62
1647275301730 0.9458093978558567 63
1647275301887 0.94567727288213 64
1647275302024 0.9455431912460588 65
1647275302159 0.945407158691254 66
1647275302302 0.9452691810448978 67
1647275302436 0.945129264217493 68
1647275302572 0.944987414202611 69
1647275302713 0.9448436370766343 70
1647275302861 0.9446979389984965 71
1647275302993 0.9445503262094184 72
1647275303131 0.9444008050326403 73
1647275303267 0.9442493818731521 74
1647275303407 0.9440960632174177 75
1647275303541 0.9439408556330983 76
1647275303675 0.94378376576877 77
1647275303819 0.9436248003536398 78
1647275303952 0.9434639661972571 79
1647275304052 0.9433012701892219 80
1647275305058 0.9431367192988895 81
1647275305200 0.9429703205750726 82
1647275305340 0.9428020811457385 83
1647275305476 0.9426320082177045 84
1647275305622 0.9424601090763289 85
1647275305761 0.9422863910851986 86
1647275305899 0.9421108616858143 87
1647275306044 0.9419335283972712 88
1647275306180 0.9417543988159371 89
1647275306315 0.9415734806151272 90
1647275306449 0.9413907815447751 91
1647275306582 0.9412063094311007 92
1647275306724 0.9410200721762756 93
1647275306876 0.9408320777580839 94
1647275307024 0.9406423342295808 95
1647275307157 0.9404508497187474 96
1647275307298 0.9402576324281429 97
1647275307439 0.9400626906345529 98
1647275307579 0.9398660326886353 99
1647275307718 0.9396676670145617 100
1647275307852 0.9394676021096574 101
1647275307988 0.9392658465440372 102
1647275308141 0.9390624089602378 103
1647275308279 0.9388572980728485 104
1647275308432 0.9386505226681368 105
1647275308564 0.938442091603673 106
1647275308700 0.93823201380795 107
1647275308837 0.9380202982800016 108
1647275308975 0.937806954089016 109
1647275309111 0.9375919903739488 110
1647275309252 0.9373754163431298 111
1647275309385 0.9371572412738697 112
1647275309516 0.9369374745120622 113
1647275309655 0.9367161254717842 114
1647275309789 0.9364932036348917 115
1647275309921 0.9362687185506143 116
1647275310056 0.9360426798351459 117
1647275310188 0.9358150971712327 118
1647275310326 0.9355859803077585 119
1647275310411 0.9353553390593273 120
1647275311288 0.9351231833058425 121
1647275311432 0.9348895229920839 122
1647275311566 0.9346543681272818 123
1647275311707 0.9344177287846877 124
1647275311855 0.9341796151011436 125
1647275311993 0.9339400372766471 126
1647275312128 0.9336990055739148 127
1647275312272 0.9334565303179428 128
1647275312404 0.9332126218955641 129
1647275312542 0.9329672907550034 130
1647275312682 0.9327205474054305 131
1647275312822 0.9324724024165091 132
1647275312966 0.9322228664179448 133
1647275313105 0.9319719500990292 134
1647275313244 0.9317196642081822 135
1647275313387 0.9314660195524919 136
1647275313525 0.9312110269972509 137
1647275313660 0.9309546974654916 138
1647275313801 0.9306970419375182 139
1647275313955 0.930438071450436 140
1647275314094 0.9301777970976786 141
1647275314229 0.9299162300285329 142
1647275314365 0.9296533814476619 143
1647275314501 0.9293892626146236 144
1647275314648 0.92912388484339 145
1647275314786 0.9288572595018616 146
1647275314921 0.9285893980113806 147
1647275315064 0.9283203118462416 148
1647275315207 0.9280500125332005 149
1647275315341 0.92777851165098 150
1647275315477 0.9275058208297746 151
1647275315615 0.9272319517507513 152
1647275315748 0.92695691614555 153
1647275315883 0.9266807257957805 154
1647275316025 0.9264033925325184 155
1647275316173 0.9261249282357974 156
1647275316315 0.9258453448341013 157
1647275316448 0.9255646543038526 158
1647275316580 0.9252828686688992 159
1647275316662 0.9249999999999999 160
1647275317643 0.9247160604143072 161
1647275317785 0.9244310620748477 162
1647275317933 0.9241450171900019 163
1647275318067 0.9238579380129803 164
1647275318203 0.9235698368412999 165
1647275318351 0.9232807260162555 166
1647275318486 0.922990617922393 167
1647275318637 0.9226995249869773 168
1647275318773 0.9224074596794611 169
1647275318907 0.92211443451095 170
1647275319056 0.9218204620336671 171
1647275319193 0.9215255548404148 172
1647275319325 0.9212297255640356 173
1647275319461 0.9209329868768714 174
1647275319593 0.9206353514902197 175
1647275319725 0.9203368321537899 176
1647275319862 0.920037441655157 177
1647275319997 0.9197371928192133 178
1647275320145 0.9194360985076198 179
1647275320280 0.9191341716182544 180
1647275320414 0.9188314250846605 181
1647275320558 0.9185278718754918 182
1647275320692 0.9182235249939574 183
1647275320829 0.917918397477265 184
1647275320965 0.9176125023960616 185
1647275321099 0.9173058528538747 186
1647275321236 0.9169984619865497 187
1647275321371 0.9166903429616885 188
1647275321507 0.9163815089780847 189
1647275321648 0.9160719732651581 190
1647275321784 0.9157617490823885 191
1647275321916 0.9154508497187474 192
1647275322058 0.9151392884921287 193
1647275322200 0.9148270787487786 194
1647275322334 0.9145142338627231 195
1647275322479 0.9142007672351962 196
1647275322611 0.9138866922940646 197
1647275322743 0.9135720224932536 198
1647275322875 0.9132567713121704 199
1647275322970 0.912940952255126 200
1647275323849 0.9126245788507579 201
1647275324001 0.9123076646514496 202
1647275324140 0.9119902232327508 203
1647275324283 0.9116722681927952 204
1647275324415 0.9113538131517186 205
1647275324549 0.911034871751075 206
1647275324687 0.9107154576532525 207
1647275324818 0.910395584540888 208
1647275324951 0.9100752661162809 209
1647275325096 0.9097545161008064 210
1647275325236 0.9094333482343278 211
1647275325378 0.9091117762746074 212
1647275325510 0.9087898139967177 213
1647275325656 0.9084674751924512 214
1647275325799 0.9081447736697295 215
1647275325931 0.9078217232520115 216
1647275326066 0.9074983377777022 217
1647275326202 0.907174631099559 218
1647275326337 0.9068506170840984 219
1647275326469 0.9065263096110026 220
1647275326601 0.9062017225725243 221
1647275326737 0.9058768698728918 222
1647275326879 0.9055517654277139 223
1647275327012 0.9052264231633826 224
1647275327148 0.904900857016478 225
1647275327293 0.9045750809331701 226
1647275327430 0.9042491088686221 227
1647275327562 0.9039229547863922 228
1647275327700 0.903596632657836 229
1647275327837 0.9032701564615071 230
1647275327973 0.9029435401825594 231
1647275328106 0.9026167978121472 232
1647275328240 0.902289943346826 233
1647275328375 0.9019629907879534 234
1647275328512 0.9016359541410888 235
1647275328643 0.9013088474153936 236
1647275328775 0.9009816846230314 237
1647275328915 0.9006544797785672 238
1647275329048 0.9003272468983675 239
1647275329130 0.8999999999999999 240
1647275334119 0.8996727531016324 241
1647275334279 0.8993455202214328 242
1647275334431 0.8990183153769685 243
1647275334563 0.8986911525846063 244
1647275334693 0.8983640458589112 245
1647275334830 0.8980370092120465 246
1647275334965 0.8977100566531739 247
1647275335106 0.8973832021878527 248
1647275335245 0.8970564598174405 249
1647275335385 0.8967298435384928 250
1647275335519 0.896403367342164 251
1647275335666 0.8960770452136078 252
1647275335802 0.8957508911313778 253
1647275335938 0.8954249190668299 254
1647275336074 0.8950991429835219 255
1647275336216 0.8947735768366173 256
1647275336356 0.8944482345722861 257
1647275336488 0.8941231301271081 258
1647275336626 0.8937982774274758 259
1647275336768 0.8934736903889974 260
1647275336904 0.8931493829159016 261
1647275337038 0.8928253689004411 262
1647275337172 0.8925016622222977 263
1647275337307 0.8921782767479884 264
1647275337445 0.8918552263302706 265
1647275337590 0.8915325248075487 266
1647275337725 0.8912101860032823 267
1647275337859 0.8908882237253926 268
1647275337992 0.8905666517656722 269
1647275338125 0.8902454838991936 270
1647275338263 0.8899247338837191 271
1647275338402 0.8896044154591121 272
1647275338532 0.8892845423467475 273
1647275338664 0.8889651282489249 274
1647275338794 0.8886461868482813 275
1647275338926 0.8883277318072047 276
1647275339058 0.8880097767672491 277
1647275339189 0.8876923353485503 278
1647275339319 0.8873754211492421 279
1647275339403 0.8870590477448739 280
1647275340250 0.8867432286878296 281
1647275340410 0.8864279775067463 282
1647275340545 0.8861133077059353 283
1647275340694 0.8857992327648039 284
1647275340824 0.8854857661372768 285
1647275340965 0.8851729212512214 286
1647275341115 0.8848607115078713 287
1647275341254 0.8845491502812526 288
1647275341399 0.8842382509176115 289
1647275341540 0.8839280267348419 290
1647275341675 0.8836184910219153 291
1647275341839 0.8833096570383114 292
1647275341973 0.8830015380134503 293
1647275342115 0.8826941471461253 294
1647275342251 0.8823874976039383 295
1647275342382 0.8820816025227349 296
1647275342518 0.8817764750060425 297
1647275342666 0.8814721281245081 298
1647275342799 0.8811685749153394 299
1647275342943 0.8808658283817454 300
1647275343076 0.8805639014923802 301
1647275343207 0.8802628071807866 302
1647275343346 0.8799625583448429 303
1647275343480 0.87966316784621 304
1647275343622 0.8793646485097802 305
1647275343757 0.8790670131231286 306
1647275343896 0.8787702744359643 307
1647275344032 0.8784744451595852 308
1647275344163 0.8781795379663329 309
1647275344300 0.87788556548905 310
1647275344439 0.8775925403205389 311
1647275344569 0.8773004750130227 312
1647275344713 0.877009382077607 313
1647275344857 0.8767192739837444 314
1647275344989 0.8764301631587 315
1647275345121 0.8761420619870195 316
1647275345250 0.8758549828099981 317
1647275345382 0.8755689379251522 318
1647275345514 0.8752839395856927 319
1647275345591 0.875 320
1647275350544 0.8747171313311007 321
1647275350720 0.8744353456961473 322
1647275350859 0.8741546551658986 323
1647275350996 0.8738750717642025 324
1647275351130 0.8735966074674816 325
1647275351275 0.8733192742042194 326
1647275351409 0.87304308385445 327
1647275351542 0.8727680482492486 328
1647275351684 0.8724941791702253 329
1647275351820 0.8722214883490199 330
1647275351956 0.8719499874667995 331
1647275352093 0.8716796881537583 332
1647275352223 0.8714106019886194 333
1647275352356 0.8711427404981383 334
1647275352487 0.8708761151566099 335
1647275352627 0.8706107373853763 336
1647275352773 0.8703466185523381 337
1647275352909 0.870083769971467 338
1647275353045 0.8698222029023214 339
1647275353187 0.8695619285495639 340
1647275353319 0.8693029580624816 341
1647275353459 0.8690453025345083 342
1647275353596 0.868788973002749 343
1647275353739 0.8685339804475081 344
1647275353883 0.8682803357918177 345
1647275354018 0.8680280499009707 346
1647275354158 0.8677771335820551 347
1647275354302 0.8675275975834909 348
1647275354434 0.8672794525945695 349
1647275354585 0.8670327092449965 350
1647275354722 0.866787378104436 351
1647275354851 0.8665434696820571 352
1647275354987 0.8663009944260851 353
1647275355119 0.8660599627233528 354
1647275355253 0.8658203848988564 355
1647275355396 0.8655822712153123 356
1647275355526 0.8653456318727182 357
1647275355660 0.865110477007916 358
1647275355798 0.8648768166941574 359
1647275355875 0.8646446609406726 360
1647275360765 0.8644140196922414 361
1647275360912 0.8641849028287673 362
1647275361053 0.863957320164854 363
1647275361183 0.8637312814493856 364
1647275361330 0.8635067963651082 365
1647275361472 0.8632838745282158 366
1647275361632 0.8630625254879377 367
1647275361779 0.8628427587261303 368
1647275361924 0.8626245836568701 369
1647275362055 0.8624080096260511 370
1647275362189 0.8621930459109839 371
1647275362336 0.8619797017199984 372
1647275362479 0.86176798619205 373
1647275362640 0.861557908396327 374
1647275362813 0.8613494773318632 375
1647275362954 0.8611427019271515 376
1647275363086 0.8609375910397621 377
1647275363241 0.8607341534559627 378
1647275363374 0.8605323978903425 379
1647275363505 0.8603323329854382 380
1647275363642 0.8601339673113646 381
1647275363775 0.859937309365447 382
1647275363910 0.8597423675718571 383
1647275364043 0.8595491502812526 384
1647275364178 0.8593576657704192 385
1647275364309 0.8591679222419161 386
1647275364451 0.8589799278237243 387
1647275364583 0.8587936905688992 388
1647275364713 0.8586092184552249 389
1647275364847 0.8584265193848727 390
1647275364980 0.8582456011840628 391
1647275365111 0.8580664716027288 392
1647275365259 0.8578891383141857 393
1647275365387 0.8577136089148013 394
1647275365537 0.857539890923671 395
1647275365666 0.8573679917822954 396
1647275365799 0.8571979188542614 397
1647275365947 0.8570296794249274 398
1647275366080 0.8568632807011104 399
1647275366160 0.856698729810778 400
1647275370983 0.8565360338027428 401
1647275371158 0.8563751996463601 402
1647275371302 0.85621623423123 403
1647275371433 0.8560591443669017 404
1647275371579 0.8559039367825823 405
1647275371726 0.8557506181268479 406
1647275371865 0.8555991949673596 407
1647275372003 0.8554496737905816 408
1647275372136 0.8553020610015034 409
1647275372271 0.8551563629233656 410
1647275372404 0.8550125857973889 411
1647275372541 0.8548707357825069 412
1647275372686 0.8547308189551022 413
1647275372817 0.8545928413087459 414
1647275372958 0.8544568087539411 415
1647275373091 0.8543227271178699 416
1647275373223 0.8541906021441432 417
1647275373366 0.8540604394925551 418
1647275373502 0.8539322447388403 419
1647275373632 0.8538060233744357 420
1647275373790 0.853681780806244 421
1647275373929 0.8535595223564038 422
1647275374061 0.8534392532620598 423
1647275374205 0.8533209786751399 424
1647275374336 0.8532047036621337 425
1647275374479 0.8530904332038758 426
1647275374609 0.8529781721953322 427
1647275374751 0.852867925445391 428
1647275374891 0.852759697676656 429
1647275375023 0.8526534935252447 430
1647275375155 0.8525493175405893 431
1647275375295 0.8524471741852423 432
1647275375430 0.8523470678346852 433
1647275375560 0.8522490027771407 434
1647275375702 0.8521529832133895 435
1647275375838 0.8520590132565903 436
1647275375968 0.8519670969321033 437
1647275376105 0.8518772381773176 438
1647275376239 0.8517894408414836 439
1647275376318 0.8517037086855466 440
1647275377200 0.851620045381987 441
1647275377347 0.8515384545146623 442
1647275377496 0.8514589395786536 443
1647275377636 0.8513815039801161 444
1647275377772 0.8513061510361333 445
1647275377912 0.8512328839745743 446
1647275378047 0.8511617059339563 447
1647275378183 0.8510926199633096 448
1647275378331 0.8510256290220474 449
1647275378467 0.8509607359798385 450
1647275378599 0.8508979436164847 451
1647275378737 0.8508372546218023 452
1647275378876 0.8507786715955054 453
1647275379021 0.8507221970470961 454
1647275379157 0.850667833395756 455
1647275379293 0.8506155829702431 456
1647275379426 0.8505654480087916 457
1647275379562 0.8505174306590164 458
1647275379699 0.8504715329778211 459
1647275379838 0.8504277569313095 460
1647275379973 0.8503861043947016 461
1647275380106 0.8503465771522537 462
1647275380240 0.8503091768971811 463
1647275380393 0.8502739052315863 464
1647275380544 0.8502407636663901 465
1647275380682 0.8502097536212669 466
1647275380828 0.8501808764245837 467
1647275380962 0.8501541333133436 468
1647275381103 0.8501295254331324 469
1647275381256 0.8501070538380698 470
1647275381390 0.8500867194907642 471
1647275381535 0.8500685232622713 472
1647275381669 0.850052465932057 473
1647275381802 0.8500385481879639 474
1647275381943 0.8500267706261817 475
1647275382076 0.8500171337512221 476
1647275382208 0.8500096379758967 477
1647275382343 0.8500042836212996 478
1647275382479 0.8500010709167936 479
1647275382559 0.850000196699576 480
1647275383410 0.8500007867967567 481
1647275383557 0.850001770286899 482
1647275383691 0.850003147162265 483
1647275383835 0.8500049174120212 484
1647275383968 0.8500070810222395 485
1647275384101 0.8500096379758968 486
1647275384243 0.8500125882528746 487
1647275384379 0.8500159318299606 488
1647275384512 0.8500196686808473 489
1647275384648 0.8500237987761334 490
1647275384784 0.8500283220833234 491
1647275384934 0.8500332385668277 492
1647275385078 0.8500385481879639 493
1647275385212 0.8500442509049556 494
1647275385348 0.8500503466729342 495
1647275385483 0.8500568354439383 496
1647275385617 0.8500637171669142 497
1647275385757 0.8500709917877166 498
1647275385897 0.8500786592491092 499
1647275386035 0.8500867194907642 500
1647275386181 0.8500951724492639 501
1647275386328 0.8501040180581007 502
1647275386468 0.8501132562476772 503
1647275386603 0.8501228869453077 504
1647275386743 0.850132910075218 505
1647275386881 0.8501433255585462 506
1647275387016 0.8501541333133436 507
1647275387160 0.8501653332545749 508
1647275387308 0.850176925294119 509
1647275387441 0.8501889093407702 510
1647275387572 0.850201285300238 511
1647275387703 0.8502140530751487 512
1647275387836 0.8502272125650456 513
1647275387969 0.8502407636663901 514
1647275388103 0.8502547062725624 515
1647275388242 0.8502690402738622 516
1647275388383 0.8502837655575097 517
1647275388516 0.850298882007647 518
1647275388647 0.8503143895053379 519
1647275388727 0.8503302879285696 520
1647275393681 0.8503465771522537 521
1647275393852 0.8503632570482268 522
1647275394005 0.8503803274852517 523
1647275394141 0.8503977883290188 524
1647275394274 0.850415639442146 525
1647275394415 0.8504338806841815 526
1647275394546 0.8504525119116032 527
1647275394678 0.8504715329778211 528
1647275394813 0.8504909437331777 529
1647275394950 0.8505107440249495 530
1647275395090 0.8505309336973481 531
1647275395235 0.8505515125915216 532
1647275395368 0.8505724805455556 533
1647275395502 0.8505938373944746 534
1647275395646 0.8506155829702431 535
1647275395798 0.8506377171017675 536
1647275395941 0.8506602396148967 537
1647275396079 0.8506831503324239 538
1647275396213 0.8507064490740882 539
1647275396362 0.8507301356565753 540
1647275396498 0.8507542098935196 541
1647275396630 0.8507786715955054 542
1647275396762 0.8508035205700685 543
1647275396900 0.8508287566216975 544
1647275397036 0.8508543795518357 545
1647275397171 0.8508803891588823 546
1647275397305 0.8509067852381941 547
1647275397446 0.8509335675820872 548
1647275397582 0.8509607359798385 549
1647275397724 0.8509882902176876 550
1647275397885 0.8510162300788382 551
1647275398022 0.85104455534346 552
1647275398174 0.8510732657886902 553
1647275398308 0.8511023611886356 554
1647275398441 0.851131841314374 555
1647275398580 0.8511617059339563 556
1647275398716 0.8511919548124083 557
1647275398855 0.8512225877117321 558
1647275398990 0.8512536043909088 559
1647275399074 0.8512850046058995 560
1647275399944 0.8513167881096481 561
1647275400091 0.8513489546520822 562
1647275400223 0.8513815039801161 563
1647275400361 0.8514144358376524 564
1647275400498 0.8514477499655837 565
1647275400634 0.851481446101795 566
1647275400777 0.8515155239811656 567
1647275400909 0.8515499833355715 568
1647275401043 0.8515848238938869 569
1647275401191 0.851620045381987 570
1647275401322 0.8516556475227497 571
1647275401460 0.8516916300360579 572
1647275401597 0.8517279926388018 573
1647275401737 0.8517647350448811 574
1647275401872 0.8518018569652073 575
1647275402009 0.8518393581077056 576
1647275402146 0.8518772381773176 577
1647275402292 0.8519154968760037 578
1647275402438 0.851954133902745 579
1647275402581 0.851993148953546 580
1647275402718 0.8520325417214372 581
1647275402858 0.8520723118964767 582
1647275402999 0.8521124591657534 583
1647275403131 0.8521529832133895 584
1647275403273 0.8521938837205424 585
1647275403409 0.8522351603654075 586
1647275403546 0.852276812823221 587
1647275403682 0.8523188407662619 588
1647275403815 0.8523612438638551 589
1647275403946 0.852404021782374 590
1647275404080 0.8524471741852423 591
1647275404224 0.8524907007329379 592
1647275404356 0.8525346010829944 593
1647275404487 0.8525788748900048 594
1647275404635 0.8526235218056235 595
1647275404766 0.8526685414785693 596
1647275404913 0.8527139335546282 597
1647275405052 0.852759697676656 598
1647275405184 0.8528058334845816 599
1647275405271 0.852852340615409 600
1647275410216 0.852899218703221 601
1647275410378 0.8529464673791817 602
1647275410527 0.852994086271539 603
1647275410659 0.8530420750056286 604
1647275410792 0.8530904332038758 605
1647275410936 0.8531391604857991 606
1647275411069 0.8531882564680131 607
1647275411236 0.8532377207642315 608
1647275411369 0.85328755298527 609
1647275411504 0.8533377527390495 610
1647275411658 0.8533883196305992 611
1647275411792 0.8534392532620598 612
1647275411924 0.8534905532326862 613
1647275412060 0.8535422191388511 614
1647275412200 0.853594250574048 615
1647275412338 0.8536466471288946 616
1647275412474 0.8536994083911356 617
1647275412612 0.8537525339456462 618
1647275412758 0.8538060233744357 619
1647275412889 0.8538598762566498 620
1647275413021 0.8539140921685753 621
1647275413157 0.8539686706836421 622
1647275413306 0.8540236113724274 623
1647275413447 0.8540789138026589 624
1647275413581 0.854134577539218 625
1647275413714 0.8541906021441432 626
1647275413853 0.8542469871766339 627
1647275413987 0.8543037321930539 628
1647275414119 0.8543608367469341 629
1647275414251 0.8544183003889768 630
1647275414392 0.8544761226670592 631
1647275414523 0.8545343031262365 632
1647275414653 0.8545928413087459 633
1647275414790 0.85465173675401 634
1647275414922 0.8547109889986403 635
1647275415053 0.8547705975764412 636
1647275415194 0.8548305620184135 637
1647275415335 0.8548908818527579 638
1647275415466 0.854951556604879 639
1647275415544 0.8550125857973889 640
1647275420461 0.8550739689501109 641
1647275420605 0.8551357055800834 642
1647275420741 0.8551977952015637 643
1647275420879 0.8552602373260316 644
1647275421029 0.8553230314621937 645
1647275421164 0.8553861771159866 646
1647275421302 0.8554496737905816 647
1647275421433 0.8555135209863877 648
1647275421563 0.8555777182010563 649
1647275421697 0.855642264929485 650
1647275421848 0.855707160663821 651
1647275421980 0.8557724048934658 652
1647275422120 0.855837997105079 653
1647275422252 0.8559039367825823 654
1647275422390 0.8559702234071631 655
1647275422521 0.8560368564572796 656
1647275422652 0.856103835408664 657
1647275422786 0.8561711597343271 658
1647275422930 0.8562388289045623 659
1647275423061 0.8563068423869495 660
1647275423198 0.8563751996463601 661
1647275423334 0.8564439001449601 662
1647275423469 0.8565129433422152 663
1647275423607 0.8565823286948947 664
1647275423752 0.8566520556570758 665
1647275423898 0.856722123680148 666
1647275424038 0.8567925322128173 667
1647275424173 0.8568632807011104 668
1647275424307 0.8569343685883796 669
1647275424445 0.8570057953153064 670
1647275424576 0.8570775603199067 671
1647275424707 0.8571496630375346 672
1647275424850 0.8572221029008871 673
1647275424982 0.8572948793400086 674
1647275425113 0.8573679917822954 675
1647275425249 0.8574414396524999 676
1647275425380 0.8575152223727356 677
1647275425508 0.8575893393624813 678
1647275425639 0.8576637900385857 679
1647275425716 0.8577385738152723 680
1647275430690 0.8578136901041435 681
1647275430856 0.8578891383141857 682
1647275430994 0.8579649178517734 683
1647275431129 0.8580410281206748 684
1647275431264 0.8581174685220555 685
1647275431396 0.8581942384544837 686
1647275431527 0.8582713373139348 687
1647275431657 0.8583487644937964 688
1647275431791 0.8584265193848727 689
1647275431921 0.8585046013753895 690
1647275432058 0.8585830098509991 691
1647275432190 0.8586617441947849 692
1647275432323 0.8587408037872665 693
1647275432455 0.8588201880064043 694
1647275432611 0.8588998962276044 695
1647275432741 0.8589799278237243 696
1647275432883 0.8590602821650765 697
1647275433013 0.8591409586194343 698
1647275433144 0.8592219565520369 699
1647275433283 0.859303275325594 700
1647275433418 0.8593849143002907 701
1647275433548 0.8594668728337931 702
1647275433685 0.8595491502812526 703
1647275433815 0.8596317459953119 704
1647275433950 0.8597146593261091 705
1647275434097 0.8597978896212837 706
1647275434229 0.8598814362259811 707
1647275434360 0.859965298482858 708
1647275434495 0.8600494757320876 709
1647275434630 0.8601339673113646 710
1647275434765 0.860218772555911 711
1647275434896 0.8603038907984802 712
1647275435033 0.8603893213693636 713
1647275435164 0.8604750635963948 714
1647275435302 0.8605611168049554 715
1647275435432 0.8606474803179803 716
1647275435560 0.8607341534559627 717
1647275435692 0.8608211355369599 718
1647275435828 0.8609084258765984 719
1647275435909 0.8609960237880794 720
1647275440914 0.8610839285821836 721
1647275441056 0.861172139567278 722
1647275441202 0.8612606560493199 723
1647275441343 0.8613494773318632 724
1647275441473 0.8614386027160633 725
1647275441606 0.8615280315006835 726
1647275441741 0.8616177629820995 727
1647275441872 0.8617077964543054 728
1647275442005 0.8617981312089196 729
1647275442144 0.8618887665351896 730
1647275442276 0.8619797017199984 731
1647275442407 0.8620709360478693 732
1647275442543 0.8621624688009724 733
1647275442673 0.8622542992591292 734
1647275442804 0.8623464266998194 735
1647275442943 0.8624388503981859 736
1647275443074 0.8625315696270406 737
1647275443223 0.8626245836568701 738
1647275443373 0.8627178917558417 739
1647275443503 0.8628114931898088 740
1647275443638 0.8629053872223168 741
1647275443768 0.8629995731146092 742
1647275443902 0.8630940501256329 743
1647275444038 0.8631888175120445 744
1647275444184 0.8632838745282156 745
1647275444312 0.8633792204262395 746
1647275444449 0.8634748544559361 747
1647275444580 0.8635707758648584 748
1647275444712 0.8636669838982987 749
1647275444856 0.8637634777992934 750
1647275444990 0.8638602568086304 751
1647275445122 0.863957320164854 752
1647275445257 0.8640546671042715 753
1647275445392 0.8641522968609586 754
1647275445523 0.8642502086667662 755
1647275445662 0.8643484017513259 756
1647275445796 0.864446875342056 757
1647275445928 0.8645456286641681 758
1647275446060 0.8646446609406726 759
1647275446140 0.8647439713923853 760
1647275451148 0.8648435592379334 761
1647275451301 0.8649434236937613 762
1647275451440 0.8650435639741371 763
1647275451572 0.8651439792911588 764
1647275451713 0.8652446688547605 765
1647275451843 0.8653456318727182 766
1647275452003 0.8654468675506567 767
1647275452135 0.8655483750920555 768
1647275452270 0.8656501536982549 769
1647275452413 0.8657522025684625 770
1647275452547 0.8658545208997597 771
1647275452691 0.8659571078871073 772
1647275452825 0.8660599627233528 773
1647275452958 0.8661630845992363 774
1647275453096 0.8662664727033963 775
1647275453230 0.8663701262223771 776
1647275453365 0.8664740443406345 777
1647275453508 0.8665782262405425 778
1647275453643 0.8666826711023998 779
1647275453778 0.8667873781044358 780
1647275453924 0.8668923464228179 781
1647275454060 0.8669975752316569 782
1647275454193 0.8671030637030144 783
1647275454334 0.8672088110069087 784
1647275454469 0.8673148163113221 785
1647275454615 0.8674210787822066 786
1647275454745 0.8675275975834909 787
1647275454878 0.8676343718770866 788
1647275455012 0.8677414008228956 789
1647275455147 0.867848683578816 790
1647275455287 0.8679562193007487 791
1647275455425 0.8680640071426048 792
1647275455557 0.8681720462563111 793
1647275455689 0.8682803357918177 794
1647275455825 0.8683888748971045 795
1647275455957 0.8684976627181876 796
1647275456101 0.8686066983991263 797
1647275456244 0.8687159810820296 798
1647275456380 0.8688255099070633 799
1647275456462 0.8689352840124565 800
1647275457303 0.8690453025345083 801
1647275457456 0.8691555646075948 802
1647275457590 0.869266069364176 803
1647275457725 0.8693768159348024 804
1647275457862 0.8694878034481218 805
1647275457994 0.8695990310308862 806
1647275458142 0.869710497807959 807
1647275458272 0.8698222029023214 808
1647275458417 0.8699341454350797 809
1647275458563 0.8700463245254719 810
1647275458702 0.8701587392908747 811
1647275458849 0.870271388846811 812
1647275458982 0.8703842723069556 813
1647275459115 0.8704973887831435 814
1647275459253 0.8706107373853763 815
1647275459384 0.870724317221829 816
1647275459518 0.8708381273988574 817
1647275459658 0.8709521670210049 818
1647275459793 0.8710664351910097 819
1647275459931 0.8711809310098119 820
1647275460071 0.8712956535765601 821
1647275460204 0.8714106019886194 822
1647275460355 0.8715257753415774 823
1647275460499 0.8716411727292521 824
1647275460652 0.8717567932436991 825
1647275460810 0.8718726359752178 826
1647275460965 0.8719887000123598 827
1647275461100 0.8721049844419351 828
1647275461235 0.8722214883490198 829
1647275461377 0.8723382108169633 830
1647275461510 0.8724551509273948 831
1647275461643 0.8725723077602319 832
1647275461786 0.8726896803936864 833
1647275461923 0.8728072679042725 834
1647275462067 0.8729250693668137 835
1647275462201 0.87304308385445 836
1647275462334 0.8731613104386453 837
1647275462483 0.8732797481891952 838
1647275462617 0.8733983961742331 839
1647275462696 0.8735172534602389 840
1647275463701 0.8736363191120455 841
1647275463841 0.8737555921928462 842
1647275463988 0.8738750717642025 843
1647275464125 0.8739947568860512 844
1647275464258 0.8741146466167118 845
1647275464407 0.8742347400128939 846
1647275464542 0.8743550361297047 847
1647275464674 0.8744755340206563 848
1647275464809 0.8745962327376735 849
1647275464951 0.8747171313311007 850
1647275465087 0.87483822884971 851
1647275465225 0.874959524340708 852
1647275465360 0.8750810168497438 853
1647275465509 0.8752027054209166 854
1647275465654 0.8753245890967827 855
1647275465793 0.8754466669183633 856
1647275465929 0.8755689379251522 857
1647275466063 0.8756914011551233 858
1647275466210 0.875814055644738 859
1647275466346 0.8759369004289527 860
1647275466478 0.8760599345412268 861
1647275466626 0.8761831570135301 862
1647275466763 0.87630656687635 863
1647275466898 0.8764301631587 864
1647275467036 0.8765539448881268 865
1647275467168 0.8766779110907175 866
1647275467301 0.8768020607911082 867
1647275467436 0.8769263930124914 868
1647275467587 0.8770509067766231 869
1647275467727 0.8771756011038311 870
1647275467862 0.8773004750130227 871
1647275467995 0.8774255275216918 872
1647275468142 0.8775507576459277 873
1647275468277 0.8776761644004218 874
1647275468408 0.8778017467984759 875
1647275468541 0.8779275038520097 876
1647275468671 0.8780534345715689 877
1647275468805 0.8781795379663329 878
1647275468940 0.878305813044122 879
1647275469019 0.8784322588114064 880
1647275470006 0.8785588742733126 881
1647275470159 0.8786856584336326 882
1647275470296 0.8788126102948306 883
1647275470428 0.8789397288580514 884
1647275470571 0.8790670131231286 885
1647275470704 0.8791944620885915 886
1647275470849 0.8793220747516739 887
1647275470988 0.8794498501083217 888
1647275471121 0.8795777871532001 889
1647275471260 0.8797058848797031 890
1647275471392 0.8798341422799597 891
1647275471524 0.8799625583448429 892
1647275471667 0.8800911320639773 893
1647275471804 0.880219862425747 894
1647275471942 0.8803487484173038 895
1647275472082 0.8804777890245747 896
1647275472214 0.8806069832322707 897
1647275472367 0.8807363300238937 898
1647275472502 0.8808658283817454 899
1647275472641 0.8809954772869351 900
1647275472791 0.8811252757193871 901
1647275472923 0.8812552226578497 902
1647275473057 0.8813853170799028 903
1647275473192 0.8815155579619652 904
1647275473329 0.8816459442793042 905
1647275473465 0.8817764750060425 906
1647275473611 0.8819071491151663 907
1647275473750 0.8820379655785342 908
1647275473896 0.8821689233668843 909
1647275474036 0.882300021449843 910
1647275474169 0.8824312587959329 911
1647275474303 0.8825626343725805 912
1647275474443 0.8826941471461254 913
1647275474578 0.8828257960818269 914
1647275474713 0.8829575801438737 915
1647275474846 0.883089498295391 916
1647275474979 0.8832215494984489 917
1647275475122 0.8833537327140709 918
1647275475254 0.8834860469022416 919
1647275475339 0.8836184910219153 920
1647275480293 0.8837510640310239 921
1647275480442 0.883883764886485 922
1647275480576 0.8840165925442109 923
1647275480707 0.8841495459591155 924
1647275480844 0.8842826240851238 925
1647275480995 0.8844158258751793 926
1647275481136 0.8845491502812526 927
1647275481270 0.8846825962543494 928
1647275481402 0.8848161627445192 929
1647275481549 0.8849498487008631 930
1647275481679 0.8850836530715421 931
1647275481816 0.8852175748037859 932
1647275481952 0.8853516128439005 933
1647275482087 0.8854857661372768 934
1647275482230 0.8856200336283991 935
1647275482365 0.8857544142608529 936
1647275482502 0.8858889069773338 937
1647275482646 0.8860235107196553 938
1647275482780 0.8861582244287575 939
1647275482918 0.8862930470447151 940
1647275483068 0.8864279775067463 941
1647275483204 0.8865630147532202 942
1647275483346 0.8866981577216662 943
1647275483480 0.8868334053487817 944
1647275483620 0.8869687565704407 945
1647275483764 0.8871042103217021 946
1647275483899 0.8872397655368178 947
1647275484032 0.8873754211492421 948
1647275484170 0.8875111760916387 949
1647275484302 0.8876470292958899 950
1647275484434 0.8877829796931053 951
1647275484564 0.8879190262136292 952
1647275484694 0.8880551677870501 953
1647275484824 0.8881914033422083 954
1647275484955 0.8883277318072047 955
1647275485093 0.8884641521094093 956
1647275485227 0.8886006631754696 957
1647275485357 0.8887372639313187 958
1647275485488 0.8888739533021842 959
1647275485566 0.8890107302125965 960
1647275490513 0.8891475935863972 961
1647275490685 0.8892845423467475 962
1647275490819 0.8894215754161369 963
1647275490962 0.8895586917163915 964
1647275491099 0.8896958901686827 965
1647275491228 0.8898331696935353 966
1647275491374 0.8899705292108363 967
1647275491507 0.8901079676398435 968
1647275491638 0.8902454838991936 969
1647275491788 0.8903830769069109 970
1647275491919 0.890520745580416 971
1647275492056 0.8906584888365342 972
1647275492199 0.8907963055915039 973
1647275492331 0.890934194760985 974
1647275492463 0.8910721552600681 975
1647275492593 0.8912101860032823 976
1647275492724 0.8913482859046038 977
1647275492858 0.8914864538774652 978
1647275493003 0.8916246888347632 979
1647275493141 0.8917629896888672 980
1647275493273 0.891901355351629 981
1647275493409 0.8920397847343893 982
1647275493543 0.8921782767479884 983
1647275493675 0.8923168303027734 984
1647275493823 0.8924554443086073 985
1647275493955 0.8925941176748776 986
1647275494099 0.8927328493105043 987
1647275494233 0.8928716381239494 988
1647275494368 0.8930104830232249 989
1647275494499 0.8931493829159015 990
1647275494632 0.8932883367091172 991
1647275494764 0.8934273433095857 992
1647275494898 0.8935664016236058 993
1647275495028 0.8937055105570687 994
1647275495164 0.8938446690154678 995
1647275495304 0.8939838759039067 996
1647275495434 0.8941231301271081 997
1647275495567 0.8942624305894219 998
1647275495697 0.8944017761948346 999
1647275495778 0.8945411658469772 1000
1647275500745 0.8946805984491344 1001
1647275500890 0.8948200729042528 1002
1647275501030 0.8949595881149497 1003
1647275501171 0.8950991429835219 1004
1647275501310 0.8952387364119541 1005
1647275501444 0.8953783673019273 1006
1647275501577 0.8955180345548283 1007
1647275501720 0.8956577370717573 1008
1647275501850 0.8957974737535376 1009
1647275501982 0.895937243500723 1010
1647275502122 0.8960770452136078 1011
1647275502257 0.8962168777922341 1012
1647275502401 0.896356740136402 1013
1647275502540 0.8964966311456766 1014
1647275502674 0.896636549719398 1015
1647275502804 0.8967764947566892 1016
1647275502939 0.896916465156465 1017
1647275503073 0.8970564598174405 1018
1647275503210 0.8971964776381404 1019
1647275503353 0.8973365175169067 1020
1647275503483 0.897476578351908 1021
1647275503618 0.897616659041148 1022
1647275503758 0.8977567584824742 1023
1647275503892 0.8978968755735867 1024
1647275504042 0.8980370092120465 1025
1647275504182 0.8981771582952846 1026
1647275504320 0.8983173217206103 1027
1647275504470 0.8984574983852202 1028
1647275504610 0.8985976871862065 1029
1647275504752 0.8987378870205663 1030
1647275504885 0.8988780967852097 1031
1647275505016 0.8990183153769685 1032
1647275505155 0.8991585416926053 1033
1647275505286 0.8992987746288219 1034
1647275505420 0.8994390130822677 1035
1647275505555 0.899579255949549 1036
1647275505685 0.8997195021272375 1037
1647275505817 0.8998597505118784 1038
1647275505958 0.8999999999999999 1039
1647275506036 0.9001402494881215 1040
1647275506898 0.9002804978727624 1041
1647275507051 0.9004207440504509 1042
1647275507182 0.9005609869177322 1043
1647275507313 0.900701225371178 1044
1647275507448 0.9008414583073946 1045
1647275507583 0.9009816846230314 1046
1647275507718 0.9011219032147902 1047
1647275507855 0.9012621129794336 1048
1647275507985 0.9014023128137935 1049
1647275508121 0.9015425016147798 1050
1647275508258 0.9016826782793896 1051
1647275508396 0.9018228417047154 1052
1647275508528 0.9019629907879534 1053
1647275508663 0.9021031244264132 1054
1647275508799 0.9022432415175257 1055
1647275508929 0.902383340958852 1056
1647275509066 0.902523421648092 1057
1647275509208 0.9026634824830932 1058
1647275509340 0.9028035223618596 1059
1647275509477 0.9029435401825594 1060
1647275509623 0.9030835348435351 1061
1647275509759 0.9032235052433107 1062
1647275509890 0.9033634502806019 1063
1647275510021 0.9035033688543234 1064
1647275510152 0.903643259863598 1065
1647275510300 0.9037831222077658 1066
1647275510435 0.9039229547863922 1067
1647275510570 0.9040627564992769 1068
1647275510703 0.9042025262464624 1069
1647275510837 0.9043422629282425 1070
1647275510969 0.9044819654451717 1071
1647275511114 0.9046216326980726 1072
1647275511251 0.9047612635880459 1073
1647275511388 0.904900857016478 1074
1647275511530 0.9050404118850501 1075
1647275511661 0.9051799270957471 1076
1647275511793 0.9053194015508655 1077
1647275511930 0.9054588341530228 1078
1647275512060 0.9055982238051654 1079
1647275512139 0.905737569410578 1080
1647275517165 0.9058768698728918 1081
1647275517308 0.9060161240960931 1082
1647275517450 0.906155330984532 1083
1647275517582 0.9062944894429312 1084
1647275517717 0.9064335983763941 1085
1647275517859 0.9065726566904141 1086
1647275517989 0.9067116632908827 1087
1647275518120 0.9068506170840983 1088
1647275518263 0.9069895169767749 1089
1647275518404 0.9071283618760504 1090
1647275518544 0.9072671506894956 1091
1647275518677 0.9074058823251223 1092
1647275518813 0.9075445556913926 1093
1647275518955 0.9076831696972265 1094
1647275519087 0.9078217232520115 1095
1647275519218 0.9079602152656107 1096
1647275519364 0.908098644648371 1097
1647275519502 0.9082370103111326 1098
1647275519635 0.9083753111652367 1099
1647275519773 0.9085135461225348 1100
1647275519926 0.9086517140953961 1101
1647275520063 0.9087898139967177 1102
1647275520194 0.9089278447399318 1103
1647275520336 0.9090658052390149 1104
1647275520478 0.909203694408496 1105
1647275520612 0.9093415111634657 1106
1647275520749 0.9094792544195839 1107
1647275520881 0.9096169230930891 1108
1647275521016 0.9097545161008064 1109
1647275521153 0.9098920323601565 1110
1647275521293 0.9100294707891636 1111
1647275521428 0.9101668303064646 1112
1647275521573 0.9103041098313173 1113
1647275521704 0.9104413082836085 1114
1647275521835 0.9105784245838631 1115
1647275521980 0.9107154576532525 1116
1647275522112 0.9108524064136028 1117
1647275522241 0.9109892697874034 1118
1647275522373 0.9111260466978157 1119
1647275522451 0.9112627360686811 1120
1647275527399 0.9113993368245303 1121
1647275527559 0.9115358478905906 1122
1647275527703 0.9116722681927952 1123
1647275527835 0.9118085966577917 1124
1647275527968 0.9119448322129499 1125
1647275528114 0.9120809737863707 1126
1647275528247 0.9122170203068947 1127
1647275528379 0.91235297070411 1128
1647275528518 0.9124888239083613 1129
1647275528660 0.9126245788507579 1130
1647275528799 0.9127602344631821 1131
1647275528930 0.9128957896782979 1132
1647275529064 0.9130312434295592 1133
1647275529205 0.9131665946512182 1134
1647275529341 0.9133018422783337 1135
1647275529475 0.9134369852467797 1136
1647275529628 0.9135720224932536 1137
1647275529763 0.9137069529552848 1138
1647275529895 0.9138417755712425 1139
1647275530027 0.9139764892803446 1140
1647275530162 0.9141110930226661 1141
1647275530294 0.9142455857391469 1142
1647275530428 0.9143799663716008 1143
1647275530579 0.914514233862723 1144
1647275530731 0.9146483871560994 1145
1647275530865 0.914782425196214 1146
1647275531003 0.9149163469284578 1147
1647275531142 0.9150501512991368 1148
1647275531286 0.9151838372554807 1149
1647275531437 0.9153174037456505 1150
1647275531580 0.9154508497187474 1151
1647275531721 0.9155841741248205 1152
1647275531854 0.915717375914876 1153
1647275531986 0.9158504540408844 1154
1647275532130 0.915983407455789 1155
1647275532261 0.9161162351135148 1156
1647275532393 0.916248935968976 1157
1647275532534 0.9163815089780847 1158
1647275532681 0.9165139530977583 1159
1647275532768 0.916646267285929 1160
1647275537622 0.916778450501551 1161
1647275537789 0.916910501704609 1162
1647275537930 0.9170424198561262 1163
1647275538066 0.9171742039181731 1164
1647275538201 0.9173058528538747 1165
1647275538339 0.9174373656274194 1166
1647275538472 0.9175687412040671 1167
1647275538607 0.917699978550157 1168
1647275538749 0.9178310766331156 1169
1647275538880 0.9179620344214657 1170
1647275539012 0.9180928508848336 1171
1647275539148 0.9182235249939574 1172
1647275539289 0.9183540557206956 1173
1647275539420 0.9184844420380347 1174
1647275539563 0.9186146829200972 1175
1647275539693 0.9187447773421502 1176
1647275539829 0.9188747242806128 1177
1647275539963 0.9190045227130649 1178
1647275540101 0.9191341716182544 1179
1647275540234 0.9192636699761062 1180
1647275540374 0.9193930167677292 1181
1647275540505 0.9195222109754251 1182
1647275540637 0.9196512515826961 1183
1647275540776 0.9197801375742529 1184
1647275540916 0.9199088679360227 1185
1647275541061 0.920037441655157 1186
1647275541198 0.9201658577200402 1187
1647275541360 0.9202941151202968 1188
1647275541497 0.9204222128467998 1189
1647275541631 0.9205501498916783 1190
1647275541775 0.920677925248326 1191
1647275541913 0.9208055379114084 1192
1647275542045 0.9209329868768713 1193
1647275542180 0.9210602711419484 1194
1647275542310 0.9211873897051694 1195
1647275542445 0.9213143415663674 1196
1647275542588 0.9214411257266872 1197
1647275542720 0.9215677411885935 1198
1647275542851 0.9216941869558779 1199
1647275542929 0.9218204620336671 1200
1647275547877 0.921946565428431 1201
1647275548027 0.9220724961479903 1202
1647275548165 0.922198253201524 1203
1647275548309 0.9223238355995781 1204
1647275548440 0.9224492423540722 1205
1647275548575 0.922574472478308 1206
1647275548711 0.9226995249869773 1207
1647275548846 0.9228243988961689 1208
1647275548980 0.9229490932233768 1209
1647275549125 0.9230736069875085 1210
1647275549261 0.9231979392088917 1211
1647275549400 0.9233220889092825 1212
1647275549531 0.9234460551118732 1213
1647275549664 0.9235698368412999 1214
1647275549797 0.9236934331236499 1215
1647275549954 0.9238168429864698 1216
1647275550092 0.923940065458773 1217
1647275550237 0.9240630995710473 1218
1647275550369 0.9241859443552619 1219
1647275550502 0.9243085988448766 1220
1647275550643 0.9244310620748477 1221
1647275550774 0.9245533330816367 1222
1647275550908 0.9246754109032173 1223
1647275551043 0.9247972945790833 1224
1647275551178 0.9249189831502561 1225
1647275551317 0.9250404756592919 1226
1647275551450 0.92516177115029 1227
1647275551584 0.9252828686688992 1228
1647275551718 0.9254037672623264 1229
1647275551852 0.9255244659793436 1230
1647275551987 0.9256449638702953 1231
1647275552143 0.925765259987106 1232
1647275552275 0.9258853533832881 1233
1647275552406 0.9260052431139487 1234
1647275552542 0.9261249282357974 1235
1647275552673 0.9262444078071538 1236
1647275552808 0.9263636808879545 1237
1647275552941 0.926482746539761 1238
1647275553072 0.9266016038257667 1239
1647275553149 0.9267202518108048 1240
1647275558094 0.9268386895613545 1241
1647275558254 0.92695691614555 1242
1647275558391 0.9270749306331862 1243
1647275558524 0.9271927320957274 1244
1647275558675 0.9273103196063135 1245
1647275558810 0.9274276922397681 1246
1647275558945 0.927544849072605 1247
1647275559083 0.9276617891830367 1248
1647275559219 0.92777851165098 1249
1647275559349 0.9278950155580648 1250
1647275559491 0.9280112999876401 1251
1647275559626 0.928127364024782 1252
1647275559761 0.9282432067563008 1253
1647275559901 0.9283588272707477 1254
1647275560039 0.9284742246584226 1255
1647275560183 0.9285893980113805 1256
1647275560314 0.9287043464234398 1257
1647275560448 0.9288190689901881 1258
1647275560589 0.9289335648089903 1259
1647275560737 0.9290478329789951 1260
1647275560874 0.9291618726011426 1261
1647275561015 0.929275682778171 1262
1647275561150 0.9293892626146236 1263
1647275561290 0.9295026112168564 1264
1647275561422 0.9296157276930443 1265
1647275561554 0.9297286111531889 1266
1647275561698 0.9298412607091251 1267
1647275561834 0.9299536754745281 1268
1647275561968 0.9300658545649203 1269
1647275562104 0.9301777970976786 1270
1647275562252 0.930289502192041 1271
1647275562393 0.9304009689691137 1272
1647275562525 0.9305121965518781 1273
1647275562656 0.9306231840651975 1274
1647275562802 0.9307339306358238 1275
1647275562934 0.930844435392405 1276
1647275563063 0.9309546974654916 1277
1647275563204 0.9310647159875435 1278
1647275563336 0.9311744900929366 1279
1647275563412 0.9312840189179703 1280
1647275568323 0.9313933016008737 1281
1647275568491 0.9315023372818123 1282
1647275568629 0.9316111251028955 1283
1647275568759 0.9317196642081822 1284
1647275568893 0.9318279537436889 1285
1647275569025 0.9319359928573951 1286
1647275569161 0.9320437806992512 1287
1647275569311 0.932151316421184 1288
1647275569448 0.9322585991771043 1289
1647275569582 0.9323656281229133 1290
1647275569715 0.9324724024165092 1291
1647275569845 0.9325789212177933 1292
1647275569978 0.9326851836886777 1293
1647275570109 0.9327911889930912 1294
1647275570243 0.9328969362969856 1295
1647275570387 0.933002424768343 1296
1647275570519 0.9331076535771821 1297
1647275570657 0.933212621895564 1298
1647275570789 0.9333173288976001 1299
1647275570924 0.9334217737594575 1300
1647275571058 0.9335259556593655 1301
1647275571189 0.933629873777623 1302
1647275571333 0.9337335272966036 1303
1647275571470 0.9338369154007636 1304
1647275571604 0.9339400372766471 1305
1647275571744 0.9340428921128926 1306
1647275571876 0.9341454791002403 1307
1647275572009 0.9342477974315374 1308
1647275572151 0.934349846301745 1309
1647275572291 0.9344516249079444 1310
1647275572426 0.9345531324493432 1311
1647275572567 0.9346543681272818 1312
1647275572698 0.9347553311452395 1313
1647275572828 0.9348560207088411 1314
1647275572958 0.9349564360258629 1315
1647275573090 0.9350565763062386 1316
1647275573221 0.9351564407620665 1317
1647275573354 0.9352560286076146 1318
1647275573493 0.9353553390593273 1319
1647275573572 0.9354543713358319 1320
1647275578570 0.9355531246579439 1321
1647275578713 0.935651598248674 1322
1647275578851 0.9357497913332338 1323
1647275579000 0.9358477031390413 1324
1647275579135 0.9359453328957285 1325
1647275579268 0.9360426798351459 1326
1647275579406 0.9361397431913695 1327
1647275579541 0.9362365222007065 1328
1647275579684 0.9363330161017013 1329
1647275579814 0.9364292241351415 1330
1647275579945 0.9365251455440639 1331
1647275580095 0.9366207795737604 1332
1647275580237 0.9367161254717842 1333
1647275580369 0.9368111824879554 1334
1647275580514 0.936905949874367 1335
1647275580655 0.9370004268853908 1336
1647275580804 0.9370946127776831 1337
1647275580936 0.9371885068101912 1338
1647275581068 0.9372821082441583 1339
1647275581208 0.9373754163431298 1340
1647275581345 0.9374684303729593 1341
1647275581478 0.937561149601814 1342
1647275581622 0.9376535733001805 1343
1647275581757 0.9377457007408707 1344
1647275581902 0.9378375311990276 1345
1647275582035 0.9379290639521306 1346
1647275582173 0.9380202982800016 1347
1647275582306 0.9381112334648103 1348
1647275582438 0.9382018687910804 1349
1647275582582 0.9382922035456945 1350
1647275582713 0.9383822370179005 1351
1647275582845 0.9384719684993165 1352
1647275582979 0.9385613972839366 1353
1647275583113 0.9386505226681368 1354
1647275583243 0.93873934395068 1355
1647275583374 0.9388278604327219 1356
1647275583519 0.9389160714178163 1357
1647275583651 0.9390039762119206 1358
1647275583781 0.9390915741234015 1359
1647275583867 0.93917886446304 1360
1647275588796 0.9392658465440372 1361
1647275588965 0.9393525196820196 1362
1647275589105 0.9394388831950445 1363
1647275589247 0.9395249364036051 1364
1647275589380 0.9396106786306363 1365
1647275589526 0.9396961092015197 1366
1647275589663 0.939781227444089 1367
1647275589799 0.9398660326886353 1368
1647275589937 0.9399505242679124 1369
1647275590070 0.940034701517142 1370
1647275590202 0.9401185637740188 1371
1647275590333 0.9402021103787163 1372
1647275590470 0.9402853406738908 1373
1647275590608 0.940368254004688 1374
1647275590765 0.9404508497187474 1375
1647275590900 0.9405331271662069 1376
1647275591036 0.9406150856997092 1377
1647275591168 0.9406967246744059 1378
1647275591300 0.940778043447963 1379
1647275591437 0.9408590413805656 1380
1647275591575 0.9409397178349235 1381
1647275591712 0.9410200721762756 1382
1647275591847 0.9411001037723955 1383
1647275591978 0.9411798119935957 1384
1647275592112 0.9412591962127335 1385
1647275592246 0.941338255805215 1386
1647275592391 0.9414169901490008 1387
1647275592523 0.9414953986246104 1388
1647275592655 0.9415734806151272 1389
1647275592808 0.9416512355062036 1390
1647275592944 0.9417286626860651 1391
1647275593083 0.9418057615455162 1392
1647275593216 0.9418825314779444 1393
1647275593354 0.9419589718793251 1394
1647275593488 0.9420350821482265 1395
1647275593623 0.9421108616858143 1396
1647275593758 0.9421863098958564 1397
1647275593890 0.9422614261847276 1398
1647275594021 0.9423362099614142 1399
1647275594102 0.9424106606375187 1400
1647275599015 0.9424847776272643 1401
1647275599162 0.9425585603475001 1402
1647275599311 0.9426320082177045 1403
1647275599443 0.9427051206599913 1404
1647275599585 0.9427778970991129 1405
1647275599724 0.9428503369624653 1406
1647275599859 0.9429224396800933 1407
1647275599998 0.9429942046846935 1408
1647275600133 0.9430656314116204 1409
1647275600268 0.9431367192988895 1410
1647275600405 0.9432074677871827 1411
1647275600539 0.9432778763198519 1412
1647275600670 0.9433479443429241 1413
1647275600818 0.9434176713051052 1414
1647275600952 0.9434870566577848 1415
1647275601090 0.9435560998550399 1416
1647275601229 0.9436248003536398 1417
1647275601390 0.9436931576130504 1418
1647275601528 0.9437611710954377 1419
1647275601663 0.9438288402656728 1420
1647275601810 0.943896164591336 1421
1647275601945 0.9439631435427204 1422
1647275602081 0.9440297765928368 1423
1647275602218 0.9440960632174177 1424
1647275602352 0.9441620028949209 1425
1647275602485 0.9442275951065341 1426
1647275602632 0.9442928393361789 1427
1647275602778 0.9443577350705149 1428
1647275602927 0.9444222817989436 1429
1647275603064 0.9444864790136123 1430
1647275603197 0.9445503262094184 1431
1647275603330 0.9446138228840133 1432
1647275603478 0.9446769685378062 1433
1647275603620 0.9447397626739683 1434
1647275603753 0.9448022047984362 1435
1647275603887 0.9448642944199165 1436
1647275604032 0.944926031049889 1437
1647275604162 0.944987414202611 1438
1647275604293 0.945048443395121 1439
1647275604382 0.945109118147242 1440
1647275609252 0.9451694379815865 1441
1647275609398 0.9452294024235587 1442
1647275609543 0.9452890110013596 1443
1647275609679 0.94534826324599 1444
1647275609812 0.945407158691254 1445
1647275609960 0.9454656968737635 1446
1647275610094 0.9455238773329407 1447
1647275610227 0.9455816996110231 1448
1647275610370 0.9456391632530659 1449
1647275610510 0.945696267806946 1450
1647275610658 0.945753012823366 1451
1647275610793 0.9458093978558567 1452
1647275610926 0.945865422460782 1453
1647275611066 0.945921086197341 1454
1647275611201 0.9459763886275725 1455
1647275611337 0.9460313293163578 1456
1647275611483 0.9460859078314247 1457
1647275611618 0.9461401237433501 1458
1647275611749 0.9461939766255643 1459
1647275611888 0.9462474660543537 1460
1647275612049 0.9463005916088644 1461
1647275612187 0.9463533528711053 1462
1647275612324 0.9464057494259519 1463
1647275612459 0.9464577808611488 1464
1647275612601 0.9465094467673137 1465
1647275612734 0.9465607467379401 1466
1647275612873 0.9466116803694007 1467
1647275613007 0.9466622472609504 1468
1647275613138 0.9467124470147299 1469
1647275613277 0.9467622792357684 1470
1647275613413 0.9468117435319868 1471
1647275613544 0.9468608395142009 1472
1647275613690 0.9469095667961241 1473
1647275613822 0.9469579249943714 1474
1647275613958 0.9470059137284609 1475
1647275614105 0.9470535326208183 1476
1647275614236 0.9471007812967789 1477
1647275614367 0.9471476593845909 1478
1647275614500 0.9471941665154183 1479
1647275614578 0.9472403023233439 1480
1647275615435 0.9472860664453717 1481
1647275615575 0.9473314585214306 1482
1647275615717 0.9473764781943764 1483
1647275615851 0.9474211251099951 1484
1647275615996 0.9474653989170055 1485
1647275616136 0.9475092992670621 1486
1647275616273 0.9475528258147576 1487
1647275616413 0.947595978217626 1488
1647275616562 0.9476387561361448 1489
1647275616710 0.9476811592337381 1490
1647275616850 0.947723187176779 1491
1647275616982 0.9477648396345925 1492
1647275617128 0.9478061162794575 1493
1647275617264 0.9478470167866104 1494
1647275617398 0.9478875408342465 1495
1647275617536 0.9479276881035232 1496
1647275617675 0.9479674582785628 1497
1647275617808 0.9480068510464539 1498
1647275617943 0.9480458660972549 1499
1647275618074 0.9480845031239963 1500
1647275618206 0.9481227618226823 1501
1647275618336 0.9481606418922943 1502
1647275618472 0.9481981430347927 1503
1647275618621 0.9482352649551188 1504
1647275618757 0.9482720073611981 1505
1647275618891 0.9483083699639421 1506
1647275619040 0.9483443524772502 1507
1647275619178 0.9483799546180129 1508
1647275619309 0.948415176106113 1509
1647275619443 0.9484500166644284 1510
1647275619575 0.9484844760188343 1511
1647275619706 0.9485185538982049 1512
1647275619837 0.9485522500344162 1513
1647275619968 0.9485855641623475 1514
1647275620102 0.9486184960198838 1515
1647275620236 0.9486510453479178 1516
1647275620371 0.9486832118903519 1517
1647275620505 0.9487149953941004 1518
1647275620637 0.9487463956090911 1519
1647275620725 0.9487774122882678 1520
