1646481833430 0.4444444477558136 0
1646481833653 0.6064814925193787 1
1646481833965 0.6481481194496155 2
1646481834628 0.6851851940155029 3
1646481834983 0.7592592835426331 4
1646481835198 0.7638888955116272 5
1646481835431 0.8055555820465088 6
1646481835747 0.8287037014961243 7
1646481836016 0.8657407164573669 8
1646481836305 0.8888888955116272 9
1646481836530 0.8796296119689941 10
1646481836745 0.8796296119689941 11
1646481836931 0.8981481194496155 12
1646481837129 0.9074074029922485 13
1646481837345 0.9305555820465088 14
1646481837530 0.9444444179534912 15
1646481837728 0.9537037014961243 16
1646481837929 0.9768518805503845 17
1646481838130 0.9861111044883728 18
1646481838345 0.9861111044883728 19
1646481838546 0.9907407164573669 20
1646481838838 0.9907407164573669 21
1646481839048 0.9861111044883728 22
1646481839257 1.0 23
1646481839470 0.9861111044883728 24
1646481839784 1.0 25
1646481840010 0.9907407164573669 26
1646481840242 0.9953703880310059 27
1646481840443 0.9953703880310059 28
1646481840623 1.0 29
1646481840797 0.9907407164573669 30
1646481840981 0.9953703880310059 31
1646481841160 1.0 32
1646481841344 1.0 33
1646481841528 1.0 34
1646481841698 1.0 35
1646481841883 1.0 36
1646481842061 1.0 37
1646481842240 1.0 38
1646481842415 1.0 39
1646481842585 1.0 40
1646481842768 1.0 41
1646481842950 1.0 42
1646481843135 1.0 43
1646481843431 1.0 44
1646481843755 1.0 45
1646481844025 1.0 46
1646481844271 1.0 47
1646481844508 1.0 48
1646481844724 1.0 49
1646481844931 1.0 50
1646481845131 1.0 51
1646481845331 1.0 52
1646481845547 1.0 53
1646481845731 1.0 54
1646481845909 1.0 55
1646481846094 1.0 56
1646481846278 1.0 57
1646481846463 1.0 58
1646481846632 1.0 59
1646481846810 1.0 60
1646481846995 1.0 61
1646481847179 1.0 62
1646481847433 1.0 63
1646481847695 1.0 64
1646481847927 1.0 65
1646481848111 1.0 66
1646481848327 1.0 67
1646481848512 1.0 68
1646481848676 1.0 69
1646481848862 1.0 70
1646481849028 1.0 71
1646481849227 1.0 72
1646481849412 1.0 73
1646481849591 1.0 74
1646481849763 1.0 75
1646481849947 1.0 76
1646481850144 1.0 77
1646481850360 1.0 78
1646481850560 1.0 79
1646481850745 1.0 80
1646481850961 0.9953703880310059 81
1646481851456 1.0 82
1646481851864 0.9907407164573669 83
1646481852150 0.9907407164573669 84
1646481852444 0.9861111044883728 85
1646481852660 0.9907407164573669 86
1646481852860 0.9675925970077515 87
1646481853045 0.9861111044883728 88
1646481853246 0.9768518805503845 89
1646481853430 0.9814814925193787 90
1646481853609 0.9907407164573669 91
1646481853766 0.9768518805503845 92
1646481853962 1.0 93
1646481854146 0.9953703880310059 94
1646481854330 1.0 95
1646481854543 1.0 96
1646481854741 1.0 97
1646481854910 1.0 98
1646481855226 1.0 99
1646481855488 1.0 100
1646481855688 1.0 101
1646481855866 1.0 102
1646481856067 1.0 103
1646481856267 1.0 104
1646481856436 1.0 105
1646481856636 1.0 106
1646481856821 1.0 107
1646481856990 1.0 108
1646481857206 1.0 109
1646481857384 1.0 110
1646481857558 1.0 111
1646481857753 1.0 112
