1646481833430 1.352894902229309 0
1646481833653 0.8743345737457275 1
1646481833965 0.8363862037658691 2
1646481834628 0.7037527561187744 3
1646481834983 0.6224680542945862 4
1646481835198 0.593830943107605 5
1646481835431 0.5059307813644409 6
1646481835747 0.4349924325942993 7
1646481836016 0.3776532709598541 8
1646481836305 0.3294064700603485 9
1646481836530 0.27638810873031616 10
1646481836745 0.2608870267868042 11
1646481836931 0.25557464361190796 12
1646481837129 0.23527882993221283 13
1646481837345 0.17749100923538208 14
1646481837530 0.14326070249080658 15
1646481837728 0.11787532269954681 16
1646481837929 0.08948777616024017 17
1646481838130 0.07619401812553406 18
1646481838345 0.059330422431230545 19
1646481838546 0.059465400874614716 20
1646481838838 0.04755223169922829 21
1646481839048 0.038097213953733444 22
1646481839257 0.02147633582353592 23
1646481839470 0.04018664360046387 24
1646481839784 0.02376379631459713 25
1646481840010 0.037134282290935516 26
1646481840242 0.023228704929351807 27
1646481840443 0.018754515796899796 28
1646481840623 0.009984252974390984 29
1646481840797 0.02949092723429203 30
1646481840981 0.012427262030541897 31
1646481841160 0.012054980732500553 32
1646481841344 0.006096420343965292 33
1646481841528 0.008491947315633297 34
1646481841698 0.00558696873486042 35
1646481841883 0.008334198035299778 36
1646481842061 0.00522486912086606 37
1646481842240 0.0055135078728199005 38
1646481842415 0.0026772988494485617 39
1646481842585 0.003629831364378333 40
1646481842768 0.00345632410608232 41
1646481842950 0.004035263787955046 42
1646481843135 0.0020692250691354275 43
1646481843431 0.0016371073434129357 44
1646481843755 0.0012237800983712077 45
1646481844025 0.0019114615861326456 46
1646481844271 0.0009869204368442297 47
1646481844508 0.0019863953348249197 48
1646481844724 0.0010287173790857196 49
1646481844931 0.0020710004027932882 50
1646481845131 0.0021298883948475122 51
1646481845331 0.0009652221924625337 52
1646481845547 0.0011573606170713902 53
1646481845731 0.0009018830605782568 54
1646481845909 0.00151706428732723 55
1646481846094 0.0014755564043298364 56
1646481846278 0.0006618575425818563 57
1646481846463 0.0008706093649379909 58
1646481846632 0.0019762320443987846 59
1646481846810 0.0006040091975592077 60
1646481846995 0.0007543140091001987 61
1646481847179 0.0006663347594439983 62
1646481847433 0.0008034444181248546 63
1646481847695 0.000675498740747571 64
1646481847927 0.00048355237231589854 65
1646481848111 0.0004174675268586725 66
1646481848327 0.000892491138074547 67
1646481848512 0.0007940147770568728 68
1646481848676 0.000755499058868736 69
1646481848862 0.0008390131406486034 70
1646481849028 0.0005363196833059192 71
1646481849227 0.0012583495117723942 72
1646481849412 0.000713408226147294 73
1646481849591 0.003157607279717922 74
1646481849763 0.0019966629333794117 75
1646481849947 0.0023542651906609535 76
1646481850144 0.0015204258961603045 77
1646481850360 0.0013704089215025306 78
1646481850560 0.001966541400179267 79
1646481850745 0.006530922371894121 80
1646481850961 0.015846136957406998 81
1646481851456 0.0059913042932748795 82
1646481851864 0.030145304277539253 83
1646481852150 0.02791851945221424 84
1646481852444 0.045432016253471375 85
1646481852660 0.03561282530426979 86
1646481852860 0.13805483281612396 87
1646481853045 0.04541434347629547 88
1646481853246 0.06615972518920898 89
1646481853430 0.061404887586832047 90
1646481853609 0.0743454322218895 91
1646481853766 0.056660767644643784 92
1646481853962 0.011546051129698753 93
1646481854146 0.01678716577589512 94
1646481854330 0.006520043592900038 95
1646481854543 0.003407110692933202 96
1646481854741 0.004440733231604099 97
1646481854910 0.0025835768319666386 98
1646481855226 0.001375228282995522 99
1646481855488 0.001679528271779418 100
1646481855688 0.0015841579297557473 101
1646481855866 0.0014167248737066984 102
1646481856067 0.001013218890875578 103
1646481856267 0.0010082233930006623 104
1646481856436 0.001415453851222992 105
1646481856636 0.0015102499164640903 106
1646481856821 0.0012456440599635243 107
1646481856990 0.0003081891918554902 108
1646481857206 0.0006309409509412944 109
1646481857384 0.0003297960211057216 110
1646481857558 0.0002594908874016255 111
1646481857753 0.0002799683716148138 112
