1646475161810 0.21296297013759613 0
1646475162151 0.20370370149612427 1
1646475162640 0.2222222238779068 2
1646475163021 0.2083333283662796 3
1646475163298 0.22685185074806213 4
1646475163585 0.22685185074806213 5
1646475163874 0.25 6
1646475164191 0.2222222238779068 7
1646475164642 0.25925925374031067 8
1646475164977 0.25925925374031067 9
1646475165288 0.25 10
1646475165681 0.23148147761821747 11
1646475165959 0.31018519401550293 12
1646475166259 0.26851850748062134 13
1646475166528 0.2777777910232544 14
1646475166828 0.30092594027519226 15
1646475167099 0.3055555522441864 16
1646475167383 0.32870370149612427 17
1646475167676 0.35648149251937866 18
1646475168112 0.36574074625968933 19
1646475168451 0.43518519401550293 20
1646475168793 0.40740740299224854 21
1646475169238 0.4583333432674408 22
1646475169515 0.45370370149612427 23
1646475169801 0.375 24
1646475170079 0.44907405972480774 25
1646475170358 0.46759259700775146 26
1646475170643 0.40740740299224854 27
1646475170915 0.49537035822868347 28
1646475171240 0.4861111044883728 29
1646475171520 0.5046296119689941 30
1646475171976 0.47685185074806213 31
1646475172308 0.5046296119689941 32
1646475172658 0.5138888955116272 33
1646475173076 0.5185185074806213 34
1646475173354 0.5324074029922485 35
1646475173637 0.5787037014961243 36
1646475173903 0.5740740895271301 37
1646475174181 0.5509259104728699 38
1646475174450 0.625 39
1646475174753 0.6157407164573669 40
1646475175038 0.5925925970077515 41
1646475175420 0.5879629850387573 42
1646475175771 0.6342592835426331 43
1646475176127 0.5833333134651184 44
1646475176458 0.6203703880310059 45
1646475176827 0.6064814925193787 46
1646475177112 0.7129629850387573 47
1646475177390 0.6296296119689941 48
1646475177672 0.6157407164573669 49
1646475177944 0.6157407164573669 50
1646475178232 0.6203703880310059 51
1646475178514 0.6712962985038757 52
1646475178814 0.7083333134651184 53
1646475179216 0.6944444179534912 54
1646475179562 0.6481481194496155 55
1646475179900 0.6944444179534912 56
1646475180247 0.6944444179534912 57
1646475180617 0.6990740895271301 58
1646475180897 0.6759259104728699 59
1646475181180 0.6527777910232544 60
1646475181466 0.6990740895271301 61
1646475181764 0.7222222089767456 62
1646475182032 0.6851851940155029 63
1646475182316 0.7037037014961243 64
1646475182617 0.7037037014961243 65
1646475183065 0.7824074029922485 66
1646475183416 0.7361111044883728 67
1646475183748 0.7083333134651184 68
1646475184157 0.6851851940155029 69
1646475184431 0.7175925970077515 70
1646475184732 0.7592592835426331 71
1646475185011 0.7870370149612427 72
1646475185289 0.7546296119689941 73
1646475185579 0.7083333134651184 74
1646475185868 0.7592592835426331 75
1646475186190 0.7824074029922485 76
1646475186562 0.7222222089767456 77
1646475186946 0.8055555820465088 78
1646475187282 0.7453703880310059 79
1646475187644 0.7361111044883728 80
1646475188008 0.7731481194496155 81
1646475188275 0.7407407164573669 82
1646475188567 0.7777777910232544 83
1646475188834 0.8287037014961243 84
1646475189119 0.7870370149612427 85
1646475189406 0.8148148059844971 86
1646475189713 0.8194444179534912 87
1646475190004 0.8287037014961243 88
1646475190450 0.75 89
1646475190777 0.7731481194496155 90
1646475191129 0.7962962985038757 91
1646475191545 0.8287037014961243 92
1646475191832 0.8425925970077515 93
1646475192103 0.8101851940155029 94
1646475192391 0.8287037014961243 95
1646475192690 0.7592592835426331 96
1646475192968 0.8564814925193787 97
1646475193246 0.7916666865348816 98
1646475193547 0.8564814925193787 99
1646475193870 0.875 100
1646475194298 0.8333333134651184 101
1646475194648 0.8703703880310059 102
1646475194980 0.8657407164573669 103
1646475195365 0.8703703880310059 104
1646475195650 0.8611111044883728 105
1646475195941 0.8611111044883728 106
1646475196226 0.8472222089767456 107
1646475196497 0.7870370149612427 108
1646475196785 0.8564814925193787 109
1646475197083 0.8657407164573669 110
1646475197370 0.8287037014961243 111
1646475197787 0.8703703880310059 112
1646475198162 0.8333333134651184 113
1646475198528 0.8703703880310059 114
1646475198958 0.8379629850387573 115
1646475199235 0.8240740895271301 116
1646475199510 0.8842592835426331 117
1646475199794 0.8703703880310059 118
1646475200080 0.8796296119689941 119
1646475200368 0.8657407164573669 120
1646475200680 0.875 121
1646475200996 0.8611111044883728 122
1646475201499 0.875 123
1646475201904 0.8888888955116272 124
1646475202259 0.8564814925193787 125
1646475202685 0.8657407164573669 126
1646475203083 0.8564814925193787 127
1646475203371 0.8888888955116272 128
1646475203658 0.8657407164573669 129
1646475203943 0.8796296119689941 130
1646475204228 0.8888888955116272 131
1646475204514 0.875 132
1646475204798 0.875 133
1646475205270 0.875 134
1646475205604 0.8703703880310059 135
1646475205954 0.9120370149612427 136
1646475206355 0.8935185074806213 137
1646475206636 0.9166666865348816 138
1646475206924 0.8981481194496155 139
1646475207210 0.8981481194496155 140
1646475207488 0.8888888955116272 141
1646475207784 0.875 142
1646475208072 0.9120370149612427 143
1646475208354 0.9027777910232544 144
1646475208710 0.8888888955116272 145
1646475209118 0.8981481194496155 146
1646475209452 0.9490740895271301 147
1646475209787 0.9166666865348816 148
1646475210168 0.8888888955116272 149
1646475210453 0.9490740895271301 150
1646475210754 0.8981481194496155 151
1646475211030 0.9305555820465088 152
1646475211301 0.9259259104728699 153
1646475211601 0.9166666865348816 154
1646475211886 0.9027777910232544 155
1646475212186 0.9259259104728699 156
1646475212620 0.9212962985038757 157
1646475212993 0.9583333134651184 158
1646475213335 0.9259259104728699 159
1646475213747 0.8981481194496155 160
1646475214032 0.8935185074806213 161
1646475214313 0.9259259104728699 162
1646475214613 0.9490740895271301 163
1646475214897 0.9444444179534912 164
1646475215164 0.9305555820465088 165
1646475215468 0.9027777910232544 166
1646475215765 0.9305555820465088 167
1646475216165 0.8796296119689941 168
1646475216536 0.9259259104728699 169
1646475216883 0.9537037014961243 170
1646475217205 0.9444444179534912 171
1646475217615 0.9398148059844971 172
1646475217887 0.9305555820465088 173
1646475218153 0.9351851940155029 174
1646475218438 0.9537037014961243 175
1646475218738 0.9305555820465088 176
1646475219013 0.9212962985038757 177
1646475219308 0.9444444179534912 178
1646475219594 0.9305555820465088 179
1646475220057 0.9444444179534912 180
1646475220391 0.9537037014961243 181
1646475220742 0.9537037014961243 182
1646475221171 0.9583333134651184 183
1646475221443 0.9537037014961243 184
1646475221743 0.9490740895271301 185
1646475222034 0.9120370149612427 186
1646475222316 0.9212962985038757 187
1646475222606 0.9398148059844971 188
1646475222891 0.9444444179534912 189
1646475223191 0.9259259104728699 190
1646475223545 0.9398148059844971 191
1646475223961 0.9537037014961243 192
1646475224294 0.9305555820465088 193
1646475224676 0.9537037014961243 194
1646475225027 0.9490740895271301 195
1646475225322 0.9444444179534912 196
1646475225621 0.9490740895271301 197
1646475225905 0.9629629850387573 198
1646475226193 0.9629629850387573 199
1646475226460 0.9444444179534912 200
1646475226760 0.9444444179534912 201
1646475227118 0.9583333134651184 202
1646475227587 0.9259259104728699 203
1646475227932 0.9305555820465088 204
1646475228251 0.9351851940155029 205
1646475228695 0.9259259104728699 206
1646475229028 0.9722222089767456 207
1646475229369 0.9583333134651184 208
1646475229692 0.9490740895271301 209
1646475230013 0.9537037014961243 210
1646475230328 0.9490740895271301 211
1646475230678 0.9675925970077515 212
1646475231127 0.9166666865348816 213
1646475231454 0.9629629850387573 214
1646475231782 0.9444444179534912 215
1646475232199 0.9444444179534912 216
1646475232493 0.9537037014961243 217
1646475232782 0.9305555820465088 218
1646475233086 0.9537037014961243 219
1646475233367 0.9675925970077515 220
1646475233661 0.9398148059844971 221
1646475233941 0.9490740895271301 222
1646475234241 0.9675925970077515 223
1646475234643 0.9629629850387573 224
1646475235004 0.9351851940155029 225
1646475235370 0.9675925970077515 226
1646475235754 0.9537037014961243 227
1646475236101 0.9722222089767456 228
1646475236386 0.9537037014961243 229
1646475236676 0.9629629850387573 230
1646475236955 0.9305555820465088 231
1646475237250 0.9537037014961243 232
1646475237537 0.9259259104728699 233
1646475237835 0.9490740895271301 234
1646475238173 0.9675925970077515 235
1646475238639 0.9398148059844971 236
1646475238973 0.9490740895271301 237
1646475239291 0.9583333134651184 238
1646475239724 0.9259259104728699 239
1646475240014 0.9814814925193787 240
1646475240293 0.9537037014961243 241
1646475240593 0.9537037014961243 242
1646475240871 0.9537037014961243 243
1646475241148 0.9444444179534912 244
1646475241445 0.9166666865348816 245
1646475241740 0.9537037014961243 246
1646475242194 0.9675925970077515 247
1646475242541 0.9722222089767456 248
1646475242870 0.9351851940155029 249
1646475243327 0.9722222089767456 250
1646475243659 0.9490740895271301 251
1646475243980 0.9537037014961243 252
1646475244322 0.9629629850387573 253
1646475244649 0.9583333134651184 254
1646475244963 0.9722222089767456 255
1646475245293 0.9212962985038757 256
1646475245662 0.9583333134651184 257
1646475246086 0.9305555820465088 258
1646475246442 0.9490740895271301 259
1646475246829 0.9444444179534912 260
1646475247170 0.9583333134651184 261
1646475247462 0.9629629850387573 262
1646475247760 0.9722222089767456 263
1646475248048 0.9629629850387573 264
1646475248339 0.9861111044883728 265
1646475248652 0.9675925970077515 266
1646475248993 0.9629629850387573 267
1646475249338 0.9537037014961243 268
1646475249752 0.9398148059844971 269
1646475250092 0.9398148059844971 270
1646475250453 0.9722222089767456 271
1646475250861 0.9537037014961243 272
1646475251145 0.9583333134651184 273
1646475251448 0.9768518805503845 274
1646475251748 0.9768518805503845 275
1646475252031 0.9768518805503845 276
1646475252331 0.9444444179534912 277
1646475252631 0.9444444179534912 278
1646475252931 0.9722222089767456 279
1646475253352 0.9768518805503845 280
1646475253716 0.9537037014961243 281
1646475254051 0.9351851940155029 282
1646475254453 0.9351851940155029 283
1646475254734 0.9537037014961243 284
1646475255018 0.9675925970077515 285
1646475255304 0.9583333134651184 286
1646475255587 0.9675925970077515 287
1646475255870 0.9722222089767456 288
1646475256163 0.9444444179534912 289
1646475256452 0.9722222089767456 290
1646475256872 0.9629629850387573 291
1646475257256 0.9027777910232544 292
1646475257594 0.9629629850387573 293
1646475257978 0.9768518805503845 294
1646475258313 0.9629629850387573 295
1646475258596 0.9351851940155029 296
1646475258877 0.9166666865348816 297
1646475259156 0.9861111044883728 298
1646475259428 0.9814814925193787 299
