1646475161810 1.6472663879394531 0
1646475162151 1.637938141822815 1
1646475162640 1.6368515491485596 2
1646475163021 1.6275343894958496 3
1646475163298 1.5990132093429565 4
1646475163585 1.6224335432052612 5
1646475163874 1.602737307548523 6
1646475164191 1.5999619960784912 7
1646475164642 1.5771057605743408 8
1646475164977 1.584175944328308 9
1646475165288 1.5736180543899536 10
1646475165681 1.5664712190628052 11
1646475165959 1.5614153146743774 12
1646475166259 1.5500847101211548 13
1646475166528 1.5343937873840332 14
1646475166828 1.5202147960662842 15
1646475167099 1.49867582321167 16
1646475167383 1.4867254495620728 17
1646475167676 1.4552124738693237 18
1646475168112 1.435556173324585 19
1646475168451 1.3922584056854248 20
1646475168793 1.3771021366119385 21
1646475169238 1.331062912940979 22
1646475169515 1.288495659828186 23
1646475169801 1.31480073928833 24
1646475170079 1.2315088510513306 25
1646475170358 1.1977386474609375 26
1646475170643 1.2268491983413696 27
1646475170915 1.116023302078247 28
1646475171240 1.1260780096054077 29
1646475171520 1.0646867752075195 30
1646475171976 1.020230770111084 31
1646475172308 1.0370389223098755 32
1646475172658 0.9947949647903442 33
1646475173076 1.0364049673080444 34
1646475173354 0.9776009917259216 35
1646475173637 0.9507172107696533 36
1646475173903 0.9354724884033203 37
1646475174181 0.9790583848953247 38
1646475174450 0.8640843033790588 39
1646475174753 0.8959818482398987 40
1646475175038 0.892993152141571 41
1646475175420 0.9211747050285339 42
1646475175771 0.8534805774688721 43
1646475176127 0.9373546242713928 44
1646475176458 0.8665134906768799 45
1646475176827 0.8837588429450989 46
1646475177112 0.7479594349861145 47
1646475177390 0.8450573682785034 48
1646475177672 0.876126766204834 49
1646475177944 0.8453528881072998 50
1646475178232 0.8302494883537292 51
1646475178514 0.7879359722137451 52
1646475178814 0.7415885925292969 53
1646475179216 0.7202333807945251 54
1646475179562 0.7781466245651245 55
1646475179900 0.744118869304657 56
1646475180247 0.6880772709846497 57
1646475180617 0.663875937461853 58
1646475180897 0.6894250512123108 59
1646475181180 0.7133358716964722 60
1646475181466 0.6784948706626892 61
1646475181764 0.6869148015975952 62
1646475182032 0.7037625312805176 63
1646475182316 0.7411913275718689 64
1646475182617 0.6422625780105591 65
1646475183065 0.6162853837013245 66
1646475183416 0.6018753051757812 67
1646475183748 0.687965452671051 68
1646475184157 0.6634692549705505 69
1646475184431 0.6709079146385193 70
1646475184732 0.6060951948165894 71
1646475185011 0.5301376581192017 72
1646475185289 0.6597492694854736 73
1646475185579 0.7304984331130981 74
1646475185868 0.6837630271911621 75
1646475186190 0.5386285185813904 76
1646475186562 0.6506124138832092 77
1646475186946 0.5681807398796082 78
1646475187282 0.5869812369346619 79
1646475187644 0.5958483815193176 80
1646475188008 0.5615345239639282 81
1646475188275 0.6496991515159607 82
1646475188567 0.5507533550262451 83
1646475188834 0.48605403304100037 84
1646475189119 0.49176809191703796 85
1646475189406 0.45219168066978455 86
1646475189713 0.46290624141693115 87
1646475190004 0.4280453026294708 88
1646475190450 0.6190063953399658 89
1646475190777 0.48525816202163696 90
1646475191129 0.4883515536785126 91
1646475191545 0.45370927453041077 92
1646475191832 0.42753317952156067 93
1646475192103 0.4799972474575043 94
1646475192391 0.4074319303035736 95
1646475192690 0.5257654190063477 96
1646475192968 0.41613394021987915 97
1646475193246 0.44525811076164246 98
1646475193547 0.3902493715286255 99
1646475193870 0.38786453008651733 100
1646475194298 0.40499168634414673 101
1646475194648 0.3152562975883484 102
1646475194980 0.3574398458003998 103
1646475195365 0.3772750496864319 104
1646475195650 0.355955570936203 105
1646475195941 0.35552799701690674 106
1646475196226 0.3273950517177582 107
1646475196497 0.5426204204559326 108
1646475196785 0.4378604590892792 109
1646475197083 0.3319261968135834 110
1646475197370 0.3823566734790802 111
1646475197787 0.32308459281921387 112
1646475198162 0.4512450397014618 113
1646475198528 0.3433885872364044 114
1646475198958 0.36491838097572327 115
1646475199235 0.4082811772823334 116
1646475199510 0.303053617477417 117
1646475199794 0.36955514550209045 118
1646475200080 0.30353227257728577 119
1646475200368 0.3153545558452606 120
1646475200680 0.3490329384803772 121
1646475200996 0.3208810091018677 122
1646475201499 0.353196918964386 123
1646475201904 0.3240634500980377 124
1646475202259 0.35353580117225647 125
1646475202685 0.3439832031726837 126
1646475203083 0.3818596303462982 127
1646475203371 0.3293042778968811 128
1646475203658 0.39228394627571106 129
1646475203943 0.27274641394615173 130
1646475204228 0.2949119806289673 131
1646475204514 0.29993361234664917 132
1646475204798 0.2928769886493683 133
1646475205270 0.29390275478363037 134
1646475205604 0.33464372158050537 135
1646475205954 0.2602222263813019 136
1646475206355 0.2565288543701172 137
1646475206636 0.23037654161453247 138
1646475206924 0.27019742131233215 139
1646475207210 0.3039253354072571 140
1646475207488 0.324558287858963 141
1646475207784 0.31260788440704346 142
1646475208072 0.23081721365451813 143
1646475208354 0.2719660997390747 144
1646475208710 0.2603532075881958 145
1646475209118 0.2446955293416977 146
1646475209452 0.17030538618564606 147
1646475209787 0.25999072194099426 148
1646475210168 0.2794099450111389 149
1646475210453 0.18776777386665344 150
1646475210754 0.262947142124176 151
1646475211030 0.20078431069850922 152
1646475211301 0.20850972831249237 153
1646475211601 0.2546410858631134 154
1646475211886 0.25345778465270996 155
1646475212186 0.2243635207414627 156
1646475212620 0.23392099142074585 157
1646475212993 0.14950118958950043 158
1646475213335 0.17391470074653625 159
1646475213747 0.2829793095588684 160
1646475214032 0.2440863400697708 161
1646475214313 0.1993308812379837 162
1646475214613 0.15015392005443573 163
1646475214897 0.18720290064811707 164
1646475215164 0.18087203800678253 165
1646475215468 0.22708673775196075 166
1646475215765 0.18584728240966797 167
1646475216165 0.36475110054016113 168
1646475216536 0.21428605914115906 169
1646475216883 0.14444635808467865 170
1646475217205 0.17121221125125885 171
1646475217615 0.1527758687734604 172
1646475217887 0.2148507684469223 173
1646475218153 0.1820513904094696 174
1646475218438 0.1704738289117813 175
1646475218738 0.1967581957578659 176
1646475219013 0.28943756222724915 177
1646475219308 0.14344319701194763 178
1646475219594 0.25399157404899597 179
1646475220057 0.15326817333698273 180
1646475220391 0.15784655511379242 181
1646475220742 0.14059612154960632 182
1646475221171 0.15647757053375244 183
1646475221443 0.1317213773727417 184
1646475221743 0.1470128446817398 185
1646475222034 0.23784248530864716 186
1646475222316 0.26559537649154663 187
1646475222606 0.16509029269218445 188
1646475222891 0.17446976900100708 189
1646475223191 0.2080104947090149 190
1646475223545 0.1743958741426468 191
1646475223961 0.16223245859146118 192
1646475224294 0.18132193386554718 193
1646475224676 0.1474713385105133 194
1646475225027 0.1356213241815567 195
1646475225322 0.14760494232177734 196
1646475225621 0.1333693116903305 197
1646475225905 0.11959554255008698 198
1646475226193 0.10045894235372543 199
1646475226460 0.1439809799194336 200
1646475226760 0.1344151496887207 201
1646475227118 0.13936543464660645 202
1646475227587 0.15446938574314117 203
1646475227932 0.21173378825187683 204
1646475228251 0.13942819833755493 205
1646475228695 0.1799059510231018 206
1646475229028 0.14074739813804626 207
1646475229369 0.10288798063993454 208
1646475229692 0.1431131660938263 209
1646475230013 0.12273465842008591 210
1646475230328 0.1669236421585083 211
1646475230678 0.1153959408402443 212
1646475231127 0.22650422155857086 213
1646475231454 0.1275835484266281 214
1646475231782 0.14072176814079285 215
1646475232199 0.13451296091079712 216
1646475232493 0.12231384962797165 217
1646475232782 0.11767076700925827 218
1646475233086 0.11953521519899368 219
1646475233367 0.12421532720327377 220
1646475233661 0.21345320343971252 221
1646475233941 0.13873960077762604 222
1646475234241 0.11355334520339966 223
1646475234643 0.10714513808488846 224
1646475235004 0.14077408611774445 225
1646475235370 0.11174516379833221 226
1646475235754 0.11762019991874695 227
1646475236101 0.07765262573957443 228
1646475236386 0.11748271435499191 229
1646475236676 0.11164611577987671 230
1646475236955 0.15901759266853333 231
1646475237250 0.1102822795510292 232
1646475237537 0.14248596131801605 233
1646475237835 0.11638523638248444 234
1646475238173 0.11759563535451889 235
1646475238639 0.1497267484664917 236
1646475238973 0.13312721252441406 237
1646475239291 0.12164272367954254 238
1646475239724 0.1872795671224594 239
1646475240014 0.10899078100919724 240
1646475240293 0.13203948736190796 241
1646475240593 0.1288270205259323 242
1646475240871 0.15023258328437805 243
1646475241148 0.11930881440639496 244
1646475241445 0.1547255665063858 245
1646475241740 0.10571135580539703 246
1646475242194 0.10852877050638199 247
1646475242541 0.07800693809986115 248
1646475242870 0.14402949810028076 249
1646475243327 0.09893330186605453 250
1646475243659 0.11115605384111404 251
1646475243980 0.13059104979038239 252
1646475244322 0.1092878058552742 253
1646475244649 0.12285767495632172 254
1646475244963 0.09430081397294998 255
1646475245293 0.15831878781318665 256
1646475245662 0.11260127276182175 257
1646475246086 0.16501571238040924 258
1646475246442 0.12943285703659058 259
1646475246829 0.10254302620887756 260
1646475247170 0.12977749109268188 261
1646475247462 0.1011100485920906 262
1646475247760 0.08782752603292465 263
1646475248048 0.14126931130886078 264
1646475248339 0.07237521559000015 265
1646475248652 0.09241029620170593 266
1646475248993 0.11140971630811691 267
1646475249338 0.12186915427446365 268
1646475249752 0.1841220259666443 269
1646475250092 0.17778632044792175 270
1646475250453 0.09077426046133041 271
1646475250861 0.10127590596675873 272
1646475251145 0.1169048398733139 273
1646475251448 0.11495575308799744 274
1646475251748 0.08452299237251282 275
1646475252031 0.08460970222949982 276
1646475252331 0.12090829014778137 277
1646475252631 0.12238259613513947 278
1646475252931 0.0751742422580719 279
1646475253352 0.10255669802427292 280
1646475253716 0.1434076577425003 281
1646475254051 0.15919408202171326 282
1646475254453 0.15968205034732819 283
1646475254734 0.14218944311141968 284
1646475255018 0.11866840720176697 285
1646475255304 0.13106869161128998 286
1646475255587 0.12213324755430222 287
1646475255870 0.07113952189683914 288
1646475256163 0.14397670328617096 289
1646475256452 0.08719269186258316 290
1646475256872 0.12148755043745041 291
1646475257256 0.18215563893318176 292
1646475257594 0.1145889088511467 293
1646475257978 0.09839202463626862 294
1646475258313 0.10688665509223938 295
1646475258596 0.15765435993671417 296
1646475258877 0.17036381363868713 297
1646475259156 0.07695820927619934 298
1646475259428 0.06696844100952148 299
