1646475160355 0.95 0
1646475161193 0.9499993783330846 1
1646475161265 0.9499975133477971 2
1646475161293 0.9499944050905136 3
1646475161327 0.9499900536385262 4
1646475161358 0.9499844591000408 5
1646475161393 0.9499776216141751 6
1646475161440 0.9499695413509548 7
1646475161863 0.949960218511309 8
1646475161894 0.9499496533270657 9
1646475161910 0.9499378460609461 10
1646475161952 0.9499247970065575 11
1646475161983 0.9499105064883867 12
1646475162024 0.9498949748617913 13
1646475162055 0.9498782025129912 14
1646475162194 0.949860189859059 15
1646475162251 0.9498409373479095 16
1646475162266 0.9498204454582888 17
1646475162341 0.949798714699762 18
1646475162417 0.9497757456127007 19
1646475162476 0.94975153876827 20
1646475162529 0.9497260947684136 21
1646475162732 0.9496994142458393 22
1646475162782 0.9496714978640027 23
1646475162821 0.9496423463170918 24
1646475162861 0.9496119603300086 25
1646475162893 0.9495803406583515 26
1646475162921 0.9495474880883967 27
1646475162955 0.9495134034370785 28
1646475163064 0.9494780875519688 29
1646475163085 0.9494415413112564 30
1646475163121 0.9494037656237247 31
1646475163151 0.9493647614287297 32
1646475163182 0.949324529696176 33
1646475163211 0.9492830714264932 34
1646475163236 0.9492403876506104 35
1646475163345 0.9491964794299315 36
1646475163376 0.9491513478563078 37
1646475163392 0.9491049940520119 38
1646475163421 0.9490574191697085 39
1646475163452 0.9490086243924272 40
1646475163493 0.9489586109335315 41
1646475163521 0.9489073800366903 42
1646475163639 0.9488549329758454 43
1646475163661 0.9488012710551812 44
1646475163692 0.9487463956090911 45
1646475163721 0.9486903080021453 46
1646475163752 0.948633009629056 47
1646475163787 0.9485745019146433 48
1646475163803 0.9485147863137998 49
1646475163925 0.9484538643114538 50
1646475163946 0.9483917374225332 51
1646475163977 0.9483284071919273 52
1646475164013 0.9482638751944483 53
1646475164037 0.9481981430347927 54
1646475164074 0.9481312123475005 55
1646475164105 0.9480630847969159 56
1646475164269 0.9479937620771444 57
1646475164320 0.9479232459120117 58
1646475164375 0.9478515380550205 59
1646475164425 0.947778640289307 60
1646475164466 0.9477045544275962 61
1646475164507 0.9476292823121573 62
1646475164547 0.9475528258147576 63
1646475164685 0.9474751868366162 64
1646475164726 0.9473963673083565 65
1646475164758 0.9473163691899582 66
1646475164794 0.9472351944707085 67
1646475164827 0.947152845169153 68
1646475164866 0.9470693233330452 69
1646475164897 0.9469846310392954 70
1646475165021 0.9468987703939197 71
1646475165051 0.9468117435319868 72
1646475165082 0.9467235526175657 73
1646475165118 0.9466341998436714 74
1646475165143 0.9465436874322102 75
1646475165188 0.9464520176339251 76
1646475165219 0.9463591927283393 77
1646475165327 0.9462652150236998 78
1646475165393 0.9461700868569197 79
1646475165427 0.9460738105935204 80
1646475165489 0.9459763886275725 81
1646475165527 0.9458778233816366 82
1646475165591 0.9457781173067029 83
1646475165623 0.94567727288213 84
1646475165728 0.9455752926155836 85
1646475165751 0.9454721790429741 86
1646475165783 0.9453679347283932 87
1646475165821 0.9452625622640507 88
1646475165843 0.9451560642702095 89
1646475165880 0.945048443395121 90
1646475165896 0.9449397023149583 91
1646475166010 0.944829843733751 92
1646475166033 0.9447188703833168 93
1646475166064 0.9446067850231942 94
1646475166096 0.9444935904405733 95
1646475166128 0.9443792894502276 96
1646475166159 0.9442638848944427 97
1646475166174 0.9441473796429463 98
1646475166298 0.9440297765928368 99
1646475166327 0.9439110786685114 100
1646475166343 0.9437912888215928 101
1646475166384 0.9436704100308564 102
1646475166400 0.9435484453021562 103
1646475166443 0.9434253976683494 104
1646475166459 0.9433012701892219 105
1646475166577 0.9431760659514115 106
1646475166600 0.9430497880683315 107
1646475166644 0.9429224396800933 108
1646475166672 0.9427940239534279 109
1646475166703 0.9426645440816077 110
1646475166728 0.942534003284367 111
1646475166744 0.9424024048078212 112
1646475166865 0.9422697519243874 113
1646475166886 0.9421360479327019 114
1646475166917 0.9420012961575386 115
1646475166956 0.9418654999497261 116
1646475166972 0.941728662686065 117
1646475167011 0.9415907877692434 118
1646475167028 0.941451878627752 119
1646475167147 0.9413119387157997 120
1646475167170 0.9411709715132269 121
1646475167201 0.9410289805254195 122
1646475167229 0.9408859692832215 123
1646475167260 0.9407419413428472 124
1646475167298 0.9405969002857928 125
1646475167314 0.9404508497187474 126
1646475167430 0.9403037932735031 127
1646475167451 0.9401557346068651 128
1646475167482 0.9400066774005603 129
1646475167515 0.9398566253611461 130
1646475167544 0.9397055822199181 131
1646475167577 0.9395535517328171 132
1646475167609 0.939400537680336 133
1646475167716 0.9392465438674261 134
1646475167737 0.9390915741234015 135
1646475167768 0.9389356323018446 136
1646475167806 0.9387787222805106 137
1646475167860 0.9386208479612299 138
1646475167929 0.9384620132698124 139
1646475167976 0.9383022221559488 140
1646475168166 0.9381414785931133 141
1646475168208 0.9379797865784638 142
1646475168246 0.9378171501327436 143
1646475168282 0.9376535733001805 144
1646475168314 0.9374890601483866 145
1646475168346 0.9373236147682574 146
1646475168377 0.9371572412738697 147
1646475168500 0.9369899438023792 148
1646475168531 0.936821726513918 149
1646475168580 0.9366525935914912 150
1646475168622 0.9364825492408725 151
1646475168662 0.9363115976904997 152
1646475168693 0.9361397431913695 153
1646475168724 0.9359669900169325 154
1646475168849 0.9357933424629858 155
1646475168872 0.9356188048475672 156
1646475168919 0.9354433815108469 157
1646475168956 0.9352670768150204 158
1646475168988 0.9350898951441995 159
1646475169047 0.9349118409043036 160
1646475169083 0.9347329185229498 161
1646475169285 0.9345531324493432 162
1646475169308 0.9343724871541659 163
1646475169339 0.9341909871294659 164
1646475169357 0.934008636888546 165
1646475169388 0.9338254409658502 166
1646475169423 0.9336414039168526 167
1646475169454 0.9334565303179428 168
1646475169558 0.9332708247663131 169
1646475169601 0.933084291879843 170
1646475169623 0.9328969362969856 171
1646475169661 0.9327087626766517 172
1646475169677 0.9325197756980937 173
1646475169718 0.9323299800607899 174
1646475169739 0.9321393804843269 175
1646475169844 0.9319479817082827 176
1646475169869 0.9317557884921089 177
1646475169901 0.9315628056150119 178
1646475169923 0.9313690378758346 179
1646475169955 0.9311744900929366 180
1646475169992 0.9309791671040749 181
1646475170008 0.9307830737662829 182
1646475170124 0.9305862149557502 183
1646475170145 0.9303885955677015 184
1646475170176 0.9301902205162739 185
1646475170210 0.9299910947343957 186
1646475170239 0.9297912231736634 187
1646475170268 0.9295906108042183 188
1646475170284 0.9293892626146236 189
1646475170397 0.9291871836117395 190
1646475170424 0.9289843788205991 191
1646475170455 0.9287808532842836 192
1646475170484 0.9285766120637968 193
1646475170500 0.928371660237939 194
1646475170541 0.9281660029031811 195
1646475170574 0.9279596451735372 196
1646475170684 0.9277525921804387 197
1646475170706 0.927544849072605 198
1646475170740 0.9273364210159172 199
1646475170773 0.9271273131932879 200
1646475170789 0.9269175308045341 201
1646475170825 0.9267070790662464 202
1646475170856 0.9264959632116602 203
1646475170960 0.9262841884905252 204
1646475170980 0.9260717601689749 205
1646475171011 0.9258586835293956 206
1646475171045 0.9256449638702953 207
1646475171077 0.9254306065061715 208
1646475171108 0.9252156167673797 209
1646475171140 0.9249999999999999 210
1646475171277 0.9247837615657049 211
1646475171299 0.9245669068416256 212
1646475171325 0.9243494412202183 213
1646475171356 0.9241313701091305 214
1646475171389 0.9239126989310659 215
1646475171405 0.9236934331236499 216
1646475171431 0.9234735781392945 217
1646475171566 0.9232531394450625 218
1646475171625 0.9230321225225315 219
1646475171680 0.9228105328676581 220
1646475171722 0.9225883759906404 221
1646475171773 0.9223656574157816 222
1646475171831 0.9221423826813525 223
1646475171887 0.9219185573394538 224
1646475172023 0.9216941869558779 225
1646475172047 0.9214692771099704 226
1646475172076 0.9212438333944919 227
1646475172115 0.9210178614154783 228
1646475172147 0.9207913667921016 229
1646475172177 0.9205643551565306 230
1646475172224 0.9203368321537899 231
1646475172357 0.9201088034416208 232
1646475172378 0.9198802746903394 233
1646475172425 0.9196512515826961 234
1646475172457 0.9194217398137348 235
1646475172503 0.9191917450906499 236
1646475172550 0.9189612731326464 237
1646475172577 0.9187303296707956 238
1646475172709 0.9184989204478939 239
1646475172747 0.9182670512183198 240
1646475172793 0.9180347277478902 241
1646475172855 0.9178019558137178 242
1646475172909 0.9175687412040671 243
1646475172956 0.9173350897182103 244
1646475173008 0.9171010071662834 245
1646475173121 0.9168664993691414 246
1646475173142 0.9166315721582141 247
1646475173173 0.9163962313753602 248
1646475173210 0.916160482872723 249
1646475173234 0.9159243325125842 250
1646475173264 0.9156877861672185 251
1646475173280 0.9154508497187474 252
1646475173394 0.9152135290589928 253
1646475173419 0.9149758300893309 254
1646475173434 0.9147377587205452 255
1646475173476 0.9144993208726793 256
1646475173492 0.9142605224748901 257
1646475173518 0.9140213694653001 258
1646475173565 0.9137818677908499 259
1646475173678 0.9135420234071502 260
1646475173700 0.9133018422783337 261
1646475173734 0.9130613303769068 262
1646475173762 0.9128204936836014 263
1646475173777 0.9125793381872254 264
1646475173819 0.9123378698845146 265
1646475173835 0.9120960947799833 266
1646475173943 0.9118540188857749 267
1646475173966 0.9116116482215121 268
1646475173997 0.9113689888141481 269
1646475174019 0.9111260466978157 270
1646475174050 0.910882827913678 271
1646475174087 0.9106393385097781 272
1646475174103 0.910395584540888 273
1646475174221 0.9101515720683587 274
1646475174242 0.9099073071599698 275
1646475174274 0.9096627958897776 276
1646475174311 0.9094180443379648 277
1646475174335 0.9091730585906891 278
1646475174366 0.9089278447399318 279
1646475174379 0.9086824088833465 280
1646475174496 0.9084367571241072 281
1646475174519 0.9081908955707568 282
1646475174550 0.9079448303370551 283
1646475174600 0.9076985675418267 284
1646475174619 0.9074521133088087 285
1646475174661 0.907205473766499 286
1646475174693 0.9069586550480032 287
1646475174793 0.9067116632908827 288
1646475174820 0.9064645046370017 289
1646475174851 0.9062171852323743 290
1646475174881 0.9059697112270122 291
1646475174912 0.9057220887747716 292
1646475174939 0.9054743240331998 293
1646475174971 0.9052264231633826 294
1646475175076 0.9049783923297908 295
1646475175096 0.9047302377001268 296
1646475175120 0.9044819654451717 297
1646475175160 0.9042335817386311 298
1646475175191 0.9039850927569826 299
1646475175251 0.9037365046793212 300
1646475175290 0.9034878236872063 301
1646475175492 0.9032390559645076 302
1646475175527 0.9029902076972517 303
1646475175558 0.902741285073468 304
1646475175595 0.9024922942830348 305
1646475175642 0.9022432415175257 306
1646475175680 0.9019941329700553 307
1646475175696 0.9017449748351251 308
1646475175811 0.9014957733084699 309
1646475175848 0.9012465345869036 310
1646475175894 0.9009972648681649 311
1646475175932 0.9007479703507631 312
1646475175979 0.9004986572338246 313
1646475176011 0.9002493317169379 314
1646475176042 0.8999999999999999 315
1646475176171 0.899750668283062 316
1646475176194 0.8995013427661753 317
1646475176227 0.8992520296492368 318
1646475176270 0.899002735131835 319
1646475176286 0.8987534654130963 320
1646475176330 0.8985042266915301 321
1646475176361 0.8982550251648749 322
1646475176513 0.8980058670299448 323
1646475176560 0.8977567584824743 324
1646475176593 0.8975077057169651 325
1646475176668 0.897258714926532 326
1646475176712 0.8970097923027482 327
1646475176727 0.8967609440354923 328
1646475176771 0.8965121763127937 329
1646475176873 0.8962634953206787 330
1646475176895 0.8960149072430174 331
1646475176928 0.8957664182613688 332
1646475176963 0.8955180345548283 333
1646475176995 0.8952697622998731 334
1646475177012 0.8950216076702091 335
1646475177043 0.8947735768366173 336
1646475177151 0.8945256759668001 337
1646475177172 0.8942779112252284 338
1646475177212 0.8940302887729877 339
1646475177245 0.8937828147676257 340
1646475177261 0.8935354953629984 341
1646475177301 0.8932883367091172 342
1646475177313 0.8930413449519967 343
1646475177431 0.892794526233501 344
1646475177451 0.8925478866911912 345
1646475177482 0.8923014324581733 346
1646475177513 0.8920551696629448 347
1646475177544 0.8918091044292431 348
1646475177582 0.8915632428758927 349
1646475177613 0.8913175911166534 350
1646475177715 0.8910721552600681 351
1646475177737 0.8908269414093108 352
1646475177769 0.8905819556620351 353
1646475177805 0.8903372041102223 354
1646475177829 0.8900926928400301 355
1646475177860 0.8898484279316412 356
1646475177876 0.8896044154591121 357
1646475177991 0.8893606614902219 358
1646475178013 0.8891171720863219 359
1646475178044 0.8888739533021842 360
1646475178082 0.8886310111858519 361
1646475178113 0.8883883517784879 362
1646475178141 0.8881459811142252 363
1646475178157 0.8879039052200166 364
1646475178273 0.8876621301154852 365
1646475178294 0.8874206618127746 366
1646475178329 0.8871795063163985 367
1646475178363 0.8869386696230931 368
1646475178394 0.8866981577216662 369
1646475178414 0.8864579765928498 370
1646475178445 0.88621813220915 371
1646475178565 0.8859786305346998 372
1646475178600 0.8857394775251098 373
1646475178629 0.8855006791273207 374
1646475178663 0.8852622412794547 375
1646475178678 0.885024169910669 376
1646475178714 0.8847864709410072 377
1646475178745 0.8845491502812526 378
1646475178858 0.8843122138327815 379
1646475178880 0.8840756674874157 380
1646475178914 0.8838395171272769 381
1646475178943 0.8836037686246397 382
1646475178990 0.8833684278417859 383
1646475179036 0.8831335006308585 384
1646475179083 0.8828989928337165 385
1646475179269 0.8826649102817896 386
1646475179315 0.8824312587959329 387
1646475179347 0.8821980441862821 388
1646475179379 0.8819652722521097 389
1646475179415 0.8817329487816802 390
1646475179460 0.881501079552106 391
1646475179491 0.8812696703292043 392
1646475179608 0.8810387268673535 393
1646475179635 0.88080825490935 394
1646475179666 0.8805782601862653 395
1646475179707 0.8803487484173038 396
1646475179731 0.8801197253096605 397
1646475179782 0.8798911965583791 398
1646475179816 0.87966316784621 399
1646475179948 0.8794356448434694 400
1646475179970 0.8792086332078983 401
1646475180001 0.8789821385845217 402
1646475180051 0.878756166605508 403
1646475180082 0.8785307228900295 404
1646475180116 0.878305813044122 405
1646475180147 0.8780814426605461 406
1646475180302 0.8778576173186474 407
1646475180391 0.8776343425842184 408
1646475180435 0.8774116240093596 409
1646475180466 0.8771894671323418 410
1646475180497 0.8769678774774684 411
1646475180517 0.8767468605549374 412
1646475180553 0.8765264218607054 413
1646475180661 0.87630656687635 414
1646475180682 0.8760873010689341 415
1646475180717 0.8758686298908694 416
1646475180751 0.8756505587797816 417
1646475180767 0.8754330931583744 418
1646475180808 0.8752162384342951 419
1646475180832 0.875 420
1646475180936 0.8747843832326203 421
1646475180956 0.8745693934938285 422
1646475180987 0.8743550361297047 423
1646475181032 0.8741413164706043 424
1646475181048 0.8739282398310251 425
1646475181088 0.8737158115094747 426
1646475181116 0.8735040367883398 427
1646475181216 0.8732929209337535 428
1646475181239 0.8730824691954658 429
1646475181270 0.872872686806712 430
1646475181311 0.8726635789840828 431
1646475181332 0.8724551509273949 432
1646475181369 0.8722474078195612 433
1646475181385 0.8720403548264626 434
1646475181510 0.8718339970968189 435
1646475181536 0.8716283397620609 436
1646475181582 0.8714233879362031 437
1646475181613 0.8712191467157163 438
1646475181632 0.8710156211794009 439
1646475181672 0.8708128163882605 440
1646475181688 0.8706107373853763 441
1646475181802 0.8704093891957816 442
1646475181823 0.8702087768263366 443
1646475181855 0.8700089052656043 444
1646475181893 0.8698097794837261 445
1646475181916 0.8696114044322985 446
1646475181947 0.8694137850442496 447
1646475181965 0.869216926233717 448
1646475182075 0.869020832895925 449
1646475182096 0.8688255099070633 450
1646475182132 0.8686309621241654 451
1646475182163 0.868437194384988 452
1646475182194 0.868244211507891 453
1646475182216 0.8680520182917172 454
1646475182247 0.8678606195156731 455
1646475182364 0.86767001993921 456
1646475182387 0.8674802243019062 457
1646475182416 0.8672912373233482 458
1646475182453 0.8671030637030144 459
1646475182469 0.8669157081201571 460
1646475182510 0.866729175233687 461
1646475182532 0.8665434696820571 462
1646475182660 0.8663585960831474 463
1646475182700 0.8661745590341497 464
1646475182733 0.865991363111454 465
1646475182799 0.865809012870534 466
1646475182854 0.8656275128458341 467
1646475182899 0.8654468675506567 468
1646475182960 0.8652670814770501 469
1646475183121 0.8650881590956964 470
1646475183152 0.8649101048558004 471
1646475183184 0.8647329231849795 472
1646475183217 0.864556618489153 473
1646475183245 0.8643811951524327 474
1646475183290 0.8642066575370141 475
1646475183329 0.8640330099830674 476
1646475183459 0.8638602568086304 477
1646475183484 0.8636884023095003 478
1646475183516 0.8635174507591274 479
1646475183559 0.8633474064085087 480
1646475183590 0.8631782734860819 481
1646475183630 0.8630100561976208 482
1646475183661 0.8628427587261303 483
1646475183791 0.8626763852317425 484
1646475183813 0.8625109398516133 485
1646475183861 0.8623464266998194 486
1646475183892 0.8621828498672562 487
1646475183924 0.8620202134215361 488
1646475183998 0.8618585214068867 489
1646475184030 0.8616977778440511 490
1646475184206 0.8615379867301876 491
1646475184231 0.86137915203877 492
1646475184262 0.8612212777194893 493
1646475184289 0.8610643676981553 494
1646475184320 0.8609084258765984 495
1646475184348 0.8607534561325738 496
1646475184363 0.8605994623196639 497
1646475184476 0.860446448267183 498
1646475184496 0.860294417780082 499
1646475184531 0.8601433746388538 500
1646475184574 0.8599933225994396 501
1646475184605 0.8598442653931349 502
1646475184632 0.8596962067264968 503
1646475184647 0.8595491502812526 504
1646475184774 0.8594030997142071 505
1646475184794 0.8592580586571528 506
1646475184832 0.8591140307167784 507
1646475184865 0.8589710194745804 508
1646475184897 0.858829028486773 509
1646475184926 0.8586880612842003 510
1646475184947 0.8585481213722479 511
1646475185056 0.8584092122307565 512
1646475185088 0.8582713373139349 513
1646475185103 0.8581345000502738 514
1646475185132 0.8579987038424614 515
1646475185163 0.857863952067298 516
1646475185201 0.8577302480756125 517
1646475185217 0.8575975951921787 518
1646475185334 0.857465996715633 519
1646475185357 0.8573354559183922 520
1646475185388 0.857205976046572 521
1646475185424 0.8570775603199067 522
1646475185448 0.8569502119316684 523
1646475185479 0.8568239340485885 524
1646475185495 0.856698729810778 525
1646475185621 0.8565746023316505 526
1646475185651 0.8564515546978437 527
1646475185667 0.8563295899691435 528
1646475185709 0.8562087111784071 529
1646475185732 0.8560889213314885 530
1646475185771 0.8559702234071631 531
1646475185787 0.8558526203570537 532
1646475185902 0.8557361151055572 533
1646475185948 0.8556207105497723 534
1646475185979 0.8555064095594266 535
1646475186026 0.8553932149768058 536
1646475186064 0.8552811296166831 537
1646475186096 0.8551701562662489 538
1646475186127 0.8550602976850417 539
1646475186231 0.854951556604879 540
1646475186253 0.8548439357297904 541
1646475186284 0.8547374377359492 542
1646475186320 0.8546320652716067 543
1646475186348 0.8545278209570258 544
1646475186384 0.8544247073844163 545
1646475186433 0.8543227271178699 546
1646475186622 0.854221882693297 547
1646475186665 0.8541221766183633 548
1646475186716 0.8540236113724274 549
1646475186757 0.8539261894064796 550
1646475186805 0.8538299131430802 551
1646475186831 0.8537347849763002 552
1646475186872 0.8536408072716606 553
1646475186991 0.8535479823660749 554
1646475187018 0.8534563125677898 555
1646475187049 0.8533658001563286 556
1646475187099 0.8532764473824342 557
1646475187131 0.8531882564680131 558
1646475187171 0.8531012296060803 559
1646475187216 0.8530153689607045 560
1646475187322 0.8529306766669548 561
1646475187361 0.8528471548308469 562
1646475187392 0.8527648055292915 563
1646475187433 0.8526836308100417 564
1646475187464 0.8526036326916434 565
1646475187508 0.8525248131633837 566
1646475187548 0.8524471741852423 567
1646475187695 0.8523707176878427 568
1646475187748 0.8522954455724038 569
1646475187827 0.8522213597106929 570
1646475187843 0.8521484619449794 571
1646475187884 0.8520767540879882 572
1646475187915 0.8520062379228556 573
1646475187943 0.851936915203084 574
1646475188052 0.8518687876524994 575
1646475188072 0.8518018569652073 576
1646475188103 0.8517361248055516 577
1646475188136 0.8516715928080726 578
1646475188152 0.8516082625774667 579
1646475188190 0.8515461356885461 580
1646475188218 0.8514852136862001 581
1646475188318 0.8514254980853566 582
1646475188355 0.851366990370944 583
1646475188370 0.8513096919978547 584
1646475188411 0.8512536043909088 585
1646475188434 0.8511987289448187 586
1646475188472 0.8511450670241545 587
1646475188488 0.8510926199633096 588
1646475188606 0.8510413890664684 589
1646475188638 0.8509913756075728 590
1646475188653 0.8509425808302914 591
1646475188693 0.8508950059479881 592
1646475188718 0.8508486521436921 593
1646475188750 0.8508035205700685 594
1646475188780 0.8507596123493896 595
1646475188881 0.8507169285735068 596
1646475188902 0.850675470303824 597
1646475188934 0.8506352385712702 598
1646475188969 0.8505962343762752 599
1646475189000 0.8505584586887436 600
1646475189019 0.8505219124480311 601
1646475189050 0.8504865965629215 602
1646475189166 0.8504525119116032 603
1646475189188 0.8504196593416484 604
1646475189219 0.8503880396699913 605
1646475189262 0.850357653682908 606
1646475189277 0.8503285021359972 607
1646475189320 0.8503005857541607 608
1646475189335 0.8502739052315863 609
1646475189447 0.8502484612317299 610
1646475189470 0.8502242543872992 611
1646475189501 0.850201285300238 612
1646475189537 0.8501795545417112 613
1646475189584 0.8501590626520904 614
1646475189620 0.850139810140941 615
1646475189636 0.8501217974870088 616
1646475189753 0.8501050251382086 617
1646475189777 0.8500894935116132 618
1646475189808 0.8500752029934424 619
1646475189843 0.8500621539390538 620
1646475189875 0.8500503466729342 621
1646475189909 0.850039781488691 622
1646475189936 0.8500304586490451 623
1646475190048 0.8500223783858248 624
1646475190087 0.8500155408999591 625
1646475190137 0.8500099463614738 626
1646475190183 0.8500055949094864 627
1646475190233 0.8500024866522028 628
1646475190292 0.8500006216669154 629
1646475190355 0.8500001141839123 630
1646475190496 0.8500004567351277 631
1646475190520 0.8500010276520816 632
1646475190568 0.8500018269321666 633
1646475190601 0.850002854571732 634
1646475190629 0.850004110566084 635
1646475190673 0.8500055949094864 636
1646475190704 0.8500073075951593 637
1646475190837 0.8500092486152805 638
1646475190864 0.8500114179609846 639
1646475190910 0.8500138156223634 640
1646475190940 0.850016441588466 641
1646475190971 0.8500192958472986 642
1646475191005 0.8500223783858248 643
1646475191029 0.8500256891899656 644
1646475191167 0.8500292282445993 645
1646475191205 0.8500329955335618 646
1646475191229 0.8500369910396466 647
1646475191266 0.8500412147446047 648
1646475191329 0.850045666629145 649
1646475191371 0.8500503466729342 650
1646475191455 0.8500552548545969 651
1646475191587 0.8500603911517155 652
1646475191614 0.8500657555408307 653
1646475191645 0.8500713479974417 654
1646475191663 0.8500771684960056 655
1646475191694 0.8500832170099379 656
1646475191735 0.8500894935116132 657
1646475191751 0.8500959979723643 658
1646475191870 0.8501027303624832 659
1646475191891 0.8501096906512204 660
1646475191914 0.850116878806786 661
1646475191957 0.850124294796349 662
1646475191973 0.850131938586038 663
1646475192014 0.850139810140941 664
1646475192029 0.8501479094251059 665
1646475192148 0.8501562364015404 666
1646475192173 0.8501647910322121 667
1646475192204 0.8501735732780491 668
1646475192240 0.8501825830989397 669
1646475192256 0.8501918204537328 670
1646475192299 0.850201285300238 671
1646475192314 0.8502109775952262 672
1646475192446 0.8502208972944292 673
1646475192466 0.85023104435254 674
1646475192498 0.8502414187232137 675
1646475192530 0.8502520203590664 676
1646475192561 0.850262849211677 677
1646475192592 0.8502739052315863 678
1646475192615 0.8502851883682973 679
1646475192730 0.850296698570276 680
1646475192754 0.8503084357849511 681
1646475192785 0.8503203999587147 682
1646475192815 0.850332591036922 683
1646475192846 0.8503450089638922 684
1646475192879 0.850357653682908 685
1646475192895 0.8503705251362167 686
1646475193007 0.8503836232650296 687
1646475193034 0.8503969480095228 688
1646475193066 0.8504104993088377 689
1646475193098 0.8504242771010805 690
1646475193131 0.850438281323323 691
1646475193159 0.8504525119116032 692
1646475193175 0.8504669688009249 693
1646475193291 0.850481651925258 694
1646475193315 0.8504965612175399 695
1646475193347 0.8505116966096742 696
1646475193384 0.8505270580325324 697
1646475193400 0.8505426454159531 698
1646475193445 0.8505584586887436 699
1646475193476 0.8505744977786787 700
1646475193590 0.8505907626125022 701
1646475193616 0.8506072531159269 702
1646475193647 0.8506239692136348 703
1646475193676 0.8506409108292775 704
1646475193707 0.8506580778854765 705
1646475193737 0.850675470303824 706
1646475193768 0.8506930880048822 707
1646475193947 0.8507109309081852 708
1646475194010 0.8507289989322379 709
1646475194052 0.8507472919945172 710
1646475194109 0.8507658100114721 711
1646475194147 0.8507845528985244 712
1646475194186 0.8508035205700685 713
1646475194217 0.8508227129394723 714
1646475194347 0.8508421299190775 715
1646475194374 0.8508617714201998 716
1646475194405 0.8508816373531294 717
1646475194440 0.8509017276271315 718
1646475194479 0.8509220421504468 719
1646475194520 0.8509425808302914 720
1646475194563 0.850963343572858 721
1646475194688 0.8509843302833157 722
1646475194713 0.8510055408658106 723
1646475194748 0.8510269752234666 724
1646475194791 0.8510486332583853 725
1646475194823 0.8510705148716468 726
1646475194867 0.8510926199633096 727
1646475194898 0.8511149484324124 728
1646475195066 0.8511375001769728 729
1646475195117 0.851160275093989 730
1646475195178 0.8511832730794398 731
1646475195231 0.8512064940282852 732
1646475195249 0.851229937834467 733
1646475195288 0.8512536043909088 734
1646475195303 0.8512774935895171 735
1646475195415 0.8513016053211814 736
1646475195436 0.8513259394757747 737
1646475195465 0.8513504959421545 738
1646475195503 0.8513752746081624 739
1646475195519 0.8514002753606256 740
1646475195565 0.8514254980853566 741
1646475195597 0.8514509426671544 742
1646475195700 0.8514766089898043 743
1646475195723 0.8515024969360792 744
1646475195750 0.8515286063877395 745
1646475195792 0.8515549372255342 746
1646475195823 0.8515814893292009 747
1646475195850 0.8516082625774667 748
1646475195881 0.8516352568480485 749
1646475195986 0.851662472017654 750
1646475196007 0.8516899079619817 751
1646475196038 0.851717564555722 752
1646475196074 0.8517454416725573 753
1646475196105 0.8517735391851629 754
1646475196133 0.8518018569652073 755
1646475196150 0.8518303948833533 756
1646475196268 0.851859152809258 757
1646475196288 0.8518881306115735 758
1646475196319 0.8519173281579482 759
1646475196350 0.8519467453150262 760
1646475196382 0.851976381948449 761
1646475196413 0.8520062379228556 762
1646475196428 0.8520363131018829 763
1646475196539 0.852066607348167 764
1646475196569 0.8520971205233432 765
1646475196602 0.852127852488047 766
1646475196637 0.8521588031019145 767
1646475196666 0.8521899722235834 768
1646475196694 0.8522213597106929 769
1646475196710 0.8522529654198855 770
1646475196826 0.8522847892068064 771
1646475196851 0.8523168309261051 772
1646475196882 0.8523490904314356 773
1646475196920 0.8523815675754574 774
1646475196951 0.8524142622098356 775
1646475196985 0.8524471741852423 776
1646475197001 0.8524803033513567 777
1646475197121 0.8525136495568661 778
1646475197152 0.8525472126494665 779
1646475197183 0.8525809924758634 780
1646475197213 0.852614988881772 781
1646475197228 0.8526492017119189 782
1646475197271 0.8526836308100417 783
1646475197302 0.8527182760188906 784
1646475197410 0.8527531371802285 785
1646475197447 0.8527882141348321 786
1646475197483 0.8528235067224923 787
1646475197524 0.8528590147820153 788
1646475197567 0.8528947381512233 789
1646475197614 0.8529306766669548 790
1646475197675 0.8529668301650658 791
1646475197846 0.8530031984804305 792
1646475197876 0.8530397814469417 793
1646475197923 0.853076578897512 794
1646475197961 0.8531135906640742 795
1646475197992 0.8531508165775826 796
1646475198035 0.8531882564680131 797
1646475198077 0.8532259101643643 798
1646475198214 0.8532637774946584 799
1646475198252 0.8533018582859418 800
1646475198292 0.853340152364286 801
1646475198330 0.8533786595547881 802
1646475198361 0.8534173796815723 803
1646475198403 0.8534563125677898 804
1646475198434 0.8534954580356202 805
1646475198579 0.8535348159062723 806
1646475198610 0.8535743859999848 807
1646475198657 0.8536141681360266 808
1646475198693 0.8536541621326988 809
1646475198734 0.8536943678073345 810
1646475198797 0.8537347849763002 811
1646475198886 0.8537754134549959 812
1646475199004 0.8538162530578571 813
1646475199025 0.8538573035983548 814
1646475199056 0.8538985648889964 815
1646475199094 0.8539400367413271 816
1646475199109 0.8539817189659299 817
1646475199149 0.8540236113724274 818
1646475199164 0.854065713769482 819
1646475199278 0.8541080259647971 820
1646475199297 0.8541505477651177 821
1646475199329 0.8541932789762317 822
1646475199370 0.8542362194029703 823
1646475199394 0.8542793688492094 824
1646475199425 0.8543227271178699 825
1646475199443 0.8543662940109193 826
1646475199563 0.8544100693293721 827
1646475199598 0.8544540528732907 828
1646475199614 0.8544982444417867 829
1646475199655 0.8545426438330213 830
1646475199694 0.8545872508442066 831
1646475199721 0.8546320652716067 832
1646475199737 0.8546770869105381 833
1646475199850 0.8547223155553707 834
1646475199871 0.8547677509995295 835
1646475199895 0.8548133930354943 836
1646475199934 0.8548592414548019 837
1646475199965 0.854905296048046 838
1646475199996 0.854951556604879 839
1646475200012 0.8549980229140125 840
1646475200132 0.8550446947632181 841
1646475200153 0.855091571939329 842
1646475200179 0.8551386542282404 843
1646475200222 0.8551859414149107 844
1646475200237 0.8552334332833623 845
1646475200279 0.8552811296166831 846
1646475200295 0.8553290301970269 847
1646475200415 0.8553771348056147 848
1646475200444 0.8554254432227355 849
1646475200480 0.8554739552277476 850
1646475200498 0.8555226705990794 851
1646475200545 0.8555715891142304 852
1646475200582 0.8556207105497723 853
1646475200609 0.85567003468135 854
1646475200725 0.8557195612836825 855
1646475200746 0.8557692901305645 856
1646475200780 0.8558192209948662 857
1646475200825 0.8558693536485358 858
1646475200856 0.8559196878625995 859
1646475200905 0.8559702234071631 860
1646475200936 0.8560209600514126 861
1646475201049 0.8560718975636158 862
1646475201071 0.8561230357111228 863
1646475201112 0.8561743742603676 864
1646475201151 0.8562259129768686 865
1646475201227 0.8562776516252302 866
1646475201303 0.8563295899691434 867
1646475201384 0.8563817277713875 868
1646475201550 0.8564340647938306 869
1646475201596 0.8564866007974304 870
1646475201628 0.8565393355422368 871
1646475201694 0.856592268787391 872
1646475201727 0.8566454002911283 873
1646475201767 0.856698729810778 874
1646475201806 0.8567522571027653 875
1646475201948 0.8568059819226118 876
1646475201988 0.8568599040249373 877
1646475202022 0.8569140231634602 878
1646475202068 0.8569683390909991 879
1646475202100 0.857022851559474 880
1646475202136 0.8570775603199067 881
1646475202183 0.8571324651224229 882
1646475202308 0.857187565716253 883
1646475202341 0.8572428618497326 884
1646475202381 0.8572983532703049 885
1646475202410 0.8573540397245205 886
1646475202452 0.8574099209580398 887
1646475202493 0.857465996715633 888
1646475202575 0.8575222667411823 889
1646475202747 0.8575787307776823 890
1646475202788 0.8576353885672419 891
1646475202828 0.8576922398510843 892
1646475202879 0.8577492843695499 893
1646475202919 0.8578065218620958 894
1646475202970 0.857863952067298 895
1646475203011 0.8579215747228524 896
1646475203126 0.8579793895655755 897
1646475203149 0.8580373963314065 898
1646475203179 0.858095594755408 899
1646475203209 0.8581539845717667 900
1646475203240 0.8582125655137957 901
1646475203280 0.8582713373139348 902
1646475203295 0.8583302997037525 903
1646475203414 0.8583894524139463 904
1646475203438 0.8584487951743448 905
1646475203469 0.8585083277139084 906
1646475203502 0.8585680497607309 907
1646475203518 0.8586279610420402 908
1646475203561 0.8586880612842003 909
1646475203580 0.8587483502127118 910
1646475203700 0.8588088275522139 911
1646475203724 0.8588694930264849 912
1646475203755 0.8589303463584439 913
1646475203780 0.8589913872701522 914
1646475203820 0.8590526154828141 915
1646475203836 0.8591140307167784 916
1646475203864 0.8591756326915401 917
1646475203981 0.8592374211257408 918
1646475204002 0.8592993957371707 919
1646475204033 0.8593615562427699 920
1646475204075 0.8594239023586289 921
1646475204096 0.8594864337999909 922
1646475204134 0.8595491502812526 923
1646475204150 0.8596120515159653 924
1646475204265 0.8596751372168369 925
1646475204286 0.8597384070957321 926
1646475204318 0.8598018608636753 927
1646475204355 0.8598654982308501 928
1646475204381 0.8599293189066022 929
1646475204417 0.8599933225994396 930
1646475204432 0.8600575090170349 931
1646475204559 0.8601218778662257 932
1646475204598 0.8601864288530165 933
1646475204614 0.8602511616825801 934
1646475204656 0.8603160760592583 935
1646475204682 0.8603811716865643 936
1646475204715 0.8604464482671829 937
1646475204731 0.8605119055029729 938
1646475204850 0.8605775430949676 939
1646475204898 0.8606433607433768 940
1646475204945 0.8607093581475879 941
1646475205017 0.8607755350061671 942
1646475205074 0.8608418910168611 943
1646475205125 0.8609084258765984 944
1646475205184 0.8609751392814907 945
1646475205317 0.861042030926834 946
1646475205358 0.8611091005071101 947
1646475205389 0.8611763477159886 948
1646475205424 0.8612437722463274 949
1646475205450 0.8613113737901746 950
1646475205490 0.86137915203877 951
1646475205506 0.8614471066825461 952
1646475205658 0.8615152374111297 953
1646475205697 0.8615835439133436 954
1646475205735 0.8616520258772076 955
1646475205768 0.8617206829899402 956
1646475205800 0.86178951493796 957
1646475205835 0.8618585214068867 958
1646475205882 0.8619277020815432 959
1646475205994 0.8619970566459569 960
1646475206035 0.8620665847833607 961
1646475206051 0.8621362861761948 962
1646475206098 0.8622061605061079 963
1646475206151 0.8622762074539593 964
1646475206201 0.8623464266998194 965
1646475206251 0.8624168179229721 966
1646475206401 0.8624873808019154 967
1646475206426 0.8625581150143635 968
1646475206452 0.8626290202372482 969
1646475206488 0.8627000961467199 970
1646475206519 0.8627713424181496 971
1646475206552 0.8628427587261303 972
1646475206571 0.862914344744478 973
1646475206688 0.8629861001462342 974
1646475206713 0.8630580246036661 975
1646475206736 0.8631301177882692 976
1646475206777 0.8632023793707683 977
1646475206808 0.8632748090211187 978
1646475206836 0.8633474064085087 979
1646475206852 0.8634201712013599 980
1646475206966 0.8634931030673297 981
1646475206987 0.8635662016733122 982
1646475207018 0.8636394666854401 983
1646475207036 0.8637128977690859 984
1646475207068 0.8637864945888636 985
1646475207109 0.8638602568086304 986
1646475207137 0.8639341840914879 987
1646475207254 0.8640082760997838 988
1646475207275 0.8640825324951136 989
1646475207306 0.8641569529383217 990
1646475207336 0.8642315370895036 991
1646475207352 0.8643062846080068 992
1646475207397 0.8643811951524327 993
1646475207412 0.8644562683806383 994
1646475207528 0.8645315039497371 995
1646475207555 0.8646069015161016 996
1646475207586 0.8646824607353644 997
1646475207627 0.8647581812624194 998
1646475207653 0.864834062751424 999
1646475207688 0.8649101048558004 1000
1646475207703 0.8649863072282372 1001
1646475207824 0.8650626695206911 1002
1646475207845 0.8651391913843881 1003
1646475207876 0.8652158724698257 1004
1646475207912 0.865292712426774 1005
1646475207938 0.8653697109042775 1006
1646475207975 0.8654468675506567 1007
1646475208006 0.8655241820135098 1008
1646475208108 0.865601653939714 1009
1646475208138 0.8656792829754274 1010
1646475208169 0.8657570687660906 1011
1646475208198 0.865835010956428 1012
1646475208229 0.86591310919045 1013
1646475208263 0.865991363111454 1014
1646475208294 0.8660697723620265 1015
1646475208401 0.8661483365840446 1016
1646475208424 0.8662270554186772 1017
1646475208454 0.8663059285063875 1018
1646475208488 0.8663849554869342 1019
1646475208520 0.8664641359993726 1020
1646475208538 0.8665434696820571 1021
1646475208589 0.8666229561726426 1022
1646475208783 0.8667025951080859 1023
1646475208832 0.8667823861246476 1024
1646475208883 0.8668623288578938 1025
1646475208923 0.8669424229426974 1026
1646475208967 0.8670226680132402 1027
1646475208998 0.8671030637030144 1028
1646475209045 0.8671836096448241 1029
1646475209154 0.8672643054707874 1030
1646475209194 0.8673451508123375 1031
1646475209225 0.8674261453002252 1032
1646475209269 0.8675072885645196 1033
1646475209300 0.8675885802346106 1034
1646475209338 0.86767001993921 1035
1646475209368 0.8677516073063538 1036
1646475209494 0.8678333419634032 1037
1646475209532 0.8679152235370472 1038
1646475209568 0.8679972516533032 1039
1646475209601 0.8680794259375197 1040
1646475209632 0.8681617460143773 1041
1646475209668 0.868244211507891 1042
1646475209706 0.8683268220414114 1043
1646475209852 0.8684095772376269 1044
1646475209889 0.8684924767185649 1045
1646475209952 0.8685755201055938 1046
1646475210017 0.868658707019425 1047
1646475210052 0.8687420370801142 1048
1646475210080 0.8688255099070633 1049
1646475210111 0.8689091251190221 1050
1646475210208 0.8689928823340901 1051
1646475210246 0.8690767811697184 1052
1646475210268 0.8691608212427109 1053
1646475210307 0.8692450021692267 1054
1646475210339 0.8693293235647817 1055
1646475210353 0.8694137850442496 1056
1646475210384 0.8694983862218651 1057
1646475210499 0.8695831267112243 1058
1646475210519 0.8696680061252872 1059
1646475210553 0.8697530240763792 1060
1646475210598 0.8698381801761932 1061
1646475210629 0.8699234740357906 1062
1646475210654 0.8700089052656043 1063
1646475210685 0.8700944734754392 1064
1646475210794 0.8701801782744748 1065
1646475210825 0.8702660192712668 1066
1646475210854 0.8703519960737487 1067
1646475210883 0.8704381082892338 1068
1646475210914 0.870524355524417 1069
1646475210941 0.8706107373853763 1070
1646475210970 0.8706972534775751 1071
1646475211075 0.8707839034058633 1072
1646475211096 0.8708706867744802 1073
1646475211128 0.8709576031870548 1074
1646475211154 0.8710446522466091 1075
1646475211186 0.871131833555559 1076
1646475211217 0.8712191467157163 1077
1646475211234 0.8713065913282907 1078
1646475211350 0.8713941669938915 1079
1646475211373 0.8714818733125294 1080
1646475211404 0.8715697098836184 1081
1646475211435 0.8716576763059775 1082
1646475211473 0.8717457721778328 1083
1646475211489 0.8718339970968189 1084
1646475211530 0.8719223506599812 1085
1646475211644 0.8720108324637776 1086
1646475211673 0.8720994421040801 1087
1646475211704 0.8721881791761767 1088
1646475211738 0.8722770432747738 1089
1646475211770 0.8723660339939974 1090
1646475211805 0.8724551509273948 1091
1646475211821 0.8725443936679376 1092
1646475211937 0.8726337618080222 1093
1646475211957 0.8727232549394726 1094
1646475211988 0.8728128726535415 1095
1646475212030 0.872902614540913 1096
1646475212055 0.872992480191704 1097
1646475212088 0.8730824691954658 1098
1646475212120 0.8731725811411868 1099
1646475212225 0.8732628156172935 1100
1646475212255 0.8733531722116529 1101
1646475212286 0.8734436505115741 1102
1646475212340 0.8735342501038106 1103
1646475212386 0.8736249705745618 1104
1646475212433 0.8737158115094747 1105
1646475212488 0.8738067724936467 1106
1646475212671 0.8738978531116264 1107
1646475212719 0.8739890529474161 1108
1646475212751 0.8740803715844737 1109
1646475212790 0.8741718086057144 1110
1646475212819 0.8742633635935129 1111
1646475212859 0.8743550361297047 1112
1646475212905 0.8744468257955886 1113
1646475213038 0.8745387321719288 1114
1646475213064 0.8746307548389558 1115
1646475213095 0.8747228933763695 1116
1646475213139 0.8748151473633402 1117
1646475213171 0.874907516378511 1118
1646475213210 0.875 1119
1646475213251 0.8750925978054012 1120
1646475213384 0.8751853093717874 1121
1646475213420 0.8752781342757121 1122
1646475213451 0.8753710720932107 1123
1646475213488 0.8754641223998031 1124
1646475213551 0.8755572847704953 1125
1646475213591 0.8756505587797816 1126
1646475213652 0.8757439440016463 1127
1646475213796 0.875837440009566 1128
1646475213817 0.8759310463765109 1129
1646475213847 0.8760247626749473 1130
1646475213885 0.8761185884768397 1131
1646475213901 0.8762125233536519 1132
1646475213932 0.87630656687635 1133
1646475213963 0.8764007186154038 1134
1646475214078 0.8764949781407887 1135
1646475214100 0.8765893450219877 1136
1646475214132 0.8766838188279937 1137
1646475214165 0.8767783991273113 1138
1646475214196 0.8768730854879582 1139
1646475214223 0.8769678774774683 1140
1646475214248 0.8770627746628928 1141
1646475214357 0.8771577766108024 1142
1646475214378 0.8772528828872892 1143
1646475214409 0.8773480930579691 1144
1646475214432 0.8774434066879833 1145
1646475214479 0.8775388233420003 1146
1646475214507 0.8776343425842184 1147
1646475214533 0.877729963978367 1148
1646475214655 0.8778256870877092 1149
1646475214678 0.8779215114750436 1150
1646475214709 0.8780174367027058 1151
1646475214733 0.8781134623325713 1152
1646475214764 0.8782095879260566 1153
1646475214806 0.878305813044122 1154
1646475214822 0.8784021372472731 1155
1646475214935 0.8784985600955628 1156
1646475214959 0.8785950811485936 1157
1646475214990 0.8786916999655197 1158
1646475215033 0.8787884161050481 1159
1646475215048 0.878885229125442 1160
1646475215087 0.8789821385845217 1161
1646475215102 0.8790791440396672 1162
1646475215214 0.87917624504782 1163
1646475215240 0.8792734411654852 1164
1646475215271 0.8793707319487334 1165
1646475215309 0.879468116953203 1166
1646475215333 0.879565595734102 1167
1646475215370 0.8796631678462099 1168
1646475215386 0.8797608328438803 1169
1646475215507 0.8798585902810421 1170
1646475215534 0.8799564397112024 1171
1646475215565 0.8800543806874479 1172
1646475215604 0.8801524127624473 1173
1646475215634 0.880250535488453 1174
1646475215670 0.8803487484173038 1175
1646475215702 0.8804470511004261 1176
1646475215812 0.8805454430888364 1177
1646475215849 0.8806439239331436 1178
1646475215896 0.8807424931835505 1179
1646475215934 0.8808411503898561 1180
1646475215950 0.8809398951014579 1181
1646475215993 0.8810387268673535 1182
1646475216050 0.8811376452361431 1183
1646475216227 0.8812366497560312 1184
1646475216277 0.881335739974829 1185
1646475216317 0.8814349154399558 1186
1646475216351 0.8815341756984422 1187
1646475216399 0.881633520296931 1188
1646475216435 0.8817329487816802 1189
1646475216478 0.8818324606985644 1190
1646475216595 0.8819320555930772 1191
1646475216620 0.8820317330103331 1192
1646475216667 0.88213149249507 1193
1646475216699 0.8822313335916505 1194
1646475216736 0.882331255844065 1195
1646475216767 0.8824312587959329 1196
1646475216799 0.8825313419905049 1197
1646475216923 0.8826315049706654 1198
1646475216959 0.8827317472789346 1199
1646475216991 0.8828320684574699 1200
1646475217027 0.8829324680480688 1201
1646475217068 0.8830329455921706 1202
1646475217107 0.8831335006308585 1203
1646475217136 0.8832341327048617 1204
1646475217283 0.8833348413545579 1205
1646475217361 0.8834356261199745 1206
1646475217420 0.8835364865407918 1207
1646475217453 0.8836374221563441 1208
1646475217482 0.8837384325056226 1209
1646475217497 0.8838395171272769 1210
1646475217537 0.8839406755596176 1211
1646475217655 0.8840419073406182 1212
1646475217679 0.8841432120079168 1213
1646475217711 0.8842445890988189 1214
1646475217737 0.8843460381502993 1215
1646475217769 0.8844475586990042 1216
1646475217799 0.8845491502812526 1217
1646475217814 0.8846508124330399 1218
1646475217925 0.8847525446900386 1219
1646475217941 0.8848543465876013 1220
1646475217973 0.8849562176607626 1221
1646475218012 0.8850581574442407 1222
1646475218038 0.8851601654724405 1223
1646475218069 0.8852622412794547 1224
1646475218103 0.8853643843990671 1225
1646475218207 0.8854665943647533 1226
1646475218227 0.885568870709684 1227
1646475218253 0.885671212966727 1228
1646475218293 0.8857736206684483 1229
1646475218325 0.8858760933471157 1230
1646475218355 0.8859786305346998 1231
1646475218371 0.8860812317628768 1232
1646475218484 0.8861838965630302 1233
1646475218505 0.8862866244662535 1234
1646475218538 0.8863894150033514 1235
1646475218580 0.8864922677048431 1236
1646475218611 0.8865951821009637 1237
1646475218638 0.8866981577216662 1238
1646475218669 0.8868011940966245 1239
1646475218777 0.8869042907552346 1240
1646475218798 0.8870074472266173 1241
1646475218838 0.8871106630396203 1242
1646475218866 0.8872139377228202 1243
1646475218882 0.8873172708045246 1244
1646475218923 0.8874206618127746 1245
1646475218954 0.8875241102753464 1246
1646475219056 0.8876276157197542 1247
1646475219078 0.8877311776732517 1248
1646475219109 0.8878347956628345 1249
1646475219138 0.8879384692152423 1250
1646475219170 0.888042197856961 1251
1646475219214 0.888145981114225 1252
1646475219238 0.8882498185130192 1253
1646475219338 0.888353709579081 1254
1646475219376 0.888457653837903 1255
1646475219407 0.8885616508147347 1256
1646475219439 0.8886657000345848 1257
1646475219470 0.8887698010222234 1258
1646475219497 0.8888739533021842 1259
1646475219528 0.8889781563987667 1260
1646475219639 0.8890824098360381 1261
1646475219677 0.8891867131378358 1262
1646475219708 0.8892910658277694 1263
1646475219772 0.8893954674292232 1264
1646475219819 0.8894999174653575 1265
1646475219882 0.8896044154591121 1266
1646475219936 0.8897089609332071 1267
1646475220108 0.8898135534101462 1268
1646475220143 0.8899181924122183 1269
1646475220174 0.8900228774614998 1270
1646475220206 0.8901276080798566 1271
1646475220241 0.8902323837889468 1272
1646475220279 0.8903372041102223 1273
1646475220310 0.8904420685649314 1274
1646475220443 0.8905469766741205 1275
1646475220482 0.8906519279586373 1276
1646475220513 0.8907569219391316 1277
1646475220558 0.8908619581360584 1278
1646475220589 0.89096703606968 1279
1646475220626 0.8910721552600681 1280
1646475220658 0.8911773152271059 1281
1646475220797 0.8912825154904902 1282
1646475220828 0.891387755569734 1283
1646475220858 0.8914930349841683 1284
1646475220894 0.8915983532529446 1285
1646475220925 0.8917037098950366 1286
1646475220999 0.8918091044292431 1287
1646475221030 0.8919145363741896 1288
1646475221222 0.892020005248331 1289
1646475221244 0.8921255105699532 1290
1646475221275 0.8922310518571758 1291
1646475221305 0.8923366286279542 1292
1646475221321 0.8924422404000816 1293
1646475221364 0.8925478866911912 1294
1646475221379 0.8926535670187591 1295
1646475221499 0.8927592809001053 1296
1646475221520 0.8928650278523969 1297
1646475221559 0.8929708073926498 1298
1646475221600 0.8930766190377313 1299
1646475221616 0.8931824623043617 1300
1646475221658 0.8932883367091172 1301
1646475221674 0.8933942417684316 1302
1646475221799 0.8935001769985987 1303
1646475221821 0.8936061419157747 1304
1646475221843 0.8937121360359799 1305
1646475221887 0.8938181588751013 1306
1646475221903 0.893924209948895 1307
1646475221943 0.8940302887729877 1308
1646475221959 0.8941363948628799 1309
1646475222078 0.894242527733947 1310
1646475222099 0.8943486869014424 1311
1646475222130 0.8944548718804994 1312
1646475222164 0.8945610821861334 1313
1646475222180 0.894667317333244 1314
1646475222224 0.8947735768366173 1315
1646475222243 0.8948798602109284 1316
1646475222359 0.8949861669707432 1317
1646475222384 0.8950924966305208 1318
1646475222416 0.8951988487046159 1319
1646475222443 0.8953052227072804 1320
1646475222474 0.8954116181526666 1321
1646475222508 0.8955180345548283 1322
1646475222523 0.895624471427724 1323
1646475222643 0.8957309282852185 1324
1646475222680 0.8958374046410855 1325
1646475222711 0.8959439000090094 1326
1646475222744 0.8960504139025879 1327
1646475222771 0.8961569458353341 1328
1646475222802 0.8962634953206787 1329
1646475222832 0.8963700618719723 1330
1646475222934 0.8964766450024872 1331
1646475222964 0.8965832442254206 1332
1646475222995 0.8966898590538956 1333
1646475223026 0.8967964890009643 1334
1646475223060 0.8969031335796098 1335
1646475223092 0.8970097923027482 1336
1646475223123 0.8971164646832313 1337
1646475223228 0.8972231502338479 1338
1646475223252 0.8973298484673276 1339
1646475223283 0.897436558896341 1340
1646475223319 0.8975432810335039 1341
1646475223345 0.897650014391378 1342
1646475223373 0.8977567584824742 1343
1646475223419 0.8978635128192541 1344
1646475223605 0.8979702769141327 1345
1646475223653 0.89807705027948 1346
1646475223701 0.8981838324276243 1347
1646475223756 0.8982906228708534 1348
1646475223798 0.8983974211214172 1349
1646475223839 0.8985042266915301 1350
1646475223887 0.8986110390933728 1351
1646475223999 0.8987178578390952 1352
1646475224042 0.8988246824408179 1353
1646475224070 0.8989315124106348 1354
1646475224111 0.8990383472606156 1355
1646475224142 0.8991451865028072 1356
1646475224187 0.8992520296492368 1357
1646475224226 0.8993588762119136 1358
1646475224337 0.8994657257028313 1359
1646475224375 0.8995725776339702 1360
1646475224411 0.8996794315172995 1361
1646475224444 0.8997862868647791 1362
1646475224490 0.899893143188363 1363
1646475224531 0.8999999999999999 1364
1646475224562 0.9001068568116369 1365
1646475224752 0.9002137131352208 1366
1646475224824 0.9003205684827005 1367
1646475224861 0.9004274223660297 1368
1646475224877 0.9005342742971686 1369
1646475224919 0.9006411237880864 1370
1646475224942 0.9007479703507631 1371
1646475224965 0.9008548134971928 1372
1646475225076 0.9009616527393843 1373
1646475225098 0.9010684875893651 1374
1646475225130 0.901175317559182 1375
1646475225167 0.9012821421609047 1376
1646475225183 0.9013889609066271 1377
1646475225226 0.9014957733084699 1378
1646475225258 0.9016025788785827 1379
1646475225364 0.9017093771291464 1380
1646475225396 0.9018161675723756 1381
1646475225427 0.9019229497205199 1382
1646475225462 0.9020297230858673 1383
1646475225478 0.9021364871807458 1384
1646475225519 0.9022432415175257 1385
1646475225543 0.9023499856086219 1386
1646475225664 0.902456718966496 1387
1646475225688 0.9025634411036589 1388
1646475225719 0.9026701515326724 1389
1646475225759 0.9027768497661519 1390
1646475225774 0.9028835353167687 1391
1646475225814 0.9029902076972517 1392
1646475225843 0.9030968664203901 1393
1646475225943 0.9032035109990356 1394
1646475225981 0.9033101409461043 1395
1646475226012 0.9034167557745794 1396
1646475226043 0.9035233549975127 1397
1646475226059 0.9036299381280276 1398
1646475226102 0.9037365046793212 1399
1646475226117 0.9038430541646658 1400
1646475226234 0.903949586097412 1401
1646475226262 0.9040560999909906 1402
1646475226294 0.9041625953589144 1403
1646475226321 0.9042690717147814 1404
1646475226344 0.9043755285722759 1405
1646475226378 0.9044819654451717 1406
1646475226394 0.9045883818473334 1407
1646475226515 0.9046947772927195 1408
1646475226544 0.9048011512953841 1409
1646475226577 0.9049075033694791 1410
1646475226615 0.9050138330292568 1411
1646475226644 0.9051201397890716 1412
1646475226675 0.9052264231633826 1413
1646475226691 0.9053326826667559 1414
1646475226809 0.9054389178138665 1415
1646475226840 0.9055451281195005 1416
1646475226860 0.9056513130985575 1417
1646475226898 0.905757472266053 1418
1646475226929 0.90586360513712 1419
1646475226960 0.9059697112270122 1420
1646475227007 0.906075790051105 1421
1646475227177 0.9061818411248986 1422
1646475227240 0.9062878639640201 1423
1646475227290 0.9063938580842252 1424
1646475227361 0.9064998230014012 1425
1646475227422 0.9066057582315683 1426
1646475227450 0.9067116632908827 1427
1646475227497 0.9068175376956382 1428
1646475227633 0.9069233809622687 1429
1646475227672 0.9070291926073502 1430
1646475227704 0.9071349721476031 1431
1646475227738 0.9072407190998947 1432
1646475227766 0.9073464329812408 1433
1646475227811 0.9074521133088087 1434
1646475227850 0.9075577595999184 1435
1646475227971 0.9076633713720458 1436
1646475227992 0.9077689481428242 1437
1646475228023 0.9078744894300468 1438
1646475228073 0.9079799947516689 1439
1646475228104 0.9080854636258103 1440
1646475228139 0.9081908955707568 1441
1646475228166 0.9082962901049634 1442
1646475228293 0.9084016467470554 1443
1646475228362 0.9085069650158316 1444
1646475228453 0.9086122444302659 1445
1646475228512 0.9087174845095097 1446
1646475228543 0.9088226847728941 1447
1646475228590 0.9089278447399318 1448
1646475228627 0.9090329639303198 1449
1646475228752 0.9091380418639415 1450
1646475228776 0.9092430780608685 1451
1646475228812 0.9093480720413626 1452
1646475228856 0.9094530233258793 1453
1646475228888 0.9095579314350686 1454
1646475228933 0.9096627958897776 1455
1646475228964 0.9097676162110532 1456
1646475229085 0.9098723919201434 1457
1646475229114 0.9099771225385002 1458
1646475229161 0.9100818075877816 1459
1646475229192 0.9101864465898537 1460
1646475229228 0.9102910390667929 1461
1646475229266 0.910395584540888 1462
1646475229298 0.9105000825346424 1463
1646475229414 0.9106045325707768 1464
1646475229445 0.9107089341722305 1465
1646475229476 0.9108132868621641 1466
1646475229513 0.9109175901639618 1467
1646475229560 0.9110218436012333 1468
1646475229595 0.9111260466978157 1469
1646475229613 0.9112301989777765 1470
1646475229737 0.9113342999654152 1471
1646475229759 0.9114383491852652 1472
1646475229806 0.911542346162097 1473
1646475229841 0.9116462904209188 1474
1646475229873 0.9117501814869807 1475
1646475229901 0.9118540188857749 1476
1646475229928 0.9119578021430388 1477
1646475230052 0.9120615307847576 1478
1646475230074 0.9121652043371654 1479
1646475230113 0.9122688223267482 1480
1646475230153 0.9123723842802457 1481
1646475230184 0.9124758897246535 1482
1646475230228 0.9125793381872254 1483
1646475230260 0.9126827291954753 1484
1646475230381 0.9127860622771797 1485
1646475230416 0.9128893369603795 1486
1646475230450 0.9129925527733826 1487
1646475230481 0.9130957092447654 1488
1646475230529 0.9131988059033754 1489
1646475230563 0.9133018422783337 1490
1646475230605 0.9134048178990363 1491
1646475230714 0.9135077322951568 1492
1646475230750 0.9136105849966485 1493
1646475230797 0.9137133755337464 1494
1646475230843 0.9138161034369696 1495
1646475230924 0.9139187682371231 1496
1646475230987 0.9140213694653001 1497
1646475231038 0.9141239066528842 1498
1646475231184 0.9142263793315516 1499
1646475231207 0.9143287870332729 1500
1646475231238 0.9144311292903158 1501
1646475231285 0.9145334056352467 1502
1646475231328 0.9146356156009329 1503
1646475231359 0.9147377587205452 1504
1646475231385 0.9148398345275595 1505
1646475231511 0.9149418425557593 1506
1646475231551 0.9150437823392373 1507
1646475231582 0.9151456534123985 1508
1646475231608 0.9152474553099613 1509
1646475231655 0.91534918756696 1510
1646475231682 0.9154508497187474 1511
1646475231708 0.9155524413009958 1512
1646475231831 0.9156539618497005 1513
1646475231853 0.915755410901181 1514
1646475231884 0.9158567879920831 1515
1646475231928 0.9159580926593818 1516
1646475231960 0.9160593244403822 1517
1646475232023 0.916160482872723 1518
1646475232070 0.9162615674943773 1519
1646475232246 0.9163625778436558 1520
1646475232268 0.9164635134592082 1521
1646475232300 0.9165643738800254 1522
1646475232333 0.9166651586454421 1523
1646475232364 0.9167658672951382 1524
1646475232396 0.9168664993691414 1525
1646475232424 0.9169670544078293 1526
1646475232533 0.9170675319519311 1527
1646475232571 0.9171679315425301 1528
1646475232587 0.9172682527210654 1529
1646475232632 0.9173684950293345 1530
1646475232647 0.9174686580094951 1531
1646475232688 0.9175687412040671 1532
1646475232709 0.9176687441559349 1533
1646475232829 0.9177686664083494 1534
1646475232853 0.91786850750493 1535
1646475232884 0.9179682669896668 1536
1646475232908 0.9180679444069227 1537
1646475232940 0.9181675393014356 1538
1646475232975 0.9182670512183198 1539
1646475233006 0.918366479703069 1540
1646475233128 0.9184658243015578 1541
1646475233148 0.9185650845600442 1542
1646475233179 0.918664260025171 1543
1646475233209 0.9187633502439687 1544
1646475233240 0.9188623547638568 1545
1646475233276 0.9189612731326464 1546
1646475233292 0.9190601048985421 1547
1646475233412 0.9191588496101438 1548
1646475233433 0.9192575068164495 1549
1646475233464 0.9193560760668563 1550
1646475233498 0.9194545569111635 1551
1646475233524 0.919552948899574 1552
1646475233557 0.9196512515826961 1553
1646475233588 0.9197494645115469 1554
1646475233706 0.9198475872375527 1555
1646475233730 0.919945619312552 1556
1646475233761 0.9200435602887975 1557
1646475233797 0.9201414097189579 1558
1646475233825 0.9202391671561196 1559
1646475233856 0.9203368321537899 1560
1646475233871 0.920434404265898 1561
1646475233989 0.9205318830467969 1562
1646475234011 0.9206292680512664 1563
1646475234042 0.9207265588345147 1564
1646475234079 0.9208237549521799 1565
1646475234110 0.9209208559603327 1566
1646475234139 0.9210178614154783 1567
1646475234171 0.921114770874558 1568
1646475234278 0.9212115838949518 1569
1646475234300 0.9213083000344803 1570
1646475234326 0.9214049188514062 1571
1646475234367 0.9215014399044371 1572
1646475234398 0.9215978627527268 1573
1646475234444 0.9216941869558779 1574
1646475234491 0.9217904120739433 1575
1646475234704 0.9218865376674287 1576
1646475234752 0.9219825632972941 1577
1646475234795 0.9220784885249563 1578
1646475234844 0.9221743129122907 1579
1646475234869 0.9222700360216329 1580
1646475234905 0.9223656574157816 1581
1646475234921 0.9224611766579996 1582
1646475235045 0.9225565933120167 1583
1646475235078 0.9226519069420308 1584
1646475235125 0.9227471171127106 1585
1646475235170 0.9228422233891975 1586
1646475235201 0.9229372253371071 1587
1646475235244 0.9230321225225315 1588
1646475235285 0.9231269145120418 1589
1646475235414 0.9232216008726887 1590
1646475235437 0.9233161811720062 1591
1646475235485 0.9234106549780122 1592
1646475235519 0.9235050218592112 1593
1646475235570 0.9235992813845961 1594
1646475235615 0.9236934331236499 1595
1646475235646 0.9237874766463481 1596
1646475235832 0.9238814115231604 1597
1646475235885 0.9239752373250526 1598
1646475235916 0.9240689536234891 1599
1646475235956 0.924162559990434 1600
1646475235985 0.9242560559983536 1601
1646475236016 0.9243494412202183 1602
1646475236032 0.9244427152295046 1603
1646475236146 0.9245358776001968 1604
1646475236170 0.9246289279067892 1605
1646475236201 0.9247218657242878 1606
1646475236237 0.9248146906282124 1607
1646475236253 0.9249074021945988 1608
1646475236286 0.9249999999999999 1609
1646475236317 0.9250924836214889 1610
1646475236425 0.9251848526366597 1611
1646475236456 0.9252771066236304 1612
1646475236486 0.925369245161044 1613
1646475236517 0.9254612678280711 1614
1646475236549 0.9255531742044112 1615
1646475236586 0.9256449638702953 1616
1646475236602 0.9257366364064871 1617
1646475236721 0.9258281913942854 1618
1646475236744 0.9259196284155262 1619
1646475236776 0.9260109470525838 1620
1646475236808 0.9261021468883736 1621
1646475236824 0.9261932275063532 1622
1646475236867 0.9262841884905252 1623
1646475236886 0.9263750294254381 1624
1646475237005 0.9264657498961894 1625
1646475237025 0.9265563494884258 1626
1646475237056 0.9266468277883471 1627
1646475237086 0.9267371843827065 1628
1646475237117 0.9268274188588131 1629
1646475237159 0.9269175308045341 1630
1646475237186 0.927007519808296 1631
1646475237286 0.9270973854590869 1632
1646475237325 0.9271871273464585 1633
1646475237356 0.9272767450605274 1634
1646475237387 0.9273662381919777 1635
1646475237402 0.9274556063320623 1636
1646475237444 0.927544849072605 1637
1646475237475 0.9276339660060027 1638
1646475237587 0.9277229567252261 1639
1646475237609 0.9278118208238232 1640
1646475237640 0.9279005578959199 1641
1646475237679 0.9279891675362223 1642
1646475237702 0.9280776493400187 1643
1646475237745 0.9281660029031811 1644
1646475237761 0.9282542278221672 1645
1646475237882 0.9283423236940225 1646
1646475237919 0.9284302901163816 1647
1646475237950 0.9285181266874706 1648
1646475237988 0.9286058330061084 1649
1646475238019 0.9286934086717092 1650
1646475238064 0.9287808532842836 1651
1646475238088 0.9288681664444409 1652
1646475238250 0.9289553477533908 1653
1646475238315 0.9290423968129451 1654
1646475238352 0.9291293132255197 1655
1646475238420 0.9292160965941365 1656
1646475238463 0.9293027465224248 1657
1646475238505 0.9293892626146236 1658
1646475238542 0.929475644475583 1659
1646475238679 0.9295618917107661 1660
1646475238709 0.9296480039262512 1661
1646475238740 0.9297339807287331 1662
1646475238790 0.9298198217255251 1663
1646475238837 0.9299055265245607 1664
1646475238876 0.9299910947343957 1665
1646475238906 0.9300765259642093 1666
1646475239019 0.9301618198238067 1667
1646475239042 0.9302469759236207 1668
1646475239074 0.9303319938747128 1669
1646475239123 0.9304168732887756 1670
1646475239154 0.9305016137781348 1671
1646475239191 0.9305862149557503 1672
1646475239222 0.9306706764352183 1673
1646475239342 0.9307549978307732 1674
1646475239365 0.930839178757289 1675
1646475239438 0.9309232188302815 1676
1646475239479 0.9310071176659098 1677
1646475239593 0.9310908748809779 1678
1646475239632 0.9311744900929366 1679
1646475239658 0.9312579629198857 1680
1646475239769 0.9313412929805749 1681
1646475239793 0.9314244798944061 1682
1646475239824 0.931507523281435 1683
1646475239859 0.931590422762373 1684
1646475239890 0.9316731779585884 1685
1646475239917 0.9317557884921089 1686
1646475239933 0.9318382539856226 1687
1646475240057 0.9319205740624802 1688
1646475240078 0.9320027483466967 1689
1646475240108 0.9320847764629527 1690
1646475240141 0.9321666580365967 1691
1646475240172 0.9322483926936462 1692
1646475240193 0.9323299800607899 1693
1646475240224 0.9324114197653893 1694
1646475240341 0.9324927114354803 1695
1646475240363 0.9325738546997747 1696
1646475240393 0.9326548491876624 1697
1646475240416 0.9327356945292126 1698
1646475240447 0.9328163903551758 1699
1646475240485 0.9328969362969856 1700
1646475240508 0.9329773319867597 1701
1646475240635 0.9330575770573025 1702
1646475240657 0.9331376711421061 1703
1646475240693 0.9332176138753523 1704
1646475240722 0.933297404891914 1705
1646475240737 0.9333770438273573 1706
1646475240782 0.9334565303179428 1707
1646475240793 0.9335358640006274 1708
1646475240916 0.9336150445130658 1709
1646475240939 0.9336940714936124 1710
1646475240970 0.9337729445813228 1711
1646475240993 0.9338516634159554 1712
1646475241024 0.9339302276379734 1713
1646475241062 0.934008636888546 1714
1646475241078 0.9340868908095499 1715
1646475241193 0.9341649890435719 1716
1646475241224 0.9342429312339093 1717
1646475241256 0.9343207170245724 1718
1646475241293 0.9343983460602859 1719
1646475241325 0.93447581798649 1720
1646475241354 0.9345531324493432 1721
1646475241370 0.9346302890957224 1722
1646475241489 0.934707287573226 1723
1646475241511 0.9347841275301743 1724
1646475241543 0.9348608086156118 1725
1646475241584 0.9349373304793089 1726
1646475241609 0.9350136927717627 1727
1646475241649 0.9350898951441995 1728
1646475241680 0.935165937248576 1729
1646475241782 0.9352418187375805 1730
1646475241812 0.9353175392646356 1731
1646475241843 0.9353930984838983 1732
1646475241902 0.9354684960502628 1733
1646475241968 0.9355437316193617 1734
1646475242024 0.9356188048475672 1735
1646475242083 0.9356937153919931 1736
1646475242245 0.9357684629104963 1737
1646475242294 0.9358430470616782 1738
1646475242325 0.9359174675048864 1739
1646475242362 0.9359917239002161 1740
1646475242394 0.936065815908512 1741
1646475242427 0.9361397431913695 1742
1646475242458 0.9362135054111363 1743
1646475242594 0.936287102230914 1744
1646475242622 0.9363605333145598 1745
1646475242653 0.9364337983266877 1746
1646475242694 0.9365068969326702 1747
1646475242726 0.93657982879864 1748
1646475242764 0.9366525935914912 1749
1646475242794 0.9367251909788812 1750
1646475242918 0.9367976206292317 1751
1646475242941 0.9368698822117307 1752
1646475242988 0.9369419753963338 1753
1646475243027 0.9370138998537657 1754
1646475243058 0.9370856552555219 1755
1646475243142 0.9371572412738697 1756
1646475243177 0.9372286575818503 1757
1646475243372 0.93729990385328 1758
1646475243397 0.9373709797627517 1759
1646475243427 0.9374418849856364 1760
1646475243474 0.9375126191980845 1761
1646475243505 0.9375831820770278 1762
1646475243543 0.9376535733001805 1763
1646475243574 0.9377237925460407 1764
1646475243705 0.9377938394938921 1765
1646475243728 0.9378637138238052 1766
1646475243775 0.9379334152166392 1767
1646475243804 0.938002943354043 1768
1646475243844 0.9380722979184567 1769
1646475243877 0.9381414785931133 1770
1646475243908 0.93821048506204 1771
1646475244028 0.9382793170100597 1772
1646475244053 0.9383479741227924 1773
1646475244084 0.9384164560866564 1774
1646475244128 0.9384847625888703 1775
1646475244159 0.9385528933174538 1776
1646475244200 0.9386208479612299 1777
1646475244228 0.9386886262098253 1778
1646475244361 0.9387562277536725 1779
1646475244385 0.9388236522840113 1780
1646475244416 0.9388908994928898 1781
1646475244458 0.938957969073166 1782
1646475244505 0.9390248607185092 1783
1646475244529 0.9390915741234015 1784
1646475244560 0.9391581089831388 1785
1646475244689 0.9392244649938328 1786
1646475244713 0.9392906418524121 1787
1646475244745 0.9393566392566232 1788
1646475244790 0.9394224569050323 1789
1646475244821 0.9394880944970271 1790
1646475244855 0.939553551732817 1791
1646475244887 0.9396188283134357 1792
1646475245005 0.9396839239407415 1793
1646475245045 0.9397488383174198 1794
1646475245076 0.9398135711469834 1795
1646475245115 0.9398781221337742 1796
1646475245145 0.939942490982965 1797
1646475245182 0.9400066774005603 1798
1646475245214 0.9400706810933978 1799
1646475245346 0.9401345017691499 1800
1646475245379 0.9401981391363247 1801
1646475245410 0.9402615929042678 1802
1646475245446 0.9403248627831631 1803
1646475245461 0.9403879484840346 1804
1646475245502 0.9404508497187474 1805
1646475245546 0.940513566200009 1806
1646475245733 0.9405760976413711 1807
1646475245802 0.94063844375723 1808
1646475245845 0.9407006042628292 1809
1646475245896 0.9407625788742592 1810
1646475245945 0.9408243673084599 1811
1646475245976 0.9408859692832215 1812
1646475246015 0.9409473845171858 1813
1646475246136 0.9410086127298477 1814
1646475246174 0.941069653641556 1815
1646475246217 0.9411305069735151 1816
1646475246246 0.941191172447786 1817
1646475246286 0.9412516497872881 1818
1646475246335 0.9413119387157997 1819
1646475246367 0.9413720389579597 1820
1646475246486 0.9414319502392691 1821
1646475246527 0.9414916722860915 1822
1646475246558 0.9415512048256551 1823
1646475246605 0.9416105475860537 1824
1646475246652 0.9416697002962474 1825
1646475246686 0.941728662686065 1826
1646475246717 0.9417874344862043 1827
1646475246886 0.9418460154282332 1828
1646475246928 0.941904405244592 1829
1646475246977 0.9419626036685933 1830
1646475247018 0.9420206104344244 1831
1646475247048 0.9420784252771476 1832
1646475247079 0.9421360479327019 1833
1646475247105 0.9421934781379041 1834
1646475247209 0.94225071563045 1835
1646475247232 0.9423077601489156 1836
1646475247263 0.9423646114327581 1837
1646475247287 0.9424212692223176 1838
1646475247318 0.9424777332588177 1839
1646475247363 0.942534003284367 1840
1646475247387 0.9425900790419601 1841
1646475247504 0.9426459602754794 1842
1646475247525 0.942701646729695 1843
1646475247556 0.9427571381502673 1844
1646475247587 0.942812434283747 1845
1646475247618 0.942867534877577 1846
1646475247652 0.9429224396800933 1847
1646475247687 0.942977148440526 1848
1646475247806 0.9430316609090008 1849
1646475247827 0.9430859768365397 1850
1646475247859 0.9431400959750627 1851
1646475247887 0.9431940180773881 1852
1646475247919 0.9432477428972347 1853
1646475247953 0.9433012701892219 1854
1646475247988 0.9433545997088716 1855
1646475248090 0.9434077312126089 1856
1646475248113 0.9434606644577631 1857
1646475248144 0.9435133992025695 1858
1646475248183 0.9435659352061694 1859
1646475248204 0.9436182722286124 1860
1646475248242 0.9436704100308564 1861
1646475248258 0.9437223483747698 1862
1646475248384 0.9437740870231314 1863
1646475248409 0.9438256257396324 1864
1646475248441 0.9438769642888771 1865
1646475248470 0.9439281024363841 1866
1646475248489 0.9439790399485873 1867
1646475248529 0.9440297765928368 1868
1646475248560 0.9440803121374004 1869
1646475248712 0.9441306463514642 1870
1646475248752 0.9441807790051338 1871
1646475248793 0.9442307098694355 1872
1646475248823 0.9442804387163174 1873
1646475248864 0.94432996531865 1874
1646475248904 0.9443792894502276 1875
1646475248922 0.9444284108857696 1876
1646475249042 0.9444773294009206 1877
1646475249062 0.9445260447722523 1878
1646475249094 0.9445745567772644 1879
1646475249138 0.9446228651943852 1880
1646475249154 0.944670969802973 1881
1646475249195 0.9447188703833168 1882
1646475249222 0.9447665667166376 1883
1646475249423 0.9448140585850893 1884
1646475249474 0.9448613457717595 1885
1646475249526 0.9449084280606709 1886
1646475249577 0.9449553052367818 1887
1646475249618 0.9450019770859874 1888
1646475249651 0.945048443395121 1889
1646475249683 0.9450947039519539 1890
1646475249798 0.9451407585451981 1891
1646475249836 0.9451866069645056 1892
1646475249868 0.9452322490004704 1893
1646475249912 0.9452776844446291 1894
1646475249952 0.9453229130894618 1895
1646475249994 0.9453679347283932 1896
1646475250026 0.9454127491557933 1897
1646475250137 0.9454573561669787 1898
1646475250175 0.9455017555582133 1899
1646475250221 0.9455459471267093 1900
1646475250258 0.9455899306706278 1901
1646475250289 0.9456337059890806 1902
1646475250324 0.94567727288213 1903
1646475250368 0.9457206311507905 1904
1646475250521 0.9457637805970296 1905
1646475250554 0.9458067210237683 1906
1646475250620 0.9458494522348823 1907
1646475250699 0.9458919740352029 1908
1646475250729 0.9459342862305179 1909
1646475250761 0.9459763886275725 1910
1646475250792 0.94601828103407 1911
1646475250908 0.9460599632586728 1912
1646475250931 0.9461014351110035 1913
1646475250962 0.9461426964016452 1914
1646475250998 0.9461837469421428 1915
1646475251014 0.9462245865450041 1916
1646475251056 0.9462652150236998 1917
1646475251087 0.9463056321926654 1918
1646475251197 0.9463458378673011 1919
1646475251217 0.9463858318639733 1920
1646475251245 0.9464256140000151 1921
1646475251283 0.9464651840937276 1922
1646475251315 0.9465045419643797 1923
1646475251347 0.9465436874322102 1924
1646475251378 0.9465826203184277 1925
1646475251492 0.9466213404452118 1926
1646475251515 0.946659847635714 1927
1646475251546 0.9466981417140581 1928
1646475251585 0.9467362225053415 1929
1646475251601 0.9467740898356356 1930
1646475251646 0.9468117435319868 1931
1646475251677 0.9468491834224173 1932
1646475251790 0.9468864093359257 1933
1646475251814 0.946923421102488 1934
1646475251846 0.9469602185530582 1935
1646475251883 0.9469968015195694 1936
1646475251914 0.9470331698349341 1937
1646475251930 0.9470693233330452 1938
1646475251962 0.9471052618487766 1939
1646475252083 0.9471409852179846 1940
1646475252105 0.9471764932775076 1941
1646475252130 0.9472117858651679 1942
1646475252172 0.9472468628197714 1943
1646475252204 0.9472817239811093 1944
1646475252230 0.9473163691899582 1945
1646475252262 0.947350798288081 1946
1646475252375 0.9473850111182279 1947
1646475252397 0.9474190075241365 1948
1646475252431 0.9474527873505334 1949
1646475252474 0.9474863504431338 1950
1646475252489 0.9475196966486432 1951
1646475252531 0.9475528258147576 1952
1646475252562 0.9475857377901643 1953
1646475252678 0.9476184324245426 1954
1646475252700 0.9476509095685643 1955
1646475252731 0.9476831690738948 1956
1646475252766 0.9477152107931935 1957
1646475252797 0.9477470345801144 1958
1646475252831 0.947778640289307 1959
1646475252847 0.9478100277764165 1960
1646475252979 0.9478411968980854 1961
1646475253031 0.9478721475119529 1962
1646475253093 0.9479028794766567 1963
1646475253144 0.947933392651833 1964
1646475253192 0.947963686898117 1965
1646475253243 0.9479937620771444 1966
1646475253284 0.9480236180515509 1967
1646475253409 0.9480532546849737 1968
1646475253439 0.9480826718420517 1969
1646475253484 0.9481118693884264 1970
1646475253520 0.948140847190742 1971
1646475253552 0.9481696051166466 1972
1646475253584 0.9481981430347927 1973
1646475253615 0.9482264608148371 1974
1646475253755 0.9482545583274427 1975
1646475253784 0.9482824354442779 1976
1646475253816 0.9483100920380182 1977
1646475253856 0.9483375279823459 1978
1646475253884 0.9483647431519514 1979
1646475253920 0.9483917374225332 1980
1646475253967 0.9484185106707991 1981
1646475254084 0.9484450627744657 1982
1646475254118 0.9484713936122604 1983
1646475254185 0.9484975030639208 1984
1646475254232 0.9485233910101957 1985
1646475254297 0.9485490573328457 1986
1646475254348 0.9485745019146433 1987
1646475254372 0.9485997246393744 1988
1646475254490 0.9486247253918375 1989
1646475254511 0.9486495040578454 1990
1646475254543 0.9486740605242252 1991
1646475254585 0.9486983946788186 1992
1646475254601 0.9487225064104828 1993
1646475254643 0.9487463956090911 1994
1646475254667 0.948770062165533 1995
1646475254768 0.9487935059717147 1996
1646475254806 0.9488167269205602 1997
1646475254837 0.948839724906011 1998
1646475254868 0.9488624998230272 1999
1646475254884 0.9488850515675875 2000
1646475254925 0.9489073800366903 2001
1646475254956 0.9489294851283532 2002
1646475255058 0.9489513667416146 2003
1646475255088 0.9489730247765333 2004
1646475255119 0.9489944591341893 2005
1646475255150 0.9490156697166843 2006
1646475255168 0.949036656427142 2007
1646475255211 0.9490574191697085 2008
1646475255227 0.9490779578495532 2009
1646475255341 0.9490982723728685 2010
1646475255369 0.9491183626468706 2011
1646475255400 0.9491382285798001 2012
1646475255425 0.9491578700809225 2013
1646475255457 0.9491772870605276 2014
1646475255486 0.9491964794299315 2015
1646475255501 0.9492154471014755 2016
1646475255625 0.9492341899885278 2017
1646475255647 0.9492527080054828 2018
1646475255685 0.9492710010677621 2019
1646475255715 0.9492890690918148 2020
1646475255746 0.9493069119951177 2021
1646475255769 0.949324529696176 2022
1646475255801 0.9493419221145234 2023
1646475255913 0.9493590891707224 2024
1646475255932 0.9493760307863651 2025
1646475255970 0.949392746884073 2026
1646475256005 0.9494092373874977 2027
1646475256036 0.9494255022213213 2028
1646475256070 0.9494415413112564 2029
1646475256086 0.9494573545840468 2030
1646475256206 0.9494729419674676 2031
1646475256226 0.9494883033903257 2032
1646475256258 0.94950343878246 2033
1646475256294 0.9495183480747419 2034
1646475256310 0.9495330311990751 2035
1646475256354 0.9495474880883967 2036
1646475256386 0.9495617186766769 2037
1646475256496 0.9495757228989194 2038
1646475256516 0.9495895006911622 2039
1646475256563 0.9496030519904771 2040
1646475256582 0.9496163767349703 2041
1646475256629 0.9496294748637832 2042
1646475256671 0.9496423463170919 2043
1646475256718 0.9496549910361077 2044
1646475256918 0.9496674089630779 2045
1646475256975 0.9496796000412853 2046
1646475257008 0.9496915642150489 2047
1646475257050 0.9497033014297239 2048
1646475257093 0.9497148116317027 2049
1646475257142 0.9497260947684136 2050
1646475257173 0.9497371507883229 2051
1646475257293 0.9497479796409335 2052
1646475257331 0.9497585812767863 2053
1646475257363 0.9497689556474599 2054
1646475257393 0.9497791027055708 2055
1646475257440 0.9497890224047737 2056
1646475257479 0.949798714699762 2057
1646475257513 0.9498081795462672 2058
1646475257636 0.9498174169010603 2059
1646475257674 0.9498264267219508 2060
1646475257709 0.9498352089677878 2061
1646475257747 0.9498437635984596 2062
1646475257779 0.9498520905748941 2063
1646475257821 0.949860189859059 2064
1646475257853 0.949868061413962 2065
1646475258067 0.9498757052036509 2066
1646475258094 0.9498831211932139 2067
1646475258125 0.9498903093487795 2068
1646475258161 0.9498972696375168 2069
1646475258177 0.9499040020276356 2070
1646475258219 0.9499105064883867 2071
1646475258234 0.949916782990062 2072
1646475258352 0.9499228315039944 2073
1646475258371 0.9499286520025583 2074
1646475258410 0.9499342444591692 2075
1646475258446 0.9499396088482844 2076
1646475258461 0.9499447451454031 2077
1646475258495 0.9499496533270657 2078
1646475258526 0.9499543333708549 2079
1646475258637 0.9499587852553952 2080
1646475258659 0.9499630089603534 2081
1646475258695 0.9499670044664381 2082
1646475258727 0.9499707717554007 2083
1646475258743 0.9499743108100344 2084
1646475258785 0.9499776216141751 2085
1646475258811 0.9499807041527013 2086
1646475258919 0.9499835584115339 2087
1646475258942 0.9499861843776365 2088
1646475258973 0.9499885820390154 2089
1646475259012 0.9499907513847194 2090
1646475259027 0.9499926924048406 2091
1646475259070 0.9499944050905136 2092
1646475259096 0.9499958894339159 2093
1646475259199 0.949997145428268 2094
1646475259222 0.9499981730678333 2095
1646475259253 0.9499989723479183 2096
1646475259287 0.9499995432648722 2097
1646475259312 0.9499998858160876 2098
1646475259348 0.95 2099
1646475259363 0.9499998858160876 2100
