1646476142476 0.2083333283662796 0
1646476142814 0.21296297013759613 1
1646476143140 0.21759259700775146 2
1646476143479 0.21296297013759613 3
1646476144141 0.1805555522441864 4
1646476144603 0.19907407462596893 5
1646476144952 0.2083333283662796 6
1646476145256 0.25 7
1646476145576 0.20370370149612427 8
1646476145907 0.23148147761821747 9
1646476146222 0.24074074625968933 10
1646476146523 0.25925925374031067 11
1646476146921 0.20370370149612427 12
1646476147224 0.2361111044883728 13
1646476147539 0.28703704476356506 14
1646476148105 0.27314814925193787 15
1646476148469 0.24537037312984467 16
1646476148855 0.34259259700775146 17
1646476149289 0.32870370149612427 18
1646476149604 0.3472222089767456 19
1646476149921 0.38425925374031067 20
1646476150231 0.3611111044883728 21
1646476150537 0.40740740299224854 22
1646476150860 0.4444444477558136 23
1646476151176 0.45370370149612427 24
1646476151658 0.43518519401550293 25
1646476152069 0.45370370149612427 26
1646476152439 0.5231481194496155 27
1646476152907 0.5185185074806213 28
1646476153224 0.5462962985038757 29
1646476153540 0.5555555820465088 30
1646476153856 0.5462962985038757 31
1646476154259 0.5601851940155029 32
1646476154557 0.5879629850387573 33
1646476154888 0.5740740895271301 34
1646476155357 0.5694444179534912 35
1646476155749 0.6157407164573669 36
1646476156120 0.6666666865348816 37
1646476156589 0.5740740895271301 38
1646476156922 0.6666666865348816 39
1646476157240 0.6296296119689941 40
1646476157550 0.5972222089767456 41
1646476157891 0.625 42
1646476158198 0.6435185074806213 43
1646476158555 0.6342592835426331 44
1646476159140 0.6342592835426331 45
1646476159736 0.6388888955116272 46
1646476160228 0.6527777910232544 47
1646476160690 0.6712962985038757 48
1646476161041 0.6435185074806213 49
1646476161400 0.6759259104728699 50
1646476161756 0.6574074029922485 51
1646476162071 0.6388888955116272 52
1646476162404 0.6898148059844971 53
1646476162859 0.7268518805503845 54
1646476163268 0.7268518805503845 55
1646476163640 0.6527777910232544 56
1646476164114 0.6527777910232544 57
1646476164423 0.7037037014961243 58
1646476164739 0.6666666865348816 59
1646476165055 0.6759259104728699 60
1646476165369 0.6805555820465088 61
1646476165672 0.7037037014961243 62
1646476166003 0.6712962985038757 63
1646476166305 0.7129629850387573 64
1646476166858 0.7129629850387573 65
1646476167239 0.7638888955116272 66
1646476167573 0.6944444179534912 67
1646476168038 0.7175925970077515 68
1646476168338 0.6944444179534912 69
1646476168654 0.6805555820465088 70
1646476168972 0.7222222089767456 71
1646476169296 0.7083333134651184 72
1646476169605 0.6944444179534912 73
1646476169938 0.7361111044883728 74
1646476170349 0.6944444179534912 75
1646476171048 0.7083333134651184 76
1646476171411 0.7453703880310059 77
1646476171916 0.75 78
1646476172240 0.7268518805503845 79
1646476172555 0.7592592835426331 80
1646476172889 0.7638888955116272 81
1646476173204 0.7083333134651184 82
1646476173546 0.7824074029922485 83
1646476173921 0.7638888955116272 84
1646476174439 0.7638888955116272 85
1646476174974 0.7685185074806213 86
1646476175353 0.7824074029922485 87
1646476175808 0.7407407164573669 88
1646476176209 0.8055555820465088 89
1646476176521 0.8101851940155029 90
1646476176871 0.7824074029922485 91
1646476177192 0.8148148059844971 92
1646476177504 0.8148148059844971 93
1646476177913 0.8333333134651184 94
1646476178373 0.8009259104728699 95
1646476178720 0.8194444179534912 96
1646476179105 0.8379629850387573 97
1646476179537 0.8379629850387573 98
1646476179855 0.8009259104728699 99
1646476180172 0.8657407164573669 100
1646476180489 0.8472222089767456 101
1646476180807 0.8240740895271301 102
1646476181120 0.7916666865348816 103
1646476181438 0.8194444179534912 104
1646476181953 0.8194444179534912 105
1646476182345 0.8472222089767456 106
1646476182722 0.8101851940155029 107
1646476183185 0.8287037014961243 108
1646476183487 0.8657407164573669 109
1646476183829 0.8194444179534912 110
1646476184152 0.8611111044883728 111
1646476184472 0.8425925970077515 112
1646476184804 0.8703703880310059 113
1646476185135 0.8796296119689941 114
1646476185586 0.8333333134651184 115
1646476186004 0.8611111044883728 116
1646476186374 0.8101851940155029 117
1646476186829 0.8564814925193787 118
1646476187168 0.8935185074806213 119
1646476187471 0.8472222089767456 120
1646476187807 0.8518518805503845 121
1646476188119 0.8657407164573669 122
1646476188402 0.8287037014961243 123
1646476188736 0.8518518805503845 124
1646476189117 0.8703703880310059 125
1646476189592 0.8888888955116272 126
1646476189974 0.9120370149612427 127
1646476190391 0.8796296119689941 128
1646476190770 0.8611111044883728 129
1646476191103 0.8796296119689941 130
1646476191405 0.9305555820465088 131
1646476191704 0.9166666865348816 132
1646476192057 0.8888888955116272 133
1646476192445 0.9074074029922485 134
1646476192918 0.8425925970077515 135
1646476193377 0.8472222089767456 136
1646476193773 0.8842592835426331 137
1646476194265 0.8888888955116272 138
1646476194587 0.8657407164573669 139
1646476195021 0.9166666865348816 140
1646476195355 0.9074074029922485 141
1646476195685 0.9120370149612427 142
1646476196033 0.9166666865348816 143
1646476196351 0.9074074029922485 144
1646476196885 0.9305555820465088 145
1646476197286 0.9120370149612427 146
1646476197651 0.9120370149612427 147
1646476198152 0.8657407164573669 148
1646476198471 0.9212962985038757 149
1646476198819 0.9074074029922485 150
1646476199153 0.8657407164573669 151
1646476199496 0.9305555820465088 152
1646476199872 0.9259259104728699 153
1646476200270 0.9120370149612427 154
1646476200872 0.875 155
1646476201334 0.9074074029922485 156
1646476201771 0.8981481194496155 157
1646476202286 0.8379629850387573 158
1646476202658 0.9351851940155029 159
1646476203035 0.9537037014961243 160
1646476203360 0.8935185074806213 161
1646476203703 0.9351851940155029 162
1646476204101 0.9120370149612427 163
1646476204603 0.8842592835426331 164
1646476205019 0.9027777910232544 165
1646476205394 0.9120370149612427 166
1646476205820 0.9305555820465088 167
1646476206152 0.8888888955116272 168
1646476206485 0.9166666865348816 169
1646476206835 0.9305555820465088 170
1646476207152 0.9120370149612427 171
1646476207503 0.9212962985038757 172
1646476207967 0.9120370149612427 173
1646476208417 0.8888888955116272 174
1646476208786 0.9074074029922485 175
1646476209203 0.8888888955116272 176
1646476209562 0.8981481194496155 177
1646476209885 0.9166666865348816 178
1646476210185 0.9120370149612427 179
1646476210510 0.9305555820465088 180
1646476210837 0.9351851940155029 181
1646476211163 0.9212962985038757 182
1646476211484 0.9305555820465088 183
1646476212090 0.9490740895271301 184
1646476212564 0.9074074029922485 185
1646476213238 0.9120370149612427 186
1646476213556 0.9305555820465088 187
1646476213868 0.9305555820465088 188
1646476214187 0.9074074029922485 189
1646476214502 0.9444444179534912 190
1646476214838 0.9444444179534912 191
1646476215151 0.9398148059844971 192
1646476215760 0.9259259104728699 193
1646476216201 0.9259259104728699 194
1646476216587 0.9444444179534912 195
1646476217046 0.9444444179534912 196
1646476217384 0.9537037014961243 197
1646476217734 0.9166666865348816 198
1646476218051 0.9444444179534912 199
1646476218389 0.9583333134651184 200
1646476218702 0.9490740895271301 201
1646476219117 0.9583333134651184 202
1646476219592 0.9537037014961243 203
1646476219992 0.9629629850387573 204
1646476220365 0.9722222089767456 205
1646476220767 0.9768518805503845 206
1646476221086 0.9212962985038757 207
1646476221399 0.9583333134651184 208
1646476221701 0.9537037014961243 209
1646476222018 0.9444444179534912 210
1646476222351 0.9537037014961243 211
1646476222684 0.9583333134651184 212
1646476223187 0.9398148059844971 213
1646476223582 0.9814814925193787 214
1646476223954 0.9768518805503845 215
1646476224417 0.9351851940155029 216
1646476224735 0.9722222089767456 217
1646476225068 0.9305555820465088 218
1646476225368 0.9583333134651184 219
1646476225685 0.9537037014961243 220
1646476226017 0.9490740895271301 221
1646476226350 0.9722222089767456 222
1646476226768 0.9305555820465088 223
1646476227219 0.9212962985038757 224
1646476227567 0.9490740895271301 225
1646476227993 0.9398148059844971 226
1646476228381 0.9537037014961243 227
1646476228681 0.9537037014961243 228
1646476229001 0.9675925970077515 229
1646476229317 0.9814814925193787 230
1646476229639 0.9861111044883728 231
1646476229967 0.9629629850387573 232
1646476230281 0.9444444179534912 233
1646476230795 0.9490740895271301 234
1646476231200 0.9444444179534912 235
1646476231568 0.9490740895271301 236
1646476232040 0.9444444179534912 237
1646476232366 0.9722222089767456 238
1646476232667 0.9629629850387573 239
1646476233001 0.9537037014961243 240
1646476233316 0.9398148059844971 241
1646476233635 0.9537037014961243 242
1646476233966 0.9537037014961243 243
1646476234467 0.9814814925193787 244
1646476234866 0.9629629850387573 245
1646476235297 0.9768518805503845 246
1646476235765 0.9722222089767456 247
1646476236083 0.9444444179534912 248
1646476236401 0.9629629850387573 249
1646476236730 0.9398148059844971 250
1646476237080 0.9398148059844971 251
1646476237417 0.9814814925193787 252
1646476237750 0.9490740895271301 253
1646476238324 0.9768518805503845 254
1646476238750 0.9629629850387573 255
1646476239120 0.9629629850387573 256
1646476239616 0.9675925970077515 257
1646476239954 0.9444444179534912 258
1646476240281 0.9675925970077515 259
1646476240645 0.9629629850387573 260
1646476240983 0.9675925970077515 261
1646476241327 0.9768518805503845 262
1646476241728 0.9583333134651184 263
1646476242217 0.9722222089767456 264
1646476242599 0.9537037014961243 265
1646476242982 0.9490740895271301 266
1646476243433 0.9629629850387573 267
1646476243764 0.9629629850387573 268
1646476244100 0.9675925970077515 269
1646476244435 0.9490740895271301 270
1646476244764 0.9583333134651184 271
1646476245099 0.9722222089767456 272
1646476245624 0.9814814925193787 273
1646476246080 0.9490740895271301 274
1646476246451 0.9490740895271301 275
1646476246948 0.9629629850387573 276
1646476247265 0.9537037014961243 277
1646476247604 0.9675925970077515 278
1646476247936 0.9444444179534912 279
1646476248266 0.9675925970077515 280
1646476248584 0.9583333134651184 281
1646476248916 0.9629629850387573 282
1646476249373 0.9537037014961243 283
1646476249790 0.9629629850387573 284
1646476250175 0.9583333134651184 285
1646476250599 0.9675925970077515 286
1646476250961 0.9675925970077515 287
1646476251263 0.9490740895271301 288
1646476251584 0.9583333134651184 289
1646476251899 0.9722222089767456 290
1646476252214 0.9537037014961243 291
1646476252530 0.9444444179534912 292
1646476252898 0.9444444179534912 293
1646476253420 0.9490740895271301 294
1646476253820 0.9537037014961243 295
1646476254181 0.9675925970077515 296
1646476254604 0.9629629850387573 297
1646476254930 0.9537037014961243 298
1646476255314 0.9768518805503845 299
