1646476140439 0.004 0
1646476141569 0.004000596800238801 1
1646476141640 0.004002387186114745 2
1646476141696 0.004005371113106879 3
1646476141740 0.004009548507014876 4
1646476141870 0.004014919263960817 5
1646476141935 0.004021483250391852 6
1646476141990 0.004029240303083395 7
1646476142532 0.004038190229143396 8
1646476142572 0.004048332806016894 9
1646476142606 0.004059667781491735 10
1646476142643 0.004072194873704721 11
1646476142673 0.004085913771148725 12
1646476142709 0.004100824132680342 13
1646476142737 0.004116925587528436 14
1646476142862 0.004134217735303369 15
1646476142902 0.004152700146006827 16
1646476142935 0.004172372360042753 17
1646476142956 0.004193233888228523 18
1646476142998 0.00421528421180728 19
1646476143033 0.00423852278246073 20
1646476143062 0.004262949022322882 21
1646476143184 0.004288562323994313 22
1646476143227 0.004315362050557339 23
1646476143265 0.004343347535591804 24
1646476143298 0.004372518083191737 25
1646476143329 0.004402872967982557 26
1646476143361 0.004434411435139132 27
1646476143391 0.004467132700404622 28
1646476143582 0.004501035950109908 29
1646476143738 0.004536120341193842 30
1646476143818 0.004572385001224186 31
1646476143875 0.0046098290284194154 32
1646476143929 0.00464845149167098 33
1646476143985 0.004688251430566573 34
1646476144042 0.00472922785541402 35
1646476144205 0.004771379747265783 36
1646476144332 0.004814706057944401 37
1646476144379 0.004859205710068537 38
1646476144415 0.004904877597079721 39
1646476144454 0.004951720583269897 40
1646476144487 0.004999733503809695 41
1646476144521 0.005048915164777332 42
1646476144656 0.005099264343188359 43
1646476144699 0.005150779787026036 44
1646476144738 0.0052034602152724735 45
1646476144780 0.0052573043179405116 46
1646476144806 0.005312310756106234 47
1646476144845 0.005368478161942372 48
1646476144875 0.005425805138752182 49
1646476144992 0.005484290261004263 50
1646476145029 0.005543932074367999 51
1646476145059 0.005604729095749744 52
1646476145093 0.005666679813329564 53
1646476145122 0.005729782686599044 54
1646476145159 0.005794036146399437 55
1646476145187 0.0058594385949607 56
1646476145308 0.005925988405941329 57
1646476145345 0.005993683924468696 58
1646476145379 0.006062523467180211 59
1646476145413 0.006132505322265253 60
1646476145440 0.00620362774950764 61
1646476145480 0.006275888980328992 62
1646476145506 0.006349287217832622 63
1646476145620 0.006423820636848349 64
1646476145655 0.006499487383977681 65
1646476145692 0.006576285577640131 66
1646476145727 0.006654213308119827 67
1646476145757 0.006733268637613102 68
1646476145800 0.006813449600276647 69
1646476145832 0.006894754202276393 70
1646476145946 0.006977180421837106 71
1646476145986 0.007060726209292614 72
1646476146019 0.007145389487136861 73
1646476146053 0.007231168150075476 74
1646476146083 0.007318060065078194 75
1646476146116 0.007406063071431879 76
1646476146143 0.007495174980794203 77
1646476146259 0.007585393577248162 78
1646476146295 0.007676716617357068 79
1646476146327 0.007769141830220441 80
1646476146359 0.007862666917530362 81
1646476146387 0.007957289553628788 82
1646476146421 0.008053007385565164 83
1646476146448 0.008149818033155162 84
1646476146566 0.008247719089039693 85
1646476146643 0.00834670811874487 86
1646476146704 0.008446782660742488 87
1646476146738 0.008547940226511286 88
1646476146774 0.008650178300598804 89
1646476146817 0.008753494340683884 90
1646476146839 0.00885788577763999 91
1646476146960 0.008963350015599003 92
1646476146996 0.009069884432015826 93
1646476147029 0.009177486377733593 94
1646476147058 0.009286153177049505 95
1646476147089 0.009395882127781405 96
1646476147125 0.009506670501334968 97
1646476147152 0.009618515542771502 98
1646476147267 0.009731414470876582 99
1646476147304 0.009845364478229035 100
1646476147338 0.009960362731270891 101
1646476147373 0.01007640637037778 102
1646476147401 0.010193492509930055 103
1646476147433 0.010311618238384529 104
1646476147462 0.010430780618346944 105
1646476147611 0.010550976686644925 106
1646476147675 0.010672203454401688 107
1646476147747 0.010794457907110436 108
1646476147811 0.010917737004709188 109
1646476147873 0.011042037681656541 110
1646476147925 0.011167356847007703 111
1646476147980 0.011293691384491558 112
1646476148161 0.011421038152587992 113
1646476148215 0.011549393984606124 114
1646476148239 0.011678755688762962 115
1646476148280 0.011809120048262886 116
1646476148327 0.011940483821377482 117
1646476148360 0.012072843741526285 118
1646476148396 0.012206196517358006 119
1646476148514 0.012340538832832246 120
1646476148553 0.01247586734730212 121
1646476148586 0.012612178695597207 122
1646476148628 0.012749469488107304 123
1646476148672 0.012887736310866635 124
1646476148706 0.013026975725638892 125
1646476148762 0.013167184270002533 126
1646476148902 0.013308358457437025 127
1646476148974 0.013450494777409519 128
1646476149022 0.013593589695462094 129
1646476149072 0.01373763965329973 130
1646476149126 0.013882641068878668 131
1646476149190 0.014028590336495617 132
1646476149215 0.01417548382687736 133
1646476149333 0.014323317887270925 134
1646476149370 0.014472088841534572 135
1646476149402 0.014621792990229088 136
1646476149435 0.014772426610709821 137
1646476149464 0.014923985957219221 138
1646476149496 0.015076467260980053 139
1646476149522 0.01522986673028906 140
1646476149641 0.01538418055061122 141
1646476149678 0.01553940488467466 142
1646476149709 0.015695535872566085 143
1646476149746 0.01585256963182667 144
1646476149772 0.016010502257548756 145
1646476149821 0.016169329822472794 146
1646476149839 0.016329048377085084 147
1646476149964 0.016489653949715966 148
1646476150003 0.016651142546638617 149
1646476150033 0.01681351015216835 150
1646476150065 0.016976752728762368 151
1646476150089 0.01714086621712034 152
1646476150129 0.01730584653628521 153
1646476150155 0.017471689583744746 154
1646476150270 0.017638391235533513 155
1646476150305 0.017805947346335463 156
1646476150340 0.017974353749586933 157
1646476150374 0.01814360625758038 158
1646476150402 0.018313700661568413 159
1646476150423 0.01848463273186851 160
1646476150461 0.018656398217968134 161
1646476150576 0.018828992848630502 162
1646476150613 0.019002412332000743 163
1646476150647 0.019176652355712642 164
1646476150679 0.019351708586995878 165
1646476150706 0.01952757667278375 166
1646476150739 0.019704252239821474 167
1646476150774 0.01988173089477481 168
1646476150898 0.020060008224339468 169
1646476150934 0.02023907979535075 170
1646476150965 0.020418941154893788 171
1646476150996 0.02059958783041435 172
1646476151028 0.02078101532982994 173
1646476151060 0.020963219141641634 174
1646476151089 0.021146194735046114 175
1646476151215 0.02132993756004853 176
1646476151253 0.021514443047575424 177
1646476151290 0.02169970660958853 178
1646476151334 0.02188572363919876 179
1646476151396 0.022072489510780793 180
1646476151454 0.02225999958008809 181
1646476151507 0.022448249184368413 182
1646476151710 0.0226372336424797 183
1646476151754 0.022826948255006557 184
1646476151806 0.023017388304377093 185
1646476151840 0.02320854905498014 186
1646476151893 0.023400425753283174 187
1646476151923 0.023593013627950354 188
1646476151973 0.023786307889961292 189
1646476152105 0.02398030373273008 190
1646476152144 0.02417499633222485 191
1646476152183 0.024370380847087675 192
1646476152225 0.024566452418755005 193
1646476152265 0.024763206171578483 194
1646476152311 0.024960637212946155 195
1646476152339 0.02515874063340416 196
1646476152481 0.0253575115067788 197
1646476152520 0.025556944890299083 198
1646476152555 0.025757035824719512 199
1646476152595 0.025957779334443556 200
1646476152639 0.026159170427647246 201
1646476152717 0.026361204096403426 202
1646476152777 0.026563875316806165 203
1646476152959 0.026767179049095785 204
1646476152994 0.026971110237784104 205
1646476153026 0.0271756638117802 206
1646476153062 0.027380834684516506 207
1646476153089 0.027586617754075282 208
1646476153124 0.027793007903315486 209
1646476153150 0.027999999999999997 210
1646476153274 0.02820758889692332 211
1646476153312 0.028415769432039453 212
1646476153349 0.028624536428590378 213
1646476153382 0.02883388469523468 214
1646476153406 0.02904380902617673 215
1646476153445 0.029254304201296072 216
1646476153471 0.029465364986277248 217
1646476153584 0.029676986132739974 218
1646476153624 0.029889162378369652 219
1646476153659 0.030101888447048183 220
1646476153688 0.0303151590489852 221
1646476153720 0.030528968880849647 222
1646476153753 0.030743312625901534 223
1646476153788 0.030958184954124293 224
1646476153908 0.03117358052235722 225
1646476153968 0.03138949397442836 226
1646476154025 0.03160591994128775 227
1646476154084 0.03182285304114085 228
1646476154105 0.03204028787958242 229
1646476154148 0.03225821904973064 230
1646476154177 0.03247664113236158 231
1646476154295 0.03269554869604396 232
1646476154333 0.03291493629727417 233
1646476154362 0.03313479848061167 234
1646476154395 0.03335512977881465 235
1646476154423 0.03357592471297598 236
1646476154456 0.033797177792659436 237
1646476154489 0.034018883516036214 238
1646476154611 0.03424103637002181 239
1646476154647 0.034463630830413025 240
1646476154681 0.03468666136202542 241
1646476154716 0.034910122418830875 242
1646476154748 0.035134008444095546 243
1646476154790 0.03535831387051806 244
1646476154819 0.035583033120367896 245
1646476154935 0.035808160605624154 246
1646476154971 0.036033690728114465 247
1646476155005 0.03625961787965419 248
1646476155039 0.03648593644218592 249
1646476155072 0.03671264078791915 250
1646476155138 0.03693972527947022 251
1646476155171 0.037167184270002526 252
1646476155425 0.03739501210336689 253
1646476155470 0.037623203114242276 254
1646476155509 0.0378517516282766 255
1646476155552 0.03808065196222787 256
1646476155589 0.038309898424105496 257
1646476155630 0.038539485313311875 258
1646476155657 0.038769406920784046 259
1646476155803 0.038999657529135756 260
1646476155849 0.039230231412799604 261
1646476155882 0.03946112283816936 262
1646476155931 0.03969232606374264 263
1646476155971 0.03992383534026359 264
1646476156011 0.040155644910865915 265
1646476156039 0.04038774901121596 266
1646476156162 0.04062014186965612 267
1646476156212 0.04085281770734836 268
1646476156249 0.041085770738417855 269
1646476156291 0.04131899517009691 270
1646476156322 0.04155248520286901 271
1646476156365 0.041786235030613024 272
1646476156388 0.04202023884074756 273
1646476156623 0.04225449081437555 274
1646476156665 0.042488985126428916 275
1646476156703 0.042723715945813444 276
1646476156741 0.04295867743555375 277
1646476156774 0.04319386375293845 278
1646476156806 0.043429269049665445 279
1646476156844 0.04366488747198734 280
1646476156967 0.04390071316085705 281
1646476157008 0.0441367402520734 282
1646476157036 0.044372962876427044 283
1646476157074 0.0446093751598464 284
1646476157104 0.04484597122354363 285
1646476157138 0.04508274518416096 286
1646476157164 0.04531969115391687 287
1646476157285 0.04555680324075254 288
1646476157323 0.045794075548478405 289
1646476157358 0.04603150217692071 290
1646476157389 0.046269077222068286 291
1646476157420 0.046506794776219273 292
1646476157453 0.04674464892812815 293
1646476157480 0.046982633763152634 294
1646476157595 0.0472207433634008 295
1646476157637 0.04745897180787822 296
1646476157669 0.047697313172635196 297
1646476157689 0.047935761530914084 298
1646476157737 0.048174310953296676 299
1646476157773 0.048412955507851636 300
1646476157807 0.048651689260281995 301
1646476157930 0.04889050627407272 302
1646476157969 0.04912940061063836 303
1646476157998 0.04936836632947072 304
1646476158030 0.04960739748828654 305
1646476158055 0.049846488143175285 306
1646476158094 0.05008563234874696 307
1646476158122 0.05032482415827995 308
1646476158235 0.050564057623868876 309
1646476158270 0.050803326796572505 310
1646476158308 0.051042625726561694 311
1646476158345 0.05128194846326735 312
1646476158385 0.05152128905552836 313
1646476158428 0.051760641551739615 314
1646476158455 0.052000000000000005 315
1646476158597 0.05223935844826039 316
1646476158646 0.052478710944471645 317
1646476158686 0.052718051536732646 318
1646476158708 0.0529573742734383 319
1646476158771 0.0531966732034275 320
1646476158896 0.05343594237613112 321
1646476158953 0.05367517584172004 322
1646476159200 0.05391436765125303 323
1646476159255 0.0541535118568247 324
1646476159317 0.054392602511713475 325
1646476159398 0.05463163367052929 326
1646476159457 0.054870599389361646 327
1646476159520 0.0551094937259273 328
1646476159573 0.05534831073971802 329
1646476159788 0.055587044492148366 330
1646476159841 0.05582568904670332 331
1646476159896 0.05606423846908592 332
1646476159945 0.056302686827364806 333
1646476159997 0.056541028192121784 334
1646476160038 0.0567792566365992 335
1646476160076 0.05701736623684736 336
1646476160278 0.05725535107187185 337
1646476160339 0.05749320522378073 338
1646476160398 0.05773092277793172 339
1646476160455 0.05796849782307928 340
1646476160498 0.05820592445152159 341
1646476160546 0.05844319675924745 342
1646476160610 0.058680308846083135 343
1646476160742 0.05891725481583904 344
1646476160788 0.05915402877645638 345
1646476160825 0.05939062484015362 346
1646476160864 0.059627037123572965 347
1646476160896 0.05986325974792661 348
1646476160923 0.060099286839142965 349
1646476160965 0.06033511252801266 350
1646476161081 0.06057073095033456 351
1646476161119 0.060806136247061555 352
1646476161151 0.06104132256444625 353
1646476161188 0.06127628405418655 354
1646476161221 0.06151101487357108 355
1646476161278 0.06174550918562445 356
1646476161321 0.061979761159252446 357
1646476161448 0.06221376496938698 358
1646476161487 0.06244751479713099 359
1646476161521 0.0626810048299031 360
1646476161559 0.06291422926158215 361
1646476161589 0.06314718229265165 362
1646476161639 0.06337985813034389 363
1646476161666 0.06361225098878405 364
1646476161803 0.06384435508913411 365
1646476161849 0.06407616465973642 366
1646476161880 0.06430767393625736 367
1646476161915 0.06453887716183064 368
1646476161947 0.0647697685872004 369
1646476161979 0.06500034247086425 370
1646476162005 0.06523059307921597 371
1646476162125 0.06546051468668813 372
1646476162166 0.0656901015758945 373
1646476162198 0.06591934803777214 374
1646476162223 0.06614824837172341 375
1646476162264 0.06637679688575773 376
1646476162299 0.0666049878966331 377
1646476162326 0.06683281572999747 378
1646476162425 0.06706027472052978 379
1646476162473 0.06728735921208084 380
1646476162511 0.06751406355781409 381
1646476162543 0.0677403821203458 382
1646476162572 0.06796630927188553 383
1646476162622 0.06819183939437584 384
1646476162697 0.0684169668796321 385
1646476162940 0.06864168612948196 386
1646476162986 0.06886599155590446 387
1646476163022 0.06908987758116913 388
1646476163075 0.06931333863797458 389
1646476163111 0.06953636916958697 390
1646476163159 0.06975896362997819 391
1646476163197 0.06998111648396378 392
1646476163325 0.07020282220734056 393
1646476163367 0.07042407528702402 394
1646476163407 0.07064487022118535 395
1646476163450 0.07086520151938834 396
1646476163481 0.07108506370272583 397
1646476163519 0.07130445130395605 398
1646476163554 0.07152335886763841 399
1646476163692 0.07174178095026935 400
1646476163739 0.07195971212041757 401
1646476163791 0.07217714695885914 402
1646476163821 0.07239408005871224 403
1646476163860 0.07261050602557165 404
1646476163888 0.07282641947764279 405
1646476163944 0.07304181504587573 406
1646476164165 0.07325668737409848 407
1646476164201 0.07347103111915038 408
1646476164234 0.0736848409510148 409
1646476164267 0.07389811155295183 410
1646476164296 0.07411083762163034 411
1646476164329 0.07432301386726002 412
1646476164359 0.07453463501372275 413
1646476164471 0.07474569579870394 414
1646476164509 0.07495619097382326 415
1646476164540 0.07516611530476532 416
1646476164573 0.07537546357140963 417
1646476164604 0.07558423056796054 418
1646476164643 0.07579241110307669 419
1646476164671 0.076 420
1646476164791 0.07620699209668452 421
1646476164830 0.07641338224592471 422
1646476164855 0.07661916531548349 423
1646476164895 0.07682433618821982 424
1646476164924 0.0770288897622159 425
1646476164958 0.07723282095090424 426
1646476164985 0.07743612468319383 427
1646476165100 0.07763879590359658 428
1646476165136 0.07784082957235275 429
1646476165172 0.07804222066555645 430
1646476165208 0.0782429641752805 431
1646476165235 0.07844305510970093 432
1646476165254 0.0786424884932212 433
1646476165297 0.07884125936659585 434
1646476165409 0.07903936278705387 435
1646476165446 0.07923679382842153 436
1646476165480 0.079433547581245 437
1646476165515 0.07962961915291233 438
1646476165538 0.07982500366777515 439
1646476165574 0.0800196962672699 440
1646476165602 0.0802136921100387 441
1646476165706 0.08040698637204964 442
1646476165752 0.08059957424671685 443
1646476165789 0.08079145094501985 444
1646476165828 0.08098261169562293 445
1646476165854 0.08117305174499345 446
1646476165896 0.08136276635752032 447
1646476165921 0.0815517508156316 448
1646476166047 0.08174000041991192 449
1646476166084 0.08192751048921922 450
1646476166116 0.08211427636080125 451
1646476166149 0.08230029339041146 452
1646476166177 0.08248555695242459 453
1646476166211 0.08267006243995148 454
1646476166238 0.0828538052649539 455
1646476166387 0.08303678085835839 456
1646476166458 0.08321898467017007 457
1646476166515 0.08340041216958566 458
1646476166583 0.08358105884510621 459
1646476166632 0.08376092020464924 460
1646476166686 0.08393999177566053 461
1646476166750 0.08411826910522519 462
1646476166909 0.08429574776017855 463
1646476166951 0.08447242332721626 464
1646476166991 0.08464829141300415 465
1646476167036 0.08482334764428737 466
1646476167079 0.08499758766799928 467
1646476167121 0.08517100715136951 468
1646476167158 0.08534360178203187 469
1646476167278 0.0855153672681315 470
1646476167318 0.0856862993384316 471
1646476167349 0.08585639374241963 472
1646476167383 0.08602564625041308 473
1646476167415 0.08619405265366455 474
1646476167453 0.0863616087644665 475
1646476167491 0.08652831041625525 476
1646476167618 0.0866941534637148 477
1646476167668 0.08685913378287967 478
1646476167757 0.08702324727123764 479
1646476167814 0.08718648984783166 480
1646476167866 0.08734885745336138 481
1646476167940 0.08751034605028403 482
1646476167972 0.08767095162291494 483
1646476168082 0.08783067017752721 484
1646476168120 0.08798949774245125 485
1646476168150 0.08814743036817332 486
1646476168185 0.08830446412743394 487
1646476168216 0.08846059511532535 488
1646476168250 0.0886158194493888 489
1646476168275 0.08877013326971095 490
1646476168394 0.08892353273901994 491
1646476168433 0.08907601404278077 492
1646476168464 0.08922757338929019 493
1646476168498 0.08937820700977092 494
1646476168529 0.08952791115846542 495
1646476168561 0.08967668211272907 496
1646476168588 0.08982451617312266 497
1646476168705 0.08997140966350438 498
1646476168745 0.09011735893112133 499
1646476168779 0.09026236034670027 500
1646476168814 0.0904064103045379 501
1646476168838 0.09054950522259048 502
1646476168879 0.09069164154256298 503
1646476168904 0.09083281572999748 504
1646476169024 0.09097302427436112 505
1646476169062 0.09111226368913336 506
1646476169095 0.0912505305118927 507
1646476169126 0.09138782130440279 508
1646476169158 0.09152413265269789 509
1646476169192 0.09165946116716775 510
1646476169217 0.091793803482642 511
1646476169329 0.09192715625847371 512
1646476169369 0.09205951617862253 513
1646476169402 0.09219087995173712 514
1646476169441 0.09232124431123703 515
1646476169469 0.09245060601539389 516
1646476169507 0.092578961847412 517
1646476169532 0.09270630861550845 518
1646476169650 0.0928326431529923 519
1646476169688 0.09295796231834347 520
1646476169723 0.09308226299529081 521
1646476169754 0.09320554209288957 522
1646476169800 0.09332779654559832 523
1646476169832 0.09344902331335508 524
1646476169863 0.09356921938165307 525
1646476169980 0.09368838176161547 526
1646476170018 0.09380650749006995 527
1646476170051 0.09392359362962223 528
1646476170085 0.09403963726872912 529
1646476170114 0.09415463552177097 530
1646476170155 0.09426858552912343 531
1646476170188 0.0943814844572285 532
1646476170412 0.09449332949866504 533
1646476170478 0.0946041178722186 534
1646476170536 0.09471384682295049 535
1646476170574 0.0948225136222664 536
1646476170738 0.09493011556798417 537
1646476170812 0.095036649984401 538
1646476170868 0.09514211422236002 539
1646476171090 0.09524650565931612 540
1646476171138 0.0953498216994012 541
1646476171181 0.09545205977348871 542
1646476171221 0.09555321733925752 543
1646476171251 0.09565329188125515 544
1646476171286 0.09575228091096032 545
1646476171318 0.09585018196684485 546
1646476171451 0.09594699261443485 547
1646476171495 0.09604271044637124 548
1646476171535 0.09613733308246963 549
1646476171578 0.09623085816977958 550
1646476171627 0.09632328338264294 551
1646476171655 0.09641460642275185 552
1646476171737 0.09650482501920579 553
1646476171959 0.09659393692856813 554
1646476171994 0.0966819399349218 555
1646476172021 0.09676883184992453 556
1646476172066 0.09685461051286315 557
1646476172098 0.0969392737907074 558
1646476172132 0.0970228195781629 559
1646476172159 0.0971052457977236 560
1646476172282 0.09718655039972335 561
1646476172319 0.09726673136238691 562
1646476172358 0.0973457866918802 563
1646476172390 0.09742371442235989 564
1646476172418 0.09750051261602233 565
1646476172452 0.09757617936315167 566
1646476172486 0.09765071278216737 567
1646476172603 0.09772411101967103 568
1646476172647 0.09779637225049237 569
1646476172687 0.09786749467773476 570
1646476172719 0.0979374765328198 571
1646476172750 0.09800631607553131 572
1646476172794 0.09807401159405868 573
1646476172822 0.09814056140503931 574
1646476172940 0.09820596385360059 575
1646476172978 0.09827021731340096 576
1646476173017 0.09833332018667043 577
1646476173049 0.09839527090425026 578
1646476173071 0.098456067925632 579
1646476173114 0.09851570973899575 580
1646476173137 0.09857419486124784 581
1646476173247 0.09863152183805765 582
1646476173287 0.09868768924389378 583
1646476173327 0.09874269568205951 584
1646476173365 0.09879653978472754 585
1646476173387 0.09884922021297397 586
1646476173437 0.09890073565681165 587
1646476173472 0.09895108483522268 588
1646476173583 0.09900026649619031 589
1646476173660 0.09904827941673011 590
1646476173711 0.09909512240292029 591
1646476173737 0.09914079428993147 592
1646476173789 0.0991852939420556 593
1646476173820 0.09922862025273423 594
1646476173857 0.09927077214458599 595
1646476173975 0.09931174856943342 596
1646476174016 0.09935154850832903 597
1646476174058 0.0993901709715806 598
1646476174122 0.09942761499877581 599
1646476174192 0.09946387965880618 600
1646476174258 0.0994989640498901 601
1646476174315 0.09953286729959539 602
1646476174521 0.09956558856486088 603
1646476174595 0.09959712703201745 604
1646476174651 0.09962748191680826 605
1646476174746 0.0996566524644082 606
1646476174800 0.09968463794944267 607
1646476174848 0.0997114376760057 608
1646476174885 0.09973705097767713 609
1646476175014 0.09976147721753928 610
1646476175056 0.09978471578819273 611
1646476175094 0.09980676611177149 612
1646476175133 0.09982762763995724 613
1646476175166 0.09984729985399317 614
1646476175211 0.09986578226469665 615
1646476175239 0.09988307441247157 616
1646476175392 0.09989917586731967 617
1646476175432 0.0999140862288513 618
1646476175504 0.09992780512629529 619
1646476175565 0.09994033221850827 620
1646476175627 0.0999516671939831 621
1646476175678 0.09996180977085661 622
1646476175719 0.0999707596969166 623
1646476175846 0.09997851674960817 624
1646476175884 0.09998508073603919 625
1646476175918 0.09999045149298513 626
1646476175957 0.09999462888689313 627
1646476175988 0.09999761281388526 628
1646476176023 0.09999940319976121 629
1646476176049 0.09999988581654443 630
1646476176255 0.09999954326669921 631
1646476176296 0.09999897235202891 632
1646476176328 0.0999981730751411 633
1646476176360 0.09999714543968634 634
1646476176390 0.09999588945035823 635
1646476176426 0.09999440511289331 636
1646476176453 0.09999269243407109 637
1646476176577 0.09999075142171397 638
1646476176614 0.09998858208468725 639
1646476176649 0.09998618443289907 640
1646476176690 0.09998355847730035 641
1646476176721 0.09998070422988478 642
1646476176761 0.09997762170368871 643
1646476176789 0.09997431091279116 644
1646476176913 0.09997077187231367 645
1646476176950 0.0999670045984203 646
1646476176984 0.09996300910831754 647
1646476177024 0.09995878542025423 648
1646476177053 0.09995433355352143 649
1646476177083 0.09994965352845243 650
1646476177104 0.09994474536642255 651
1646476177227 0.09993960908984914 652
1646476177265 0.09993424472219138 653
1646476177300 0.09992865228795028 654
1646476177332 0.09992283181266845 655
1646476177354 0.0999167833229301 656
1646476177401 0.09991050684636081 657
1646476177432 0.09990400241162752 658
1646476177551 0.09989727004843828 659
1646476177594 0.0998903097875422 660
1646476177629 0.09988312166072927 661
1646476177665 0.09987570570083022 662
1646476177701 0.0998680619417164 663
1646476177737 0.09986019041829958 664
1646476177766 0.09985209116653179 665
1646476177985 0.09984376422340524 666
1646476178037 0.09983520962695201 667
1646476178092 0.09982642741624403 668
1646476178144 0.09981741763139274 669
1646476178185 0.09980818031354909 670
1646476178227 0.09979871550490317 671
1646476178263 0.09978902324868413 672
1646476178409 0.09977910358915996 673
1646476178466 0.09976895657163733 674
1646476178497 0.09975858224246123 675
1646476178535 0.09974798064901494 676
1646476178567 0.09973715183971972 677
1646476178607 0.0997260958640346 678
1646476178645 0.09971481277245615 679
1646476178779 0.0997033026165183 680
1646476178823 0.09969156544879201 681
1646476178870 0.09967960132288511 682
1646476178914 0.09966741029344206 683
1646476178948 0.09965499241614359 684
1646476178984 0.09964234774770661 685
1646476179019 0.0996294763458838 686
1646476179188 0.09961637826946346 687
1646476179242 0.09960305357826917 688
1646476179330 0.09958950233315954 689
1646476179376 0.09957572459602795 690
1646476179405 0.09956172042980223 691
1646476179437 0.09954748989844439 692
1646476179466 0.09953303306695035 693
1646476179581 0.0995183500013496 694
1646476179625 0.09950344076870497 695
1646476179653 0.0994883054371122 696
1646476179669 0.09947294407569977 697
1646476179715 0.09945735675462848 698
1646476179744 0.09944154354509119 699
1646476179770 0.09942550451931245 700
1646476179895 0.09940923975054825 701
1646476179934 0.09939274931308553 702
1646476179970 0.09937603328224204 703
1646476180007 0.09935909173436584 704
1646476180035 0.099341924746835 705
1646476180071 0.09932453239805729 706
1646476180101 0.09930691476746976 707
1646476180213 0.09928907193553844 708
1646476180251 0.09927100398375785 709
1646476180283 0.09925271099465081 710
1646476180310 0.09923419305176792 711
1646476180349 0.09921545023968721 712
1646476180382 0.09919648264401378 713
1646476180410 0.0991772903513794 714
1646476180527 0.09915787344944213 715
1646476180566 0.09913823202688588 716
1646476180597 0.09911836617342003 717
1646476180634 0.099098275979779 718
1646476180664 0.09907796153772187 719
1646476180687 0.09905742294003195 720
1646476180722 0.09903666028051634 721
1646476180845 0.0990156736540055 722
1646476180882 0.09899446315635282 723
1646476180917 0.09897302888443424 724
1646476180952 0.09895137093614768 725
1646476180989 0.09892948941041274 726
1646476181026 0.09890738440717015 727
1646476181051 0.09888505602738132 728
1646476181161 0.0988625043730279 729
1646476181208 0.09883972954711141 730
1646476181241 0.09881673165365253 731
1646476181270 0.09879351079769086 732
1646476181302 0.09877006708528434 733
1646476181335 0.09874640062350874 734
1646476181368 0.09872251152045726 735
1646476181485 0.09869839988523992 736
1646476181535 0.09867406582798315 737
1646476181570 0.09864950945982928 738
1646476181620 0.098624730892936 739
1646476181690 0.09859973024047584 740
1646476181764 0.0985745076166357 741
1646476181829 0.09854906313661634 742
1646476181997 0.0985233969166317 743
1646476182046 0.0984975090739086 744
1646476182086 0.09847139972668602 745
1646476182125 0.09844506899421467 746
1646476182175 0.0984185169967564 747
1646476182219 0.09839174385558365 748
1646476182262 0.09836474969297887 749
1646476182391 0.09833753463223405 750
1646476182433 0.09831009879765007 751
1646476182468 0.09828244231453617 752
1646476182507 0.09825456530920935 753
1646476182537 0.09822646790899386 754
1646476182590 0.09819815024222053 755
1646476182630 0.09816961243822624 756
1646476182763 0.0981408546273533 757
1646476182807 0.09811187694094889 758
1646476182837 0.09808267951136446 759
1646476182914 0.09805326247195503 760
1646476182967 0.09802362595707877 761
1646476183035 0.09799377010209614 762
1646476183114 0.09796369504336953 763
1646476183222 0.09793340091826243 764
1646476183262 0.09790288786513891 765
1646476183292 0.09787215602336295 766
1646476183325 0.09784120553329785 767
1646476183354 0.09781003653630553 768
1646476183394 0.0977786491747459 769
1646476183420 0.09774704359197621 770
1646476183539 0.09771521993235047 771
1646476183582 0.09768317834121862 772
1646476183615 0.09765091896492609 773
1646476183648 0.09761844195081291 774
1646476183670 0.09758574744721321 775
1646476183717 0.09755283560345443 776
1646476183751 0.09751970656985669 777
1646476183876 0.09748636049773209 778
1646476183919 0.09745279753938403 779
1646476183948 0.09741901784810654 780
1646476183981 0.09738502157818346 781
1646476184009 0.09735080888488792 782
1646476184046 0.09731637992448146 783
1646476184070 0.09728173485421342 784
1646476184192 0.09724687383232018 785
1646476184232 0.09721179701802449 786
1646476184261 0.09717650457153462 787
1646476184294 0.09714099665404377 788
1646476184320 0.09710527342772927 789
1646476184360 0.09706933505575184 790
1646476184387 0.09703318170225479 791
1646476184512 0.09699681353236342 792
1646476184549 0.09696023071218408 793
1646476184580 0.0969234334088036 794
1646476184607 0.09688642179028838 795
1646476184646 0.09684919602568365 796
1646476184681 0.09681175628501273 797
1646476184712 0.09677410273927631 798
1646476184856 0.09673623556045154 799
1646476184892 0.09669815492149131 800
1646476184926 0.09665986099632348 801
1646476184963 0.09662135395985007 802
1646476184998 0.09658263398794643 803
1646476185034 0.09654370125746049 804
1646476185061 0.09650455594621189 805
1646476185175 0.09646519823299123 806
1646476185211 0.09642562829755921 807
1646476185242 0.09638584632064587 808
1646476185274 0.09634585248394963 809
1646476185305 0.09630564697013662 810
1646476185367 0.09626522996283975 811
1646476185424 0.0962246016466579 812
1646476185648 0.09618376220715508 813
1646476185699 0.09614271183085958 814
1646476185737 0.09610145070526309 815
1646476185792 0.09605997901881987 816
1646476185846 0.09601829696094591 817
1646476185886 0.09597640472201803 818
1646476185927 0.095934302493373 819
1646476186050 0.09589199046730673 820
1646476186091 0.09584946883707332 821
1646476186134 0.09580673779688421 822
1646476186173 0.0957637975419073 823
1646476186203 0.09572064826826603 824
1646476186253 0.09567729017303851 825
1646476186282 0.09563372345425666 826
1646476186415 0.09558994831090517 827
1646476186458 0.09554596494292075 828
1646476186496 0.0955017735511911 829
1646476186537 0.09545737433755408 830
1646476186572 0.09541276750479673 831
1646476186614 0.09536795325665434 832
1646476186650 0.09532293179780955 833
1646476186888 0.09527770333389145 834
1646476186933 0.09523226807147452 835
1646476186972 0.09518662621807782 836
1646476187006 0.09514077798216396 837
1646476187035 0.09509472357313818 838
1646476187067 0.09504846320134738 839
1646476187097 0.09500199707807919 840
1646476187212 0.09495532541556093 841
1646476187250 0.09490844842695872 842
1646476187282 0.0948613663263765 843
1646476187313 0.094814079328855 844
1646476187344 0.0947665876503708 845
1646476187378 0.09471889150783531 846
1646476187403 0.09467099111909384 847
1646476187524 0.09462288670292453 848
1646476187566 0.09457457847903737 849
1646476187595 0.09452606666807328 850
1646476187628 0.094477351491603 851
1646476187653 0.09442843317212607 852
1646476187696 0.09437931193306992 853
1646476187723 0.09432998799878874 854
1646476187851 0.09428046159456253 855
1646476187887 0.09423073294659605 856
1646476187921 0.09418080228201775 857
1646476187952 0.09413066982887877 858
1646476187981 0.0940803358161519 859
1646476188003 0.09402980047373054 860
1646476188044 0.09397906403242758 861
1646476188156 0.09392812672397445 862
1646476188192 0.09387698878102001 863
1646476188225 0.09382565043712943 864
1646476188257 0.09377411192678328 865
1646476188285 0.09372237348537629 866
1646476188302 0.09367043534921637 867
1646476188346 0.0936182977555235 868
1646476188444 0.09356596094242865 869
1646476188485 0.0935134251489727 870
1646476188523 0.09346069061510538 871
1646476188561 0.09340775758168408 872
1646476188595 0.09335462629047282 873
1646476188633 0.09330129698414119 874
1646476188667 0.09324776990626309 875
1646476188785 0.09319404530131581 876
1646476188822 0.09314012341467875 877
1646476188859 0.09308600449263241 878
1646476188893 0.09303168878235718 879
1646476188923 0.09297717653193228 880
1646476188956 0.09292246799033459 881
1646476188986 0.09286756340743753 882
1646476189182 0.09281246303400989 883
1646476189252 0.09275716712171472 884
1646476189310 0.09270167592310816 885
1646476189362 0.09264598969163833 886
1646476189416 0.09259010868164405 887
1646476189456 0.09253403314835384 888
1646476189496 0.09247776334788467 889
1646476189632 0.09242129953724074 890
1646476189673 0.09236464197431243 891
1646476189710 0.092307790917875 892
1646476189754 0.09225074662758755 893
1646476189803 0.09219350936399162 894
1646476189844 0.09213607938851023 895
1646476189870 0.09207845696344655 896
1646476190012 0.09202064235198275 897
1646476190054 0.09196263581817875 898
1646476190086 0.09190443762697105 899
1646476190120 0.09184604804417158 900
1646476190176 0.09178746733646638 901
1646476190218 0.09172869577141439 902
1646476190261 0.09166973361744632 903
1646476190463 0.09161058114386335 904
1646476190539 0.0915512386208359 905
1646476190570 0.09149170631940244 906
1646476190608 0.09143198451146821 907
1646476190636 0.091372073469804 908
1646476190673 0.09131197346804489 909
1646476190699 0.091251684780689 910
1646476190822 0.0911912076830963 911
1646476190861 0.09113054245148722 912
1646476190897 0.09106968936294149 913
1646476190932 0.09100864869539688 914
1646476190961 0.09094742072764787 915
1646476190986 0.09088600573934444 916
1646476191024 0.0908244040109907 917
1646476191140 0.09076261582394374 918
1646476191178 0.09070064146041219 919
1646476191207 0.0906384812034551 920
1646476191243 0.09057613533698053 921
1646476191269 0.09051360414574423 922
1646476191309 0.0904508879153485 923
1646476191335 0.09038798693224069 924
1646476191446 0.09032490148371201 925
1646476191483 0.0902616318578962 926
1646476191515 0.09019817834376821 927
1646476191547 0.09013454123114283 928
1646476191570 0.09007072081067347 929
1646476191610 0.09000671737385073 930
1646476191636 0.0899425312130011 931
1646476191755 0.0898781626212857 932
1646476191799 0.0898136118926988 933
1646476191837 0.08974887932206663 934
1646476191870 0.08968396520504587 935
1646476191909 0.08961886983812245 936
1646476191943 0.08955359351861014 937
1646476191969 0.08948813654464913 938
1646476192090 0.08942249921520477 939
1646476192127 0.08935668183006615 940
1646476192164 0.08929068468984472 941
1646476192204 0.08922450809597293 942
1646476192245 0.08915815235070293 943
1646476192269 0.089091617757105 944
1646476192309 0.08902490461906638 945
1646476192496 0.08895801324128978 946
1646476192535 0.0888909439292919 947
1646476192566 0.08882369698940226 948
1646476192603 0.08875627272876158 949
1646476192641 0.0886886714553205 950
1646476192691 0.08862089347783814 951
1646476192754 0.08855293910588066 952
1646476192976 0.08848480864981995 953
1646476193039 0.08841650242083204 954
1646476193103 0.08834802073089587 955
1646476193151 0.0882793638927917 956
1646476193205 0.08821053222009981 957
1646476193260 0.08814152602719895 958
1646476193287 0.08807234562926505 959
1646476193425 0.08800299134226963 960
1646476193481 0.08793346348297842 961
1646476193529 0.08786376236894998 962
1646476193568 0.08779388831853412 963
1646476193614 0.08772384165087055 964
1646476193636 0.08765362268588736 965
1646476193680 0.08758323174429958 966
1646476193820 0.08751266914760779 967
1646476193867 0.08744193521809647 968
1646476193918 0.08737103027883272 969
1646476193953 0.08729995465366468 970
1646476193990 0.08722870866722003 971
1646476194031 0.08715729264490463 972
1646476194074 0.08708570691290088 973
1646476194312 0.08701395179816636 974
1646476194351 0.08694202762843227 975
1646476194381 0.0868699347322019 976
1646476194419 0.08679767343874924 977
1646476194452 0.08672524407811735 978
1646476194492 0.08665264698111695 979
1646476194519 0.08657988247932488 980
1646476194639 0.08650695090508254 981
1646476194676 0.08643385259149444 982
1646476194704 0.0863605878724266 983
1646476194774 0.08628715708250519 984
1646476194834 0.08621356055711472 985
1646476194908 0.08613979863239682 986
1646476194947 0.08606587164524845 987
1646476195062 0.08599177993332055 988
1646476195101 0.08591752383501637 989
1646476195141 0.08584310368948996 990
1646476195178 0.0857685198366447 991
1646476195207 0.08569377261713158 992
1646476195249 0.08561886237234785 993
1646476195277 0.08554378944443528 994
1646476195395 0.08546855417627869 995
1646476195434 0.08539315691150438 996
1646476195470 0.08531759799447851 997
1646476195509 0.08524187777030565 998
1646476195536 0.08516599658482699 999
1646476195577 0.085089954784619 1000
1646476195607 0.08501375271699167 1001
1646476195724 0.084937390729987 1002
1646476195763 0.08486086917237745 1003
1646476195802 0.08478418839366421 1004
1646476195841 0.08470734874407575 1005
1646476195871 0.08463035057456612 1006
1646476195903 0.08455319423681344 1007
1646476195947 0.0844758800832182 1008
1646476196055 0.08439840846690169 1009
1646476196108 0.08432077974170443 1010
1646476196140 0.08424299426218444 1011
1646476196175 0.08416505238361578 1012
1646476196203 0.08408695446198675 1013
1646476196243 0.08400870085399842 1014
1646476196269 0.08393029191706292 1015
1646476196401 0.08385172800930181 1016
1646476196453 0.08377300948954447 1017
1646476196513 0.08369413671732644 1018
1646476196553 0.0836151100528878 1019
1646476196632 0.08353592985717145 1020
1646476196690 0.08345659649182165 1021
1646476196737 0.08337711031918209 1022
1646476196932 0.0832974717022945 1023
1646476196992 0.0832176810048968 1024
1646476197044 0.08313773859142158 1025
1646476197085 0.08305764482699435 1026
1646476197132 0.08297740007743183 1027
1646476197164 0.08289700470924045 1028
1646476197199 0.08281645908961449 1029
1646476197346 0.08273576358643453 1030
1646476197386 0.08265491856826568 1031
1646476197423 0.08257392440435597 1032
1646476197462 0.08249278146463462 1033
1646476197497 0.08241149011971037 1034
1646476197538 0.08233005074086974 1035
1646476197576 0.08224846370007544 1036
1646476197714 0.08216672936996457 1037
1646476197760 0.08208484812384692 1038
1646476197798 0.08200282033570337 1039
1646476197841 0.08192064638018404 1040
1646476197921 0.08183832663260669 1041
1646476197986 0.08175586146895497 1042
1646476198078 0.08167325126587667 1043
1646476198191 0.08159049640068203 1044
1646476198228 0.08150759725134202 1045
1646476198259 0.0814245541964866 1046
1646476198296 0.08134136761540303 1047
1646476198325 0.08125803788803408 1048
1646476198363 0.0811745653949763 1049
1646476198396 0.08109095051747836 1050
1646476198528 0.08100719363743916 1051
1646476198567 0.08092329513740626 1052
1646476198597 0.08083925540057403 1053
1646476198640 0.08075507481078188 1054
1646476198670 0.0806707537525126 1055
1646476198709 0.0805862926108905 1056
1646476198747 0.08050169177167975 1057
1646476198866 0.08041695162128251 1058
1646476198904 0.08033207254673727 1059
1646476198943 0.08024705493571704 1060
1646476198975 0.08016189917652754 1061
1646476199008 0.08007660565810545 1062
1646476199043 0.07999117477001676 1063
1646476199069 0.0799056069024547 1064
1646476199198 0.07981990244623828 1065
1646476199241 0.07973406179281028 1066
1646476199274 0.07964808533423559 1067
1646476199310 0.07956197346319932 1068
1646476199335 0.0794757265730051 1069
1646476199379 0.0793893450575732 1070
1646476199414 0.07930282931143882 1071
1646476199544 0.07921617972975023 1072
1646476199588 0.07912939670826691 1073
1646476199620 0.07904248064335789 1074
1646476199671 0.07895543193199983 1075
1646476199702 0.0788682509717752 1076
1646476199743 0.07878093816087055 1077
1646476199769 0.07869349389807459 1078
1646476199928 0.07860591858277646 1079
1646476199975 0.07851821261496385 1080
1646476200002 0.07843037639522116 1081
1646476200064 0.07834241032472773 1082
1646476200085 0.07825431480525596 1083
1646476200142 0.07816609023916948 1084
1646476200169 0.07807773702942139 1085
1646476200355 0.07798925557955222 1086
1646476200424 0.07790064629368836 1087
1646476200490 0.07781190957653995 1088
1646476200553 0.07772304583339924 1089
1646476200609 0.07763405547013864 1090
1646476200679 0.07754493889320883 1091
1646476200725 0.07745569650963702 1092
1646476200931 0.07736632872702497 1093
1646476201001 0.07727683595354719 1094
1646476201049 0.07718721859794911 1095
1646476201099 0.07709747706954512 1096
1646476201145 0.07700761177821679 1097
1646476201194 0.0769176231344109 1098
1646476201243 0.07682751154913771 1099
1646476201384 0.07673727743396895 1100
1646476201439 0.07664692120103597 1101
1646476201485 0.07655644326302792 1102
1646476201538 0.07646584403318979 1103
1646476201586 0.07637512392532053 1104
1646476201631 0.07628428335377127 1105
1646476201668 0.07619332273344324 1106
1646476201850 0.07610224247978606 1107
1646476201918 0.07601104300879569 1108
1646476201971 0.07591972473701261 1109
1646476202072 0.07582828808151994 1110
1646476202117 0.07573673345994147 1111
1646476202152 0.07564506129043984 1112
1646476202199 0.07555327199171448 1113
1646476202343 0.07546136598299985 1114
1646476202388 0.07536934368406346 1115
1646476202419 0.07527720551520398 1116
1646476202460 0.07518495189724923 1117
1646476202485 0.07509258325155439 1118
1646476202540 0.0750001 1119
1646476202587 0.07490750256499003 1120
1646476202710 0.07481479136945 1121
1646476202751 0.07472196683682494 1122
1646476202787 0.07462902939107763 1123
1646476202833 0.0745359794566865 1124
1646476202867 0.07444281745864377 1125
1646476202908 0.07434954382245348 1126
1646476202935 0.07425615897412961 1127
1646476203071 0.07416266334019404 1128
1646476203115 0.07406905734767466 1129
1646476203152 0.0739753414241034 1130
1646476203191 0.07388151599751429 1131
1646476203219 0.07378758149644153 1132
1646476203257 0.07369353834991745 1133
1646476203285 0.07359938698747061 1134
1646476203414 0.07350512783912388 1135
1646476203457 0.07341076133539239 1136
1646476203492 0.07331628790728158 1137
1646476203529 0.07322170798628527 1138
1646476203559 0.07312702200438372 1139
1646476203599 0.07303223039404153 1140
1646476203627 0.0729373335882058 1141
1646476203755 0.07284233202030403 1142
1646476203800 0.07274722612424228 1143
1646476203835 0.07265201633440309 1144
1646476203876 0.07255670308564348 1145
1646476203902 0.07246128681329309 1146
1646476203952 0.07236576795315197 1147
1646476203986 0.07227014694148887 1148
1646476204185 0.07217442421503903 1149
1646476204260 0.07207860021100225 1150
1646476204322 0.07198267536704092 1151
1646476204378 0.07188665012127801 1152
1646476204431 0.07179052491229503 1153
1646476204470 0.07169430017913009 1154
1646476204509 0.07159797636127585 1155
1646476204662 0.07150155389867752 1156
1646476204707 0.07140503323173088 1157
1646476204735 0.07130841480128018 1158
1646476204798 0.07121169904861628 1159
1646476204848 0.0711148864154745 1160
1646476204885 0.07101797734403262 1161
1646476204934 0.07092097227690894 1162
1646476205066 0.07082387165716014 1163
1646476205109 0.07072667592827944 1164
1646476205144 0.07062938553419432 1165
1646476205178 0.07053200091926472 1166
1646476205212 0.07043452252828089 1167
1646476205255 0.0703369508064614 1168
1646476205285 0.07023928619945106 1169
1646476205443 0.07014152915331899 1170
1646476205516 0.07004368011455644 1171
1646476205594 0.06994573953007484 1172
1646476205643 0.06984770784720377 1173
1646476205668 0.06974958551368889 1174
1646476205711 0.06965137297768985 1175
1646476205746 0.06955307068777833 1176
1646476205873 0.06945467909293594 1177
1646476205912 0.06935619864255214 1178
1646476205935 0.06925762978642228 1179
1646476205977 0.06915897297474545 1180
1646476206002 0.06906022865812249 1181
1646476206044 0.0689613972875539 1182
1646476206081 0.06886247931443776 1183
1646476206200 0.06876347519056775 1184
1646476206241 0.06866438536813095 1185
1646476206274 0.06856521029970594 1186
1646476206312 0.06846595043826062 1187
1646476206335 0.06836660623715013 1188
1646476206381 0.06826717815011489 1189
1646476206416 0.06816766663127838 1190
1646476206529 0.0680680721351452 1191
1646476206571 0.06796839511659894 1192
1646476206602 0.06786863603090004 1193
1646476206642 0.06776879533368381 1194
1646476206668 0.06766887348095833 1195
1646476206708 0.06756887092910233 1196
1646476206735 0.06746878813486307 1197
1646476206877 0.0673686255553544 1198
1646476206914 0.0672683836480545 1199
1646476206944 0.06716806287080392 1200
1646476206980 0.06706766368180335 1201
1646476207012 0.06696718653961176 1202
1646476207048 0.06686663190314403 1203
1646476207080 0.06676600023166905 1204
1646476207204 0.06666529198480751 1205
1646476207256 0.06656450762252991 1206
1646476207293 0.06646364760515434 1207
1646476207325 0.06636271239334447 1208
1646476207351 0.06626170244810739 1209
1646476207395 0.06616061823079152 1210
1646476207426 0.06605946020308452 1211
1646476207554 0.06595822882701116 1212
1646476207591 0.06585692456493124 1213
1646476207629 0.06575554787953744 1214
1646476207669 0.0656540992338532 1215
1646476207713 0.06555257909123066 1216
1646476207752 0.0654509879153485 1217
1646476207819 0.06534932617020985 1218
1646476208033 0.06524759432014013 1219
1646476208089 0.06514579282978496 1220
1646476208153 0.06504392216410806 1221
1646476208186 0.06494198278838906 1222
1646476208241 0.06483997516822142 1223
1646476208291 0.06473789976951033 1224
1646476208348 0.06463575705847052 1225
1646476208466 0.06453354750162416 1226
1646476208514 0.06443127156579871 1227
1646476208548 0.06432892971812486 1228
1646476208593 0.0642265224260343 1229
1646476208618 0.06412405015725764 1230
1646476208663 0.06402151337982227 1231
1646476208696 0.06391891256205022 1232
1646476208826 0.06381624817255596 1233
1646476208872 0.06371352068024438 1234
1646476208901 0.06361073055430858 1235
1646476208956 0.06350787826422767 1236
1646476208988 0.06340496427976475 1237
1646476209027 0.06330198907096464 1238
1646476209063 0.06319895310815188 1239
1646476209285 0.06309585686192841 1240
1646476209327 0.06299270080317156 1241
1646476209358 0.06288948540303181 1242
1646476209391 0.06278621113293069 1243
1646476209419 0.06268287846455858 1244
1646476209458 0.06257948786987269 1245
1646476209483 0.06247603982109465 1246
1646476209602 0.0623725347907086 1247
1646476209640 0.062268973251458935 1248
1646476209676 0.06216535567634809 1249
1646476209709 0.062061682538634484 1250
1646476209735 0.06195795431183031 1251
1646476209771 0.061854171469699334 1252
1646476209801 0.06175033448625481 1253
1646476209928 0.06164644383575726 1254
1646476209965 0.06154249999271228 1255
1646476209995 0.06143850343186853 1256
1646476210032 0.061334454628215324 1257
1646476210061 0.06123035405698065 1258
1646476210099 0.06112620219362893 1259
1646476210125 0.06102199951385886 1260
1646476210241 0.060917746493601224 1261
1646476210280 0.06081344360901673 1262
1646476210309 0.06070909133649383 1263
1646476210342 0.060604690152646565 1264
1646476210368 0.06050024053431233 1265
1646476210408 0.0603957429585498 1266
1646476210434 0.060291197902636665 1267
1646476210553 0.060186605844067424 1268
1646476210591 0.06008196726055132 1269
1646476210623 0.059977282630010065 1270
1646476210652 0.059872552430575675 1271
1646476210685 0.05976777714058832 1272
1646476210721 0.059662957238594105 1273
1646476210751 0.059558093203342884 1274
1646476210876 0.05945318551378608 1275
1646476210910 0.0593482346490745 1276
1646476210947 0.0592432410885562 1277
1646476210983 0.05913820531177416 1278
1646476211022 0.05903312779846423 1279
1646476211057 0.05892800902855288 1280
1646476211089 0.05882284948215499 1281
1646476211199 0.05871764963957172 1282
1646476211237 0.05861240998128823 1283
1646476211268 0.05850713098797158 1284
1646476211308 0.05840181314046844 1285
1646476211334 0.05829645691980298 1286
1646476211376 0.05819106280717461 1287
1646476211401 0.058085631283955816 1288
1646476211563 0.057980162831689955 1289
1646476211624 0.057874657932089055 1290
1646476211699 0.05776911706703158 1291
1646476211782 0.05766354071856031 1292
1646476211836 0.057557929368880045 1293
1646476211898 0.057452283500355486 1294
1646476211948 0.05734660359550898 1295
1646476212138 0.0572408901370183 1296
1646476212193 0.05713514360771452 1297
1646476212245 0.057029364490579715 1298
1646476212303 0.056923553268744854 1299
1646476212370 0.056817710425487486 1300
1646476212419 0.05671183644422961 1301
1646476212465 0.05660593180853546 1302
1646476212609 0.056499997002109226 1303
1646476212656 0.05639403250879297 1304
1646476212695 0.05628803881256428 1305
1646476212746 0.05618201639753418 1306
1646476212822 0.05607596574794482 1307
1646476212936 0.0559698873481673 1308
1646476213079 0.05586378168269955 1309
1646476213269 0.055757649236163914 1310
1646476213313 0.05565149049330513 1311
1646476213348 0.05554530593898801 1312
1646476213371 0.055439096058195296 1313
1646476213412 0.055332861336025344 1314
1646476213449 0.05522660225769002 1315
1646476213476 0.05512031930851241 1316
1646476213591 0.05501401297392465 1317
1646476213629 0.05490768373946564 1318
1646476213658 0.054801332090778906 1319
1646476213694 0.054694958513610364 1320
1646476213723 0.054588563493806024 1321
1646476213760 0.0544821475173099 1322
1646476213784 0.05437571107016168 1323
1646476213910 0.054269254638494566 1324
1646476213947 0.05416277870853303 1325
1646476213977 0.05405628376659061 1326
1646476214013 0.053949770299067674 1327
1646476214044 0.053843238792449184 1328
1646476214078 0.0537366897333025 1329
1646476214105 0.053630123608275175 1330
1646476214232 0.053523540904092705 1331
1646476214274 0.05341694210755628 1332
1646476214307 0.053310327705540596 1333
1646476214338 0.05320369818499166 1334
1646476214370 0.05309705403292447 1335
1646476214404 0.05299039573642093 1336
1646476214430 0.05288372378262746 1337
1646476214546 0.05277703865875294 1338
1646476214588 0.05267034085206632 1339
1646476214623 0.052563630849894544 1340
1646476214658 0.052456909139620256 1341
1646476214684 0.052350176208679516 1342
1646476214723 0.05224343254455968 1343
1646476214751 0.052136678634797116 1344
1646476214878 0.05202991496697501 1345
1646476214913 0.05192314202872104 1346
1646476214949 0.05181636030770532 1347
1646476214968 0.051709570291638036 1348
1646476215011 0.051602772468267256 1349
1646476215043 0.051495967325376694 1350
1646476215078 0.05138915535078352 1351
1646476215205 0.05128233703233613 1352
1646476215250 0.05117551285791184 1353
1646476215294 0.05106868331541472 1354
1646476215354 0.0509618488927734 1355
1646476215516 0.05085501007793878 1356
1646476215602 0.05074816735888178 1357
1646476215652 0.05064132122359121 1358
1646476215823 0.05053447216007148 1359
1646476215880 0.05042762065634031 1360
1646476215930 0.05032076720042663 1361
1646476215990 0.05021391228036826 1362
1646476216018 0.05010705638420974 1363
1646476216069 0.0500002 1364
1646476216119 0.049893343615790266 1365
1646476216251 0.04978648771963174 1366
1646476216298 0.049679632799573374 1367
1646476216337 0.04957277934365971 1368
1646476216380 0.04946592783992853 1369
1646476216419 0.049359078776408785 1370
1646476216457 0.049252232641118235 1371
1646476216484 0.049145389922061224 1372
1646476216671 0.0490385511072266 1373
1646476216715 0.048931716684585284 1374
1646476216768 0.048824887142088165 1375
1646476216840 0.04871806296766387 1376
1646476216895 0.04861124464921647 1377
1646476216940 0.04850443267462332 1378
1646476216967 0.048397627531732754 1379
1646476217084 0.04829082970836198 1380
1646476217119 0.048184039692294685 1381
1646476217155 0.04807725797127896 1382
1646476217201 0.047970485033025013 1383
1646476217239 0.047863721365202894 1384
1646476217279 0.04775696745544034 1385
1646476217307 0.047650223791320494 1386
1646476217416 0.047543490860379754 1387
1646476217458 0.04743676915010546 1388
1646476217496 0.04733005914793368 1389
1646476217539 0.047223361341247085 1390
1646476217567 0.047116676217372554 1391
1646476217610 0.047010004263579076 1392
1646476217642 0.04690334596707554 1393
1646476217755 0.046796701815008356 1394
1646476217810 0.04669007229445942 1395
1646476217851 0.04658345789244373 1396
1646476217889 0.04647685909590729 1397
1646476217922 0.046370276391724835 1398
1646476217959 0.046263710266697504 1399
1646476217986 0.04615716120755084 1400
1646476218099 0.046050629700932336 1401
1646476218138 0.04594411623340938 1402
1646476218175 0.04583762129146698 1403
1646476218214 0.04573114536150543 1404
1646476218249 0.04562468892983833 1405
1646476218269 0.04551825248269011 1406
1646476218309 0.04541183650619397 1407
1646476218423 0.04530544148638965 1408
1646476218463 0.0451990679092211 1409
1646476218496 0.04509271626053438 1410
1646476218534 0.04498638702607535 1411
1646476218568 0.04488008069148759 1412
1646476218600 0.04477379774230999 1413
1646476218633 0.04466753866397466 1414
1646476218756 0.044561303941804714 1415
1646476218803 0.044455094061012 1416
1646476218839 0.0443489095066949 1417
1646476218879 0.0442427507638361 1418
1646476218914 0.04413661831730046 1419
1646476218942 0.0440305126518327 1420
1646476218978 0.04392443425205519 1421
1646476219202 0.04381838360246583 1422
1646476219266 0.043712361187435725 1423
1646476219327 0.04360636749120703 1424
1646476219381 0.04350040299789078 1425
1646476219418 0.04339446819146456 1426
1646476219460 0.043288563555770404 1427
1646476219484 0.04318268957451252 1428
1646476219639 0.04307684673125514 1429
1646476219695 0.042971035509420295 1430
1646476219737 0.042865256392285486 1431
1646476219770 0.042759509862981715 1432
1646476219825 0.04265379640449103 1433
1646476219864 0.04254811649964451 1434
1646476219901 0.04244247063111996 1435
1646476220040 0.04233685928143969 1436
1646476220081 0.04223128293296843 1437
1646476220129 0.042125742067910955 1438
1646476220160 0.042020237168310055 1439
1646476220206 0.04191476871604419 1440
1646476220235 0.041809337192825397 1441
1646476220276 0.041703943080197044 1442
1646476220417 0.041598586859531564 1443
1646476220458 0.04149326901202844 1444
1646476220555 0.04138799001871178 1445
1646476220607 0.041282750360428284 1446
1646476220634 0.04117755051784502 1447
1646476220669 0.04107239097144713 1448
1646476220694 0.04096727220153579 1449
1646476220810 0.04086219468822585 1450
1646476220856 0.040757158911443804 1451
1646476220891 0.04065216535092551 1452
1646476220921 0.04054721448621393 1453
1646476220951 0.04044230679665713 1454
1646476220983 0.040337442761405905 1455
1646476221011 0.04023262285941167 1456
1646476221130 0.04012784756942433 1457
1646476221166 0.04002311736998995 1458
1646476221202 0.0399184327394487 1459
1646476221236 0.039813794155932586 1460
1646476221270 0.03970920209736335 1461
1646476221303 0.039604657041450206 1462
1646476221329 0.03950015946568767 1463
1646476221440 0.03939570984735346 1464
1646476221479 0.03929130866350617 1465
1646476221508 0.039186956390983275 1466
1646476221542 0.039082653506398786 1467
1646476221567 0.03897840048614113 1468
1646476221606 0.03887419780637107 1469
1646476221634 0.03877004594301936 1470
1646476221747 0.0386659453717847 1471
1646476221785 0.03856189656813148 1472
1646476221827 0.03845790000728771 1473
1646476221861 0.03835395616424277 1474
1646476221893 0.03825006551374519 1475
1646476221926 0.038146228530300676 1476
1646476221952 0.0380424456881697 1477
1646476222051 0.03793871746136551 1478
1646476222093 0.037835044323651916 1479
1646476222140 0.037731426748541075 1480
1646476222175 0.037627865209291414 1481
1646476222213 0.03752436017890536 1482
1646476222247 0.037420912130127326 1483
1646476222275 0.03731752153544142 1484
1646476222399 0.03721418886706933 1485
1646476222434 0.03711091459696821 1486
1646476222466 0.037007699196828454 1487
1646476222504 0.03690454313807158 1488
1646476222532 0.036801446891848125 1489
1646476222550 0.03669841092903536 1490
1646476222602 0.036595435720235284 1491
1646476222726 0.036492521735772346 1492
1646476222766 0.036389669445691435 1493
1646476222802 0.036286879319755626 1494
1646476222870 0.03618415182744404 1495
1646476222928 0.0360814874379498 1496
1646476223000 0.03597888662017773 1497
1646476223057 0.03587634984274237 1498
1646476223239 0.035773877573965704 1499
1646476223292 0.03567147028187514 1500
1646476223331 0.035569128434201305 1501
1646476223376 0.03546685249837586 1502
1646476223403 0.0353646429415295 1503
1646476223458 0.03526250023048967 1504
1646476223484 0.03516042483177858 1505
1646476223628 0.03505841721161096 1506
1646476223672 0.034956477835891946 1507
1646476223711 0.034854607170215046 1508
1646476223747 0.03475280567985989 1509
1646476223789 0.03465107382979015 1510
1646476223835 0.03454941208465151 1511
1646476223863 0.03444782090876935 1512
1646476223996 0.03434630076614682 1513
1646476224047 0.03424485212046257 1514
1646476224084 0.03414347543506876 1515
1646476224129 0.03404217117298885 1516
1646476224197 0.03394093979691549 1517
1646476224246 0.0338397817692085 1518
1646476224316 0.03373869755189263 1519
1646476224465 0.03363768760665553 1520
1646476224502 0.033536752394845666 1521
1646476224536 0.033435892377470106 1522
1646476224569 0.0333351080151925 1523
1646476224598 0.033234399768330966 1524
1646476224630 0.03313376809685598 1525
1646476224658 0.03303321346038826 1526
1646476224779 0.03293273631819665 1527
1646476224822 0.032832337129196115 1528
1646476224861 0.03273201635194551 1529
1646476224902 0.03263177444464562 1530
1646476224932 0.03253161186513693 1531
1646476224965 0.03243152907089768 1532
1646476224993 0.03233152651904167 1533
1646476225111 0.032231604666316194 1534
1646476225147 0.03213176396909999 1535
1646476225178 0.03203200488340108 1536
1646476225211 0.031932327864854795 1537
1646476225242 0.03183273336872164 1538
1646476225275 0.03173322184988512 1539
1646476225300 0.031633793762849874 1540
1646476225414 0.0315344495617394 1541
1646476225454 0.031435189700294054 1542
1646476225489 0.03133601463186906 1543
1646476225521 0.031236924809432277 1544
1646476225550 0.031137920685562263 1545
1646476225586 0.03103900271244612 1546
1646476225614 0.03094017134187751 1547
1646476225729 0.030841427025254563 1548
1646476225773 0.030742770213577728 1549
1646476225814 0.030644201357447873 1550
1646476225852 0.030545720907064082 1551
1646476225880 0.030447329312221667 1552
1646476225919 0.030349027022310158 1553
1646476225945 0.030250814486311124 1554
1646476226064 0.030152692152796243 1555
1646476226099 0.030054660469925172 1556
1646476226134 0.02995671988544359 1557
1646476226172 0.02985887084668103 1558
1646476226202 0.029761113800548935 1559
1646476226243 0.02966344919353861 1560
1646476226275 0.029565877471719113 1561
1646476226388 0.029468399080735296 1562
1646476226428 0.02937101446580569 1563
1646476226458 0.029273724071720568 1564
1646476226494 0.02917652834283987 1565
1646476226527 0.02907942772309107 1566
1646476226564 0.0289824226559674 1567
1646476226608 0.02888551358452552 1568
1646476226827 0.028788700951383705 1569
1646476226881 0.028691985198719825 1570
1646476226935 0.028595366768269147 1571
1646476226993 0.02849884610132249 1572
1646476227033 0.028402423638724167 1573
1646476227089 0.028306099820869922 1574
1646476227140 0.028209875087704988 1575
1646476227259 0.02811374987872201 1576
1646476227303 0.028017724632959092 1577
1646476227333 0.027921799788997764 1578
1646476227368 0.02782597578496098 1579
1646476227409 0.02773025305851113 1580
1646476227450 0.027634632046848028 1581
1646476227484 0.027539113186706952 1582
1646476227609 0.027443696914356514 1583
1646476227655 0.02734838366559692 1584
1646476227683 0.027253173875757743 1585
1646476227740 0.027158067979695975 1586
1646476227785 0.027063066411794238 1587
1646476227829 0.02696816960595849 1588
1646476227872 0.026873377995616298 1589
1646476228055 0.026778692013714737 1590
1646476228134 0.026684112092718447 1591
1646476228179 0.026589638664607635 1592
1646476228212 0.02649527216087613 1593
1646476228234 0.02640101301252939 1594
1646476228265 0.026306861650082565 1595
1646476228306 0.026212818503558485 1596
1646476228400 0.02611888400248571 1597
1646476228451 0.026025058575896615 1598
1646476228490 0.02593134265232537 1599
1646476228522 0.02583773665980597 1600
1646476228554 0.025744241025870387 1601
1646476228585 0.02565085617754652 1602
1646476228616 0.02555758254135624 1603
1646476228728 0.025464420543313528 1604
1646476228773 0.025371370608922368 1605
1646476228816 0.025278433163175056 1606
1646476228851 0.025185608630550027 1607
1646476228885 0.02509289743500996 1608
1646476228913 0.025000300000000013 1609
1646476228943 0.024907816748445624 1610
1646476229051 0.024815448102750767 1611
1646476229087 0.02472319448479604 1612
1646476229121 0.024631056315936546 1613
1646476229155 0.02453903401700016 1614
1646476229183 0.024447128008285544 1615
1646476229222 0.024355338709560182 1616
1646476229248 0.024263666540058532 1617
1646476229368 0.02417211191848008 1618
1646476229407 0.024080675262987412 1619
1646476229441 0.023989356991204337 1620
1646476229479 0.023898157520213972 1621
1646476229500 0.023807077266556752 1622
1646476229542 0.023716116646228726 1623
1646476229566 0.023625276074679475 1624
1646476229681 0.023534555966810214 1625
1646476229716 0.0234439567369721 1626
1646476229755 0.02335347879896404 1627
1646476229800 0.02326312256603105 1628
1646476229839 0.023172888450862305 1629
1646476229867 0.023082776865589114 1630
1646476229907 0.02299278822178324 1631
1646476230014 0.022902922930454896 1632
1646476230049 0.022813181402050887 1633
1646476230088 0.022723564046452822 1634
1646476230120 0.022634071272975044 1635
1646476230141 0.02254470349036299 1636
1646476230182 0.022455461106791173 1637
1646476230214 0.02236634452986137 1638
1646476230327 0.02227735416660076 1639
1646476230379 0.022188490423460064 1640
1646476230438 0.02209975370631166 1641
1646476230492 0.022011144420447784 1642
1646476230543 0.021922662970578623 1643
1646476230619 0.021834309760830513 1644
1646476230673 0.02174608519474405 1645
1646476230847 0.0216579896752723 1646
1646476230895 0.02157002360477885 1647
1646476230930 0.02148218738503618 1648
1646476230970 0.021394481417223554 1649
1646476231000 0.02130690610192541 1650
1646476231057 0.02121946183912947 1651
1646476231096 0.021132149028224818 1652
1646476231241 0.02104496806800019 1653
1646476231280 0.020957919356642124 1654
1646476231317 0.020871003291733102 1655
1646476231357 0.020784220270249794 1656
1646476231383 0.020697570688561186 1657
1646476231434 0.02061105494242681 1658
1646476231474 0.02052467342699492 1659
1646476231611 0.020438426536800693 1660
1646476231659 0.02035231466576442 1661
1646476231695 0.020266338207189722 1662
1646476231740 0.02018049755376174 1663
1646476231828 0.0200947930975453 1664
1646476231885 0.020009225229983257 1665
1646476231939 0.01992379434189454 1666
1646476232091 0.019838500823472473 1667
1646476232129 0.019753345064282987 1668
1646476232160 0.019668327453262732 1669
1646476232195 0.019583448378717498 1670
1646476232224 0.019498708228320283 1671
1646476232261 0.0194141073891095 1672
1646476232288 0.01932964624748742 1673
1646476232388 0.019245325189218135 1674
1646476232444 0.01916114459942599 1675
1646476232474 0.01907710486259375 1676
1646476232506 0.018993206362560855 1677
1646476232533 0.018909449482521663 1678
1646476232570 0.0188258346050237 1679
1646476232597 0.018742362111965925 1680
1646476232713 0.018659032384596968 1681
1646476232761 0.0185758458035134 1682
1646476232801 0.018492802748657992 1683
1646476232841 0.018409903599317986 1684
1646476232866 0.01832714873412336 1685
1646476232900 0.018244538531045032 1686
1646476232928 0.018162073367393308 1687
1646476233046 0.01807975361981598 1688
1646476233081 0.017997579664296638 1689
1646476233115 0.017915551876153096 1690
1646476233147 0.017833670630035454 1691
1646476233177 0.017751936299924557 1692
1646476233210 0.01767034925913027 1693
1646476233242 0.017588909880289653 1694
1646476233357 0.01750761853536539 1695
1646476233398 0.017426475595644038 1696
1646476233426 0.017345481431734314 1697
1646476233460 0.01726463641356548 1698
1646476233492 0.01718394091038552 1699
1646476233528 0.017103395290759566 1700
1646476233550 0.017022999922568182 1701
1646476233676 0.016942755173005676 1702
1646476233713 0.016862661408578426 1703
1646476233742 0.0167827189951032 1704
1646476233781 0.016702928297705515 1705
1646476233831 0.01662328968081792 1706
1646476233865 0.01654380350817838 1707
1646476233901 0.016464470142828543 1708
1646476234009 0.016385289947112216 1709
1646476234051 0.016306263282673573 1710
1646476234091 0.016227390510455526 1711
1646476234138 0.016148671990698204 1712
1646476234193 0.016070108082937094 1713
1646476234258 0.015991699146001584 1714
1646476234328 0.01591344553801327 1715
1646476234514 0.015835347616384245 1716
1646476234569 0.01575740573781557 1717
1646476234599 0.015679620258295588 1718
1646476234651 0.015601991533098313 1719
1646476234688 0.015524519916781809 1720
1646476234719 0.015447205763186572 1721
1646476234754 0.01537004942543389 1722
1646476234910 0.015293051255924268 1723
1646476234950 0.015216211606335801 1724
1646476234983 0.015139530827622559 1725
1646476235022 0.015063009270012992 1726
1646476235061 0.014986647283008355 1727
1646476235106 0.01491044521538101 1728
1646476235133 0.01483440341517301 1729
1646476235346 0.014758522229694374 1730
1646476235390 0.01468280200552148 1731
1646476235431 0.014607243088495642 1732
1646476235491 0.014531845823721313 1733
1646476235549 0.014456610555564738 1734
1646476235602 0.01438153762765216 1735
1646476235693 0.014306627382868404 1736
1646476235800 0.01423188016335532 1737
1646476235845 0.014157296310510046 1738
1646476235883 0.014082876164983646 1739
1646476235911 0.014008620066679458 1740
1646476235944 0.013934528354751551 1741
1646476235977 0.013860601367603195 1742
1646476236007 0.01378683944288528 1743
1646476236136 0.013713242917494827 1744
1646476236171 0.01363981212757339 1745
1646476236204 0.013566547408505575 1746
1646476236237 0.013493449094917467 1747
1646476236266 0.013420517520675126 1748
1646476236299 0.013347753018883066 1749
1646476236332 0.013275155921882654 1750
1646476236442 0.01320272656125077 1751
1646476236481 0.013130465267798111 1752
1646476236518 0.013058372371567737 1753
1646476236552 0.012986448201833646 1754
1646476236581 0.012914693087099135 1755
1646476236615 0.012843107355095378 1756
1646476236647 0.012771691332779984 1757
1646476236767 0.012700445346335344 1758
1646476236813 0.012629369721167285 1759
1646476236857 0.01255846478190354 1760
1646476236898 0.012487730852392225 1761
1646476236932 0.012417168255700415 1762
1646476236963 0.012346777314112658 1763
1646476236999 0.012276558349129467 1764
1646476237119 0.012206511681465887 1765
1646476237161 0.012136637631050039 1766
1646476237196 0.012066936517021579 1767
1646476237227 0.011997408657730383 1768
1646476237263 0.011928054370734954 1769
1646476237299 0.011858873972801047 1770
1646476237329 0.011789867779900215 1771
1646476237461 0.011721036107208302 1772
1646476237498 0.011652379269104136 1773
1646476237539 0.011583897579167966 1774
1646476237573 0.011515591350180054 1775
1646476237607 0.01144746089411934 1776
1646476237643 0.01137950652216188 1777
1646476237670 0.011311728544679496 1778
1646476237807 0.01124412727123843 1779
1646476237858 0.011176703010597746 1780
1646476237930 0.011109456070708103 1781
1646476238002 0.011042386758710243 1782
1646476238071 0.010975495380933621 1783
1646476238137 0.010908782242895008 1784
1646476238196 0.010842247649297088 1785
1646476238380 0.010775891904027068 1786
1646476238448 0.010709715310155294 1787
1646476238500 0.010643718169933855 1788
1646476238545 0.010577900784795232 1789
1646476238588 0.010512263455350872 1790
1646476238620 0.010446806481389882 1791
1646476238664 0.010381530161877548 1792
1646476238804 0.010316434794954152 1793
1646476238849 0.010251520677933394 1794
1646476238883 0.010186788107301193 1795
1646476238926 0.010122237378714316 1796
1646476238968 0.010057868786998908 1797
1646476239005 0.009993682626149294 1798
1646476239044 0.009929679189326548 1799
1646476239172 0.009865858768857165 1800
1646476239216 0.009802221656231812 1801
1646476239308 0.00973876814210381 1802
1646476239381 0.009675498516288003 1803
1646476239474 0.009612413067759323 1804
1646476239501 0.009549512084651508 1805
1646476239539 0.009486795854255768 1806
1646476239651 0.009424264663019481 1807
1646476239690 0.009361918796544893 1808
1646476239720 0.009299758539587808 1809
1646476239759 0.009237784176056271 1810
1646476239805 0.009175995989009299 1811
1646476239835 0.009114394260655564 1812
1646476239868 0.009052979272352138 1813
1646476239995 0.008991751304603121 1814
1646476240033 0.008930710637058518 1815
1646476240072 0.008869857548512808 1816
1646476240116 0.008809192316903707 1817
1646476240156 0.008748715219311002 1818
1646476240183 0.008688426531955128 1819
1646476240216 0.008628326530196014 1820
1646476240329 0.008568415488531796 1821
1646476240373 0.00850869368059757 1822
1646476240406 0.008449161379164107 1823
1646476240444 0.008389818856136658 1824
1646476240466 0.008330666382553682 1825
1646476240516 0.008271704228585617 1826
1646476240546 0.008212932663533628 1827
1646476240690 0.008154351955828412 1828
1646476240729 0.008095962373028948 1829
1646476240764 0.00803776418182128 1830
1646476240814 0.00797975764801726 1831
1646476240854 0.007921943036553452 1832
1646476240882 0.007864320611489771 1833
1646476240918 0.007806890636008386 1834
1646476241035 0.0077496533724124754 1835
1646476241077 0.007692609082124989 1836
1646476241110 0.007635758025687573 1837
1646476241143 0.007579100462759275 1838
1646476241177 0.00752263665211534 1839
1646476241211 0.007466366851646166 1840
1646476241247 0.007410291318355963 1841
1646476241366 0.00735441030836168 1842
1646476241414 0.00729872407689185 1843
1646476241445 0.007243232878285297 1844
1646476241479 0.007187936965990127 1845
1646476241515 0.007132836592562487 1846
1646476241549 0.007077932009665416 1847
1646476241597 0.007023223468067726 1848
1646476241777 0.006968711217642824 1849
1646476241854 0.006914395507367594 1850
1646476241918 0.006860276585321247 1851
1646476241971 0.006806354698684202 1852
1646476242023 0.006752630093736909 1853
1646476242065 0.006699103015858823 1854
1646476242111 0.006645773709527192 1855
1646476242263 0.006592642418315927 1856
1646476242312 0.006539709384894633 1857
1646476242350 0.006486974851027303 1858
1646476242389 0.006434439057571355 1859
1646476242431 0.006382102244476517 1860
1646476242469 0.006329964650783642 1861
1646476242511 0.0062780265146237186 1862
1646476242654 0.0062262880732167295 1863
1646476242699 0.006174749562870569 1864
1646476242734 0.006123411218980016 1865
1646476242777 0.006072273276025566 1866
1646476242822 0.006021335967572434 1867
1646476242858 0.005970599526269472 1868
1646476242890 0.005920064183848099 1869
1646476243043 0.005869730171121236 1870
1646476243113 0.005819597717982258 1871
1646476243177 0.005769667053403953 1872
1646476243253 0.005719938405437472 1873
1646476243293 0.00567041200121127 1874
1646476243328 0.005621088066930097 1875
1646476243365 0.00557196682787394 1876
1646476243474 0.00552304850839702 1877
1646476243514 0.005474333331926713 1878
1646476243546 0.005425821520962636 1879
1646476243581 0.005377513297075492 1880
1646476243614 0.005329408880906164 1881
1646476243655 0.0052815084921647 1882
1646476243682 0.005233812349629216 1883
1646476243814 0.005186320671145013 1884
1646476243855 0.005139033673623512 1885
1646476243888 0.0050919515730412914 1886
1646476243922 0.005045074584439097 1887
1646476243950 0.004998402921920835 1888
1646476243987 0.004951936798652629 1889
1646476244020 0.004905676426861829 1890
1646476244146 0.004859622017836047 1891
1646476244185 0.004813773781922187 1892
1646476244224 0.0047681319285254875 1893
1646476244259 0.004722696666108572 1894
1646476244291 0.004677468202190451 1895
1646476244325 0.00463244674334567 1896
1646476244360 0.004587632495203288 1897
1646476244480 0.004543025662445922 1898
1646476244522 0.004498626448808909 1899
1646476244555 0.004454435057079256 1900
1646476244589 0.004410451689094834 1901
1646476244620 0.004366676545743354 1902
1646476244653 0.0043231098269614805 1903
1646476244682 0.004279751731733984 1904
1646476244814 0.004236602458092715 1905
1646476244866 0.0041936622031157915 1906
1646476244900 0.004150931162926686 1907
1646476244932 0.004108409532693276 1908
1646476244965 0.0040660975066270045 1909
1646476245000 0.004023995277981982 1910
1646476245016 0.003982103039054096 1911
1646476245158 0.003940420981180137 1912
1646476245198 0.0038989492947369194 1913
1646476245232 0.003857688169140423 1914
1646476245273 0.003816637792844913 1915
1646476245321 0.00377579835334211 1916
1646476245366 0.00373517003716026 1917
1646476245409 0.0036947530298633907 1918
1646476245688 0.0036545475160503875 1919
1646476245739 0.0036145536793541415 1920
1646476245794 0.003574771702440786 1921
1646476245832 0.003535201767008779 1922
1646476245902 0.00349584405378811 1923
1646476245953 0.0034566987425395223 1924
1646476245990 0.0034177660120535704 1925
1646476246127 0.0033790460401499356 1926
1646476246176 0.003340539003676524 1927
1646476246209 0.0033022450785087005 1928
1646476246253 0.00326416443954847 1929
1646476246282 0.003226297260723691 1930
1646476246325 0.003188643714987268 1931
1646476246356 0.0031512039743163667 1932
1646476246504 0.0031139782097116277 1933
1646476246555 0.003076966591196388 1934
1646476246582 0.0030401692878159097 1935
1646476246629 0.0030035864676365917 1936
1646476246671 0.0029672182977452154 1937
1646476246699 0.0029310649442481776 1938
1646476246782 0.0028951265722707256 1939
1646476246988 0.0028594033459562232 1940
1646476247027 0.0028238954284653906 1941
1646476247059 0.0027886029819755172 1942
1646476247091 0.0027535261676798223 1943
1646476247127 0.002718665145786594 1944
1646476247163 0.002684020075518547 1945
1646476247193 0.0026495911151120937 1946
1646476247311 0.0026153784218165463 1947
1646476247352 0.002581382151893477 1948
1646476247387 0.0025476024606159702 1949
1646476247419 0.0025140395022679213 1950
1646476247457 0.0024806934301433276 1951
1646476247495 0.0024475643965455826 1952
1646476247525 0.002414652552786793 1953
1646476247643 0.0023819580491870867 1954
1646476247679 0.002349481035073915 1955
1646476247713 0.00231722165878138 1956
1646476247736 0.0022851800676495487 1957
1646476247782 0.0022533564080238037 1958
1646476247829 0.002221750825254118 1959
1646476247864 0.0021903634636944807 1960
1646476247976 0.0021591944667021562 1961
1646476248013 0.0021282439766370474 1962
1646476248044 0.0020975121348611055 1963
1646476248076 0.0020669990817375784 1964
1646476248109 0.0020367049566304674 1965
1646476248152 0.0020066298979038613 1966
1646476248183 0.0019767740429212414 1967
1646476248299 0.0019471375280449726 1968
1646476248338 0.0019177204886355577 1969
1646476248373 0.0018885230590511169 1970
1646476248410 0.0018595453726467156 1971
1646476248439 0.0018307875617737757 1972
1646476248477 0.0018022497577794773 1973
1646476248503 0.0017739320910061408 1974
1646476248626 0.001745834690790645 1975
1646476248670 0.0017179576854638337 1976
1646476248707 0.0016903012023499315 1977
1646476248741 0.0016628653677659558 1978
1646476248774 0.0016356503070211353 1979
1646476248817 0.0016086561444163695 1980
1646476248849 0.0015818830032436025 1981
1646476248963 0.0015553310057853343 1982
1646476249003 0.0015290002733139942 1983
1646476249036 0.001502890926091412 1984
1646476249069 0.0014770030833683087 1985
1646476249108 0.001451336863383674 1986
1646476249164 0.0014258923833642832 1987
1646476249219 0.0014006697595241656 1988
1646476249427 0.0013756691070640143 1989
1646476249496 0.001350890540170732 1990
1646476249532 0.0013263341720168647 1991
1646476249566 0.001302000114760097 1992
1646476249621 0.0012778884795427512 1993
1646476249658 0.0012539993764912555 1994
1646476249696 0.0012303329147156609 1995
1646476249838 0.0012068892023091413 1996
1646476249879 0.0011836683463474773 1997
1646476249931 0.0011606704528886013 1998
1646476249965 0.0011378956269720922 1999
1646476250015 0.001115343972618703 2000
1646476250047 0.0010930155928298624 2001
1646476250079 0.0010709105895872686 2002
1646476250222 0.0010490290638523229 2003
1646476250262 0.0010273711155657703 2004
1646476250299 0.0010059368436471814 2005
1646476250351 0.0009847263459945043 2006
1646476250382 0.000963739719483664 2007
1646476250417 0.0009429770599680519 2008
1646476250446 0.0009224384622781263 2009
1646476250673 0.0009021240202210126 2010
1646476250712 0.0008820338265799817 2011
1646476250743 0.0008621679731141276 2012
1646476250776 0.0008425265505578737 2013
1646476250814 0.0008231096486206064 2014
1646476250847 0.0008039173559862364 2015
1646476250879 0.0007849497603128103 2016
1646476250997 0.0007662069482320886 2017
1646476251036 0.000747689005349185 2018
1646476251067 0.0007293960162421442 2019
1646476251100 0.0007113280644615651 2020
1646476251128 0.0006934852325302335 2021
1646476251164 0.0006758676019427177 2022
1646476251199 0.0006584752531650071 2023
1646476251310 0.0006413082656341742 2024
1646476251354 0.000624366717757974 2025
1646476251387 0.0006076506869144732 2026
1646476251418 0.0005911602494517659 2027
1646476251451 0.0005748954806875473 2028
1646476251483 0.0005588564549088189 2029
1646476251511 0.0005430432453715275 2030
1646476251623 0.000527455924300238 2031
1646476251662 0.0005120945628878062 2032
1646476251690 0.0004969592312950392 2033
1646476251726 0.00048204999865039655 2034
1646476251755 0.00046736693304965705 2035
1646476251786 0.0004529101015556186 2036
1646476251829 0.00043867957019777656 2037
1646476251944 0.0004246754039720515 2038
1646476251979 0.00041089766684046205 2039
1646476252014 0.00039734642173083583 2040
1646476252050 0.00038402173053654333 2041
1646476252079 0.0003709236541162035 2042
1646476252114 0.00035805225229340067 2043
1646476252132 0.00034540758385641823 2044
1646476252254 0.0003329897065579498 2045
1646476252291 0.0003207986771148884 2046
1646476252326 0.000308834551207999 2047
1646476252363 0.0002970973834817017 2048
1646476252398 0.00028558722754385015 2049
1646476252432 0.0002743041359654092 2050
1646476252465 0.000263248160280283 2051
1646476252580 0.0002524193509850653 2052
1646476252615 0.00024181775753877825 2053
1646476252649 0.00023144342836267835 2054
1646476252683 0.00022129641084003433 2055
1646476252712 0.00021137675131588292 2056
1646476252755 0.00020168449509684564 2057
1646476252782 0.00019221968645092346 2058
1646476252969 0.00018298236860725802 2059
1646476253045 0.00017397258375597622 2060
1646476253106 0.00016519037304798495 2061
1646476253156 0.00015663577659475998 2062
1646476253213 0.00014830883346820726 2063
1646476253271 0.0001402095817004298 2064
1646476253304 0.00013233805828360547 2065
1646476253466 0.0001246942991697873 2066
1646476253510 0.00011727833927074226 2067
1646476253545 0.00011009021245781277 2068
1646476253592 0.00010312995156173331 2069
1646476253631 9.639758837249167e-05 2070
1646476253685 8.989315363919581e-05 2071
1646476253715 8.361667706991835e-05 2072
1646476253859 7.756818733155786e-05 2073
1646476253903 7.174771204972772e-05 2074
1646476253937 6.61552778086175e-05 2075
1646476253974 6.0790910150865196e-05 2076
1646476254019 5.565463357745169e-05 2077
1646476254064 5.07464715475788e-05 2078
1646476254095 4.606644647856922e-05 2079
1646476254250 4.161457974577774e-05 2080
1646476254305 3.7390891682458074e-05 2081
1646476254365 3.339540157970169e-05 2082
1646476254440 2.9628127686337992e-05 2083
1646476254465 2.6089087208845458e-05 2084
1646476254503 2.2778296311290572e-05 2085
1646476254529 1.9695770115227916e-05 2086
1646476254638 1.6841522699655765e-05 2087
1646476254679 1.4215567100938363e-05 2088
1646476254715 1.181791531276152e-05 2089
1646476254748 9.64857828603824e-06 2090
1646476254777 7.707565928919825e-06 2091
1646476254820 5.9948871066904034e-06 2092
1646476254848 4.51054964177248e-06 2093
1646476254948 3.2545603136603254e-06 2094
1646476255000 2.226924858908874e-06 2095
1646476255033 1.427647971089312e-06 2096
1646476255080 8.567333007890797e-07 2097
1646476255150 5.141834555785649e-07 2098
1646476255201 4.0000000000000003e-07 2099
1646476255233 5.141834555785649e-07 2100
