1646476142476 1.6848907470703125 0
1646476142814 1.6449437141418457 1
1646476143140 1.6420283317565918 2
1646476143479 1.6220293045043945 3
1646476144141 1.6308904886245728 4
1646476144603 1.6209027767181396 5
1646476144952 1.5954821109771729 6
1646476145256 1.5726608037948608 7
1646476145576 1.5907623767852783 8
1646476145907 1.5868146419525146 9
1646476146222 1.5560663938522339 10
1646476146523 1.5550719499588013 11
1646476146921 1.5498937368392944 12
1646476147224 1.5448936223983765 13
1646476147539 1.5059751272201538 14
1646476148105 1.5035719871520996 15
1646476148469 1.4738967418670654 16
1646476148855 1.4563860893249512 17
1646476149289 1.453332781791687 18
1646476149604 1.4270780086517334 19
1646476149921 1.424904465675354 20
1646476150231 1.4138033390045166 21
1646476150537 1.3762260675430298 22
1646476150860 1.3420240879058838 23
1646476151176 1.3180220127105713 24
1646476151658 1.3587363958358765 25
1646476152069 1.3123555183410645 26
1646476152439 1.3066833019256592 27
1646476152907 1.2589887380599976 28
1646476153224 1.2530640363693237 29
1646476153540 1.2760910987854004 30
1646476153856 1.251435399055481 31
1646476154259 1.206074833869934 32
1646476154557 1.1877461671829224 33
1646476154888 1.196948766708374 34
1646476155357 1.1826781034469604 35
1646476155749 1.131559133529663 36
1646476156120 1.0978564023971558 37
1646476156589 1.1324918270111084 38
1646476156922 1.0781224966049194 39
1646476157240 1.040701985359192 40
1646476157550 1.0749322175979614 41
1646476157891 1.0014774799346924 42
1646476158198 0.9849444031715393 43
1646476158555 0.9647231101989746 44
1646476159140 0.9441825151443481 45
1646476159736 0.9897735118865967 46
1646476160228 0.8969295024871826 47
1646476160690 0.9037156701087952 48
1646476161041 0.9204097390174866 49
1646476161400 0.8764720559120178 50
1646476161756 0.8771766424179077 51
1646476162071 0.9059649109840393 52
1646476162404 0.7976886630058289 53
1646476162859 0.7589365839958191 54
1646476163268 0.8009665608406067 55
1646476163640 0.8178395628929138 56
1646476164114 0.8046952486038208 57
1646476164423 0.736152172088623 58
1646476164739 0.7695060968399048 59
1646476165055 0.7915971279144287 60
1646476165369 0.8344082236289978 61
1646476165672 0.7937967777252197 62
1646476166003 0.826055109500885 63
1646476166305 0.7431648373603821 64
1646476166858 0.7198737859725952 65
1646476167239 0.6595726013183594 66
1646476167573 0.7547097206115723 67
1646476168038 0.740553617477417 68
1646476168338 0.7363758087158203 69
1646476168654 0.8025903105735779 70
1646476168972 0.7383180260658264 71
1646476169296 0.7310410737991333 72
1646476169605 0.6997832655906677 73
1646476169938 0.6939132213592529 74
1646476170349 0.6922678351402283 75
1646476171048 0.7888896465301514 76
1646476171411 0.654735803604126 77
1646476171916 0.6330951452255249 78
1646476172240 0.6606701016426086 79
1646476172555 0.606078028678894 80
1646476172889 0.6116271018981934 81
1646476173204 0.6661423444747925 82
1646476173546 0.5869689583778381 83
1646476173921 0.641132652759552 84
1646476174439 0.6243689060211182 85
1646476174974 0.6107966899871826 86
1646476175353 0.5773889422416687 87
1646476175808 0.5635115504264832 88
1646476176209 0.5789849758148193 89
1646476176521 0.5453937649726868 90
1646476176871 0.5781184434890747 91
1646476177192 0.5616616010665894 92
1646476177504 0.48444005846977234 93
1646476177913 0.43748974800109863 94
1646476178373 0.6327241063117981 95
1646476178720 0.5004484057426453 96
1646476179105 0.42962831258773804 97
1646476179537 0.48697394132614136 98
1646476179855 0.49424949288368225 99
1646476180172 0.4050574004650116 100
1646476180489 0.4527038037776947 101
1646476180807 0.5138418674468994 102
1646476181120 0.5035365223884583 103
1646476181438 0.47995659708976746 104
1646476181953 0.46477532386779785 105
1646476182345 0.4143739938735962 106
1646476182722 0.45538100600242615 107
1646476183185 0.4855007827281952 108
1646476183487 0.41584694385528564 109
1646476183829 0.4806217551231384 110
1646476184152 0.42159944772720337 111
1646476184472 0.4168443977832794 112
1646476184804 0.3852280080318451 113
1646476185135 0.38003042340278625 114
1646476185586 0.38982558250427246 115
1646476186004 0.40695464611053467 116
1646476186374 0.49093830585479736 117
1646476186829 0.39386215806007385 118
1646476187168 0.324982613325119 119
1646476187471 0.45141658186912537 120
1646476187807 0.43093886971473694 121
1646476188119 0.40626171231269836 122
1646476188402 0.42668983340263367 123
1646476188736 0.41882407665252686 124
1646476189117 0.3492664396762848 125
1646476189592 0.34948819875717163 126
1646476189974 0.32182344794273376 127
1646476190391 0.3342614471912384 128
1646476190770 0.31596797704696655 129
1646476191103 0.32970431447029114 130
1646476191405 0.24670886993408203 131
1646476191704 0.31696224212646484 132
1646476192057 0.31492868065834045 133
1646476192445 0.2566441595554352 134
1646476192918 0.4628279507160187 135
1646476193377 0.34253036975860596 136
1646476193773 0.3493983745574951 137
1646476194265 0.3159506022930145 138
1646476194587 0.3731912672519684 139
1646476195021 0.2888902723789215 140
1646476195355 0.29140597581863403 141
1646476195685 0.26320552825927734 142
1646476196033 0.26538360118865967 143
1646476196351 0.2641233801841736 144
1646476196885 0.23138032853603363 145
1646476197286 0.2845148742198944 146
1646476197651 0.25677236914634705 147
1646476198152 0.4286373257637024 148
1646476198471 0.2541380822658539 149
1646476198819 0.24961377680301666 150
1646476199153 0.3480941653251648 151
1646476199496 0.2462235391139984 152
1646476199872 0.24417027831077576 153
1646476200270 0.257373571395874 154
1646476200872 0.33597686886787415 155
1646476201334 0.28937554359436035 156
1646476201771 0.29641231894493103 157
1646476202286 0.397041380405426 158
1646476202658 0.23652365803718567 159
1646476203035 0.21222442388534546 160
1646476203360 0.3385773301124573 161
1646476203703 0.1924288421869278 162
1646476204101 0.26242518424987793 163
1646476204603 0.32072052359580994 164
1646476205019 0.27769431471824646 165
1646476205394 0.2653944790363312 166
1646476205820 0.22633932530879974 167
1646476206152 0.2537263333797455 168
1646476206485 0.23989279568195343 169
1646476206835 0.17121845483779907 170
1646476207152 0.3069901168346405 171
1646476207503 0.3064400255680084 172
1646476207967 0.2891630530357361 173
1646476208417 0.28701072931289673 174
1646476208786 0.25204020738601685 175
1646476209203 0.3640393018722534 176
1646476209562 0.2661939561367035 177
1646476209885 0.3225976228713989 178
1646476210185 0.26345887780189514 179
1646476210510 0.22137682139873505 180
1646476210837 0.20233574509620667 181
1646476211163 0.23785434663295746 182
1646476211484 0.24605761468410492 183
1646476212090 0.1925516128540039 184
1646476212564 0.22901807725429535 185
1646476213238 0.2892036437988281 186
1646476213556 0.18374016880989075 187
1646476213868 0.18277786672115326 188
1646476214187 0.26196348667144775 189
1646476214502 0.26396095752716064 190
1646476214838 0.22589753568172455 191
1646476215151 0.21595965325832367 192
1646476215760 0.21978695690631866 193
1646476216201 0.27398964762687683 194
1646476216587 0.16665393114089966 195
1646476217046 0.18300221860408783 196
1646476217384 0.17400997877120972 197
1646476217734 0.27423688769340515 198
1646476218051 0.2158069908618927 199
1646476218389 0.15328046679496765 200
1646476218702 0.15148590505123138 201
1646476219117 0.14455755054950714 202
1646476219592 0.12689246237277985 203
1646476219992 0.104581318795681 204
1646476220365 0.11700616031885147 205
1646476220767 0.11399561166763306 206
1646476221086 0.23553307354450226 207
1646476221399 0.17233991622924805 208
1646476221701 0.161018967628479 209
1646476222018 0.15479876101016998 210
1646476222351 0.1292187124490738 211
1646476222684 0.191537544131279 212
1646476223187 0.16250716149806976 213
1646476223582 0.1102532297372818 214
1646476223954 0.10222230106592178 215
1646476224417 0.16133515536785126 216
1646476224735 0.09074775129556656 217
1646476225068 0.1892596334218979 218
1646476225368 0.1261395812034607 219
1646476225685 0.14530952274799347 220
1646476226017 0.1766487956047058 221
1646476226350 0.11745256185531616 222
1646476226768 0.18712593615055084 223
1646476227219 0.25008389353752136 224
1646476227567 0.15360231697559357 225
1646476227993 0.16604402661323547 226
1646476228381 0.16627827286720276 227
1646476228681 0.14131106436252594 228
1646476229001 0.11145821213722229 229
1646476229317 0.09691227227449417 230
1646476229639 0.09148052334785461 231
1646476229967 0.14611724019050598 232
1646476230281 0.1553848385810852 233
1646476230795 0.16857801377773285 234
1646476231200 0.1634204238653183 235
1646476231568 0.1403619349002838 236
1646476232040 0.17779017984867096 237
1646476232366 0.11390656232833862 238
1646476232667 0.1268467754125595 239
1646476233001 0.1338157057762146 240
1646476233316 0.1484348177909851 241
1646476233635 0.16231995820999146 242
1646476233966 0.12417540699243546 243
1646476234467 0.09206163138151169 244
1646476234866 0.14147944748401642 245
1646476235297 0.11945489048957825 246
1646476235765 0.10935953259468079 247
1646476236083 0.10781610757112503 248
1646476236401 0.11294256150722504 249
1646476236730 0.17096631228923798 250
1646476237080 0.17320998013019562 251
1646476237417 0.10224288702011108 252
1646476237750 0.13631245493888855 253
1646476238324 0.09905915707349777 254
1646476238750 0.08967044949531555 255
1646476239120 0.13884557783603668 256
1646476239616 0.10397595912218094 257
1646476239954 0.1494276374578476 258
1646476240281 0.11150169372558594 259
1646476240645 0.10773028433322906 260
1646476240983 0.1316973716020584 261
1646476241327 0.09282318502664566 262
1646476241728 0.13182489573955536 263
1646476242217 0.1178022101521492 264
1646476242599 0.11443377286195755 265
1646476242982 0.12457568198442459 266
1646476243433 0.14539022743701935 267
1646476243764 0.13875216245651245 268
1646476244100 0.14788879454135895 269
1646476244435 0.13545376062393188 270
1646476244764 0.14717429876327515 271
1646476245099 0.11611369997262955 272
1646476245624 0.08711444586515427 273
1646476246080 0.17160171270370483 274
1646476246451 0.14411123096942902 275
1646476246948 0.11384236067533493 276
1646476247265 0.1585012823343277 277
1646476247604 0.10900619626045227 278
1646476247936 0.16428078711032867 279
1646476248266 0.12587234377861023 280
1646476248584 0.14455610513687134 281
1646476248916 0.12146061658859253 282
1646476249373 0.13217608630657196 283
1646476249790 0.1358572244644165 284
1646476250175 0.11729086190462112 285
1646476250599 0.08277325332164764 286
1646476250961 0.11371830850839615 287
1646476251263 0.14526693522930145 288
1646476251584 0.1435985416173935 289
1646476251899 0.09503279626369476 290
1646476252214 0.11332961916923523 291
1646476252530 0.1405535340309143 292
1646476252898 0.1714664250612259 293
1646476253420 0.12097300589084625 294
1646476253820 0.19312383234500885 295
1646476254181 0.09614524245262146 296
1646476254604 0.14075537025928497 297
1646476254930 0.1199830174446106 298
1646476255314 0.08704758435487747 299
