1646476140455 0.95 0
1646476141579 0.9499993783330846 1
1646476141659 0.9499975133477971 2
1646476141707 0.9499944050905136 3
1646476141791 0.9499900536385262 4
1646476141889 0.9499844591000408 5
1646476141950 0.9499776216141751 6
1646476142003 0.9499695413509548 7
1646476142541 0.949960218511309 8
1646476142581 0.9499496533270657 9
1646476142614 0.9499378460609461 10
1646476142652 0.9499247970065575 11
1646476142673 0.9499105064883867 12
1646476142718 0.9498949748617913 13
1646476142740 0.9498782025129912 14
1646476142871 0.949860189859059 15
1646476142913 0.9498409373479095 16
1646476142940 0.9498204454582888 17
1646476142972 0.949798714699762 18
1646476143007 0.9497757456127007 19
1646476143042 0.94975153876827 20
1646476143072 0.9497260947684136 21
1646476143194 0.9496994142458393 22
1646476143242 0.9496714978640027 23
1646476143273 0.9496423463170918 24
1646476143308 0.9496119603300086 25
1646476143337 0.9495803406583515 26
1646476143371 0.9495474880883967 27
1646476143399 0.9495134034370785 28
1646476143614 0.9494780875519688 29
1646476143749 0.9494415413112564 30
1646476143833 0.9494037656237247 31
1646476143891 0.9493647614287297 32
1646476143948 0.949324529696176 33
1646476144002 0.9492830714264932 34
1646476144056 0.9492403876506104 35
1646476144226 0.9491964794299315 36
1646476144350 0.9491513478563078 37
1646476144392 0.9491049940520119 38
1646476144424 0.9490574191697085 39
1646476144463 0.9490086243924272 40
1646476144490 0.9489586109335315 41
1646476144531 0.9489073800366903 42
1646476144668 0.9488549329758454 43
1646476144714 0.9488012710551812 44
1646476144747 0.9487463956090911 45
1646476144793 0.9486903080021453 46
1646476144822 0.948633009629056 47
1646476144854 0.9485745019146433 48
1646476144875 0.9485147863137998 49
1646476145001 0.9484538643114538 50
1646476145039 0.9483917374225332 51
1646476145068 0.9483284071919273 52
1646476145102 0.9482638751944483 53
1646476145122 0.9481981430347927 54
1646476145167 0.9481312123475005 55
1646476145190 0.9480630847969159 56
1646476145317 0.9479937620771444 57
1646476145357 0.9479232459120117 58
1646476145388 0.9478515380550205 59
1646476145423 0.947778640289307 60
1646476145440 0.9477045544275962 61
1646476145488 0.9476292823121573 62
1646476145506 0.9475528258147576 63
1646476145631 0.9474751868366162 64
1646476145668 0.9473963673083565 65
1646476145702 0.9473163691899582 66
1646476145736 0.9472351944707085 67
1646476145757 0.947152845169153 68
1646476145812 0.9470693233330452 69
1646476145840 0.9469846310392954 70
1646476145955 0.9468987703939197 71
1646476145995 0.9468117435319868 72
1646476146023 0.9467235526175657 73
1646476146063 0.9466341998436714 74
1646476146090 0.9465436874322102 75
1646476146123 0.9464520176339251 76
1646476146152 0.9463591927283393 77
1646476146268 0.9462652150236998 78
1646476146305 0.9461700868569197 79
1646476146334 0.9460738105935204 80
1646476146366 0.9459763886275725 81
1646476146390 0.9458778233816366 82
1646476146429 0.9457781173067029 83
1646476146456 0.94567727288213 84
1646476146577 0.9455752926155836 85
1646476146664 0.9454721790429741 86
1646476146716 0.9453679347283932 87
1646476146740 0.9452625622640507 88
1646476146786 0.9451560642702095 89
1646476146828 0.945048443395121 90
1646476146855 0.9449397023149583 91
1646476146969 0.944829843733751 92
1646476147006 0.9447188703833168 93
1646476147036 0.9446067850231942 94
1646476147069 0.9444935904405733 95
1646476147089 0.9443792894502276 96
1646476147133 0.9442638848944427 97
1646476147157 0.9441473796429463 98
1646476147277 0.9440297765928368 99
1646476147316 0.9439110786685114 100
1646476147347 0.9437912888215928 101
1646476147380 0.9436704100308564 102
1646476147407 0.9435484453021562 103
1646476147442 0.9434253976683494 104
1646476147469 0.9433012701892219 105
1646476147629 0.9431760659514115 106
1646476147696 0.9430497880683315 107
1646476147761 0.9429224396800933 108
1646476147826 0.9427940239534279 109
1646476147886 0.9426645440816077 110
1646476147938 0.942534003284367 111
1646476147997 0.9424024048078212 112
1646476148177 0.9422697519243874 113
1646476148223 0.9421360479327019 114
1646476148239 0.9420012961575386 115
1646476148290 0.9418654999497261 116
1646476148337 0.941728662686065 117
1646476148373 0.9415907877692434 118
1646476148407 0.941451878627752 119
1646476148522 0.9413119387157997 120
1646476148563 0.9411709715132269 121
1646476148589 0.9410289805254195 122
1646476148638 0.9408859692832215 123
1646476148673 0.9407419413428472 124
1646476148722 0.9405969002857928 125
1646476148776 0.9404508497187474 126
1646476148913 0.9403037932735031 127
1646476148993 0.9401557346068651 128
1646476149036 0.9400066774005603 129
1646476149072 0.9398566253611461 130
1646476149156 0.9397055822199181 131
1646476149197 0.9395535517328171 132
1646476149224 0.939400537680336 133
1646476149343 0.9392465438674261 134
1646476149380 0.9390915741234015 135
1646476149411 0.9389356323018446 136
1646476149443 0.9387787222805106 137
1646476149471 0.9386208479612299 138
1646476149504 0.9384620132698124 139
1646476149522 0.9383022221559488 140
1646476149650 0.9381414785931133 141
1646476149687 0.9379797865784638 142
1646476149718 0.9378171501327436 143
1646476149757 0.9376535733001805 144
1646476149788 0.9374890601483866 145
1646476149829 0.9373236147682574 146
1646476149855 0.9371572412738697 147
1646476149973 0.9369899438023792 148
1646476150012 0.936821726513918 149
1646476150040 0.9366525935914912 150
1646476150073 0.9364825492408725 151
1646476150089 0.9363115976904997 152
1646476150136 0.9361397431913695 153
1646476150157 0.9359669900169325 154
1646476150280 0.9357933424629858 155
1646476150318 0.9356188048475672 156
1646476150348 0.9354433815108469 157
1646476150382 0.9352670768150204 158
1646476150406 0.9350898951441995 159
1646476150438 0.9349118409043036 160
1646476150469 0.9347329185229498 161
1646476150584 0.9345531324493432 162
1646476150624 0.9343724871541659 163
1646476150654 0.9341909871294659 164
1646476150688 0.934008636888546 165
1646476150706 0.9338254409658502 166
1646476150749 0.9336414039168526 167
1646476150781 0.9334565303179428 168
1646476150907 0.9332708247663131 169
1646476150943 0.933084291879843 170
1646476150972 0.9328969362969856 171
1646476151005 0.9327087626766517 172
1646476151035 0.9325197756980937 173
1646476151069 0.9323299800607899 174
1646476151089 0.9321393804843269 175
1646476151224 0.9319479817082827 176
1646476151263 0.9317557884921089 177
1646476151299 0.9315628056150119 178
1646476151349 0.9313690378758346 179
1646476151413 0.9311744900929366 180
1646476151471 0.9309791671040749 181
1646476151527 0.9307830737662829 182
1646476151719 0.9305862149557502 183
1646476151769 0.9303885955677015 184
1646476151818 0.9301902205162739 185
1646476151855 0.9299910947343957 186
1646476151907 0.9297912231736634 187
1646476151939 0.9295906108042183 188
1646476151982 0.9293892626146236 189
1646476152105 0.9291871836117395 190
1646476152159 0.9289843788205991 191
1646476152194 0.9287808532842836 192
1646476152239 0.9285766120637968 193
1646476152272 0.928371660237939 194
1646476152321 0.9281660029031811 195
1646476152354 0.9279596451735372 196
1646476152489 0.9277525921804387 197
1646476152530 0.927544849072605 198
1646476152557 0.9273364210159172 199
1646476152609 0.9271273131932879 200
1646476152639 0.9269175308045341 201
1646476152730 0.9267070790662464 202
1646476152796 0.9264959632116602 203
1646476152966 0.9262841884905252 204
1646476153003 0.9260717601689749 205
1646476153034 0.9258586835293956 206
1646476153069 0.9256449638702953 207
1646476153089 0.9254306065061715 208
1646476153132 0.9252156167673797 209
1646476153156 0.9249999999999999 210
1646476153283 0.9247837615657049 211
1646476153322 0.9245669068416256 212
1646476153358 0.9243494412202183 213
1646476153390 0.9241313701091305 214
1646476153406 0.9239126989310659 215
1646476153452 0.9236934331236499 216
1646476153474 0.9234735781392945 217
1646476153597 0.9232531394450625 218
1646476153635 0.9230321225225315 219
1646476153667 0.9228105328676581 220
1646476153698 0.9225883759906404 221
1646476153728 0.9223656574157816 222
1646476153765 0.9221423826813525 223
1646476153789 0.9219185573394538 224
1646476153918 0.9216941869558779 225
1646476153982 0.9214692771099704 226
1646476154048 0.9212438333944919 227
1646476154094 0.9210178614154783 228
1646476154121 0.9207913667921016 229
1646476154158 0.9205643551565306 230
1646476154186 0.9203368321537899 231
1646476154304 0.9201088034416208 232
1646476154342 0.9198802746903394 233
1646476154370 0.9196512515826961 234
1646476154403 0.9194217398137348 235
1646476154423 0.9191917450906499 236
1646476154467 0.9189612731326464 237
1646476154497 0.9187303296707956 238
1646476154619 0.9184989204478939 239
1646476154658 0.9182670512183198 240
1646476154689 0.9180347277478902 241
1646476154726 0.9178019558137178 242
1646476154756 0.9175687412040671 243
1646476154798 0.9173350897182103 244
1646476154831 0.9171010071662834 245
1646476154947 0.9168664993691414 246
1646476154984 0.9166315721582141 247
1646476155012 0.9163962313753602 248
1646476155050 0.916160482872723 249
1646476155088 0.9159243325125842 250
1646476155153 0.9156877861672185 251
1646476155186 0.9154508497187474 252
1646476155437 0.9152135290589928 253
1646476155480 0.9149758300893309 254
1646476155519 0.9147377587205452 255
1646476155562 0.9144993208726793 256
1646476155589 0.9142605224748901 257
1646476155638 0.9140213694653001 258
1646476155672 0.9137818677908499 259
1646476155817 0.9135420234071502 260
1646476155860 0.9133018422783337 261
1646476155890 0.9130613303769068 262
1646476155944 0.9128204936836014 263
1646476155971 0.9125793381872254 264
1646476156018 0.9123378698845146 265
1646476156039 0.9120960947799833 266
1646476156173 0.9118540188857749 267
1646476156221 0.9116116482215121 268
1646476156249 0.9113689888141481 269
1646476156299 0.9111260466978157 270
1646476156322 0.910882827913678 271
1646476156376 0.9106393385097781 272
1646476156435 0.910395584540888 273
1646476156642 0.9101515720683587 274
1646476156678 0.9099073071599698 275
1646476156712 0.9096627958897776 276
1646476156755 0.9094180443379648 277
1646476156789 0.9091730585906891 278
1646476156821 0.9089278447399318 279
1646476156853 0.9086824088833465 280
1646476156977 0.9084367571241072 281
1646476157015 0.9081908955707568 282
1646476157045 0.9079448303370551 283
1646476157082 0.9076985675418267 284
1646476157105 0.9074521133088087 285
1646476157146 0.907205473766499 286
1646476157172 0.9069586550480032 287
1646476157296 0.9067116632908827 288
1646476157334 0.9064645046370017 289
1646476157366 0.9062171852323743 290
1646476157399 0.9059697112270122 291
1646476157428 0.9057220887747716 292
1646476157461 0.9054743240331998 293
1646476157487 0.9052264231633826 294
1646476157606 0.9049783923297908 295
1646476157648 0.9047302377001268 296
1646476157673 0.9044819654451717 297
1646476157705 0.9042335817386311 298
1646476157746 0.9039850927569826 299
1646476157784 0.9037365046793212 300
1646476157818 0.9034878236872063 301
1646476157938 0.9032390559645076 302
1646476157977 0.9029902076972517 303
1646476158005 0.902741285073468 304
1646476158037 0.9024922942830348 305
1646476158055 0.9022432415175257 306
1646476158103 0.9019941329700553 307
1646476158123 0.9017449748351251 308
1646476158246 0.9014957733084699 309
1646476158284 0.9012465345869036 310
1646476158317 0.9009972648681649 311
1646476158358 0.9007479703507631 312
1646476158390 0.9004986572338246 313
1646476158440 0.9002493317169379 314
1646476158471 0.8999999999999999 315
1646476158611 0.899750668283062 316
1646476158658 0.8995013427661753 317
1646476158696 0.8992520296492368 318
1646476158735 0.899002735131835 319
1646476158787 0.8987534654130963 320
1646476158922 0.8985042266915301 321
1646476158989 0.8982550251648749 322
1646476159223 0.8980058670299448 323
1646476159278 0.8977567584824743 324
1646476159347 0.8975077057169651 325
1646476159414 0.897258714926532 326
1646476159476 0.8970097923027482 327
1646476159537 0.8967609440354923 328
1646476159589 0.8965121763127937 329
1646476159802 0.8962634953206787 330
1646476159858 0.8960149072430174 331
1646476159909 0.8957664182613688 332
1646476159960 0.8955180345548283 333
1646476160013 0.8952697622998731 334
1646476160053 0.8950216076702091 335
1646476160094 0.8947735768366173 336
1646476160294 0.8945256759668001 337
1646476160368 0.8942779112252284 338
1646476160422 0.8940302887729877 339
1646476160469 0.8937828147676257 340
1646476160511 0.8935354953629984 341
1646476160559 0.8932883367091172 342
1646476160625 0.8930413449519967 343
1646476160758 0.892794526233501 344
1646476160802 0.8925478866911912 345
1646476160835 0.8923014324581733 346
1646476160872 0.8920551696629448 347
1646476160905 0.8918091044292431 348
1646476160939 0.8915632428758927 349
1646476160973 0.8913175911166534 350
1646476161090 0.8910721552600681 351
1646476161129 0.8908269414093108 352
1646476161155 0.8905819556620351 353
1646476161203 0.8903372041102223 354
1646476161237 0.8900926928400301 355
1646476161292 0.8898484279316412 356
1646476161332 0.8896044154591121 357
1646476161457 0.8893606614902219 358
1646476161498 0.8891171720863219 359
1646476161521 0.8888739533021842 360
1646476161573 0.8886310111858519 361
1646476161605 0.8883883517784879 362
1646476161646 0.8881459811142252 363
1646476161672 0.8879039052200166 364
1646476161817 0.8876621301154852 365
1646476161860 0.8874206618127746 366
1646476161888 0.8871795063163985 367
1646476161925 0.8869386696230931 368
1646476161955 0.8866981577216662 369
1646476161988 0.8864579765928498 370
1646476162005 0.88621813220915 371
1646476162135 0.8859786305346998 372
1646476162175 0.8857394775251098 373
1646476162205 0.8855006791273207 374
1646476162239 0.8852622412794547 375
1646476162271 0.885024169910669 376
1646476162308 0.8847864709410072 377
1646476162335 0.8845491502812526 378
1646476162446 0.8843122138327815 379
1646476162487 0.8840756674874157 380
1646476162518 0.8838395171272769 381
1646476162555 0.8836037686246397 382
1646476162588 0.8833684278417859 383
1646476162652 0.8831335006308585 384
1646476162720 0.8828989928337165 385
1646476162953 0.8826649102817896 386
1646476162998 0.8824312587959329 387
1646476163040 0.8821980441862821 388
1646476163087 0.8819652722521097 389
1646476163127 0.8817329487816802 390
1646476163173 0.881501079552106 391
1646476163210 0.8812696703292043 392
1646476163334 0.8810387268673535 393
1646476163383 0.88080825490935 394
1646476163420 0.8805782601862653 395
1646476163459 0.8803487484173038 396
1646476163490 0.8801197253096605 397
1646476163531 0.8798911965583791 398
1646476163554 0.87966316784621 399
1646476163706 0.8794356448434694 400
1646476163756 0.8792086332078983 401
1646476163799 0.8789821385845217 402
1646476163821 0.878756166605508 403
1646476163873 0.8785307228900295 404
1646476163888 0.878305813044122 405
1646476163968 0.8780814426605461 406
1646476164174 0.8778576173186474 407
1646476164210 0.8776343425842184 408
1646476164238 0.8774116240093596 409
1646476164275 0.8771894671323418 410
1646476164306 0.8769678774774684 411
1646476164337 0.8767468605549374 412
1646476164366 0.8765264218607054 413
1646476164483 0.87630656687635 414
1646476164518 0.8760873010689341 415
1646476164547 0.8758686298908694 416
1646476164583 0.8756505587797816 417
1646476164605 0.8754330931583744 418
1646476164650 0.8752162384342951 419
1646476164671 0.875 420
1646476164801 0.8747843832326203 421
1646476164842 0.8745693934938285 422
1646476164870 0.8743550361297047 423
1646476164903 0.8741413164706043 424
1646476164932 0.8739282398310251 425
1646476164966 0.8737158115094747 426
1646476164990 0.8735040367883398 427
1646476165111 0.8732929209337535 428
1646476165150 0.8730824691954658 429
1646476165179 0.872872686806712 430
1646476165215 0.8726635789840828 431
1646476165239 0.8724551509273949 432
1646476165270 0.8722474078195612 433
1646476165305 0.8720403548264626 434
1646476165417 0.8718339970968189 435
1646476165459 0.8716283397620609 436
1646476165487 0.8714233879362031 437
1646476165523 0.8712191467157163 438
1646476165538 0.8710156211794009 439
1646476165583 0.8708128163882605 440
1646476165610 0.8706107373853763 441
1646476165718 0.8704093891957816 442
1646476165764 0.8702087768263366 443
1646476165789 0.8700089052656043 444
1646476165837 0.8698097794837261 445
1646476165854 0.8696114044322985 446
1646476165906 0.8694137850442496 447
1646476165921 0.869216926233717 448
1646476166055 0.869020832895925 449
1646476166092 0.8688255099070633 450
1646476166121 0.8686309621241654 451
1646476166156 0.868437194384988 452
1646476166187 0.868244211507891 453
1646476166218 0.8680520182917172 454
1646476166238 0.8678606195156731 455
1646476166408 0.86767001993921 456
1646476166472 0.8674802243019062 457
1646476166530 0.8672912373233482 458
1646476166598 0.8671030637030144 459
1646476166647 0.8669157081201571 460
1646476166710 0.866729175233687 461
1646476166762 0.8665434696820571 462
1646476166917 0.8663585960831474 463
1646476166964 0.8661745590341497 464
1646476167004 0.865991363111454 465
1646476167050 0.865809012870534 466
1646476167090 0.8656275128458341 467
1646476167123 0.8654468675506567 468
1646476167168 0.8652670814770501 469
1646476167287 0.8650881590956964 470
1646476167328 0.8649101048558004 471
1646476167356 0.8647329231849795 472
1646476167392 0.864556618489153 473
1646476167423 0.8643811951524327 474
1646476167464 0.8642066575370141 475
1646476167506 0.8640330099830674 476
1646476167633 0.8638602568086304 477
1646476167683 0.8636884023095003 478
1646476167770 0.8635174507591274 479
1646476167829 0.8633474064085087 480
1646476167897 0.8631782734860819 481
1646476167951 0.8630100561976208 482
1646476167972 0.8628427587261303 483
1646476168091 0.8626763852317425 484
1646476168130 0.8625109398516133 485
1646476168160 0.8623464266998194 486
1646476168194 0.8621828498672562 487
1646476168223 0.8620202134215361 488
1646476168258 0.8618585214068867 489
1646476168283 0.8616977778440511 490
1646476168402 0.8615379867301876 491
1646476168443 0.86137915203877 492
1646476168471 0.8612212777194893 493
1646476168508 0.8610643676981553 494
1646476168536 0.8609084258765984 495
1646476168568 0.8607534561325738 496
1646476168588 0.8605994623196639 497
1646476168714 0.860446448267183 498
1646476168757 0.860294417780082 499
1646476168788 0.8601433746388538 500
1646476168822 0.8599933225994396 501
1646476168838 0.8598442653931349 502
1646476168887 0.8596962067264968 503
1646476168904 0.8595491502812526 504
1646476169032 0.8594030997142071 505
1646476169074 0.8592580586571528 506
1646476169103 0.8591140307167784 507
1646476169135 0.8589710194745804 508
1646476169165 0.858829028486773 509
1646476169199 0.8586880612842003 510
1646476169221 0.8585481213722479 511
1646476169341 0.8584092122307565 512
1646476169380 0.8582713373139349 513
1646476169404 0.8581345000502738 514
1646476169448 0.8579987038424614 515
1646476169472 0.857863952067298 516
1646476169514 0.8577302480756125 517
1646476169537 0.8575975951921787 518
1646476169661 0.857465996715633 519
1646476169700 0.8573354559183922 520
1646476169731 0.857205976046572 521
1646476169769 0.8570775603199067 522
1646476169805 0.8569502119316684 523
1646476169843 0.8568239340485885 524
1646476169872 0.856698729810778 525
1646476169989 0.8565746023316505 526
1646476170029 0.8564515546978437 527
1646476170054 0.8563295899691435 528
1646476170093 0.8562087111784071 529
1646476170121 0.8560889213314885 530
1646476170163 0.8559702234071631 531
1646476170188 0.8558526203570537 532
1646476170435 0.8557361151055572 533
1646476170508 0.8556207105497723 534
1646476170548 0.8555064095594266 535
1646476170602 0.8553932149768058 536
1646476170757 0.8552811296166831 537
1646476170826 0.8551701562662489 538
1646476170885 0.8550602976850417 539
1646476171107 0.854951556604879 540
1646476171153 0.8548439357297904 541
1646476171188 0.8547374377359492 542
1646476171228 0.8546320652716067 543
1646476171256 0.8545278209570258 544
1646476171295 0.8544247073844163 545
1646476171321 0.8543227271178699 546
1646476171463 0.854221882693297 547
1646476171509 0.8541221766183633 548
1646476171548 0.8540236113724274 549
1646476171600 0.8539261894064796 550
1646476171638 0.8538299131430802 551
1646476171670 0.8537347849763002 552
1646476171754 0.8536408072716606 553
1646476171968 0.8535479823660749 554
1646476172006 0.8534563125677898 555
1646476172037 0.8533658001563286 556
1646476172077 0.8532764473824342 557
1646476172105 0.8531882564680131 558
1646476172140 0.8531012296060803 559
1646476172166 0.8530153689607045 560
1646476172292 0.8529306766669548 561
1646476172332 0.8528471548308469 562
1646476172365 0.8527648055292915 563
1646476172397 0.8526836308100417 564
1646476172421 0.8526036326916434 565
1646476172463 0.8525248131633837 566
1646476172494 0.8524471741852423 567
1646476172614 0.8523707176878427 568
1646476172661 0.8522954455724038 569
1646476172694 0.8522213597106929 570
1646476172727 0.8521484619449794 571
1646476172755 0.8520767540879882 572
1646476172806 0.8520062379228556 573
1646476172822 0.851936915203084 574
1646476172950 0.8518687876524994 575
1646476172991 0.8518018569652073 576
1646476173021 0.8517361248055516 577
1646476173057 0.8516715928080726 578
1646476173071 0.8516082625774667 579
1646476173122 0.8515461356885461 580
1646476173137 0.8514852136862001 581
1646476173247 0.8514254980853566 582
1646476173302 0.851366990370944 583
1646476173338 0.8513096919978547 584
1646476173376 0.8512536043909088 585
1646476173405 0.8511987289448187 586
1646476173448 0.8511450670241545 587
1646476173481 0.8510926199633096 588
1646476173595 0.8510413890664684 589
1646476173672 0.8509913756075728 590
1646476173722 0.8509425808302914 591
1646476173753 0.8508950059479881 592
1646476173797 0.8508486521436921 593
1646476173820 0.8508035205700685 594
1646476173869 0.8507596123493896 595
1646476173984 0.8507169285735068 596
1646476174029 0.850675470303824 597
1646476174074 0.8506352385712702 598
1646476174143 0.8505962343762752 599
1646476174210 0.8505584586887436 600
1646476174274 0.8505219124480311 601
1646476174328 0.8504865965629215 602
1646476174540 0.8504525119116032 603
1646476174608 0.8504196593416484 604
1646476174705 0.8503880396699913 605
1646476174767 0.850357653682908 606
1646476174812 0.8503285021359972 607
1646476174861 0.8503005857541607 608
1646476174887 0.8502739052315863 609
1646476175014 0.8502484612317299 610
1646476175069 0.8502242543872992 611
1646476175102 0.850201285300238 612
1646476175142 0.8501795545417112 613
1646476175172 0.8501590626520904 614
1646476175219 0.850139810140941 615
1646476175254 0.8501217974870088 616
1646476175401 0.8501050251382086 617
1646476175448 0.8500894935116132 618
1646476175517 0.8500752029934424 619
1646476175577 0.8500621539390538 620
1646476175645 0.8500503466729342 621
1646476175690 0.850039781488691 622
1646476175719 0.8500304586490451 623
1646476175854 0.8500223783858248 624
1646476175895 0.8500155408999591 625
1646476175920 0.8500099463614738 626
1646476175967 0.8500055949094864 627
1646476175988 0.8500024866522028 628
1646476176031 0.8500006216669154 629
1646476176054 0.8500001141839123 630
1646476176265 0.8500004567351277 631
1646476176304 0.8500010276520816 632
1646476176335 0.8500018269321666 633
1646476176368 0.850002854571732 634
1646476176397 0.850004110566084 635
1646476176433 0.8500055949094864 636
1646476176454 0.8500073075951593 637
1646476176586 0.8500092486152805 638
1646476176625 0.8500114179609846 639
1646476176654 0.8500138156223634 640
1646476176700 0.850016441588466 641
1646476176721 0.8500192958472986 642
1646476176772 0.8500223783858248 643
1646476176789 0.8500256891899656 644
1646476176920 0.8500292282445993 645
1646476176961 0.8500329955335618 646
1646476176987 0.8500369910396466 647
1646476177031 0.8500412147446047 648
1646476177054 0.850045666629145 649
1646476177095 0.8500503466729342 650
1646476177120 0.8500552548545969 651
1646476177237 0.8500603911517155 652
1646476177276 0.8500657555408307 653
1646476177305 0.8500713479974417 654
1646476177343 0.8500771684960056 655
1646476177370 0.8500832170099379 656
1646476177411 0.8500894935116132 657
1646476177438 0.8500959979723643 658
1646476177564 0.8501027303624832 659
1646476177602 0.8501096906512204 660
1646476177636 0.850116878806786 661
1646476177677 0.850124294796349 662
1646476177705 0.850131938586038 663
1646476177745 0.850139810140941 664
1646476177781 0.8501479094251059 665
1646476178001 0.8501562364015404 666
1646476178057 0.8501647910322121 667
1646476178107 0.8501735732780491 668
1646476178154 0.8501825830989397 669
1646476178193 0.8501918204537328 670
1646476178234 0.850201285300238 671
1646476178279 0.8502109775952262 672
1646476178431 0.8502208972944292 673
1646476178475 0.85023104435254 674
1646476178505 0.8502414187232137 675
1646476178544 0.8502520203590664 676
1646476178572 0.850262849211677 677
1646476178616 0.8502739052315863 678
1646476178661 0.8502851883682973 679
1646476178792 0.850296698570276 680
1646476178842 0.8503084357849511 681
1646476178870 0.8503203999587147 682
1646476178923 0.850332591036922 683
1646476178954 0.8503450089638922 684
1646476178993 0.850357653682908 685
1646476179033 0.8503705251362167 686
1646476179206 0.8503836232650296 687
1646476179286 0.8503969480095228 688
1646476179343 0.8504104993088377 689
1646476179384 0.8504242771010805 690
1646476179412 0.850438281323323 691
1646476179447 0.8504525119116032 692
1646476179471 0.8504669688009249 693
1646476179593 0.850481651925258 694
1646476179632 0.8504965612175399 695
1646476179653 0.8505116966096742 696
1646476179685 0.8505270580325324 697
1646476179723 0.8505426454159531 698
1646476179753 0.8505584586887436 699
1646476179786 0.8505744977786787 700
1646476179906 0.8505907626125022 701
1646476179950 0.8506072531159269 702
1646476179970 0.8506239692136348 703
1646476180014 0.8506409108292775 704
1646476180037 0.8506580778854765 705
1646476180081 0.850675470303824 706
1646476180111 0.8506930880048822 707
1646476180221 0.8507109309081852 708
1646476180262 0.8507289989322379 709
1646476180288 0.8507472919945172 710
1646476180327 0.8507658100114721 711
1646476180357 0.8507845528985244 712
1646476180390 0.8508035205700685 713
1646476180417 0.8508227129394723 714
1646476180536 0.8508421299190775 715
1646476180576 0.8508617714201998 716
1646476180605 0.8508816373531294 717
1646476180642 0.8509017276271315 718
1646476180671 0.8509220421504468 719
1646476180703 0.8509425808302914 720
1646476180729 0.850963343572858 721
1646476180852 0.8509843302833157 722
1646476180893 0.8510055408658106 723
1646476180920 0.8510269752234666 724
1646476180965 0.8510486332583853 725
1646476180999 0.8510705148716468 726
1646476181033 0.8510926199633096 727
1646476181053 0.8511149484324124 728
1646476181161 0.8511375001769728 729
1646476181217 0.851160275093989 730
1646476181248 0.8511832730794398 731
1646476181280 0.8512064940282852 732
1646476181310 0.851229937834467 733
1646476181346 0.8512536043909088 734
1646476181372 0.8512774935895171 735
1646476181497 0.8513016053211814 736
1646476181543 0.8513259394757747 737
1646476181586 0.8513504959421545 738
1646476181634 0.8513752746081624 739
1646476181704 0.8514002753606256 740
1646476181784 0.8514254980853566 741
1646476181846 0.8514509426671544 742
1646476182011 0.8514766089898043 743
1646476182059 0.8515024969360792 744
1646476182101 0.8515286063877395 745
1646476182142 0.8515549372255342 746
1646476182193 0.8515814893292009 747
1646476182225 0.8516082625774667 748
1646476182269 0.8516352568480485 749
1646476182400 0.851662472017654 750
1646476182442 0.8516899079619817 751
1646476182470 0.851717564555722 752
1646476182515 0.8517454416725573 753
1646476182552 0.8517735391851629 754
1646476182603 0.8518018569652073 755
1646476182639 0.8518303948833533 756
1646476182776 0.851859152809258 757
1646476182819 0.8518881306115735 758
1646476182852 0.8519173281579482 759
1646476182933 0.8519467453150262 760
1646476182982 0.851976381948449 761
1646476183084 0.8520062379228556 762
1646476183123 0.8520363131018829 763
1646476183231 0.852066607348167 764
1646476183272 0.8520971205233432 765
1646476183300 0.852127852488047 766
1646476183333 0.8521588031019145 767
1646476183354 0.8521899722235834 768
1646476183401 0.8522213597106929 769
1646476183420 0.8522529654198855 770
1646476183550 0.8522847892068064 771
1646476183593 0.8523168309261051 772
1646476183623 0.8523490904314356 773
1646476183659 0.8523815675754574 774
1646476183686 0.8524142622098356 775
1646476183729 0.8524471741852423 776
1646476183763 0.8524803033513567 777
1646476183876 0.8525136495568661 778
1646476183927 0.8525472126494665 779
1646476183955 0.8525809924758634 780
1646476183989 0.852614988881772 781
1646476184020 0.8526492017119189 782
1646476184053 0.8526836308100417 783
1646476184070 0.8527182760188906 784
1646476184201 0.8527531371802285 785
1646476184240 0.8527882141348321 786
1646476184268 0.8528235067224923 787
1646476184305 0.8528590147820153 788
1646476184330 0.8528947381512233 789
1646476184371 0.8529306766669548 790
1646476184387 0.8529668301650658 791
1646476184520 0.8530031984804305 792
1646476184558 0.8530397814469417 793
1646476184587 0.853076578897512 794
1646476184623 0.8531135906640742 795
1646476184653 0.8531508165775826 796
1646476184692 0.8531882564680131 797
1646476184721 0.8532259101643643 798
1646476184865 0.8532637774946584 799
1646476184901 0.8533018582859418 800
1646476184936 0.853340152364286 801
1646476184974 0.8533786595547881 802
1646476185003 0.8534173796815723 803
1646476185042 0.8534563125677898 804
1646476185070 0.8534954580356202 805
1646476185184 0.8535348159062723 806
1646476185221 0.8535743859999848 807
1646476185249 0.8536141681360266 808
1646476185285 0.8536541621326988 809
1646476185305 0.8536943678073345 810
1646476185385 0.8537347849763002 811
1646476185440 0.8537754134549959 812
1646476185665 0.8538162530578571 813
1646476185711 0.8538573035983548 814
1646476185752 0.8538985648889964 815
1646476185809 0.8539400367413271 816
1646476185858 0.8539817189659299 817
1646476185886 0.8540236113724274 818
1646476185939 0.854065713769482 819
1646476186063 0.8541080259647971 820
1646476186108 0.8541505477651177 821
1646476186146 0.8541932789762317 822
1646476186182 0.8542362194029703 823
1646476186216 0.8542793688492094 824
1646476186261 0.8543227271178699 825
1646476186286 0.8543662940109193 826
1646476186427 0.8544100693293721 827
1646476186468 0.8544540528732907 828
1646476186503 0.8544982444417867 829
1646476186547 0.8545426438330213 830
1646476186572 0.8545872508442066 831
1646476186627 0.8546320652716067 832
1646476186653 0.8546770869105381 833
1646476186901 0.8547223155553707 834
1646476186947 0.8547677509995295 835
1646476186979 0.8548133930354943 836
1646476187014 0.8548592414548019 837
1646476187038 0.854905296048046 838
1646476187078 0.854951556604879 839
1646476187103 0.8549980229140125 840
1646476187223 0.8550446947632181 841
1646476187258 0.855091571939329 842
1646476187287 0.8551386542282404 843
1646476187324 0.8551859414149107 844
1646476187352 0.8552334332833623 845
1646476187386 0.8552811296166831 846
1646476187403 0.8553290301970269 847
1646476187535 0.8553771348056147 848
1646476187575 0.8554254432227355 849
1646476187603 0.8554739552277476 850
1646476187636 0.8555226705990794 851
1646476187653 0.8555715891142304 852
1646476187704 0.8556207105497723 853
1646476187730 0.85567003468135 854
1646476187861 0.8557195612836825 855
1646476187898 0.8557692901305645 856
1646476187928 0.8558192209948662 857
1646476187959 0.8558693536485358 858
1646476187987 0.8559196878625995 859
1646476188025 0.8559702234071631 860
1646476188051 0.8560209600514126 861
1646476188165 0.8560718975636158 862
1646476188204 0.8561230357111228 863
1646476188232 0.8561743742603676 864
1646476188264 0.8562259129768686 865
1646476188287 0.8562776516252302 866
1646476188318 0.8563295899691434 867
1646476188354 0.8563817277713875 868
1646476188444 0.8564340647938306 869
1646476188497 0.8564866007974304 870
1646476188532 0.8565393355422368 871
1646476188571 0.856592268787391 872
1646476188603 0.8566454002911283 873
1646476188643 0.856698729810778 874
1646476188679 0.8567522571027653 875
1646476188796 0.8568059819226118 876
1646476188837 0.8568599040249373 877
1646476188866 0.8569140231634602 878
1646476188900 0.8569683390909991 879
1646476188930 0.857022851559474 880
1646476188964 0.8570775603199067 881
1646476188986 0.8571324651224229 882
1646476189208 0.857187565716253 883
1646476189266 0.8572428618497326 884
1646476189323 0.8572983532703049 885
1646476189382 0.8573540397245205 886
1646476189430 0.8574099209580398 887
1646476189456 0.857465996715633 888
1646476189508 0.8575222667411823 889
1646476189643 0.8575787307776823 890
1646476189683 0.8576353885672419 891
1646476189720 0.8576922398510843 892
1646476189770 0.8577492843695499 893
1646476189803 0.8578065218620958 894
1646476189856 0.857863952067298 895
1646476189885 0.8579215747228524 896
1646476190023 0.8579793895655755 897
1646476190065 0.8580373963314065 898
1646476190086 0.858095594755408 899
1646476190136 0.8581539845717667 900
1646476190189 0.8582125655137957 901
1646476190234 0.8582713373139348 902
1646476190274 0.8583302997037525 903
1646476190490 0.8583894524139463 904
1646476190552 0.8584487951743448 905
1646476190570 0.8585083277139084 906
1646476190615 0.8585680497607309 907
1646476190636 0.8586279610420402 908
1646476190680 0.8586880612842003 909
1646476190704 0.8587483502127118 910
1646476190831 0.8588088275522139 911
1646476190874 0.8588694930264849 912
1646476190905 0.8589303463584439 913
1646476190940 0.8589913872701522 914
1646476190968 0.8590526154828141 915
1646476191005 0.8591140307167784 916
1646476191031 0.8591756326915401 917
1646476191149 0.8592374211257408 918
1646476191187 0.8592993957371707 919
1646476191217 0.8593615562427699 920
1646476191250 0.8594239023586289 921
1646476191269 0.8594864337999909 922
1646476191316 0.8595491502812526 923
1646476191336 0.8596120515159653 924
1646476191455 0.8596751372168369 925
1646476191493 0.8597384070957321 926
1646476191519 0.8598018608636753 927
1646476191555 0.8598654982308501 928
1646476191585 0.8599293189066022 929
1646476191617 0.8599933225994396 930
1646476191636 0.8600575090170349 931
1646476191765 0.8601218778662257 932
1646476191811 0.8601864288530165 933
1646476191852 0.8602511616825801 934
1646476191888 0.8603160760592583 935
1646476191917 0.8603811716865643 936
1646476191950 0.8604464482671829 937
1646476191969 0.8605119055029729 938
1646476192099 0.8605775430949676 939
1646476192140 0.8606433607433768 940
1646476192171 0.8607093581475879 941
1646476192214 0.8607755350061671 942
1646476192254 0.8608418910168611 943
1646476192285 0.8609084258765984 944
1646476192316 0.8609751392814907 945
1646476192505 0.861042030926834 946
1646476192544 0.8611091005071101 947
1646476192571 0.8611763477159886 948
1646476192615 0.8612437722463274 949
1646476192652 0.8613113737901746 950
1646476192705 0.86137915203877 951
1646476192766 0.8614471066825461 952
1646476192997 0.8615152374111297 953
1646476193065 0.8615835439133436 954
1646476193116 0.8616520258772076 955
1646476193165 0.8617206829899402 956
1646476193218 0.86178951493796 957
1646476193271 0.8618585214068867 958
1646476193287 0.8619277020815432 959
1646476193445 0.8619970566459569 960
1646476193498 0.8620665847833607 961
1646476193539 0.8621362861761948 962
1646476193578 0.8622061605061079 963
1646476193622 0.8622762074539593 964
1646476193658 0.8623464266998194 965
1646476193689 0.8624168179229721 966
1646476193831 0.8624873808019154 967
1646476193884 0.8625581150143635 968
1646476193927 0.8626290202372482 969
1646476193968 0.8627000961467199 970
1646476194005 0.8627713424181496 971
1646476194039 0.8628427587261303 972
1646476194101 0.862914344744478 973
1646476194320 0.8629861001462342 974
1646476194360 0.8630580246036661 975
1646476194386 0.8631301177882692 976
1646476194430 0.8632023793707683 977
1646476194452 0.8632748090211187 978
1646476194500 0.8633474064085087 979
1646476194519 0.8634201712013599 980
1646476194647 0.8634931030673297 981
1646476194686 0.8635662016733122 982
1646476194704 0.8636394666854401 983
1646476194787 0.8637128977690859 984
1646476194854 0.8637864945888636 985
1646476194924 0.8638602568086304 986
1646476194956 0.8639341840914879 987
1646476195071 0.8640082760997838 988
1646476195118 0.8640825324951136 989
1646476195148 0.8641569529383217 990
1646476195186 0.8642315370895036 991
1646476195218 0.8643062846080068 992
1646476195257 0.8643811951524327 993
1646476195286 0.8644562683806383 994
1646476195404 0.8645315039497371 995
1646476195445 0.8646069015161016 996
1646476195471 0.8646824607353644 997
1646476195520 0.8647581812624194 998
1646476195536 0.864834062751424 999
1646476195586 0.8649101048558004 1000
1646476195615 0.8649863072282372 1001
1646476195733 0.8650626695206911 1002
1646476195776 0.8651391913843881 1003
1646476195802 0.8652158724698257 1004
1646476195852 0.865292712426774 1005
1646476195886 0.8653697109042775 1006
1646476195919 0.8654468675506567 1007
1646476195959 0.8655241820135098 1008
1646476196075 0.865601653939714 1009
1646476196117 0.8656792829754274 1010
1646476196148 0.8657570687660906 1011
1646476196182 0.865835010956428 1012
1646476196203 0.86591310919045 1013
1646476196251 0.865991363111454 1014
1646476196269 0.8660697723620265 1015
1646476196413 0.8661483365840446 1016
1646476196470 0.8662270554186772 1017
1646476196528 0.8663059285063875 1018
1646476196576 0.8663849554869342 1019
1646476196645 0.8664641359993726 1020
1646476196704 0.8665434696820571 1021
1646476196752 0.8666229561726426 1022
1646476196948 0.8667025951080859 1023
1646476197003 0.8667823861246476 1024
1646476197056 0.8668623288578938 1025
1646476197085 0.8669424229426974 1026
1646476197142 0.8670226680132402 1027
1646476197171 0.8671030637030144 1028
1646476197212 0.8671836096448241 1029
1646476197360 0.8672643054707874 1030
1646476197400 0.8673451508123375 1031
1646476197431 0.8674261453002252 1032
1646476197473 0.8675072885645196 1033
1646476197502 0.8675885802346106 1034
1646476197551 0.86767001993921 1035
1646476197586 0.8677516073063538 1036
1646476197728 0.8678333419634032 1037
1646476197770 0.8679152235370472 1038
1646476197802 0.8679972516533032 1039
1646476197872 0.8680794259375197 1040
1646476197934 0.8681617460143773 1041
1646476198045 0.868244211507891 1042
1646476198086 0.8683268220414114 1043
1646476198200 0.8684095772376269 1044
1646476198238 0.8684924767185649 1045
1646476198269 0.8685755201055938 1046
1646476198304 0.868658707019425 1047
1646476198333 0.8687420370801142 1048
1646476198374 0.8688255099070633 1049
1646476198403 0.8689091251190221 1050
1646476198537 0.8689928823340901 1051
1646476198576 0.8690767811697184 1052
1646476198609 0.8691608212427109 1053
1646476198648 0.8692450021692267 1054
1646476198674 0.8693293235647817 1055
1646476198720 0.8694137850442496 1056
1646476198758 0.8694983862218651 1057
1646476198866 0.8695831267112243 1058
1646476198919 0.8696680061252872 1059
1646476198950 0.8697530240763792 1060
1646476198987 0.8698381801761932 1061
1646476199015 0.8699234740357906 1062
1646476199054 0.8700089052656043 1063
1646476199084 0.8700944734754392 1064
1646476199210 0.8701801782744748 1065
1646476199251 0.8702660192712668 1066
1646476199282 0.8703519960737487 1067
1646476199317 0.8704381082892338 1068
1646476199335 0.870524355524417 1069
1646476199391 0.8706107373853763 1070
1646476199427 0.8706972534775751 1071
1646476199554 0.8707839034058633 1072
1646476199596 0.8708706867744802 1073
1646476199620 0.8709576031870548 1074
1646476199679 0.8710446522466091 1075
1646476199702 0.871131833555559 1076
1646476199753 0.8712191467157163 1077
1646476199784 0.8713065913282907 1078
1646476199941 0.8713941669938915 1079
1646476199987 0.8714818733125294 1080
1646476200026 0.8715697098836184 1081
1646476200074 0.8716576763059775 1082
1646476200101 0.8717457721778328 1083
1646476200150 0.8718339970968189 1084
1646476200185 0.8719223506599812 1085
1646476200374 0.8720108324637776 1086
1646476200439 0.8720994421040801 1087
1646476200513 0.8721881791761767 1088
1646476200570 0.8722770432747738 1089
1646476200624 0.8723660339939974 1090
1646476200692 0.8724551509273948 1091
1646476200739 0.8725443936679376 1092
1646476200957 0.8726337618080222 1093
1646476201014 0.8727232549394726 1094
1646476201068 0.8728128726535415 1095
1646476201115 0.872902614540913 1096
1646476201153 0.872992480191704 1097
1646476201212 0.8730824691954658 1098
1646476201254 0.8731725811411868 1099
1646476201400 0.8732628156172935 1100
1646476201455 0.8733531722116529 1101
1646476201503 0.8734436505115741 1102
1646476201557 0.8735342501038106 1103
1646476201586 0.8736249705745618 1104
1646476201644 0.8737158115094747 1105
1646476201668 0.8738067724936467 1106
1646476201877 0.8738978531116264 1107
1646476201932 0.8739890529474161 1108
1646476202018 0.8740803715844737 1109
1646476202085 0.8741718086057144 1110
1646476202129 0.8742633635935129 1111
1646476202157 0.8743550361297047 1112
1646476202212 0.8744468257955886 1113
1646476202356 0.8745387321719288 1114
1646476202396 0.8746307548389558 1115
1646476202419 0.8747228933763695 1116
1646476202471 0.8748151473633402 1117
1646476202501 0.874907516378511 1118
1646476202555 0.875 1119
1646476202597 0.8750925978054012 1120
1646476202721 0.8751853093717874 1121
1646476202763 0.8752781342757121 1122
1646476202802 0.8753710720932107 1123
1646476202841 0.8754641223998031 1124
1646476202870 0.8755572847704953 1125
1646476202919 0.8756505587797816 1126
1646476202951 0.8757439440016463 1127
1646476203082 0.875837440009566 1128
1646476203126 0.8759310463765109 1129
1646476203159 0.8760247626749473 1130
1646476203199 0.8761185884768397 1131
1646476203219 0.8762125233536519 1132
1646476203267 0.87630656687635 1133
1646476203285 0.8764007186154038 1134
1646476203428 0.8764949781407887 1135
1646476203471 0.8765893450219877 1136
1646476203500 0.8766838188279937 1137
1646476203538 0.8767783991273113 1138
1646476203570 0.8768730854879582 1139
1646476203608 0.8769678774774683 1140
1646476203636 0.8770627746628928 1141
1646476203765 0.8771577766108024 1142
1646476203812 0.8772528828872892 1143
1646476203835 0.8773480930579691 1144
1646476203887 0.8774434066879833 1145
1646476203917 0.8775388233420003 1146
1646476203962 0.8776343425842184 1147
1646476204002 0.877729963978367 1148
1646476204212 0.8778256870877092 1149
1646476204275 0.8779215114750436 1150
1646476204335 0.8780174367027058 1151
1646476204396 0.8781134623325713 1152
1646476204441 0.8782095879260566 1153
1646476204470 0.878305813044122 1154
1646476204520 0.8784021372472731 1155
1646476204673 0.8784985600955628 1156
1646476204721 0.8785950811485936 1157
1646476204751 0.8786916999655197 1158
1646476204815 0.8787884161050481 1159
1646476204860 0.878885229125442 1160
1646476204905 0.8789821385845217 1161
1646476204945 0.8790791440396672 1162
1646476205080 0.87917624504782 1163
1646476205120 0.8792734411654852 1164
1646476205152 0.8793707319487334 1165
1646476205187 0.879468116953203 1166
1646476205219 0.879565595734102 1167
1646476205263 0.8796631678462099 1168
1646476205285 0.8797608328438803 1169
1646476205464 0.8798585902810421 1170
1646476205540 0.8799564397112024 1171
1646476205610 0.8800543806874479 1172
1646476205651 0.8801524127624473 1173
1646476205668 0.880250535488453 1174
1646476205723 0.8803487484173038 1175
1646476205752 0.8804470511004261 1176
1646476205882 0.8805454430888364 1177
1646476205922 0.8806439239331436 1178
1646476205935 0.8807424931835505 1179
1646476205985 0.8808411503898561 1180
1646476206009 0.8809398951014579 1181
1646476206055 0.8810387268673535 1182
1646476206086 0.8811376452361431 1183
1646476206211 0.8812366497560312 1184
1646476206250 0.881335739974829 1185
1646476206285 0.8814349154399558 1186
1646476206320 0.8815341756984422 1187
1646476206351 0.881633520296931 1188
1646476206392 0.8817329487816802 1189
1646476206428 0.8818324606985644 1190
1646476206529 0.8819320555930772 1191
1646476206583 0.8820317330103331 1192
1646476206611 0.88213149249507 1193
1646476206650 0.8822313335916505 1194
1646476206668 0.882331255844065 1195
1646476206719 0.8824312587959329 1196
1646476206750 0.8825313419905049 1197
1646476206885 0.8826315049706654 1198
1646476206923 0.8827317472789346 1199
1646476206952 0.8828320684574699 1200
1646476206989 0.8829324680480688 1201
1646476207019 0.8830329455921706 1202
1646476207057 0.8831335006308585 1203
1646476207086 0.8832341327048617 1204
1646476207218 0.8833348413545579 1205
1646476207265 0.8834356261199745 1206
1646476207300 0.8835364865407918 1207
1646476207337 0.8836374221563441 1208
1646476207367 0.8837384325056226 1209
1646476207407 0.8838395171272769 1210
1646476207435 0.8839406755596176 1211
1646476207563 0.8840419073406182 1212
1646476207604 0.8841432120079168 1213
1646476207636 0.8842445890988189 1214
1646476207680 0.8843460381502993 1215
1646476207724 0.8844475586990042 1216
1646476207767 0.8845491502812526 1217
1646476207833 0.8846508124330399 1218
1646476208051 0.8847525446900386 1219
1646476208109 0.8848543465876013 1220
1646476208166 0.8849562176607626 1221
1646476208202 0.8850581574442407 1222
1646476208252 0.8851601654724405 1223
1646476208309 0.8852622412794547 1224
1646476208358 0.8853643843990671 1225
1646476208479 0.8854665943647533 1226
1646476208525 0.885568870709684 1227
1646476208563 0.885671212966727 1228
1646476208601 0.8857736206684483 1229
1646476208634 0.8858760933471157 1230
1646476208675 0.8859786305346998 1231
1646476208703 0.8860812317628768 1232
1646476208840 0.8861838965630302 1233
1646476208888 0.8862866244662535 1234
1646476208917 0.8863894150033514 1235
1646476208968 0.8864922677048431 1236
1646476208988 0.8865951821009637 1237
1646476209039 0.8866981577216662 1238
1646476209069 0.8868011940966245 1239
1646476209297 0.8869042907552346 1240
1646476209336 0.8870074472266173 1241
1646476209365 0.8871106630396203 1242
1646476209401 0.8872139377228202 1243
1646476209419 0.8873172708045246 1244
1646476209465 0.8874206618127746 1245
1646476209486 0.8875241102753464 1246
1646476209612 0.8876276157197542 1247
1646476209649 0.8877311776732517 1248
1646476209683 0.8878347956628345 1249
1646476209717 0.8879384692152423 1250
1646476209735 0.888042197856961 1251
1646476209782 0.888145981114225 1252
1646476209809 0.8882498185130192 1253
1646476209938 0.888353709579081 1254
1646476209974 0.888457653837903 1255
1646476210003 0.8885616508147347 1256
1646476210041 0.8886657000345848 1257
1646476210069 0.8887698010222234 1258
1646476210106 0.8888739533021842 1259
1646476210132 0.8889781563987667 1260
1646476210249 0.8890824098360381 1261
1646476210288 0.8891867131378358 1262
1646476210317 0.8892910658277694 1263
1646476210353 0.8893954674292232 1264
1646476210368 0.8894999174653575 1265
1646476210415 0.8896044154591121 1266
1646476210434 0.8897089609332071 1267
1646476210563 0.8898135534101462 1268
1646476210600 0.8899181924122183 1269
1646476210630 0.8900228774614998 1270
1646476210664 0.8901276080798566 1271
1646476210685 0.8902323837889468 1272
1646476210731 0.8903372041102223 1273
1646476210751 0.8904420685649314 1274
1646476210884 0.8905469766741205 1275
1646476210923 0.8906519279586373 1276
1646476210952 0.8907569219391316 1277
1646476210994 0.8908619581360584 1278
1646476211033 0.89096703606968 1279
1646476211067 0.8910721552600681 1280
1646476211096 0.8911773152271059 1281
1646476211210 0.8912825154904902 1282
1646476211250 0.891387755569734 1283
1646476211284 0.8914930349841683 1284
1646476211319 0.8915983532529446 1285
1646476211350 0.8917037098950366 1286
1646476211383 0.8918091044292431 1287
1646476211412 0.8919145363741896 1288
1646476211582 0.892020005248331 1289
1646476211639 0.8921255105699532 1290
1646476211715 0.8922310518571758 1291
1646476211795 0.8923366286279542 1292
1646476211866 0.8924422404000816 1293
1646476211919 0.8925478866911912 1294
1646476211963 0.8926535670187591 1295
1646476212153 0.8927592809001053 1296
1646476212205 0.8928650278523969 1297
1646476212263 0.8929708073926498 1298
1646476212325 0.8930766190377313 1299
1646476212384 0.8931824623043617 1300
1646476212436 0.8932883367091172 1301
1646476212478 0.8933942417684316 1302
1646476212623 0.8935001769985987 1303
1646476212668 0.8936061419157747 1304
1646476212705 0.8937121360359799 1305
1646476212756 0.8938181588751013 1306
1646476212848 0.893924209948895 1307
1646476212950 0.8940302887729877 1308
1646476213097 0.8941363948628799 1309
1646476213288 0.894242527733947 1310
1646476213325 0.8943486869014424 1311
1646476213356 0.8944548718804994 1312
1646476213391 0.8945610821861334 1313
1646476213420 0.894667317333244 1314
1646476213457 0.8947735768366173 1315
1646476213485 0.8948798602109284 1316
1646476213601 0.8949861669707432 1317
1646476213638 0.8950924966305208 1318
1646476213666 0.8951988487046159 1319
1646476213702 0.8953052227072804 1320
1646476213730 0.8954116181526666 1321
1646476213769 0.8955180345548283 1322
1646476213784 0.895624471427724 1323
1646476213918 0.8957309282852185 1324
1646476213956 0.8958374046410855 1325
1646476213985 0.8959439000090094 1326
1646476214021 0.8960504139025879 1327
1646476214053 0.8961569458353341 1328
1646476214086 0.8962634953206787 1329
1646476214113 0.8963700618719723 1330
1646476214244 0.8964766450024872 1331
1646476214282 0.8965832442254206 1332
1646476214314 0.8966898590538956 1333
1646476214347 0.8967964890009643 1334
1646476214378 0.8969031335796098 1335
1646476214411 0.8970097923027482 1336
1646476214434 0.8971164646832313 1337
1646476214559 0.8972231502338479 1338
1646476214602 0.8973298484673276 1339
1646476214631 0.897436558896341 1340
1646476214666 0.8975432810335039 1341
1646476214684 0.897650014391378 1342
1646476214734 0.8977567584824742 1343
1646476214751 0.8978635128192541 1344
1646476214886 0.8979702769141327 1345
1646476214924 0.89807705027948 1346
1646476214952 0.8981838324276243 1347
1646476214983 0.8982906228708534 1348
1646476215021 0.8983974211214172 1349
1646476215057 0.8985042266915301 1350
1646476215088 0.8986110390933728 1351
1646476215212 0.8987178578390952 1352
1646476215265 0.8988246824408179 1353
1646476215307 0.8989315124106348 1354
1646476215369 0.8990383472606156 1355
1646476215559 0.8991451865028072 1356
1646476215620 0.8992520296492368 1357
1646476215666 0.8993588762119136 1358
1646476215837 0.8994657257028313 1359
1646476215895 0.8995725776339702 1360
1646476215950 0.8996794315172995 1361
1646476216002 0.8997862868647791 1362
1646476216033 0.899893143188363 1363
1646476216085 0.8999999999999999 1364
1646476216127 0.9001068568116369 1365
1646476216265 0.9002137131352208 1366
1646476216311 0.9003205684827005 1367
1646476216351 0.9004274223660297 1368
1646476216390 0.9005342742971686 1369
1646476216419 0.9006411237880864 1370
1646476216466 0.9007479703507631 1371
1646476216500 0.9008548134971928 1372
1646476216683 0.9009616527393843 1373
1646476216729 0.9010684875893651 1374
1646476216781 0.901175317559182 1375
1646476216856 0.9012821421609047 1376
1646476216910 0.9013889609066271 1377
1646476216947 0.9014957733084699 1378
1646476216968 0.9016025788785827 1379
1646476217092 0.9017093771291464 1380
1646476217129 0.9018161675723756 1381
1646476217170 0.9019229497205199 1382
1646476217214 0.9020297230858673 1383
1646476217249 0.9021364871807458 1384
1646476217287 0.9022432415175257 1385
1646476217315 0.9023499856086219 1386
1646476217429 0.902456718966496 1387
1646476217471 0.9025634411036589 1388
1646476217508 0.9026701515326724 1389
1646476217550 0.9027768497661519 1390
1646476217567 0.9028835353167687 1391
1646476217621 0.9029902076972517 1392
1646476217650 0.9030968664203901 1393
1646476217777 0.9032035109990356 1394
1646476217826 0.9033101409461043 1395
1646476217861 0.9034167557745794 1396
1646476217902 0.9035233549975127 1397
1646476217930 0.9036299381280276 1398
1646476217967 0.9037365046793212 1399
1646476217994 0.9038430541646658 1400
1646476218110 0.903949586097412 1401
1646476218147 0.9040560999909906 1402
1646476218187 0.9041625953589144 1403
1646476218227 0.9042690717147814 1404
1646476218256 0.9043755285722759 1405
1646476218290 0.9044819654451717 1406
1646476218319 0.9045883818473334 1407
1646476218433 0.9046947772927195 1408
1646476218475 0.9048011512953841 1409
1646476218507 0.9049075033694791 1410
1646476218544 0.9050138330292568 1411
1646476218576 0.9051201397890716 1412
1646476218611 0.9052264231633826 1413
1646476218639 0.9053326826667559 1414
1646476218765 0.9054389178138665 1415
1646476218818 0.9055451281195005 1416
1646476218858 0.9056513130985575 1417
1646476218887 0.905757472266053 1418
1646476218922 0.90586360513712 1419
1646476218952 0.9059697112270122 1420
1646476218987 0.906075790051105 1421
1646476219222 0.9061818411248986 1422
1646476219290 0.9062878639640201 1423
1646476219341 0.9063938580842252 1424
1646476219390 0.9064998230014012 1425
1646476219418 0.9066057582315683 1426
1646476219469 0.9067116632908827 1427
1646476219492 0.9068175376956382 1428
1646476219648 0.9069233809622687 1429
1646476219708 0.9070291926073502 1430
1646476219751 0.9071349721476031 1431
1646476219785 0.9072407190998947 1432
1646476219839 0.9073464329812408 1433
1646476219877 0.9074521133088087 1434
1646476219901 0.9075577595999184 1435
1646476220049 0.9076633713720458 1436
1646476220097 0.9077689481428242 1437
1646476220139 0.9078744894300468 1438
1646476220167 0.9079799947516689 1439
1646476220220 0.9080854636258103 1440
1646476220250 0.9081908955707568 1441
1646476220285 0.9082962901049634 1442
1646476220433 0.9084016467470554 1443
1646476220492 0.9085069650158316 1444
1646476220573 0.9086122444302659 1445
1646476220615 0.9087174845095097 1446
1646476220634 0.9088226847728941 1447
1646476220676 0.9089278447399318 1448
1646476220701 0.9090329639303198 1449
1646476220810 0.9091380418639415 1450
1646476220866 0.9092430780608685 1451
1646476220898 0.9093480720413626 1452
1646476220929 0.9094530233258793 1453
1646476220959 0.9095579314350686 1454
1646476220993 0.9096627958897776 1455
1646476221018 0.9097676162110532 1456
1646476221140 0.9098723919201434 1457
1646476221179 0.9099771225385002 1458
1646476221210 0.9100818075877816 1459
1646476221247 0.9101864465898537 1460
1646476221277 0.9102910390667929 1461
1646476221311 0.910395584540888 1462
1646476221334 0.9105000825346424 1463
1646476221452 0.9106045325707768 1464
1646476221488 0.9107089341722305 1465
1646476221515 0.9108132868621641 1466
1646476221549 0.9109175901639618 1467
1646476221567 0.9110218436012333 1468
1646476221613 0.9111260466978157 1469
1646476221634 0.9112301989777765 1470
1646476221758 0.9113342999654152 1471
1646476221799 0.9114383491852652 1472
1646476221835 0.911542346162097 1473
1646476221872 0.9116462904209188 1474
1646476221901 0.9117501814869807 1475
1646476221934 0.9118540188857749 1476
1646476221960 0.9119578021430388 1477
1646476222069 0.9120615307847576 1478
1646476222111 0.9121652043371654 1479
1646476222151 0.9122688223267482 1480
1646476222184 0.9123723842802457 1481
1646476222224 0.9124758897246535 1482
1646476222252 0.9125793381872254 1483
1646476222286 0.9126827291954753 1484
1646476222410 0.9127860622771797 1485
1646476222445 0.9128893369603795 1486
1646476222476 0.9129925527733826 1487
1646476222511 0.9130957092447654 1488
1646476222535 0.9131988059033754 1489
1646476222566 0.9133018422783337 1490
1646476222614 0.9134048178990363 1491
1646476222735 0.9135077322951568 1492
1646476222781 0.9136105849966485 1493
1646476222823 0.9137133755337464 1494
1646476222889 0.9138161034369696 1495
1646476222942 0.9139187682371231 1496
1646476223018 0.9140213694653001 1497
1646476223075 0.9141239066528842 1498
1646476223251 0.9142263793315516 1499
1646476223302 0.9143287870332729 1500
1646476223341 0.9144311292903158 1501
1646476223387 0.9145334056352467 1502
1646476223419 0.9146356156009329 1503
1646476223472 0.9147377587205452 1504
1646476223503 0.9148398345275595 1505
1646476223640 0.9149418425557593 1506
1646476223682 0.9150437823392373 1507
1646476223721 0.9151456534123985 1508
1646476223758 0.9152474553099613 1509
1646476223804 0.91534918756696 1510
1646476223842 0.9154508497187474 1511
1646476223874 0.9155524413009958 1512
1646476224011 0.9156539618497005 1513
1646476224062 0.915755410901181 1514
1646476224100 0.9158567879920831 1515
1646476224141 0.9159580926593818 1516
1646476224205 0.9160593244403822 1517
1646476224258 0.916160482872723 1518
1646476224329 0.9162615674943773 1519
1646476224476 0.9163625778436558 1520
1646476224514 0.9164635134592082 1521
1646476224543 0.9165643738800254 1522
1646476224576 0.9166651586454421 1523
1646476224601 0.9167658672951382 1524
1646476224639 0.9168664993691414 1525
1646476224665 0.9169670544078293 1526
1646476224791 0.9170675319519311 1527
1646476224834 0.9171679315425301 1528
1646476224867 0.9172682527210654 1529
1646476224909 0.9173684950293345 1530
1646476224940 0.9174686580094951 1531
1646476224973 0.9175687412040671 1532
1646476225000 0.9176687441559349 1533
1646476225120 0.9177686664083494 1534
1646476225156 0.91786850750493 1535
1646476225183 0.9179682669896668 1536
1646476225220 0.9180679444069227 1537
1646476225250 0.9181675393014356 1538
1646476225282 0.9182670512183198 1539
1646476225308 0.918366479703069 1540
1646476225426 0.9184658243015578 1541
1646476225466 0.9185650845600442 1542
1646476225496 0.918664260025171 1543
1646476225531 0.9187633502439687 1544
1646476225550 0.9188623547638568 1545
1646476225594 0.9189612731326464 1546
1646476225617 0.9190601048985421 1547
1646476225743 0.9191588496101438 1548
1646476225788 0.9192575068164495 1549
1646476225826 0.9193560760668563 1550
1646476225860 0.9194545569111635 1551
1646476225884 0.919552948899574 1552
1646476225926 0.9196512515826961 1553
1646476225952 0.9197494645115469 1554
1646476226074 0.9198475872375527 1555
1646476226112 0.919945619312552 1556
1646476226144 0.9200435602887975 1557
1646476226182 0.9201414097189579 1558
1646476226210 0.9202391671561196 1559
1646476226253 0.9203368321537899 1560
1646476226282 0.920434404265898 1561
1646476226397 0.9205318830467969 1562
1646476226437 0.9206292680512664 1563
1646476226465 0.9207265588345147 1564
1646476226502 0.9208237549521799 1565
1646476226534 0.9209208559603327 1566
1646476226581 0.9210178614154783 1567
1646476226629 0.921114770874558 1568
1646476226842 0.9212115838949518 1569
1646476226895 0.9213083000344803 1570
1646476226952 0.9214049188514062 1571
1646476227010 0.9215014399044371 1572
1646476227048 0.9215978627527268 1573
1646476227098 0.9216941869558779 1574
1646476227152 0.9217904120739433 1575
1646476227272 0.9218865376674287 1576
1646476227311 0.9219825632972941 1577
1646476227334 0.9220784885249563 1578
1646476227384 0.9221743129122907 1579
1646476227422 0.9222700360216329 1580
1646476227461 0.9223656574157816 1581
1646476227484 0.9224611766579996 1582
1646476227618 0.9225565933120167 1583
1646476227664 0.9226519069420308 1584
1646476227699 0.9227471171127106 1585
1646476227752 0.9228422233891975 1586
1646476227803 0.9229372253371071 1587
1646476227834 0.9230321225225315 1588
1646476227885 0.9231269145120418 1589
1646476228109 0.9232216008726887 1590
1646476228156 0.9233161811720062 1591
1646476228187 0.9234106549780122 1592
1646476228220 0.9235050218592112 1593
1646476228250 0.9235992813845961 1594
1646476228281 0.9236934331236499 1595
1646476228314 0.9237874766463481 1596
1646476228420 0.9238814115231604 1597
1646476228463 0.9239752373250526 1598
1646476228500 0.9240689536234891 1599
1646476228529 0.924162559990434 1600
1646476228562 0.9242560559983536 1601
1646476228588 0.9243494412202183 1602
1646476228625 0.9244427152295046 1603
1646476228736 0.9245358776001968 1604
1646476228787 0.9246289279067892 1605
1646476228827 0.9247218657242878 1606
1646476228858 0.9248146906282124 1607
1646476228892 0.9249074021945988 1608
1646476228918 0.9249999999999999 1609
1646476228951 0.9250924836214889 1610
1646476229061 0.9251848526366597 1611
1646476229101 0.9252771066236304 1612
1646476229128 0.925369245161044 1613
1646476229162 0.9254612678280711 1614
1646476229183 0.9255531742044112 1615
1646476229229 0.9256449638702953 1616
1646476229250 0.9257366364064871 1617
1646476229377 0.9258281913942854 1618
1646476229420 0.9259196284155262 1619
1646476229449 0.9260109470525838 1620
1646476229487 0.9261021468883736 1621
1646476229516 0.9261932275063532 1622
1646476229550 0.9262841884905252 1623
1646476229566 0.9263750294254381 1624
1646476229692 0.9264657498961894 1625
1646476229731 0.9265563494884258 1626
1646476229766 0.9266468277883471 1627
1646476229811 0.9267371843827065 1628
1646476229852 0.9268274188588131 1629
1646476229882 0.9269175308045341 1630
1646476229915 0.927007519808296 1631
1646476230014 0.9270973854590869 1632
1646476230061 0.9271871273464585 1633
1646476230096 0.9272767450605274 1634
1646476230127 0.9273662381919777 1635
1646476230161 0.9274556063320623 1636
1646476230190 0.927544849072605 1637
1646476230224 0.9276339660060027 1638
1646476230339 0.9277229567252261 1639
1646476230392 0.9278118208238232 1640
1646476230448 0.9279005578959199 1641
1646476230507 0.9279891675362223 1642
1646476230561 0.9280776493400187 1643
1646476230633 0.9281660029031811 1644
1646476230687 0.9282542278221672 1645
1646476230861 0.9283423236940225 1646
1646476230906 0.9284302901163816 1647
1646476230933 0.9285181266874706 1648
1646476230980 0.9286058330061084 1649
1646476231015 0.9286934086717092 1650
1646476231070 0.9287808532842836 1651
1646476231111 0.9288681664444409 1652
1646476231248 0.9289553477533908 1653
1646476231291 0.9290423968129451 1654
1646476231317 0.9291293132255197 1655
1646476231365 0.9292160965941365 1656
1646476231399 0.9293027465224248 1657
1646476231449 0.9293892626146236 1658
1646476231484 0.929475644475583 1659
1646476231623 0.9295618917107661 1660
1646476231672 0.9296480039262512 1661
1646476231701 0.9297339807287331 1662
1646476231755 0.9298198217255251 1663
1646476231841 0.9299055265245607 1664
1646476231897 0.9299910947343957 1665
1646476231970 0.9300765259642093 1666
1646476232098 0.9301618198238067 1667
1646476232137 0.9302469759236207 1668
1646476232166 0.9303319938747128 1669
1646476232203 0.9304168732887756 1670
1646476232232 0.9305016137781348 1671
1646476232269 0.9305862149557503 1672
1646476232296 0.9306706764352183 1673
1646476232411 0.9307549978307732 1674
1646476232453 0.930839178757289 1675
1646476232482 0.9309232188302815 1676
1646476232514 0.9310071176659098 1677
1646476232541 0.9310908748809779 1678
1646476232577 0.9311744900929366 1679
1646476232601 0.9312579629198857 1680
1646476232726 0.9313412929805749 1681
1646476232773 0.9314244798944061 1682
1646476232801 0.931507523281435 1683
1646476232849 0.931590422762373 1684
1646476232866 0.9316731779585884 1685
1646476232909 0.9317557884921089 1686
1646476232936 0.9318382539856226 1687
1646476233057 0.9319205740624802 1688
1646476233093 0.9320027483466967 1689
1646476233123 0.9320847764629527 1690
1646476233155 0.9321666580365967 1691
1646476233184 0.9322483926936462 1692
1646476233218 0.9323299800607899 1693
1646476233249 0.9324114197653893 1694
1646476233369 0.9324927114354803 1695
1646476233406 0.9325738546997747 1696
1646476233433 0.9326548491876624 1697
1646476233471 0.9327356945292126 1698
1646476233499 0.9328163903551758 1699
1646476233536 0.9328969362969856 1700
1646476233565 0.9329773319867597 1701
1646476233685 0.9330575770573025 1702
1646476233721 0.9331376711421061 1703
1646476233749 0.9332176138753523 1704
1646476233796 0.933297404891914 1705
1646476233841 0.9333770438273573 1706
1646476233866 0.9334565303179428 1707
1646476233908 0.9335358640006274 1708
1646476234018 0.9336150445130658 1709
1646476234060 0.9336940714936124 1710
1646476234099 0.9337729445813228 1711
1646476234155 0.9338516634159554 1712
1646476234213 0.9339302276379734 1713
1646476234282 0.934008636888546 1714
1646476234344 0.9340868908095499 1715
1646476234529 0.9341649890435719 1716
1646476234583 0.9342429312339093 1717
1646476234615 0.9343207170245724 1718
1646476234659 0.9343983460602859 1719
1646476234696 0.93447581798649 1720
1646476234728 0.9345531324493432 1721
1646476234764 0.9346302890957224 1722
1646476234921 0.934707287573226 1723
1646476234962 0.9347841275301743 1724
1646476234983 0.9348608086156118 1725
1646476235036 0.9349373304793089 1726
1646476235066 0.9350136927717627 1727
1646476235121 0.9350898951441995 1728
1646476235150 0.935165937248576 1729
1646476235358 0.9352418187375805 1730
1646476235403 0.9353175392646356 1731
1646476235440 0.9353930984838983 1732
1646476235516 0.9354684960502628 1733
1646476235550 0.9355437316193617 1734
1646476235614 0.9356188048475672 1735
1646476235702 0.9356937153919931 1736
1646476235819 0.9357684629104963 1737
1646476235857 0.9358430470616782 1738
1646476235890 0.9359174675048864 1739
1646476235923 0.9359917239002161 1740
1646476235952 0.936065815908512 1741
1646476235986 0.9361397431913695 1742
1646476236017 0.9362135054111363 1743
1646476236146 0.936287102230914 1744
1646476236181 0.9363605333145598 1745
1646476236211 0.9364337983266877 1746
1646476236245 0.9365068969326702 1747
1646476236266 0.93657982879864 1748
1646476236309 0.9366525935914912 1749
1646476236333 0.9367251909788812 1750
1646476236442 0.9367976206292317 1751
1646476236495 0.9368698822117307 1752
1646476236526 0.9369419753963338 1753
1646476236560 0.9370138998537657 1754
1646476236590 0.9370856552555219 1755
1646476236625 0.9371572412738697 1756
1646476236651 0.9372286575818503 1757
1646476236782 0.93729990385328 1758
1646476236829 0.9373709797627517 1759
1646476236869 0.9374418849856364 1760
1646476236909 0.9375126191980845 1761
1646476236934 0.9375831820770278 1762
1646476236975 0.9376535733001805 1763
1646476237011 0.9377237925460407 1764
1646476237129 0.9377938394938921 1765
1646476237170 0.9378637138238052 1766
1646476237204 0.9379334152166392 1767
1646476237241 0.938002943354043 1768
1646476237271 0.9380722979184567 1769
1646476237309 0.9381414785931133 1770
1646476237340 0.93821048506204 1771
1646476237473 0.9382793170100597 1772
1646476237513 0.9383479741227924 1773
1646476237549 0.9384164560866564 1774
1646476237581 0.9384847625888703 1775
1646476237615 0.9385528933174538 1776
1646476237651 0.9386208479612299 1777
1646476237678 0.9386886262098253 1778
1646476237823 0.9387562277536725 1779
1646476237877 0.9388236522840113 1780
1646476237946 0.9388908994928898 1781
1646476238016 0.938957969073166 1782
1646476238086 0.9390248607185092 1783
1646476238158 0.9390915741234015 1784
1646476238210 0.9391581089831388 1785
1646476238400 0.9392244649938328 1786
1646476238469 0.9392906418524121 1787
1646476238510 0.9393566392566232 1788
1646476238550 0.9394224569050323 1789
1646476238601 0.9394880944970271 1790
1646476238620 0.939553551732817 1791
1646476238673 0.9396188283134357 1792
1646476238814 0.9396839239407415 1793
1646476238862 0.9397488383174198 1794
1646476238883 0.9398135711469834 1795
1646476238936 0.9398781221337742 1796
1646476238978 0.939942490982965 1797
1646476239016 0.9400066774005603 1798
1646476239054 0.9400706810933978 1799
1646476239187 0.9401345017691499 1800
1646476239233 0.9401981391363247 1801
1646476239328 0.9402615929042678 1802
1646476239421 0.9403248627831631 1803
1646476239486 0.9403879484840346 1804
1646476239501 0.9404508497187474 1805
1646476239546 0.940513566200009 1806
1646476239661 0.9405760976413711 1807
1646476239699 0.94063844375723 1808
1646476239730 0.9407006042628292 1809
1646476239772 0.9407625788742592 1810
1646476239814 0.9408243673084599 1811
1646476239842 0.9408859692832215 1812
1646476239877 0.9409473845171858 1813
1646476240007 0.9410086127298477 1814
1646476240047 0.941069653641556 1815
1646476240082 0.9411305069735151 1816
1646476240128 0.941191172447786 1817
1646476240163 0.9412516497872881 1818
1646476240183 0.9413119387157997 1819
1646476240224 0.9413720389579597 1820
1646476240340 0.9414319502392691 1821
1646476240382 0.9414916722860915 1822
1646476240417 0.9415512048256551 1823
1646476240456 0.9416105475860537 1824
1646476240482 0.9416697002962474 1825
1646476240524 0.941728662686065 1826
1646476240550 0.9417874344862043 1827
1646476240698 0.9418460154282332 1828
1646476240738 0.941904405244592 1829
1646476240770 0.9419626036685933 1830
1646476240827 0.9420206104344244 1831
1646476240861 0.9420784252771476 1832
1646476240882 0.9421360479327019 1833
1646476240929 0.9421934781379041 1834
1646476241046 0.94225071563045 1835
1646476241086 0.9423077601489156 1836
1646476241116 0.9423646114327581 1837
1646476241154 0.9424212692223176 1838
1646476241183 0.9424777332588177 1839
1646476241223 0.942534003284367 1840
1646476241257 0.9425900790419601 1841
1646476241379 0.9426459602754794 1842
1646476241425 0.942701646729695 1843
1646476241449 0.9427571381502673 1844
1646476241492 0.942812434283747 1845
1646476241525 0.942867534877577 1846
1646476241549 0.9429224396800933 1847
1646476241610 0.942977148440526 1848
1646476241818 0.9430316609090008 1849
1646476241871 0.9430859768365397 1850
1646476241936 0.9431400959750627 1851
1646476241987 0.9431940180773881 1852
1646476242039 0.9432477428972347 1853
1646476242069 0.9433012701892219 1854
1646476242125 0.9433545997088716 1855
1646476242277 0.9434077312126089 1856
1646476242326 0.9434606644577631 1857
1646476242350 0.9435133992025695 1858
1646476242406 0.9435659352061694 1859
1646476242439 0.9436182722286124 1860
1646476242481 0.9436704100308564 1861
1646476242516 0.9437223483747698 1862
1646476242665 0.9437740870231314 1863
1646476242707 0.9438256257396324 1864
1646476242734 0.9438769642888771 1865
1646476242791 0.9439281024363841 1866
1646476242831 0.9439790399485873 1867
1646476242866 0.9440297765928368 1868
1646476242902 0.9440803121374004 1869
1646476243066 0.9441306463514642 1870
1646476243141 0.9441807790051338 1871
1646476243210 0.9442307098694355 1872
1646476243269 0.9442804387163174 1873
1646476243304 0.94432996531865 1874
1646476243332 0.9443792894502276 1875
1646476243373 0.9444284108857696 1876
1646476243483 0.9444773294009206 1877
1646476243523 0.9445260447722523 1878
1646476243549 0.9445745567772644 1879
1646476243590 0.9446228651943852 1880
1646476243617 0.944670969802973 1881
1646476243666 0.9447188703833168 1882
1646476243682 0.9447665667166376 1883
1646476243825 0.9448140585850893 1884
1646476243864 0.9448613457717595 1885
1646476243895 0.9449084280606709 1886
1646476243930 0.9449553052367818 1887
1646476243950 0.9450019770859874 1888
1646476243996 0.945048443395121 1889
1646476244031 0.9450947039519539 1890
1646476244157 0.9451407585451981 1891
1646476244199 0.9451866069645056 1892
1646476244231 0.9452322490004704 1893
1646476244268 0.9452776844446291 1894
1646476244298 0.9453229130894618 1895
1646476244336 0.9453679347283932 1896
1646476244366 0.9454127491557933 1897
1646476244491 0.9454573561669787 1898
1646476244533 0.9455017555582133 1899
1646476244563 0.9455459471267093 1900
1646476244597 0.9455899306706278 1901
1646476244627 0.9456337059890806 1902
1646476244663 0.94567727288213 1903
1646476244682 0.9457206311507905 1904
1646476244830 0.9457637805970296 1905
1646476244876 0.9458067210237683 1906
1646476244908 0.9458494522348823 1907
1646476244943 0.9458919740352029 1908
1646476244965 0.9459342862305179 1909
1646476245008 0.9459763886275725 1910
1646476245038 0.94601828103407 1911
1646476245166 0.9460599632586728 1912
1646476245209 0.9461014351110035 1913
1646476245239 0.9461426964016452 1914
1646476245284 0.9461837469421428 1915
1646476245329 0.9462245865450041 1916
1646476245376 0.9462652150236998 1917
1646476245432 0.9463056321926654 1918
1646476245703 0.9463458378673011 1919
1646476245753 0.9463858318639733 1920
1646476245807 0.9464256140000151 1921
1646476245848 0.9464651840937276 1922
1646476245914 0.9465045419643797 1923
1646476245961 0.9465436874322102 1924
1646476246002 0.9465826203184277 1925
1646476246142 0.9466213404452118 1926
1646476246186 0.946659847635714 1927
1646476246222 0.9466981417140581 1928
1646476246260 0.9467362225053415 1929
1646476246282 0.9467740898356356 1930
1646476246336 0.9468117435319868 1931
1646476246365 0.9468491834224173 1932
1646476246518 0.9468864093359257 1933
1646476246563 0.946923421102488 1934
1646476246598 0.9469602185530582 1935
1646476246641 0.9469968015195694 1936
1646476246685 0.9470331698349341 1937
1646476246747 0.9470693233330452 1938
1646476246799 0.9471052618487766 1939
1646476246996 0.9471409852179846 1940
1646476247037 0.9471764932775076 1941
1646476247067 0.9472117858651679 1942
1646476247103 0.9472468628197714 1943
1646476247133 0.9472817239811093 1944
1646476247173 0.9473163691899582 1945
1646476247199 0.947350798288081 1946
1646476247321 0.9473850111182279 1947
1646476247364 0.9474190075241365 1948
1646476247394 0.9474527873505334 1949
1646476247432 0.9474863504431338 1950
1646476247468 0.9475196966486432 1951
1646476247507 0.9475528258147576 1952
1646476247532 0.9475857377901643 1953
1646476247651 0.9476184324245426 1954
1646476247689 0.9476509095685643 1955
1646476247721 0.9476831690738948 1956
1646476247761 0.9477152107931935 1957
1646476247798 0.9477470345801144 1958
1646476247840 0.947778640289307 1959
1646476247874 0.9478100277764165 1960
1646476247986 0.9478411968980854 1961
1646476248022 0.9478721475119529 1962
1646476248048 0.9479028794766567 1963
1646476248085 0.947933392651833 1964
1646476248115 0.947963686898117 1965
1646476248163 0.9479937620771444 1966
1646476248183 0.9480236180515509 1967
1646476248312 0.9480532546849737 1968
1646476248352 0.9480826718420517 1969
1646476248380 0.9481118693884264 1970
1646476248418 0.948140847190742 1971
1646476248449 0.9481696051166466 1972
1646476248485 0.9481981430347927 1973
1646476248513 0.9482264608148371 1974
1646476248639 0.9482545583274427 1975
1646476248683 0.9482824354442779 1976
1646476248714 0.9483100920380182 1977
1646476248752 0.9483375279823459 1978
1646476248786 0.9483647431519514 1979
1646476248830 0.9483917374225332 1980
1646476248849 0.9484185106707991 1981
1646476248974 0.9484450627744657 1982
1646476249013 0.9484713936122604 1983
1646476249043 0.9484975030639208 1984
1646476249081 0.9485233910101957 1985
1646476249115 0.9485490573328457 1986
1646476249179 0.9485745019146433 1987
1646476249235 0.9485997246393744 1988
1646476249457 0.9486247253918375 1989
1646476249510 0.9486495040578454 1990
1646476249532 0.9486740605242252 1991
1646476249588 0.9486983946788186 1992
1646476249631 0.9487225064104828 1993
1646476249665 0.9487463956090911 1994
1646476249711 0.948770062165533 1995
1646476249847 0.9487935059717147 1996
1646476249896 0.9488167269205602 1997
1646476249942 0.948839724906011 1998
1646476249981 0.9488624998230272 1999
1646476250023 0.9488850515675875 2000
1646476250049 0.9489073800366903 2001
1646476250091 0.9489294851283532 2002
1646476250230 0.9489513667416146 2003
1646476250275 0.9489730247765333 2004
1646476250314 0.9489944591341893 2005
1646476250359 0.9490156697166843 2006
1646476250382 0.949036656427142 2007
1646476250425 0.9490574191697085 2008
1646476250450 0.9490779578495532 2009
1646476250681 0.9490982723728685 2010
1646476250721 0.9491183626468706 2011
1646476250751 0.9491382285798001 2012
1646476250788 0.9491578700809225 2013
1646476250814 0.9491772870605276 2014
1646476250858 0.9491964794299315 2015
1646476250883 0.9492154471014755 2016
1646476251009 0.9492341899885278 2017
1646476251045 0.9492527080054828 2018
1646476251074 0.9492710010677621 2019
1646476251107 0.9492890690918148 2020
1646476251133 0.9493069119951177 2021
1646476251178 0.949324529696176 2022
1646476251208 0.9493419221145234 2023
1646476251323 0.9493590891707224 2024
1646476251364 0.9493760307863651 2025
1646476251395 0.949392746884073 2026
1646476251427 0.9494092373874977 2027
1646476251458 0.9494255022213213 2028
1646476251492 0.9494415413112564 2029
1646476251518 0.9494573545840468 2030
1646476251634 0.9494729419674676 2031
1646476251670 0.9494883033903257 2032
1646476251698 0.94950343878246 2033
1646476251734 0.9495183480747419 2034
1646476251765 0.9495330311990751 2035
1646476251801 0.9495474880883967 2036
1646476251837 0.9495617186766769 2037
1646476251954 0.9495757228989194 2038
1646476251991 0.9495895006911622 2039
1646476252024 0.9496030519904771 2040
1646476252057 0.9496163767349703 2041
1646476252083 0.9496294748637832 2042
1646476252122 0.9496423463170919 2043
1646476252147 0.9496549910361077 2044
1646476252262 0.9496674089630779 2045
1646476252302 0.9496796000412853 2046
1646476252332 0.9496915642150489 2047
1646476252374 0.9497033014297239 2048
1646476252410 0.9497148116317027 2049
1646476252432 0.9497260947684136 2050
1646476252465 0.9497371507883229 2051
1646476252590 0.9497479796409335 2052
1646476252627 0.9497585812767863 2053
1646476252657 0.9497689556474599 2054
1646476252691 0.9497791027055708 2055
1646476252716 0.9497890224047737 2056
1646476252763 0.949798714699762 2057
1646476252798 0.9498081795462672 2058
1646476252989 0.9498174169010603 2059
1646476253060 0.9498264267219508 2060
1646476253115 0.9498352089677878 2061
1646476253169 0.9498437635984596 2062
1646476253232 0.9498520905748941 2063
1646476253285 0.949860189859059 2064
1646476253304 0.949868061413962 2065
1646476253480 0.9498757052036509 2066
1646476253522 0.9498831211932139 2067
1646476253557 0.9498903093487795 2068
1646476253606 0.9498972696375168 2069
1646476253647 0.9499040020276356 2070
1646476253695 0.9499105064883867 2071
1646476253731 0.949916782990062 2072
1646476253872 0.9499228315039944 2073
1646476253912 0.9499286520025583 2074
1646476253947 0.9499342444591692 2075
1646476253987 0.9499396088482844 2076
1646476254036 0.9499447451454031 2077
1646476254066 0.9499496533270657 2078
1646476254107 0.9499543333708549 2079
1646476254260 0.9499587852553952 2080
1646476254323 0.9499630089603534 2081
1646476254378 0.9499670044664381 2082
1646476254447 0.9499707717554007 2083
1646476254465 0.9499743108100344 2084
1646476254510 0.9499776216141751 2085
1646476254532 0.9499807041527013 2086
1646476254653 0.9499835584115339 2087
1646476254692 0.9499861843776365 2088
1646476254723 0.9499885820390154 2089
1646476254755 0.9499907513847194 2090
1646476254782 0.9499926924048406 2091
1646476254830 0.9499944050905136 2092
1646476254848 0.9499958894339159 2093
1646476254973 0.949997145428268 2094
1646476255011 0.9499981730678333 2095
1646476255041 0.9499989723479183 2096
1646476255092 0.9499995432648722 2097
1646476255162 0.9499998858160876 2098
1646476255210 0.95 2099
1646476255242 0.9499998858160876 2100
