1647222002190 0.5936508178710938 0
1647222010704 0.841269850730896 1
1647222019230 0.920634925365448 2
1647222028234 0.9396825432777405 3
1647222036607 0.9460317492485046 4
1647222047024 0.9555555582046509 5
1647222057126 0.9873015880584717 6
1647222067509 0.9809523820877075 7
1647222075954 0.9873015880584717 8
1647222084407 0.9936507940292358 9
1647222092993 0.9904761910438538 10
1647222101390 0.9936507940292358 11
1647222111833 0.9873015880584717 12
1647222120231 1.0 13
1647222130485 0.9968253970146179 14
1647222138924 0.9968253970146179 15
1647222147337 0.9968253970146179 16
1647222157621 1.0 17
1647222167831 0.9873015880584717 18
1647222178081 0.9904761910438538 19
1647222186516 0.9904761910438538 20
1647222196773 0.9936507940292358 21
1647222205400 1.0 22
1647222251176 0.9873015880584717 23
