1647222002190 0.9865172505378723 0
1647222010704 0.4948456287384033 1
1647222019230 0.2854096293449402 2
1647222028234 0.20752209424972534 3
1647222036607 0.1641622632741928 4
1647222047024 0.12141674011945724 5
1647222057126 0.08035421371459961 6
1647222067509 0.0920323058962822 7
1647222075954 0.056780945509672165 8
1647222084407 0.04482664167881012 9
1647222092993 0.03528691083192825 10
1647222101390 0.04315272718667984 11
1647222111833 0.04142400622367859 12
1647222120231 0.020898805931210518 13
1647222130485 0.019992589950561523 14
1647222138924 0.021918252110481262 15
1647222147337 0.014996383339166641 16
1647222157621 0.016594594344496727 17
1647222167831 0.044612519443035126 18
1647222178081 0.023502115160226822 19
1647222186516 0.0265984944999218 20
1647222196773 0.0397300161421299 21
1647222205400 0.009721568785607815 22
1647222251176 0.04142400622367859 23
