1646514600876 0.20370370149612427 0
1646514601253 0.24074074625968933 1
1646514601990 0.31018519401550293 2
1646514602550 0.28240740299224854 3
1646514602968 0.3611111044883728 4
1646514603591 0.44907405972480774 5
1646514603912 0.41203704476356506 6
1646514604213 0.5277777910232544 7
1646514604548 0.5231481194496155 8
1646514604844 0.5833333134651184 9
1646514605216 0.5972222089767456 10
1646514605652 0.6805555820465088 11
1646514606191 0.6388888955116272 12
1646514606551 0.6574074029922485 13
1646514606931 0.6388888955116272 14
1646514607467 0.6805555820465088 15
1646514607826 0.6666666865348816 16
1646514608156 0.6851851940155029 17
1646514608488 0.6851851940155029 18
1646514608856 0.7175925970077515 19
1646514609256 0.7361111044883728 20
1646514610151 0.7083333134651184 21
1646514610689 0.7916666865348816 22
1646514611271 0.7268518805503845 23
1646514611743 0.7685185074806213 24
1646514612091 0.7870370149612427 25
1646514612445 0.7314814925193787 26
1646514612779 0.7962962985038757 27
1646514613278 0.8009259104728699 28
1646514613749 0.8194444179534912 29
1646514614135 0.8240740895271301 30
1646514614734 0.8009259104728699 31
1646514615203 0.8194444179534912 32
1646514615588 0.7916666865348816 33
1646514615938 0.8101851940155029 34
1646514616282 0.8240740895271301 35
1646514616637 0.8240740895271301 36
1646514617259 0.8194444179534912 37
1646514617725 0.8379629850387573 38
1646514618139 0.8657407164573669 39
1646514618699 0.8194444179534912 40
1646514619030 0.7870370149612427 41
1646514619362 0.8240740895271301 42
1646514619718 0.8287037014961243 43
1646514620047 0.8379629850387573 44
1646514620432 0.8796296119689941 45
1646514620924 0.8333333134651184 46
1646514621312 0.8657407164573669 47
1646514621657 0.8611111044883728 48
1646514622209 0.8796296119689941 49
1646514622531 0.875 50
1646514622849 0.8611111044883728 51
1646514623197 0.8611111044883728 52
1646514623513 0.8981481194496155 53
1646514623844 0.9027777910232544 54
1646514624167 0.8611111044883728 55
1646514624656 0.8703703880310059 56
1646514625097 0.8935185074806213 57
1646514625531 0.8935185074806213 58
1646514626123 0.9027777910232544 59
1646514626487 0.8935185074806213 60
1646514626832 0.8935185074806213 61
1646514627130 0.9259259104728699 62
1646514627453 0.8796296119689941 63
1646514627754 0.9120370149612427 64
1646514628154 0.9120370149612427 65
1646514628605 0.9166666865348816 66
1646514628969 0.9120370149612427 67
1646514629376 0.9166666865348816 68
1646514629798 0.9074074029922485 69
1646514630117 0.9259259104728699 70
1646514630414 0.9351851940155029 71
1646514630715 0.9490740895271301 72
1646514631018 0.9027777910232544 73
1646514631345 0.9212962985038757 74
1646514631645 0.9351851940155029 75
1646514632129 0.9074074029922485 76
1646514632533 0.9351851940155029 77
1646514632901 0.9351851940155029 78
1646514633402 0.9166666865348816 79
1646514633703 0.8981481194496155 80
1646514634004 0.9490740895271301 81
1646514634369 0.9398148059844971 82
1646514634665 0.9583333134651184 83
1646514634984 0.9351851940155029 84
1646514635315 0.9490740895271301 85
1646514635718 0.9259259104728699 86
1646514636155 0.9768518805503845 87
1646514636507 0.9074074029922485 88
1646514636891 0.9305555820465088 89
1646514637277 0.9675925970077515 90
1646514637592 0.9629629850387573 91
1646514637908 0.9490740895271301 92
1646514638227 0.9861111044883728 93
1646514638540 0.9629629850387573 94
1646514638862 0.9166666865348816 95
1646514639178 0.9259259104728699 96
1646514639695 0.9537037014961243 97
1646514640058 0.9444444179534912 98
1646514640412 0.9814814925193787 99
1646514640902 0.9583333134651184 100
1646514641275 0.9675925970077515 101
1646514641649 0.9351851940155029 102
1646514641996 0.9537037014961243 103
1646514642366 0.9537037014961243 104
1646514642686 0.9768518805503845 105
1646514643154 0.9768518805503845 106
1646514643575 0.9537037014961243 107
1646514643958 0.9444444179534912 108
1646514644450 0.9675925970077515 109
1646514644852 0.9768518805503845 110
1646514645216 0.9444444179534912 111
1646514645530 0.9490740895271301 112
1646514645839 0.9722222089767456 113
1646514646163 0.9629629850387573 114
1646514646471 0.9722222089767456 115
1646514646964 0.9907407164573669 116
1646514647368 0.9444444179534912 117
1646514647742 0.9722222089767456 118
1646514648268 0.9722222089767456 119
1646514648634 0.9907407164573669 120
1646514648941 0.9629629850387573 121
1646514649270 0.9629629850387573 122
1646514649605 0.9675925970077515 123
1646514650047 0.9814814925193787 124
1646514650485 0.9629629850387573 125
1646514650929 0.9768518805503845 126
1646514651380 0.9861111044883728 127
1646514651881 0.9768518805503845 128
1646514652200 0.9953703880310059 129
1646514652519 0.9722222089767456 130
1646514652836 0.9953703880310059 131
1646514653171 0.9907407164573669 132
1646514653508 0.9861111044883728 133
1646514653819 0.9444444179534912 134
1646514654268 0.9861111044883728 135
1646514654775 0.9861111044883728 136
1646514655536 0.9675925970077515 137
1646514656024 0.9861111044883728 138
1646514656417 0.9861111044883728 139
1646514656803 0.9629629850387573 140
1646514657233 0.9907407164573669 141
1646514657899 0.9953703880310059 142
1646514658758 0.9953703880310059 143
1646514659304 0.9953703880310059 144
1646514659953 0.9722222089767456 145
1646514660451 0.9768518805503845 146
1646514660823 0.9907407164573669 147
1646514661177 0.9907407164573669 148
1646514661510 0.9861111044883728 149
1646514662099 0.9907407164573669 150
1646514662524 0.9861111044883728 151
1646514662943 0.9722222089767456 152
1646514663436 0.9907407164573669 153
1646514663791 0.9722222089767456 154
1646514664137 0.9814814925193787 155
1646514664440 0.9675925970077515 156
1646514664753 0.9814814925193787 157
1646514665138 0.9953703880310059 158
1646514665685 0.9814814925193787 159
1646514666345 0.9953703880310059 160
1646514666959 0.9861111044883728 161
1646514667599 1.0 162
1646514668238 0.9953703880310059 163
1646514668665 0.9861111044883728 164
1646514669164 0.9953703880310059 165
1646514669898 0.9861111044883728 166
1646514670524 0.9861111044883728 167
1646514671227 0.9814814925193787 168
1646514671871 0.9907407164573669 169
1646514672695 0.9907407164573669 170
1646514673437 0.9953703880310059 171
1646514674179 0.9907407164573669 172
1646514675789 0.9814814925193787 173
1646514676917 1.0 174
1646514677581 0.9953703880310059 175
1646514678510 1.0 176
1646514679293 0.9907407164573669 177
1646514679723 0.9953703880310059 178
1646514680162 0.9907407164573669 179
1646514680738 0.9953703880310059 180
1646514681257 0.9907407164573669 181
1646514681700 0.9861111044883728 182
1646514682259 0.9907407164573669 183
1646514682844 0.9861111044883728 184
1646514683250 1.0 185
1646514683597 0.9907407164573669 186
1646514684213 0.9907407164573669 187
1646514684530 0.9814814925193787 188
1646514684856 1.0 189
1646514685173 1.0 190
1646514685499 1.0 191
1646514685818 0.9907407164573669 192
1646514686167 0.9907407164573669 193
1646514686687 0.9953703880310059 194
1646514687100 1.0 195
1646514687506 1.0 196
1646514688066 0.9953703880310059 197
1646514688397 0.9907407164573669 198
1646514688713 0.9953703880310059 199
1646514689099 1.0 200
1646514689465 0.9953703880310059 201
1646514689866 0.9953703880310059 202
1646514690408 1.0 203
1646514690851 0.9907407164573669 204
1646514691221 1.0 205
1646514691695 0.9907407164573669 206
1646514692004 0.9907407164573669 207
1646514692358 0.9953703880310059 208
1646514692710 0.9861111044883728 209
1646514693026 0.9953703880310059 210
1646514693332 1.0 211
1646514693651 0.9953703880310059 212
1646514694152 1.0 213
1646514694532 1.0 214
1646514694883 0.9953703880310059 215
1646514695400 1.0 216
1646514695685 1.0 217
1646514695985 1.0 218
1646514696346 1.0 219
1646514696693 0.9861111044883728 220
1646514697048 0.9953703880310059 221
1646514697420 0.9953703880310059 222
1646514698043 1.0 223
1646514698471 0.9953703880310059 224
1646514698817 0.9907407164573669 225
1646514699350 0.9814814925193787 226
1646514699726 0.9861111044883728 227
1646514700116 0.9907407164573669 228
1646514700582 1.0 229
1646514700901 0.9953703880310059 230
1646514701213 1.0 231
1646514701529 0.9907407164573669 232
1646514701832 0.9953703880310059 233
1646514702151 0.9953703880310059 234
1646514702461 0.9953703880310059 235
1646514702958 0.9814814925193787 236
1646514703328 0.9814814925193787 237
1646514703685 1.0 238
1646514704169 1.0 239
1646514704471 0.9907407164573669 240
1646514704788 0.9861111044883728 241
1646514705222 1.0 242
1646514705613 0.9953703880310059 243
1646514706174 1.0 244
1646514707572 1.0 245
1646514708024 0.9953703880310059 246
1646514708511 1.0 247
1646514709038 1.0 248
1646514709361 0.9907407164573669 249
1646514709674 1.0 250
1646514710016 0.9907407164573669 251
1646514710336 1.0 252
1646514710659 0.9861111044883728 253
1646514710975 1.0 254
1646514711492 1.0 255
1646514711860 1.0 256
1646514712224 1.0 257
1646514712722 0.9953703880310059 258
1646514713024 1.0 259
1646514713328 0.9953703880310059 260
1646514713642 1.0 261
1646514713942 0.9907407164573669 262
1646514714274 1.0 263
1646514714577 0.9953703880310059 264
1646514715055 0.9953703880310059 265
1646514715458 1.0 266
1646514715852 0.9907407164573669 267
1646514716364 0.9907407164573669 268
1646514716655 0.9953703880310059 269
1646514716958 0.9768518805503845 270
1646514717260 1.0 271
1646514717554 1.0 272
1646514717854 0.9953703880310059 273
1646514718176 1.0 274
1646514718494 1.0 275
1646514719078 1.0 276
1646514719483 0.9953703880310059 277
1646514719880 0.9953703880310059 278
1646514720421 0.9953703880310059 279
1646514720841 0.9953703880310059 280
1646514721279 1.0 281
1646514721821 0.9953703880310059 282
1646514722184 1.0 283
1646514723097 1.0 284
1646514723659 0.9953703880310059 285
1646514724357 0.9953703880310059 286
1646514724724 1.0 287
1646514725088 1.0 288
1646514725467 0.9953703880310059 289
1646514725834 0.9814814925193787 290
1646514726370 1.0 291
1646514726818 0.9907407164573669 292
1646514727192 0.9953703880310059 293
1646514727807 1.0 294
1646514728168 0.9953703880310059 295
1646514728517 0.9953703880310059 296
1646514728820 1.0 297
1646514729136 0.9953703880310059 298
1646514729462 1.0 299
