1646514600876 1.435963749885559 0
1646514601253 1.4115214347839355 1
1646514601990 1.374875783920288 2
1646514602550 1.3576829433441162 3
1646514602968 1.3112159967422485 4
1646514603591 1.2751930952072144 5
1646514603912 1.2758793830871582 6
1646514604213 1.2252469062805176 7
1646514604548 1.20794677734375 8
1646514604844 1.1568036079406738 9
1646514605216 1.118632435798645 10
1646514605652 1.0748111009597778 11
1646514606191 1.0383943319320679 12
1646514606551 1.0163729190826416 13
1646514606931 0.9606373906135559 14
1646514607467 0.932611882686615 15
1646514607826 0.8664517998695374 16
1646514608156 0.8225669860839844 17
1646514608488 0.8006849884986877 18
1646514608856 0.7412054538726807 19
1646514609256 0.7120214104652405 20
1646514610151 0.748464822769165 21
1646514610689 0.6286535859107971 22
1646514611271 0.6501495242118835 23
1646514611743 0.5973763465881348 24
1646514612091 0.589020848274231 25
1646514612445 0.6173666715621948 26
1646514612779 0.5391567945480347 27
1646514613278 0.5282258987426758 28
1646514613749 0.5286957621574402 29
1646514614135 0.4849526584148407 30
1646514614734 0.48091769218444824 31
1646514615203 0.4889208972454071 32
1646514615588 0.5148566365242004 33
1646514615938 0.46897315979003906 34
1646514616282 0.45448994636535645 35
1646514616637 0.4539414644241333 36
1646514617259 0.4343996047973633 37
1646514617725 0.4396360516548157 38
1646514618139 0.4198436141014099 39
1646514618699 0.4365230202674866 40
1646514619030 0.44455739855766296 41
1646514619362 0.3816458284854889 42
1646514619718 0.41301625967025757 43
1646514620047 0.39357686042785645 44
1646514620432 0.34419167041778564 45
1646514620924 0.39058348536491394 46
1646514621312 0.36211517453193665 47
1646514621657 0.3668941259384155 48
1646514622209 0.31742092967033386 49
1646514622531 0.3691800832748413 50
1646514622849 0.33920204639434814 51
1646514623197 0.36550021171569824 52
1646514623513 0.29144909977912903 53
1646514623844 0.25062793493270874 54
1646514624167 0.3362392485141754 55
1646514624656 0.2898979187011719 56
1646514625097 0.30742040276527405 57
1646514625531 0.286528080701828 58
1646514626123 0.2847508192062378 59
1646514626487 0.2666334807872772 60
1646514626832 0.24562634527683258 61
1646514627130 0.22803173959255219 62
1646514627453 0.25994497537612915 63
1646514627754 0.24254770576953888 64
1646514628154 0.23835887014865875 65
1646514628605 0.19385923445224762 66
1646514628969 0.25050127506256104 67
1646514629376 0.24307295680046082 68
1646514629798 0.23591886460781097 69
1646514630117 0.2358543574810028 70
1646514630414 0.20140716433525085 71
1646514630715 0.1545044183731079 72
1646514631018 0.2475939840078354 73
1646514631345 0.18514873087406158 74
1646514631645 0.15886074304580688 75
1646514632129 0.17123399674892426 76
1646514632533 0.1738409847021103 77
1646514632901 0.19092430174350739 78
1646514633402 0.1888725459575653 79
1646514633703 0.2418140321969986 80
1646514634004 0.15207640826702118 81
1646514634369 0.15722742676734924 82
1646514634665 0.13789987564086914 83
1646514634984 0.20046615600585938 84
1646514635315 0.15812057256698608 85
1646514635718 0.17170162498950958 86
1646514636155 0.09272490441799164 87
1646514636507 0.24858257174491882 88
1646514636891 0.14979349076747894 89
1646514637277 0.11588381975889206 90
1646514637592 0.11701022833585739 91
1646514637908 0.11455246061086655 92
1646514638227 0.08352469652891159 93
1646514638540 0.09731972962617874 94
1646514638862 0.15597228705883026 95
1646514639178 0.216143399477005 96
1646514639695 0.1231066882610321 97
1646514640058 0.14398865401744843 98
1646514640412 0.0788433626294136 99
1646514640902 0.08134064823389053 100
1646514641275 0.10663389414548874 101
1646514641649 0.16763828694820404 102
1646514641996 0.11907220631837845 103
1646514642366 0.11840437352657318 104
1646514642686 0.07334280759096146 105
1646514643154 0.07150082290172577 106
1646514643575 0.15267686545848846 107
1646514643958 0.15815356373786926 108
1646514644450 0.08595278859138489 109
1646514644852 0.08361465483903885 110
1646514645216 0.13806892931461334 111
1646514645530 0.1106247827410698 112
1646514645839 0.08412626385688782 113
1646514646163 0.10636971890926361 114
1646514646471 0.07972557097673416 115
1646514646964 0.045542024075984955 116
1646514647368 0.10417650640010834 117
1646514647742 0.08691483736038208 118
1646514648268 0.07237635552883148 119
1646514648634 0.04727744311094284 120
1646514648941 0.07490224391222 121
1646514649270 0.10622412711381912 122
1646514649605 0.059005215764045715 123
1646514650047 0.055339861661195755 124
1646514650485 0.09318200498819351 125
1646514650929 0.056089743971824646 126
1646514651380 0.04324750229716301 127
1646514651881 0.05573633685708046 128
1646514652200 0.030475392937660217 129
1646514652519 0.058923181146383286 130
1646514652836 0.031048603355884552 131
1646514653171 0.03170168772339821 132
1646514653508 0.04848511144518852 133
1646514653819 0.1624782532453537 134
1646514654268 0.05906899645924568 135
1646514654775 0.06359022110700607 136
1646514655536 0.19611701369285583 137
1646514656024 0.035313744097948074 138
1646514656417 0.06631292402744293 139
1646514656803 0.07519162446260452 140
1646514657233 0.03831001743674278 141
1646514657899 0.029532043263316154 142
1646514658758 0.029675792902708054 143
1646514659304 0.025638138875365257 144
1646514659953 0.06745205074548721 145
1646514660451 0.06239834427833557 146
1646514660823 0.04433892294764519 147
1646514661177 0.030461668968200684 148
1646514661510 0.04398641362786293 149
1646514662099 0.02822725474834442 150
1646514662524 0.04020461067557335 151
1646514662943 0.05142153799533844 152
1646514663436 0.036517929285764694 153
1646514663791 0.049959830939769745 154
1646514664137 0.05208601430058479 155
1646514664440 0.07368937879800797 156
1646514664753 0.04064612090587616 157
1646514665138 0.02480359934270382 158
1646514665685 0.04204029589891434 159
1646514666345 0.023459987714886665 160
1646514666959 0.024237502366304398 161
1646514667599 0.011715857312083244 162
1646514668238 0.02385532669723034 163
1646514668665 0.031421467661857605 164
1646514669164 0.02199133299291134 165
1646514669898 0.039972756057977676 166
1646514670524 0.03623151034116745 167
1646514671227 0.03659282252192497 168
1646514671871 0.0320708230137825 169
1646514672695 0.026977967470884323 170
1646514673437 0.013331128284335136 171
1646514674179 0.024930965155363083 172
1646514675789 0.05138152092695236 173
1646514676917 0.013878299854695797 174
1646514677581 0.012409561313688755 175
1646514678510 0.009755701757967472 176
1646514679293 0.032328829169273376 177
1646514679723 0.033608634024858475 178
1646514680162 0.03123469650745392 179
1646514680738 0.022449400275945663 180
1646514681257 0.029124269261956215 181
1646514681700 0.023180628195405006 182
1646514682259 0.025547774508595467 183
1646514682844 0.02858496457338333 184
1646514683250 0.004642668180167675 185
1646514683597 0.02169719897210598 186
1646514684213 0.022899804636836052 187
1646514684530 0.06130145490169525 188
1646514684856 0.014370466582477093 189
1646514685173 0.009072289802134037 190
1646514685499 0.01327028963714838 191
1646514685818 0.026767607778310776 192
1646514686167 0.025982985273003578 193
1646514686687 0.008293327875435352 194
1646514687100 0.006685712840408087 195
1646514687506 0.012268503196537495 196
1646514688066 0.018611205741763115 197
1646514688397 0.024303780868649483 198
1646514688713 0.012745033949613571 199
1646514689099 0.007224986329674721 200
1646514689465 0.016791585832834244 201
1646514689866 0.013291198760271072 202
1646514690408 0.01001752819865942 203
1646514690851 0.024256287142634392 204
1646514691221 0.009590440429747105 205
1646514691695 0.016569819301366806 206
1646514692004 0.037413910031318665 207
1646514692358 0.012034195475280285 208
1646514692710 0.030092136934399605 209
1646514693026 0.018746929243206978 210
1646514693332 0.013119072653353214 211
1646514693651 0.012185954488813877 212
1646514694152 0.007153704296797514 213
1646514694532 0.009202265180647373 214
1646514694883 0.012042428366839886 215
1646514695400 0.006347404792904854 216
1646514695685 0.005596319679170847 217
1646514695985 0.011088835075497627 218
1646514696346 0.006604522932320833 219
1646514696693 0.03651363030076027 220
1646514697048 0.020632585510611534 221
1646514697420 0.01156086940318346 222
1646514698043 0.006746347527951002 223
1646514698471 0.017293736338615417 224
1646514698817 0.0230869073420763 225
1646514699350 0.034835681319236755 226
1646514699726 0.041686274111270905 227
1646514700116 0.01549981813877821 228
1646514700582 0.008135925978422165 229
1646514700901 0.01632188819348812 230
1646514701213 0.005402063950896263 231
1646514701529 0.015160455368459225 232
1646514701832 0.018690690398216248 233
1646514702151 0.013929598964750767 234
1646514702461 0.013190350495278835 235
1646514702958 0.03323116526007652 236
1646514703328 0.061946988105773926 237
1646514703685 0.008398991078138351 238
1646514704169 0.00857313722372055 239
1646514704471 0.043272119015455246 240
1646514704788 0.027759423479437828 241
1646514705222 0.004362882114946842 242
1646514705613 0.00840524211525917 243
1646514706174 0.007186191156506538 244
1646514707572 0.008573903702199459 245
1646514708024 0.012409109622240067 246
1646514708511 0.010113485157489777 247
1646514709038 0.007616611663252115 248
1646514709361 0.020687056705355644 249
1646514709674 0.005926711019128561 250
1646514710016 0.013010632246732712 251
1646514710336 0.004655758384615183 252
1646514710659 0.04122985899448395 253
1646514710975 0.006215197499841452 254
1646514711492 0.008547109551727772 255
1646514711860 0.0028868871740996838 256
1646514712224 0.011133293621242046 257
1646514712722 0.015627693384885788 258
1646514713024 0.00831170566380024 259
1646514713328 0.017930924892425537 260
1646514713642 0.011367755942046642 261
1646514713942 0.016565676778554916 262
1646514714274 0.0047339387238025665 263
1646514714577 0.013417409732937813 264
1646514715055 0.008130447939038277 265
1646514715458 0.007012594491243362 266
1646514715852 0.014312749728560448 267
1646514716364 0.030895749107003212 268
1646514716655 0.016860106959939003 269
1646514716958 0.03715777024626732 270
1646514717260 0.009315228089690208 271
1646514717554 0.007376430090516806 272
1646514717854 0.017444847151637077 273
1646514718176 0.003196750534698367 274
1646514718494 0.010145639069378376 275
1646514719078 0.004590203054249287 276
1646514719483 0.01719849929213524 277
1646514719880 0.017223961651325226 278
1646514720421 0.011894769966602325 279
1646514720841 0.011766606010496616 280
1646514721279 0.008372210897505283 281
1646514721821 0.010736505500972271 282
1646514722184 0.008540655486285686 283
1646514723097 0.006537499371916056 284
1646514723659 0.013051716610789299 285
1646514724357 0.024266624823212624 286
1646514724724 0.0076707471162080765 287
1646514725088 0.0051607186906039715 288
1646514725467 0.025231676176190376 289
1646514725834 0.03214511647820473 290
1646514726370 0.00908552948385477 291
1646514726818 0.022752655670046806 292
1646514727192 0.011074512265622616 293
1646514727807 0.010056947357952595 294
1646514728168 0.013738851062953472 295
1646514728517 0.022702887654304504 296
1646514728820 0.010065438225865364 297
1646514729136 0.015941519290208817 298
1646514729462 0.008179782889783382 299
