1646514598960 0.95 0
1646514600005 0.9499993783330846 1
1646514600105 0.9499975133477971 2
1646514600159 0.9499944050905136 3
1646514600204 0.9499900536385262 4
1646514600243 0.9499844591000408 5
1646514600299 0.9499776216141751 6
1646514600344 0.9499695413509548 7
1646514600929 0.949960218511309 8
1646514600970 0.9499496533270657 9
1646514601001 0.9499378460609461 10
1646514601045 0.9499247970065575 11
1646514601092 0.9499105064883867 12
1646514601124 0.9498949748617913 13
1646514601161 0.9498782025129912 14
1646514601345 0.949860189859059 15
1646514601462 0.9498409373479095 16
1646514601562 0.9498204454582888 17
1646514601625 0.949798714699762 18
1646514601704 0.9497757456127007 19
1646514601775 0.94975153876827 20
1646514601827 0.9497260947684136 21
1646514602071 0.9496994142458393 22
1646514602132 0.9496714978640027 23
1646514602191 0.9496423463170918 24
1646514602264 0.9496119603300086 25
1646514602355 0.9495803406583515 26
1646514602417 0.9495474880883967 27
1646514602468 0.9495134034370785 28
1646514602605 0.9494780875519688 29
1646514602647 0.9494415413112564 30
1646514602709 0.9494037656237247 31
1646514602763 0.9493647614287297 32
1646514602802 0.949324529696176 33
1646514602863 0.9492830714264932 34
1646514602897 0.9492403876506104 35
1646514603027 0.9491964794299315 36
1646514603064 0.9491513478563078 37
1646514603110 0.9491049940520119 38
1646514603163 0.9490574191697085 39
1646514603205 0.9490086243924272 40
1646514603295 0.9489586109335315 41
1646514603391 0.9489073800366903 42
1646514603644 0.9488549329758454 43
1646514603684 0.9488012710551812 44
1646514603712 0.9487463956090911 45
1646514603749 0.9486903080021453 46
1646514603780 0.948633009629056 47
1646514603812 0.9485745019146433 48
1646514603843 0.9485147863137998 49
1646514603955 0.9484538643114538 50
1646514603976 0.9483917374225332 51
1646514604012 0.9483284071919273 52
1646514604048 0.9482638751944483 53
1646514604080 0.9481981430347927 54
1646514604112 0.9481312123475005 55
1646514604144 0.9480630847969159 56
1646514604273 0.9479937620771444 57
1646514604294 0.9479232459120117 58
1646514604328 0.9478515380550205 59
1646514604373 0.947778640289307 60
1646514604404 0.9477045544275962 61
1646514604439 0.9476292823121573 62
1646514604470 0.9475528258147576 63
1646514604591 0.9474751868366162 64
1646514604613 0.9473963673083565 65
1646514604644 0.9473163691899582 66
1646514604684 0.9472351944707085 67
1646514604713 0.947152845169153 68
1646514604746 0.9470693233330452 69
1646514604777 0.9469846310392954 70
1646514604892 0.9468987703939197 71
1646514604932 0.9468117435319868 72
1646514604979 0.9467235526175657 73
1646514605014 0.9466341998436714 74
1646514605055 0.9465436874322102 75
1646514605086 0.9464520176339251 76
1646514605134 0.9463591927283393 77
1646514605271 0.9462652150236998 78
1646514605347 0.9461700868569197 79
1646514605388 0.9460738105935204 80
1646514605430 0.9459763886275725 81
1646514605467 0.9458778233816366 82
1646514605514 0.9457781173067029 83
1646514605553 0.94567727288213 84
1646514605745 0.9455752926155836 85
1646514605817 0.9454721790429741 86
1646514605878 0.9453679347283932 87
1646514605938 0.9452625622640507 88
1646514605989 0.9451560642702095 89
1646514606028 0.945048443395121 90
1646514606075 0.9449397023149583 91
1646514606245 0.944829843733751 92
1646514606270 0.9447188703833168 93
1646514606301 0.9446067850231942 94
1646514606346 0.9444935904405733 95
1646514606377 0.9443792894502276 96
1646514606421 0.9442638848944427 97
1646514606461 0.9441473796429463 98
1646514606601 0.9440297765928368 99
1646514606647 0.9439110786685114 100
1646514606678 0.9437912888215928 101
1646514606719 0.9436704100308564 102
1646514606746 0.9435484453021562 103
1646514606798 0.9434253976683494 104
1646514606846 0.9433012701892219 105
1646514607031 0.9431760659514115 106
1646514607093 0.9430497880683315 107
1646514607154 0.9429224396800933 108
1646514607265 0.9427940239534279 109
1646514607316 0.9426645440816077 110
1646514607355 0.942534003284367 111
1646514607386 0.9424024048078212 112
1646514607502 0.9422697519243874 113
1646514607555 0.9421360479327019 114
1646514607602 0.9420012961575386 115
1646514607633 0.9418654999497261 116
1646514607670 0.941728662686065 117
1646514607701 0.9415907877692434 118
1646514607732 0.941451878627752 119
1646514607855 0.9413119387157997 120
1646514607897 0.9411709715132269 121
1646514607943 0.9410289805254195 122
1646514607978 0.9408859692832215 123
1646514608009 0.9407419413428472 124
1646514608047 0.9405969002857928 125
1646514608087 0.9404508497187474 126
1646514608205 0.9403037932735031 127
1646514608241 0.9401557346068651 128
1646514608271 0.9400066774005603 129
1646514608306 0.9398566253611461 130
1646514608337 0.9397055822199181 131
1646514608375 0.9395535517328171 132
1646514608406 0.939400537680336 133
1646514608531 0.9392465438674261 134
1646514608571 0.9390915741234015 135
1646514608602 0.9389356323018446 136
1646514608633 0.9387787222805106 137
1646514608672 0.9386208479612299 138
1646514608704 0.9384620132698124 139
1646514608735 0.9383022221559488 140
1646514608902 0.9381414785931133 141
1646514608944 0.9379797865784638 142
1646514608987 0.9378171501327436 143
1646514609029 0.9376535733001805 144
1646514609072 0.9374890601483866 145
1646514609117 0.9373236147682574 146
1646514609172 0.9371572412738697 147
1646514609339 0.9369899438023792 148
1646514609438 0.936821726513918 149
1646514609521 0.9366525935914912 150
1646514609633 0.9364825492408725 151
1646514609724 0.9363115976904997 152
1646514609785 0.9361397431913695 153
1646514609877 0.9359669900169325 154
1646514610220 0.9357933424629858 155
1646514610293 0.9356188048475672 156
1646514610344 0.9354433815108469 157
1646514610415 0.9352670768150204 158
1646514610464 0.9350898951441995 159
1646514610517 0.9349118409043036 160
1646514610568 0.9347329185229498 161
1646514610760 0.9345531324493432 162
1646514610813 0.9343724871541659 163
1646514610881 0.9341909871294659 164
1646514610934 0.934008636888546 165
1646514610977 0.9338254409658502 166
1646514611020 0.9336414039168526 167
1646514611091 0.9334565303179428 168
1646514611334 0.9332708247663131 169
1646514611395 0.933084291879843 170
1646514611496 0.9328969362969856 171
1646514611557 0.9327087626766517 172
1646514611591 0.9325197756980937 173
1646514611620 0.9323299800607899 174
1646514611651 0.9321393804843269 175
1646514611776 0.9319479817082827 176
1646514611812 0.9317557884921089 177
1646514611843 0.9315628056150119 178
1646514611891 0.9313690378758346 179
1646514611922 0.9311744900929366 180
1646514611966 0.9309791671040749 181
1646514611991 0.9307830737662829 182
1646514612137 0.9305862149557502 183
1646514612162 0.9303885955677015 184
1646514612207 0.9301902205162739 185
1646514612241 0.9299910947343957 186
1646514612276 0.9297912231736634 187
1646514612317 0.9295906108042183 188
1646514612348 0.9293892626146236 189
1646514612476 0.9291871836117395 190
1646514612514 0.9289843788205991 191
1646514612546 0.9287808532842836 192
1646514612576 0.9285766120637968 193
1646514612623 0.928371660237939 194
1646514612676 0.9281660029031811 195
1646514612708 0.9279596451735372 196
1646514612834 0.9277525921804387 197
1646514612872 0.927544849072605 198
1646514612908 0.9273364210159172 199
1646514612942 0.9271273131932879 200
1646514612992 0.9269175308045341 201
1646514613046 0.9267070790662464 202
1646514613107 0.9264959632116602 203
1646514613361 0.9262841884905252 204
1646514613422 0.9260717601689749 205
1646514613473 0.9258586835293956 206
1646514613514 0.9256449638702953 207
1646514613562 0.9254306065061715 208
1646514613598 0.9252156167673797 209
1646514613641 0.9249999999999999 210
1646514613788 0.9247837615657049 211
1646514613826 0.9245669068416256 212
1646514613863 0.9243494412202183 213
1646514613894 0.9241313701091305 214
1646514613933 0.9239126989310659 215
1646514613963 0.9236934331236499 216
1646514614004 0.9234735781392945 217
1646514614186 0.9232531394450625 218
1646514614225 0.9230321225225315 219
1646514614264 0.9228105328676581 220
1646514614311 0.9225883759906404 221
1646514614364 0.9223656574157816 222
1646514614503 0.9221423826813525 223
1646514614547 0.9219185573394538 224
1646514614793 0.9216941869558779 225
1646514614836 0.9214692771099704 226
1646514614867 0.9212438333944919 227
1646514614911 0.9210178614154783 228
1646514614942 0.9207913667921016 229
1646514614987 0.9205643551565306 230
1646514615018 0.9203368321537899 231
1646514615254 0.9201088034416208 232
1646514615288 0.9198802746903394 233
1646514615319 0.9196512515826961 234
1646514615361 0.9194217398137348 235
1646514615388 0.9191917450906499 236
1646514615428 0.9189612731326464 237
1646514615459 0.9187303296707956 238
1646514615635 0.9184989204478939 239
1646514615671 0.9182670512183198 240
1646514615704 0.9180347277478902 241
1646514615739 0.9178019558137178 242
1646514615771 0.9175687412040671 243
1646514615810 0.9173350897182103 244
1646514615841 0.9171010071662834 245
1646514615981 0.9168664993691414 246
1646514616008 0.9166315721582141 247
1646514616039 0.9163962313753602 248
1646514616089 0.916160482872723 249
1646514616120 0.9159243325125842 250
1646514616157 0.9156877861672185 251
1646514616189 0.9154508497187474 252
1646514616333 0.9152135290589928 253
1646514616379 0.9149758300893309 254
1646514616421 0.9147377587205452 255
1646514616459 0.9144993208726793 256
1646514616489 0.9142605224748901 257
1646514616526 0.9140213694653001 258
1646514616557 0.9137818677908499 259
1646514616690 0.9135420234071502 260
1646514616737 0.9133018422783337 261
1646514616821 0.9130613303769068 262
1646514616884 0.9128204936836014 263
1646514616945 0.9125793381872254 264
1646514616995 0.9123378698845146 265
1646514617067 0.9120960947799833 266
1646514617320 0.9118540188857749 267
1646514617381 0.9116116482215121 268
1646514617442 0.9113689888141481 269
1646514617501 0.9111260466978157 270
1646514617554 0.910882827913678 271
1646514617605 0.9106393385097781 272
1646514617646 0.910395584540888 273
1646514617772 0.9101515720683587 274
1646514617821 0.9099073071599698 275
1646514617852 0.9096627958897776 276
1646514617905 0.9094180443379648 277
1646514617936 0.9091730585906891 278
1646514617982 0.9089278447399318 279
1646514618021 0.9086824088833465 280
1646514618195 0.9084367571241072 281
1646514618243 0.9081908955707568 282
1646514618353 0.9079448303370551 283
1646514618418 0.9076985675418267 284
1646514618489 0.9074521133088087 285
1646514618548 0.907205473766499 286
1646514618611 0.9069586550480032 287
1646514618729 0.9067116632908827 288
1646514618767 0.9064645046370017 289
1646514618799 0.9062171852323743 290
1646514618830 0.9059697112270122 291
1646514618877 0.9057220887747716 292
1646514618909 0.9054743240331998 293
1646514618945 0.9052264231633826 294
1646514619071 0.9049783923297908 295
1646514619113 0.9047302377001268 296
1646514619146 0.9044819654451717 297
1646514619191 0.9042335817386311 298
1646514619230 0.9039850927569826 299
1646514619261 0.9037365046793212 300
1646514619292 0.9034878236872063 301
1646514619422 0.9032390559645076 302
1646514619457 0.9029902076972517 303
1646514619488 0.902741285073468 304
1646514619531 0.9024922942830348 305
1646514619562 0.9022432415175257 306
1646514619603 0.9019941329700553 307
1646514619647 0.9017449748351251 308
1646514619769 0.9014957733084699 309
1646514619796 0.9012465345869036 310
1646514619831 0.9009972648681649 311
1646514619878 0.9007479703507631 312
1646514619909 0.9004986572338246 313
1646514619947 0.9002493317169379 314
1646514619962 0.8999999999999999 315
1646514620096 0.899750668283062 316
1646514620147 0.8995013427661753 317
1646514620186 0.8992520296492368 318
1646514620231 0.899002735131835 319
1646514620267 0.8987534654130963 320
1646514620309 0.8985042266915301 321
1646514620347 0.8982550251648749 322
1646514620474 0.8980058670299448 323
1646514620513 0.8977567584824743 324
1646514620563 0.8975077057169651 325
1646514620608 0.897258714926532 326
1646514620658 0.8970097923027482 327
1646514620720 0.8967609440354923 328
1646514620779 0.8965121763127937 329
1646514620990 0.8962634953206787 330
1646514621019 0.8960149072430174 331
1646514621065 0.8957664182613688 332
1646514621119 0.8955180345548283 333
1646514621166 0.8952697622998731 334
1646514621198 0.8950216076702091 335
1646514621234 0.8947735768366173 336
1646514621355 0.8945256759668001 337
1646514621396 0.8942779112252284 338
1646514621435 0.8940302887729877 339
1646514621474 0.8937828147676257 340
1646514621505 0.8935354953629984 341
1646514621535 0.8932883367091172 342
1646514621566 0.8930413449519967 343
1646514621721 0.892794526233501 344
1646514621770 0.8925478866911912 345
1646514621816 0.8923014324581733 346
1646514621851 0.8920551696629448 347
1646514621895 0.8918091044292431 348
1646514621996 0.8915632428758927 349
1646514622058 0.8913175911166534 350
1646514622262 0.8910721552600681 351
1646514622286 0.8908269414093108 352
1646514622317 0.8905819556620351 353
1646514622361 0.8903372041102223 354
1646514622394 0.8900926928400301 355
1646514622427 0.8898484279316412 356
1646514622459 0.8896044154591121 357
1646514622579 0.8893606614902219 358
1646514622609 0.8891171720863219 359
1646514622640 0.8888739533021842 360
1646514622678 0.8886310111858519 361
1646514622710 0.8883883517784879 362
1646514622748 0.8881459811142252 363
1646514622778 0.8879039052200166 364
1646514622902 0.8876621301154852 365
1646514622925 0.8874206618127746 366
1646514622972 0.8871795063163985 367
1646514623002 0.8869386696230931 368
1646514623033 0.8866981577216662 369
1646514623079 0.8864579765928498 370
1646514623126 0.88621813220915 371
1646514623230 0.8859786305346998 372
1646514623273 0.8857394775251098 373
1646514623310 0.8855006791273207 374
1646514623344 0.8852622412794547 375
1646514623379 0.885024169910669 376
1646514623410 0.8847864709410072 377
1646514623442 0.8845491502812526 378
1646514623561 0.8843122138327815 379
1646514623584 0.8840756674874157 380
1646514623615 0.8838395171272769 381
1646514623658 0.8836037686246397 382
1646514623695 0.8833684278417859 383
1646514623728 0.8831335006308585 384
1646514623760 0.8828989928337165 385
1646514623895 0.8826649102817896 386
1646514623919 0.8824312587959329 387
1646514623951 0.8821980441862821 388
1646514623995 0.8819652722521097 389
1646514624027 0.8817329487816802 390
1646514624060 0.881501079552106 391
1646514624095 0.8812696703292043 392
1646514624214 0.8810387268673535 393
1646514624234 0.88080825490935 394
1646514624280 0.8805782601862653 395
1646514624336 0.8803487484173038 396
1646514624403 0.8801197253096605 397
1646514624463 0.8798911965583791 398
1646514624524 0.87966316784621 399
1646514624717 0.8794356448434694 400
1646514624761 0.8792086332078983 401
1646514624808 0.8789821385845217 402
1646514624862 0.878756166605508 403
1646514624909 0.8785307228900295 404
1646514624956 0.878305813044122 405
1646514625003 0.8780814426605461 406
1646514625150 0.8778576173186474 407
1646514625206 0.8776343425842184 408
1646514625261 0.8774116240093596 409
1646514625313 0.8771894671323418 410
1646514625346 0.8769678774774684 411
1646514625400 0.8767468605549374 412
1646514625432 0.8765264218607054 413
1646514625600 0.87630656687635 414
1646514625646 0.8760873010689341 415
1646514625693 0.8758686298908694 416
1646514625762 0.8756505587797816 417
1646514625840 0.8754330931583744 418
1646514625900 0.8752162384342951 419
1646514625959 0.875 420
1646514626158 0.8747843832326203 421
1646514626200 0.8745693934938285 422
1646514626251 0.8743550361297047 423
1646514626283 0.8741413164706043 424
1646514626315 0.8739282398310251 425
1646514626366 0.8737158115094747 426
1646514626398 0.8735040367883398 427
1646514626532 0.8732929209337535 428
1646514626570 0.8730824691954658 429
1646514626602 0.872872686806712 430
1646514626651 0.8726635789840828 431
1646514626683 0.8724551509273949 432
1646514626731 0.8722474078195612 433
1646514626752 0.8720403548264626 434
1646514626874 0.8718339970968189 435
1646514626897 0.8716283397620609 436
1646514626928 0.8714233879362031 437
1646514626969 0.8712191467157163 438
1646514627000 0.8710156211794009 439
1646514627033 0.8708128163882605 440
1646514627053 0.8706107373853763 441
1646514627182 0.8704093891957816 442
1646514627213 0.8702087768263366 443
1646514627244 0.8700089052656043 444
1646514627279 0.8698097794837261 445
1646514627310 0.8696114044322985 446
1646514627353 0.8694137850442496 447
1646514627384 0.869216926233717 448
1646514627493 0.869020832895925 449
1646514627515 0.8688255099070633 450
1646514627554 0.8686309621241654 451
1646514627586 0.868437194384988 452
1646514627617 0.868244211507891 453
1646514627654 0.8680520182917172 454
1646514627685 0.8678606195156731 455
1646514627801 0.86767001993921 456
1646514627823 0.8674802243019062 457
1646514627869 0.8672912373233482 458
1646514627900 0.8671030637030144 459
1646514627931 0.8669157081201571 460
1646514627954 0.866729175233687 461
1646514628001 0.8665434696820571 462
1646514628232 0.8663585960831474 463
1646514628287 0.8661745590341497 464
1646514628359 0.865991363111454 465
1646514628409 0.865809012870534 466
1646514628463 0.8656275128458341 467
1646514628496 0.8654468675506567 468
1646514628538 0.8652670814770501 469
1646514628649 0.8650881590956964 470
1646514628686 0.8649101048558004 471
1646514628717 0.8647329231849795 472
1646514628764 0.864556618489153 473
1646514628796 0.8643811951524327 474
1646514628833 0.8642066575370141 475
1646514628880 0.8640330099830674 476
1646514629020 0.8638602568086304 477
1646514629066 0.8636884023095003 478
1646514629113 0.8635174507591274 479
1646514629150 0.8633474064085087 480
1646514629181 0.8631782734860819 481
1646514629224 0.8630100561976208 482
1646514629250 0.8628427587261303 483
1646514629470 0.8626763852317425 484
1646514629572 0.8625109398516133 485
1646514629597 0.8623464266998194 486
1646514629638 0.8621828498672562 487
1646514629669 0.8620202134215361 488
1646514629699 0.8618585214068867 489
1646514629730 0.8616977778440511 490
1646514629839 0.8615379867301876 491
1646514629864 0.86137915203877 492
1646514629898 0.8612212777194893 493
1646514629937 0.8610643676981553 494
1646514629968 0.8609084258765984 495
1646514630001 0.8607534561325738 496
1646514630032 0.8605994623196639 497
1646514630163 0.860446448267183 498
1646514630186 0.860294417780082 499
1646514630217 0.8601433746388538 500
1646514630257 0.8599933225994396 501
1646514630283 0.8598442653931349 502
1646514630321 0.8596962067264968 503
1646514630353 0.8595491502812526 504
1646514630460 0.8594030997142071 505
1646514630483 0.8592580586571528 506
1646514630517 0.8591140307167784 507
1646514630559 0.8589710194745804 508
1646514630583 0.858829028486773 509
1646514630623 0.8586880612842003 510
1646514630655 0.8585481213722479 511
1646514630763 0.8584092122307565 512
1646514630800 0.8582713373139349 513
1646514630832 0.8581345000502738 514
1646514630862 0.8579987038424614 515
1646514630884 0.857863952067298 516
1646514630920 0.8577302480756125 517
1646514630951 0.8575975951921787 518
1646514631058 0.857465996715633 519
1646514631084 0.8573354559183922 520
1646514631131 0.857205976046572 521
1646514631175 0.8570775603199067 522
1646514631200 0.8569502119316684 523
1646514631245 0.8568239340485885 524
1646514631284 0.856698729810778 525
1646514631388 0.8565746023316505 526
1646514631424 0.8564515546978437 527
1646514631455 0.8563295899691435 528
1646514631484 0.8562087111784071 529
1646514631516 0.8560889213314885 530
1646514631549 0.8559702234071631 531
1646514631580 0.8558526203570537 532
1646514631688 0.8557361151055572 533
1646514631726 0.8556207105497723 534
1646514631757 0.8555064095594266 535
1646514631816 0.8553932149768058 536
1646514631867 0.8552811296166831 537
1646514631932 0.8551701562662489 538
1646514631987 0.8550602976850417 539
1646514632190 0.854951556604879 540
1646514632231 0.8548439357297904 541
1646514632264 0.8547374377359492 542
1646514632307 0.8546320652716067 543
1646514632349 0.8545278209570258 544
1646514632386 0.8544247073844163 545
1646514632437 0.8543227271178699 546
1646514632585 0.854221882693297 547
1646514632626 0.8541221766183633 548
1646514632664 0.8540236113724274 549
1646514632699 0.8539261894064796 550
1646514632730 0.8538299131430802 551
1646514632772 0.8537347849763002 552
1646514632804 0.8536408072716606 553
1646514632953 0.8535479823660749 554
1646514632978 0.8534563125677898 555
1646514633010 0.8533658001563286 556
1646514633065 0.8532764473824342 557
1646514633150 0.8531882564680131 558
1646514633196 0.8531012296060803 559
1646514633301 0.8530153689607045 560
1646514633442 0.8529306766669548 561
1646514633470 0.8528471548308469 562
1646514633501 0.8527648055292915 563
1646514633537 0.8526836308100417 564
1646514633567 0.8526036326916434 565
1646514633602 0.8525248131633837 566
1646514633634 0.8524471741852423 567
1646514633743 0.8523707176878427 568
1646514633772 0.8522954455724038 569
1646514633803 0.8522213597106929 570
1646514633842 0.8521484619449794 571
1646514633867 0.8520767540879882 572
1646514633908 0.8520062379228556 573
1646514633940 0.851936915203084 574
1646514634052 0.8518687876524994 575
1646514634082 0.8518018569652073 576
1646514634129 0.8517361248055516 577
1646514634153 0.8516715928080726 578
1646514634200 0.8516082625774667 579
1646514634246 0.8515461356885461 580
1646514634285 0.8514852136862001 581
1646514634408 0.8514254980853566 582
1646514634432 0.851366990370944 583
1646514634465 0.8513096919978547 584
1646514634507 0.8512536043909088 585
1646514634523 0.8511987289448187 586
1646514634565 0.8511450670241545 587
1646514634596 0.8510926199633096 588
1646514634707 0.8510413890664684 589
1646514634744 0.8509913756075728 590
1646514634765 0.8509425808302914 591
1646514634809 0.8508950059479881 592
1646514634840 0.8508486521436921 593
1646514634865 0.8508035205700685 594
1646514634912 0.8507596123493896 595
1646514635026 0.8507169285735068 596
1646514635063 0.850675470303824 597
1646514635097 0.8506352385712702 598
1646514635144 0.8505962343762752 599
1646514635181 0.8505584586887436 600
1646514635216 0.8505219124480311 601
1646514635247 0.8504865965629215 602
1646514635360 0.8504525119116032 603
1646514635385 0.8504196593416484 604
1646514635417 0.8503880396699913 605
1646514635457 0.850357653682908 606
1646514635481 0.8503285021359972 607
1646514635527 0.8503005857541607 608
1646514635591 0.8502739052315863 609
1646514635811 0.8502484612317299 610
1646514635859 0.8502242543872992 611
1646514635903 0.850201285300238 612
1646514635950 0.8501795545417112 613
1646514635993 0.8501590626520904 614
1646514636024 0.850139810140941 615
1646514636071 0.8501217974870088 616
1646514636204 0.8501050251382086 617
1646514636235 0.8500894935116132 618
1646514636266 0.8500752029934424 619
1646514636305 0.8500621539390538 620
1646514636336 0.8500503466729342 621
1646514636388 0.850039781488691 622
1646514636419 0.8500304586490451 623
1646514636546 0.8500223783858248 624
1646514636583 0.8500155408999591 625
1646514636620 0.8500099463614738 626
1646514636649 0.8500055949094864 627
1646514636688 0.8500024866522028 628
1646514636733 0.8500006216669154 629
1646514636789 0.8500001141839123 630
1646514636972 0.8500004567351277 631
1646514637042 0.8500010276520816 632
1646514637089 0.8500018269321666 633
1646514637121 0.850002854571732 634
1646514637161 0.850004110566084 635
1646514637192 0.8500055949094864 636
1646514637222 0.8500073075951593 637
1646514637327 0.8500092486152805 638
1646514637361 0.8500114179609846 639
1646514637392 0.8500138156223634 640
1646514637433 0.850016441588466 641
1646514637461 0.8500192958472986 642
1646514637504 0.8500223783858248 643
1646514637519 0.8500256891899656 644
1646514637646 0.8500292282445993 645
1646514637681 0.8500329955335618 646
1646514637712 0.8500369910396466 647
1646514637746 0.8500412147446047 648
1646514637761 0.850045666629145 649
1646514637810 0.8500503466729342 650
1646514637825 0.8500552548545969 651
1646514637956 0.8500603911517155 652
1646514637980 0.8500657555408307 653
1646514638011 0.8500713479974417 654
1646514638055 0.8500771684960056 655
1646514638093 0.8500832170099379 656
1646514638130 0.8500894935116132 657
1646514638162 0.8500959979723643 658
1646514638266 0.8501027303624832 659
1646514638305 0.8501096906512204 660
1646514638336 0.850116878806786 661
1646514638377 0.850124294796349 662
1646514638409 0.850131938586038 663
1646514638439 0.850139810140941 664
1646514638462 0.8501479094251059 665
1646514638586 0.8501562364015404 666
1646514638607 0.8501647910322121 667
1646514638654 0.8501735732780491 668
1646514638688 0.8501825830989397 669
1646514638719 0.8501918204537328 670
1646514638762 0.850201285300238 671
1646514638794 0.8502109775952262 672
1646514638915 0.8502208972944292 673
1646514638939 0.85023104435254 674
1646514638978 0.8502414187232137 675
1646514639010 0.8502520203590664 676
1646514639041 0.850262849211677 677
1646514639078 0.8502739052315863 678
1646514639120 0.8502851883682973 679
1646514639245 0.850296698570276 680
1646514639324 0.8503084357849511 681
1646514639383 0.8503203999587147 682
1646514639443 0.850332591036922 683
1646514639497 0.8503450089638922 684
1646514639557 0.850357653682908 685
1646514639595 0.8503705251362167 686
1646514639741 0.8503836232650296 687
1646514639781 0.8503969480095228 688
1646514639811 0.8504104993088377 689
1646514639862 0.8504242771010805 690
1646514639895 0.850438281323323 691
1646514639945 0.8504525119116032 692
1646514639977 0.8504669688009249 693
1646514640115 0.850481651925258 694
1646514640150 0.8504965612175399 695
1646514640182 0.8505116966096742 696
1646514640227 0.8505270580325324 697
1646514640258 0.8505426454159531 698
1646514640296 0.8505584586887436 699
1646514640336 0.8505744977786787 700
1646514640504 0.8505907626125022 701
1646514640555 0.8506072531159269 702
1646514640677 0.8506239692136348 703
1646514640728 0.8506409108292775 704
1646514640743 0.8506580778854765 705
1646514640789 0.850675470303824 706
1646514640828 0.8506930880048822 707
1646514640956 0.8507109309081852 708
1646514641000 0.8507289989322379 709
1646514641028 0.8507472919945172 710
1646514641068 0.8507658100114721 711
1646514641114 0.8507845528985244 712
1646514641155 0.8508035205700685 713
1646514641202 0.8508227129394723 714
1646514641328 0.8508421299190775 715
1646514641366 0.8508617714201998 716
1646514641413 0.8508816373531294 717
1646514641447 0.8509017276271315 718
1646514641494 0.8509220421504468 719
1646514641529 0.8509425808302914 720
1646514641560 0.850963343572858 721
1646514641698 0.8509843302833157 722
1646514641729 0.8510055408658106 723
1646514641760 0.8510269752234666 724
1646514641803 0.8510486332583853 725
1646514641845 0.8510705148716468 726
1646514641884 0.8510926199633096 727
1646514641929 0.8511149484324124 728
1646514642058 0.8511375001769728 729
1646514642084 0.851160275093989 730
1646514642130 0.8511832730794398 731
1646514642176 0.8512064940282852 732
1646514642207 0.851229937834467 733
1646514642250 0.8512536043909088 734
1646514642297 0.8512774935895171 735
1646514642416 0.8513016053211814 736
1646514642451 0.8513259394757747 737
1646514642482 0.8513504959421545 738
1646514642522 0.8513752746081624 739
1646514642561 0.8514002753606256 740
1646514642595 0.8514254980853566 741
1646514642610 0.8514509426671544 742
1646514642732 0.8514766089898043 743
1646514642769 0.8515024969360792 744
1646514642800 0.8515286063877395 745
1646514642848 0.8515549372255342 746
1646514642900 0.8515814893292009 747
1646514642955 0.8516082625774667 748
1646514643002 0.8516352568480485 749
1646514643225 0.851662472017654 750
1646514643276 0.8516899079619817 751
1646514643316 0.851717564555722 752
1646514643365 0.8517454416725573 753
1646514643406 0.8517735391851629 754
1646514643448 0.8518018569652073 755
1646514643488 0.8518303948833533 756
1646514643624 0.851859152809258 757
1646514643676 0.8518881306115735 758
1646514643707 0.8519173281579482 759
1646514643762 0.8519467453150262 760
1646514643791 0.851976381948449 761
1646514643837 0.8520062379228556 762
1646514643876 0.8520363131018829 763
1646514644023 0.852066607348167 764
1646514644076 0.8520971205233432 765
1646514644121 0.852127852488047 766
1646514644167 0.8521588031019145 767
1646514644206 0.8521899722235834 768
1646514644276 0.8522213597106929 769
1646514644338 0.8522529654198855 770
1646514644551 0.8522847892068064 771
1646514644590 0.8523168309261051 772
1646514644622 0.8523490904314356 773
1646514644669 0.8523815675754574 774
1646514644716 0.8524142622098356 775
1646514644753 0.8524471741852423 776
1646514644785 0.8524803033513567 777
1646514644899 0.8525136495568661 778
1646514644936 0.8525472126494665 779
1646514644969 0.8525809924758634 780
1646514645015 0.852614988881772 781
1646514645062 0.8526492017119189 782
1646514645104 0.8526836308100417 783
1646514645135 0.8527182760188906 784
1646514645270 0.8527531371802285 785
1646514645293 0.8527882141348321 786
1646514645324 0.8528235067224923 787
1646514645370 0.8528590147820153 788
1646514645401 0.8528947381512233 789
1646514645438 0.8529306766669548 790
1646514645470 0.8529668301650658 791
1646514645573 0.8530031984804305 792
1646514645610 0.8530397814469417 793
1646514645625 0.853076578897512 794
1646514645670 0.8531135906640742 795
1646514645702 0.8531508165775826 796
1646514645742 0.8531882564680131 797
1646514645771 0.8532259101643643 798
1646514645886 0.8532637774946584 799
1646514645910 0.8533018582859418 800
1646514645941 0.853340152364286 801
1646514645971 0.8533786595547881 802
1646514646002 0.8534173796815723 803
1646514646049 0.8534563125677898 804
1646514646087 0.8534954580356202 805
1646514646213 0.8535348159062723 806
1646514646250 0.8535743859999848 807
1646514646271 0.8536141681360266 808
1646514646315 0.8536541621326988 809
1646514646347 0.8536943678073345 810
1646514646371 0.8537347849763002 811
1646514646402 0.8537754134549959 812
1646514646522 0.8538162530578571 813
1646514646558 0.8538573035983548 814
1646514646586 0.8538985648889964 815
1646514646641 0.8539400367413271 816
1646514646704 0.8539817189659299 817
1646514646771 0.8540236113724274 818
1646514646824 0.854065713769482 819
1646514647025 0.8541080259647971 820
1646514647074 0.8541505477651177 821
1646514647137 0.8541932789762317 822
1646514647174 0.8542362194029703 823
1646514647217 0.8542793688492094 824
1646514647248 0.8543227271178699 825
1646514647275 0.8543662940109193 826
1646514647421 0.8544100693293721 827
1646514647454 0.8544540528732907 828
1646514647497 0.8544982444417867 829
1646514647528 0.8545426438330213 830
1646514647591 0.8545872508442066 831
1646514647622 0.8546320652716067 832
1646514647655 0.8546770869105381 833
1646514647806 0.8547223155553707 834
1646514647841 0.8547677509995295 835
1646514647876 0.8548133930354943 836
1646514647969 0.8548592414548019 837
1646514648038 0.854905296048046 838
1646514648146 0.854951556604879 839
1646514648209 0.8549980229140125 840
1646514648322 0.8550446947632181 841
1646514648347 0.855091571939329 842
1646514648384 0.8551386542282404 843
1646514648415 0.8551859414149107 844
1646514648468 0.8552334332833623 845
1646514648503 0.8552811296166831 846
1646514648550 0.8553290301970269 847
1646514648669 0.8553771348056147 848
1646514648706 0.8554254432227355 849
1646514648737 0.8554739552277476 850
1646514648769 0.8555226705990794 851
1646514648800 0.8555715891142304 852
1646514648839 0.8556207105497723 853
1646514648869 0.85567003468135 854
1646514648990 0.8557195612836825 855
1646514649012 0.8557692901305645 856
1646514649058 0.8558192209948662 857
1646514649089 0.8558693536485358 858
1646514649120 0.8559196878625995 859
1646514649169 0.8559702234071631 860
1646514649200 0.8560209600514126 861
1646514649320 0.8560718975636158 862
1646514649341 0.8561230357111228 863
1646514649385 0.8561743742603676 864
1646514649420 0.8562259129768686 865
1646514649451 0.8562776516252302 866
1646514649488 0.8563295899691434 867
1646514649519 0.8563817277713875 868
1646514649648 0.8564340647938306 869
1646514649672 0.8564866007974304 870
1646514649703 0.8565393355422368 871
1646514649746 0.856592268787391 872
1646514649769 0.8566454002911283 873
1646514649815 0.856698729810778 874
1646514649847 0.8567522571027653 875
1646514650111 0.8568059819226118 876
1646514650147 0.8568599040249373 877
1646514650185 0.8569140231634602 878
1646514650219 0.8569683390909991 879
1646514650235 0.857022851559474 880
1646514650269 0.8570775603199067 881
1646514650316 0.8571324651224229 882
1646514650570 0.857187565716253 883
1646514650623 0.8572428618497326 884
1646514650673 0.8572983532703049 885
1646514650714 0.8573540397245205 886
1646514650747 0.8574099209580398 887
1646514650799 0.857465996715633 888
1646514650832 0.8575222667411823 889
1646514650969 0.8575787307776823 890
1646514651006 0.8576353885672419 891
1646514651048 0.8576922398510843 892
1646514651095 0.8577492843695499 893
1646514651133 0.8578065218620958 894
1646514651179 0.857863952067298 895
1646514651218 0.8579215747228524 896
1646514651422 0.8579793895655755 897
1646514651453 0.8580373963314065 898
1646514651500 0.858095594755408 899
1646514651533 0.8581539845717667 900
1646514651564 0.8582125655137957 901
1646514651659 0.8582713373139348 902
1646514651706 0.8583302997037525 903
1646514651921 0.8583894524139463 904
1646514651955 0.8584487951743448 905
1646514651986 0.8585083277139084 906
1646514652022 0.8585680497607309 907
1646514652050 0.8586279610420402 908
1646514652088 0.8586880612842003 909
1646514652129 0.8587483502127118 910
1646514652235 0.8588088275522139 911
1646514652270 0.8588694930264849 912
1646514652310 0.8589303463584439 913
1646514652335 0.8589913872701522 914
1646514652380 0.8590526154828141 915
1646514652411 0.8591140307167784 916
1646514652435 0.8591756326915401 917
1646514652557 0.8592374211257408 918
1646514652593 0.8592993957371707 919
1646514652625 0.8593615562427699 920
1646514652667 0.8594239023586289 921
1646514652698 0.8594864337999909 922
1646514652728 0.8595491502812526 923
1646514652751 0.8596120515159653 924
1646514652879 0.8596751372168369 925
1646514652915 0.8597384070957321 926
1646514652936 0.8598018608636753 927
1646514652982 0.8598654982308501 928
1646514653014 0.8599293189066022 929
1646514653052 0.8599933225994396 930
1646514653098 0.8600575090170349 931
1646514653222 0.8601218778662257 932
1646514653242 0.8601864288530165 933
1646514653289 0.8602511616825801 934
1646514653321 0.8603160760592583 935
1646514653352 0.8603811716865643 936
1646514653386 0.8604464482671829 937
1646514653417 0.8605119055029729 938
1646514653560 0.8605775430949676 939
1646514653582 0.8606433607433768 940
1646514653629 0.8607093581475879 941
1646514653661 0.8607755350061671 942
1646514653692 0.8608418910168611 943
1646514653721 0.8609084258765984 944
1646514653752 0.8609751392814907 945
1646514653874 0.861042030926834 946
1646514653909 0.8611091005071101 947
1646514653937 0.8611763477159886 948
1646514653981 0.8612437722463274 949
1646514654013 0.8613113737901746 950
1646514654052 0.86137915203877 951
1646514654099 0.8614471066825461 952
1646514654351 0.8615152374111297 953
1646514654412 0.8615835439133436 954
1646514654484 0.8616520258772076 955
1646514654534 0.8617206829899402 956
1646514654573 0.86178951493796 957
1646514654638 0.8618585214068867 958
1646514654683 0.8619277020815432 959
1646514654822 0.8619970566459569 960
1646514654862 0.8620665847833607 961
1646514654914 0.8621362861761948 962
1646514654983 0.8622061605061079 963
1646514655026 0.8622762074539593 964
1646514655083 0.8623464266998194 965
1646514655184 0.8624168179229721 966
1646514655628 0.8624873808019154 967
1646514655693 0.8625581150143635 968
1646514655795 0.8626290202372482 969
1646514655835 0.8627000961467199 970
1646514655876 0.8627713424181496 971
1646514655914 0.8628427587261303 972
1646514655945 0.862914344744478 973
1646514656088 0.8629861001462342 974
1646514656140 0.8630580246036661 975
1646514656169 0.8631301177882692 976
1646514656213 0.8632023793707683 977
1646514656253 0.8632748090211187 978
1646514656298 0.8633474064085087 979
1646514656330 0.8634201712013599 980
1646514656465 0.8634931030673297 981
1646514656501 0.8635662016733122 982
1646514656542 0.8636394666854401 983
1646514656595 0.8637128977690859 984
1646514656633 0.8637864945888636 985
1646514656673 0.8638602568086304 986
1646514656710 0.8639341840914879 987
1646514656866 0.8640082760997838 988
1646514656917 0.8640825324951136 989
1646514656968 0.8641569529383217 990
1646514657012 0.8642315370895036 991
1646514657058 0.8643062846080068 992
1646514657105 0.8643811951524327 993
1646514657147 0.8644562683806383 994
1646514657290 0.8645315039497371 995
1646514657338 0.8646069015161016 996
1646514657388 0.8646824607353644 997
1646514657435 0.8647581812624194 998
1646514657474 0.864834062751424 999
1646514657520 0.8649101048558004 1000
1646514657632 0.8649863072282372 1001
1646514658040 0.8650626695206911 1002
1646514658149 0.8651391913843881 1003
1646514658259 0.8652158724698257 1004
1646514658337 0.865292712426774 1005
1646514658446 0.8653697109042775 1006
1646514658539 0.8654468675506567 1007
1646514658612 0.8655241820135098 1008
1646514658845 0.865601653939714 1009
1646514658905 0.8656792829754274 1010
1646514658957 0.8657570687660906 1011
1646514659008 0.865835010956428 1012
1646514659069 0.86591310919045 1013
1646514659130 0.865991363111454 1014
1646514659176 0.8660697723620265 1015
1646514659373 0.8661483365840446 1016
1646514659427 0.8662270554186772 1017
1646514659488 0.8663059285063875 1018
1646514659584 0.8663849554869342 1019
1646514659648 0.8664641359993726 1020
1646514659704 0.8665434696820571 1021
1646514659790 0.8666229561726426 1022
1646514660023 0.8667025951080859 1023
1646514660075 0.8667823861246476 1024
1646514660124 0.8668623288578938 1025
1646514660177 0.8669424229426974 1026
1646514660227 0.8670226680132402 1027
1646514660290 0.8671030637030144 1028
1646514660342 0.8671836096448241 1029
1646514660510 0.8672643054707874 1030
1646514660557 0.8673451508123375 1031
1646514660602 0.8674261453002252 1032
1646514660657 0.8675072885645196 1033
1646514660692 0.8675885802346106 1034
1646514660717 0.86767001993921 1035
1646514660754 0.8677516073063538 1036
1646514660874 0.8678333419634032 1037
1646514660912 0.8679152235370472 1038
1646514660953 0.8679972516533032 1039
1646514660993 0.8680794259375197 1040
1646514661018 0.8681617460143773 1041
1646514661057 0.868244211507891 1042
1646514661102 0.8683268220414114 1043
1646514661202 0.8684095772376269 1044
1646514661240 0.8684924767185649 1045
1646514661274 0.8685755201055938 1046
1646514661328 0.868658707019425 1047
1646514661366 0.8687420370801142 1048
1646514661386 0.8688255099070633 1049
1646514661417 0.8689091251190221 1050
1646514661557 0.8689928823340901 1051
1646514661594 0.8690767811697184 1052
1646514661652 0.8691608212427109 1053
1646514661746 0.8692450021692267 1054
1646514661818 0.8693293235647817 1055
1646514661889 0.8694137850442496 1056
1646514661960 0.8694983862218651 1057
1646514662174 0.8695831267112243 1058
1646514662223 0.8696680061252872 1059
1646514662263 0.8697530240763792 1060
1646514662297 0.8698381801761932 1061
1646514662350 0.8699234740357906 1062
1646514662385 0.8700089052656043 1063
1646514662432 0.8700944734754392 1064
1646514662579 0.8701801782744748 1065
1646514662618 0.8702660192712668 1066
1646514662665 0.8703519960737487 1067
1646514662716 0.8704381082892338 1068
1646514662762 0.870524355524417 1069
1646514662799 0.8706107373853763 1070
1646514662833 0.8706972534775751 1071
1646514663002 0.8707839034058633 1072
1646514663083 0.8708706867744802 1073
1646514663141 0.8709576031870548 1074
1646514663185 0.8710446522466091 1075
1646514663287 0.871131833555559 1076
1646514663345 0.8712191467157163 1077
1646514663383 0.8713065913282907 1078
1646514663486 0.8713941669938915 1079
1646514663533 0.8714818733125294 1080
1646514663552 0.8715697098836184 1081
1646514663598 0.8716576763059775 1082
1646514663652 0.8717457721778328 1083
1646514663683 0.8718339970968189 1084
1646514663721 0.8719223506599812 1085
1646514663848 0.8720108324637776 1086
1646514663884 0.8720994421040801 1087
1646514663902 0.8721881791761767 1088
1646514663937 0.8722770432747738 1089
1646514663990 0.8723660339939974 1090
1646514664026 0.8724551509273948 1091
1646514664060 0.8725443936679376 1092
1646514664185 0.8726337618080222 1093
1646514664210 0.8727232549394726 1094
1646514664237 0.8728128726535415 1095
1646514664280 0.872902614540913 1096
1646514664312 0.872992480191704 1097
1646514664337 0.8730824691954658 1098
1646514664369 0.8731725811411868 1099
1646514664481 0.8732628156172935 1100
1646514664516 0.8733531722116529 1101
1646514664553 0.8734436505115741 1102
1646514664585 0.8735342501038106 1103
1646514664620 0.8736249705745618 1104
1646514664664 0.8737158115094747 1105
1646514664697 0.8738067724936467 1106
1646514664815 0.8738978531116264 1107
1646514664848 0.8739890529474161 1108
1646514664884 0.8740803715844737 1109
1646514664924 0.8741718086057144 1110
1646514664973 0.8742633635935129 1111
1646514665014 0.8743550361297047 1112
1646514665052 0.8744468257955886 1113
1646514665194 0.8745387321719288 1114
1646514665229 0.8746307548389558 1115
1646514665252 0.8747228933763695 1116
1646514665291 0.8748151473633402 1117
1646514665322 0.874907516378511 1118
1646514665378 0.875 1119
1646514665537 0.8750925978054012 1120
1646514665759 0.8751853093717874 1121
1646514665810 0.8752781342757121 1122
1646514665898 0.8753710720932107 1123
1646514665971 0.8754641223998031 1124
1646514666041 0.8755572847704953 1125
1646514666148 0.8756505587797816 1126
1646514666209 0.8757439440016463 1127
1646514666408 0.875837440009566 1128
1646514666460 0.8759310463765109 1129
1646514666522 0.8760247626749473 1130
1646514666625 0.8761185884768397 1131
1646514666707 0.8762125233536519 1132
1646514666768 0.87630656687635 1133
1646514666839 0.8764007186154038 1134
1646514667012 0.8764949781407887 1135
1646514667054 0.8765893450219877 1136
1646514667108 0.8766838188279937 1137
1646514667206 0.8767783991273113 1138
1646514667319 0.8768730854879582 1139
1646514667383 0.8769678774774683 1140
1646514667438 0.8770627746628928 1141
1646514667721 0.8771577766108024 1142
1646514667808 0.8772528828872892 1143
1646514667941 0.8773480930579691 1144
1646514668020 0.8774434066879833 1145
1646514668070 0.8775388233420003 1146
1646514668115 0.8776343425842184 1147
1646514668156 0.877729963978367 1148
1646514668299 0.8778256870877092 1149
1646514668338 0.8779215114750436 1150
1646514668379 0.8780174367027058 1151
1646514668419 0.8781134623325713 1152
1646514668460 0.8782095879260566 1153
1646514668522 0.878305813044122 1154
1646514668566 0.8784021372472731 1155
1646514668735 0.8784985600955628 1156
1646514668783 0.8785950811485936 1157
1646514668816 0.8786916999655197 1158
1646514668871 0.8787884161050481 1159
1646514668938 0.878885229125442 1160
1646514668995 0.8789821385845217 1161
1646514669048 0.8790791440396672 1162
1646514669223 0.87917624504782 1163
1646514669276 0.8792734411654852 1164
1646514669375 0.8793707319487334 1165
1646514669461 0.879468116953203 1166
1646514669551 0.879565595734102 1167
1646514669610 0.8796631678462099 1168
1646514669723 0.8797608328438803 1169
1646514669994 0.8798585902810421 1170
1646514670058 0.8799564397112024 1171
1646514670112 0.8800543806874479 1172
1646514670189 0.8801524127624473 1173
1646514670245 0.880250535488453 1174
1646514670331 0.8803487484173038 1175
1646514670391 0.8804470511004261 1176
1646514670579 0.8805454430888364 1177
1646514670653 0.8806439239331436 1178
1646514670726 0.8807424931835505 1179
1646514670797 0.8808411503898561 1180
1646514670864 0.8809398951014579 1181
1646514670932 0.8810387268673535 1182
1646514671016 0.8811376452361431 1183
1646514671317 0.8812366497560312 1184
1646514671383 0.881335739974829 1185
1646514671441 0.8814349154399558 1186
1646514671529 0.8815341756984422 1187
1646514671595 0.881633520296931 1188
1646514671658 0.8817329487816802 1189
1646514671735 0.8818324606985644 1190
1646514671946 0.8819320555930772 1191
1646514672023 0.8820317330103331 1192
1646514672097 0.88213149249507 1193
1646514672210 0.8822313335916505 1194
1646514672280 0.882331255844065 1195
1646514672355 0.8824312587959329 1196
1646514672440 0.8825313419905049 1197
1646514672789 0.8826315049706654 1198
1646514672911 0.8827317472789346 1199
1646514673012 0.8828320684574699 1200
1646514673101 0.8829324680480688 1201
1646514673191 0.8830329455921706 1202
1646514673257 0.8831335006308585 1203
1646514673324 0.8832341327048617 1204
1646514673515 0.8833348413545579 1205
1646514673578 0.8834356261199745 1206
1646514673645 0.8835364865407918 1207
1646514673692 0.8836374221563441 1208
1646514673765 0.8837384325056226 1209
1646514673838 0.8838395171272769 1210
1646514673916 0.8839406755596176 1211
1646514674294 0.8840419073406182 1212
1646514674639 0.8841432120079168 1213
1646514674843 0.8842445890988189 1214
1646514674964 0.8843460381502993 1215
1646514675074 0.8844475586990042 1216
1646514675247 0.8845491502812526 1217
1646514675459 0.8846508124330399 1218
1646514675884 0.8847525446900386 1219
1646514675975 0.8848543465876013 1220
1646514676118 0.8849562176607626 1221
1646514676420 0.8850581574442407 1222
1646514676531 0.8851601654724405 1223
1646514676641 0.8852622412794547 1224
1646514676745 0.8853643843990671 1225
1646514676996 0.8854665943647533 1226
1646514677056 0.885568870709684 1227
1646514677134 0.885671212966727 1228
1646514677192 0.8857736206684483 1229
1646514677263 0.8858760933471157 1230
1646514677364 0.8859786305346998 1231
1646514677459 0.8860812317628768 1232
1646514677645 0.8861838965630302 1233
1646514677710 0.8862866244662535 1234
1646514677791 0.8863894150033514 1235
1646514677846 0.8864922677048431 1236
1646514677941 0.8865951821009637 1237
1646514678034 0.8866981577216662 1238
1646514678147 0.8868011940966245 1239
1646514678630 0.8869042907552346 1240
1646514678711 0.8870074472266173 1241
1646514678811 0.8871106630396203 1242
1646514678925 0.8872139377228202 1243
1646514679005 0.8873172708045246 1244
1646514679091 0.8874206618127746 1245
1646514679160 0.8875241102753464 1246
1646514679356 0.8876276157197542 1247
1646514679394 0.8877311776732517 1248
1646514679445 0.8878347956628345 1249
1646514679489 0.8879384692152423 1250
1646514679534 0.888042197856961 1251
1646514679584 0.888145981114225 1252
1646514679625 0.8882498185130192 1253
1646514679783 0.888353709579081 1254
1646514679824 0.888457653837903 1255
1646514679878 0.8885616508147347 1256
1646514679936 0.8886657000345848 1257
1646514679992 0.8887698010222234 1258
1646514680044 0.8888739533021842 1259
1646514680087 0.8889781563987667 1260
1646514680214 0.8890824098360381 1261
1646514680311 0.8891867131378358 1262
1646514680373 0.8892910658277694 1263
1646514680453 0.8893954674292232 1264
1646514680514 0.8894999174653575 1265
1646514680587 0.8896044154591121 1266
1646514680630 0.8897089609332071 1267
1646514680804 0.8898135534101462 1268
1646514680842 0.8899181924122183 1269
1646514680898 0.8900228774614998 1270
1646514680943 0.8901276080798566 1271
1646514681025 0.8902323837889468 1272
1646514681089 0.8903372041102223 1273
1646514681146 0.8904420685649314 1274
1646514681314 0.8905469766741205 1275
1646514681352 0.8906519279586373 1276
1646514681414 0.8907569219391316 1277
1646514681463 0.8908619581360584 1278
1646514681508 0.89096703606968 1279
1646514681559 0.8910721552600681 1280
1646514681604 0.8911773152271059 1281
1646514681836 0.8912825154904902 1282
1646514681901 0.891387755569734 1283
1646514681955 0.8914930349841683 1284
1646514681998 0.8915983532529446 1285
1646514682042 0.8917037098950366 1286
1646514682089 0.8918091044292431 1287
1646514682146 0.8919145363741896 1288
1646514682329 0.892020005248331 1289
1646514682370 0.8921255105699532 1290
1646514682414 0.8922310518571758 1291
1646514682482 0.8923366286279542 1292
1646514682556 0.8924422404000816 1293
1646514682617 0.8925478866911912 1294
1646514682684 0.8926535670187591 1295
1646514682916 0.8927592809001053 1296
1646514682950 0.8928650278523969 1297
1646514682997 0.8929708073926498 1298
1646514683050 0.8930766190377313 1299
1646514683097 0.8931824623043617 1300
1646514683125 0.8932883367091172 1301
1646514683150 0.8933942417684316 1302
1646514683294 0.8935001769985987 1303
1646514683335 0.8936061419157747 1304
1646514683366 0.8937121360359799 1305
1646514683415 0.8938181588751013 1306
1646514683453 0.893924209948895 1307
1646514683487 0.8940302887729877 1308
1646514683518 0.8941363948628799 1309
1646514683669 0.894242527733947 1310
1646514683709 0.8943486869014424 1311
1646514683751 0.8944548718804994 1312
1646514683800 0.8945610821861334 1313
1646514683861 0.894667317333244 1314
1646514683915 0.8947735768366173 1315
1646514683976 0.8948798602109284 1316
1646514684261 0.8949861669707432 1317
1646514684286 0.8950924966305208 1318
1646514684329 0.8951988487046159 1319
1646514684363 0.8953052227072804 1320
1646514684398 0.8954116181526666 1321
1646514684431 0.8955180345548283 1322
1646514684462 0.895624471427724 1323
1646514684581 0.8957309282852185 1324
1646514684617 0.8958374046410855 1325
1646514684649 0.8959439000090094 1326
1646514684681 0.8960504139025879 1327
1646514684714 0.8961569458353341 1328
1646514684752 0.8962634953206787 1329
1646514684783 0.8963700618719723 1330
1646514684901 0.8964766450024872 1331
1646514684938 0.8965832442254206 1332
1646514684969 0.8966898590538956 1333
1646514684999 0.8967964890009643 1334
1646514685030 0.8969031335796098 1335
1646514685071 0.8970097923027482 1336
1646514685099 0.8971164646832313 1337
1646514685227 0.8972231502338479 1338
1646514685262 0.8973298484673276 1339
1646514685294 0.897436558896341 1340
1646514685333 0.8975432810335039 1341
1646514685365 0.897650014391378 1342
1646514685399 0.8977567584824742 1343
1646514685431 0.8978635128192541 1344
1646514685544 0.8979702769141327 1345
1646514685580 0.89807705027948 1346
1646514685615 0.8981838324276243 1347
1646514685645 0.8982906228708534 1348
1646514685677 0.8983974211214172 1349
1646514685715 0.8985042266915301 1350
1646514685753 0.8986110390933728 1351
1646514685865 0.8987178578390952 1352
1646514685900 0.8988246824408179 1353
1646514685931 0.8989315124106348 1354
1646514685976 0.8990383472606156 1355
1646514686000 0.8991451865028072 1356
1646514686049 0.8992520296492368 1357
1646514686072 0.8993588762119136 1358
1646514686217 0.8994657257028313 1359
1646514686263 0.8995725776339702 1360
1646514686332 0.8996794315172995 1361
1646514686392 0.8997862868647791 1362
1646514686454 0.899893143188363 1363
1646514686505 0.8999999999999999 1364
1646514686566 0.9001068568116369 1365
1646514686758 0.9002137131352208 1366
1646514686809 0.9003205684827005 1367
1646514686849 0.9004274223660297 1368
1646514686900 0.9005342742971686 1369
1646514686951 0.9006411237880864 1370
1646514686991 0.9007479703507631 1371
1646514687022 0.9008548134971928 1372
1646514687145 0.9009616527393843 1373
1646514687201 0.9010684875893651 1374
1646514687242 0.901175317559182 1375
1646514687303 0.9012821421609047 1376
1646514687334 0.9013889609066271 1377
1646514687386 0.9014957733084699 1378
1646514687422 0.9016025788785827 1379
1646514687546 0.9017093771291464 1380
1646514687586 0.9018161675723756 1381
1646514687649 0.9019229497205199 1382
1646514687700 0.9020297230858673 1383
1646514687762 0.9021364871807458 1384
1646514687827 0.9022432415175257 1385
1646514687951 0.9023499856086219 1386
1646514688119 0.902456718966496 1387
1646514688165 0.9025634411036589 1388
1646514688205 0.9026701515326724 1389
1646514688245 0.9027768497661519 1390
1646514688266 0.9028835353167687 1391
1646514688308 0.9029902076972517 1392
1646514688347 0.9030968664203901 1393
1646514688455 0.9032035109990356 1394
1646514688487 0.9033101409461043 1395
1646514688515 0.9034167557745794 1396
1646514688555 0.9035233549975127 1397
1646514688582 0.9036299381280276 1398
1646514688620 0.9037365046793212 1399
1646514688652 0.9038430541646658 1400
1646514688767 0.903949586097412 1401
1646514688804 0.9040560999909906 1402
1646514688851 0.9041625953589144 1403
1646514688898 0.9042690717147814 1404
1646514688929 0.9043755285722759 1405
1646514688972 0.9044819654451717 1406
1646514689013 0.9045883818473334 1407
1646514689140 0.9046947772927195 1408
1646514689182 0.9048011512953841 1409
1646514689214 0.9049075033694791 1410
1646514689263 0.9050138330292568 1411
1646514689306 0.9051201397890716 1412
1646514689338 0.9052264231633826 1413
1646514689383 0.9053326826667559 1414
1646514689510 0.9054389178138665 1415
1646514689562 0.9055451281195005 1416
1646514689599 0.9056513130985575 1417
1646514689631 0.905757472266053 1418
1646514689683 0.90586360513712 1419
1646514689732 0.9059697112270122 1420
1646514689770 0.906075790051105 1421
1646514689920 0.9061818411248986 1422
1646514689945 0.9062878639640201 1423
1646514690000 0.9063938580842252 1424
1646514690054 0.9064998230014012 1425
1646514690101 0.9066057582315683 1426
1646514690179 0.9067116632908827 1427
1646514690238 0.9068175376956382 1428
1646514690471 0.9069233809622687 1429
1646514690522 0.9070291926073502 1430
1646514690572 0.9071349721476031 1431
1646514690623 0.9072407190998947 1432
1646514690684 0.9073464329812408 1433
1646514690742 0.9074521133088087 1434
1646514690788 0.9075577595999184 1435
1646514690906 0.9076633713720458 1436
1646514690944 0.9077689481428242 1437
1646514690973 0.9078744894300468 1438
1646514691021 0.9079799947516689 1439
1646514691068 0.9080854636258103 1440
1646514691122 0.9081908955707568 1441
1646514691163 0.9082962901049634 1442
1646514691274 0.9084016467470554 1443
1646514691310 0.9085069650158316 1444
1646514691342 0.9086122444302659 1445
1646514691390 0.9087174845095097 1446
1646514691468 0.9088226847728941 1447
1646514691522 0.9089278447399318 1448
1646514691568 0.9090329639303198 1449
1646514691740 0.9091380418639415 1450
1646514691765 0.9092430780608685 1451
1646514691812 0.9093480720413626 1452
1646514691843 0.9094530233258793 1453
1646514691877 0.9095579314350686 1454
1646514691905 0.9096627958897776 1455
1646514691936 0.9097676162110532 1456
1646514692047 0.9098723919201434 1457
1646514692072 0.9099771225385002 1458
1646514692119 0.9100818075877816 1459
1646514692146 0.9101864465898537 1460
1646514692193 0.9102910390667929 1461
1646514692231 0.910395584540888 1462
1646514692270 0.9105000825346424 1463
1646514692413 0.9106045325707768 1464
1646514692463 0.9107089341722305 1465
1646514692509 0.9108132868621641 1466
1646514692550 0.9109175901639618 1467
1646514692582 0.9110218436012333 1468
1646514692613 0.9111260466978157 1469
1646514692645 0.9112301989777765 1470
1646514692750 0.9113342999654152 1471
1646514692786 0.9114383491852652 1472
1646514692817 0.911542346162097 1473
1646514692849 0.9116462904209188 1474
1646514692898 0.9117501814869807 1475
1646514692929 0.9118540188857749 1476
1646514692963 0.9119578021430388 1477
1646514693067 0.9120615307847576 1478
1646514693101 0.9121652043371654 1479
1646514693132 0.9122688223267482 1480
1646514693170 0.9123723842802457 1481
1646514693201 0.9124758897246535 1482
1646514693234 0.9125793381872254 1483
1646514693264 0.9126827291954753 1484
1646514693383 0.9127860622771797 1485
1646514693419 0.9128893369603795 1486
1646514693448 0.9129925527733826 1487
1646514693490 0.9130957092447654 1488
1646514693521 0.9131988059033754 1489
1646514693548 0.9133018422783337 1490
1646514693580 0.9134048178990363 1491
1646514693694 0.9135077322951568 1492
1646514693719 0.9136105849966485 1493
1646514693764 0.9137133755337464 1494
1646514693803 0.9138161034369696 1495
1646514693864 0.9139187682371231 1496
1646514693927 0.9140213694653001 1497
1646514694012 0.9141239066528842 1498
1646514694196 0.9142263793315516 1499
1646514694238 0.9143287870332729 1500
1646514694299 0.9144311292903158 1501
1646514694330 0.9145334056352467 1502
1646514694371 0.9146356156009329 1503
1646514694415 0.9147377587205452 1504
1646514694473 0.9148398345275595 1505
1646514694576 0.9149418425557593 1506
1646514694624 0.9150437823392373 1507
1646514694671 0.9151456534123985 1508
1646514694706 0.9152474553099613 1509
1646514694737 0.91534918756696 1510
1646514694781 0.9154508497187474 1511
1646514694800 0.9155524413009958 1512
1646514694933 0.9156539618497005 1513
1646514694973 0.915755410901181 1514
1646514695015 0.9158567879920831 1515
1646514695063 0.9159580926593818 1516
1646514695113 0.9160593244403822 1517
1646514695175 0.916160482872723 1518
1646514695208 0.9162615674943773 1519
1646514695441 0.9163625778436558 1520
1646514695465 0.9164635134592082 1521
1646514695500 0.9165643738800254 1522
1646514695538 0.9166651586454421 1523
1646514695553 0.9167658672951382 1524
1646514695585 0.9168664993691414 1525
1646514695616 0.9169670544078293 1526
1646514695728 0.9170675319519311 1527
1646514695766 0.9171679315425301 1528
1646514695785 0.9172682527210654 1529
1646514695828 0.9173684950293345 1530
1646514695859 0.9174686580094951 1531
1646514695901 0.9175687412040671 1532
1646514695916 0.9176687441559349 1533
1646514696043 0.9177686664083494 1534
1646514696089 0.91786850750493 1535
1646514696133 0.9179682669896668 1536
1646514696175 0.9180679444069227 1537
1646514696215 0.9181675393014356 1538
1646514696249 0.9182670512183198 1539
1646514696277 0.918366479703069 1540
1646514696379 0.9184658243015578 1541
1646514696420 0.9185650845600442 1542
1646514696451 0.918664260025171 1543
1646514696477 0.9187633502439687 1544
1646514696510 0.9188623547638568 1545
1646514696548 0.9189612731326464 1546
1646514696577 0.9190601048985421 1547
1646514696747 0.9191588496101438 1548
1646514696784 0.9192575068164495 1549
1646514696815 0.9193560760668563 1550
1646514696851 0.9194545569111635 1551
1646514696877 0.919552948899574 1552
1646514696923 0.9196512515826961 1553
1646514696960 0.9197494645115469 1554
1646514697112 0.9198475872375527 1555
1646514697157 0.919945619312552 1556
1646514697196 0.9200435602887975 1557
1646514697251 0.9201414097189579 1558
1646514697283 0.9202391671561196 1559
1646514697315 0.9203368321537899 1560
1646514697331 0.920434404265898 1561
1646514697484 0.9205318830467969 1562
1646514697516 0.9206292680512664 1563
1646514697599 0.9207265588345147 1564
1646514697697 0.9208237549521799 1565
1646514697767 0.9209208559603327 1566
1646514697822 0.9210178614154783 1567
1646514697873 0.921114770874558 1568
1646514698117 0.9212115838949518 1569
1646514698177 0.9213083000344803 1570
1646514698226 0.9214049188514062 1571
1646514698265 0.9215014399044371 1572
1646514698304 0.9215978627527268 1573
1646514698351 0.9216941869558779 1574
1646514698399 0.9217904120739433 1575
1646514698514 0.9218865376674287 1576
1646514698553 0.9219825632972941 1577
1646514698593 0.9220784885249563 1578
1646514698635 0.9221743129122907 1579
1646514698672 0.9222700360216329 1580
1646514698711 0.9223656574157816 1581
1646514698748 0.9224611766579996 1582
1646514698890 0.9225565933120167 1583
1646514698961 0.9226519069420308 1584
1646514699006 0.9227471171127106 1585
1646514699068 0.9228422233891975 1586
1646514699139 0.9229372253371071 1587
1646514699208 0.9230321225225315 1588
1646514699252 0.9231269145120418 1589
1646514699413 0.9232216008726887 1590
1646514699458 0.9233161811720062 1591
1646514699489 0.9234106549780122 1592
1646514699526 0.9235050218592112 1593
1646514699564 0.9235992813845961 1594
1646514699606 0.9236934331236499 1595
1646514699648 0.9237874766463481 1596
1646514699775 0.9238814115231604 1597
1646514699813 0.9239752373250526 1598
1646514699864 0.9240689536234891 1599
1646514699897 0.924162559990434 1600
1646514699944 0.9242560559983536 1601
1646514699978 0.9243494412202183 1602
1646514700024 0.9244427152295046 1603
1646514700205 0.9245358776001968 1604
1646514700261 0.9246289279067892 1605
1646514700352 0.9247218657242878 1606
1646514700407 0.9248146906282124 1607
1646514700447 0.9249074021945988 1608
1646514700480 0.9249999999999999 1609
1646514700517 0.9250924836214889 1610
1646514700622 0.9251848526366597 1611
1646514700654 0.9252771066236304 1612
1646514700689 0.925369245161044 1613
1646514700727 0.9254612678280711 1614
1646514700762 0.9255531742044112 1615
1646514700799 0.9256449638702953 1616
1646514700814 0.9257366364064871 1617
1646514700947 0.9258281913942854 1618
1646514700981 0.9259196284155262 1619
1646514701013 0.9260109470525838 1620
1646514701052 0.9261021468883736 1621
1646514701081 0.9261932275063532 1622
1646514701127 0.9262841884905252 1623
1646514701158 0.9263750294254381 1624
1646514701266 0.9264657498961894 1625
1646514701294 0.9265563494884258 1626
1646514701326 0.9266468277883471 1627
1646514701361 0.9267371843827065 1628
1646514701398 0.9268274188588131 1629
1646514701430 0.9269175308045341 1630
1646514701460 0.927007519808296 1631
1646514701573 0.9270973854590869 1632
1646514701601 0.9271871273464585 1633
1646514701632 0.9272767450605274 1634
1646514701672 0.9273662381919777 1635
1646514701698 0.9274556063320623 1636
1646514701735 0.927544849072605 1637
1646514701767 0.9276339660060027 1638
1646514701883 0.9277229567252261 1639
1646514701919 0.9278118208238232 1640
1646514701950 0.9279005578959199 1641
1646514701983 0.9279891675362223 1642
1646514702015 0.9280776493400187 1643
1646514702054 0.9281660029031811 1644
1646514702083 0.9282542278221672 1645
1646514702184 0.9283423236940225 1646
1646514702220 0.9284302901163816 1647
1646514702252 0.9285181266874706 1648
1646514702284 0.9286058330061084 1649
1646514702315 0.9286934086717092 1650
1646514702360 0.9287808532842836 1651
1646514702384 0.9288681664444409 1652
1646514702505 0.9289553477533908 1653
1646514702565 0.9290423968129451 1654
1646514702631 0.9291293132255197 1655
1646514702696 0.9292160965941365 1656
1646514702755 0.9293027465224248 1657
1646514702808 0.9293892626146236 1658
1646514702869 0.929475644475583 1659
1646514703000 0.9295618917107661 1660
1646514703053 0.9296480039262512 1661
1646514703103 0.9297339807287331 1662
1646514703145 0.9298198217255251 1663
1646514703189 0.9299055265245607 1664
1646514703215 0.9299910947343957 1665
1646514703261 0.9300765259642093 1666
1646514703376 0.9301618198238067 1667
1646514703407 0.9302469759236207 1668
1646514703454 0.9303319938747128 1669
1646514703485 0.9304168732887756 1670
1646514703516 0.9305016137781348 1671
1646514703567 0.9305862149557503 1672
1646514703598 0.9306706764352183 1673
1646514703730 0.9307549978307732 1674
1646514703757 0.930839178757289 1675
1646514703788 0.9309232188302815 1676
1646514703839 0.9310071176659098 1677
1646514703917 0.9310908748809779 1678
1646514703982 0.9311744900929366 1679
1646514704032 0.9312579629198857 1680
1646514704215 0.9313412929805749 1681
1646514704241 0.9314244798944061 1682
1646514704272 0.931507523281435 1683
1646514704311 0.931590422762373 1684
1646514704338 0.9316731779585884 1685
1646514704376 0.9317557884921089 1686
1646514704407 0.9318382539856226 1687
1646514704518 0.9319205740624802 1688
1646514704560 0.9320027483466967 1689
1646514704582 0.9320847764629527 1690
1646514704622 0.9321666580365967 1691
1646514704653 0.9322483926936462 1692
1646514704694 0.9323299800607899 1693
1646514704722 0.9324114197653893 1694
1646514704848 0.9324927114354803 1695
1646514704886 0.9325738546997747 1696
1646514704938 0.9326548491876624 1697
1646514704985 0.9327356945292126 1698
1646514705029 0.9328163903551758 1699
1646514705091 0.9328969362969856 1700
1646514705123 0.9329773319867597 1701
1646514705278 0.9330575770573025 1702
1646514705319 0.9331376711421061 1703
1646514705362 0.9332176138753523 1704
1646514705403 0.933297404891914 1705
1646514705448 0.9333770438273573 1706
1646514705496 0.9334565303179428 1707
1646514705532 0.9335358640006274 1708
1646514705671 0.9336150445130658 1709
1646514705699 0.9336940714936124 1710
1646514705754 0.9337729445813228 1711
1646514705803 0.9338516634159554 1712
1646514705874 0.9339302276379734 1713
1646514705926 0.934008636888546 1714
1646514705975 0.9340868908095499 1715
1646514706294 0.9341649890435719 1716
1646514706409 0.9342429312339093 1717
1646514706724 0.9343207170245724 1718
1646514706908 0.9343983460602859 1719
1646514707007 0.93447581798649 1720
1646514707080 0.9345531324493432 1721
1646514707215 0.9346302890957224 1722
1646514707673 0.934707287573226 1723
1646514707729 0.9347841275301743 1724
1646514707770 0.9348608086156118 1725
1646514707819 0.9349373304793089 1726
1646514707870 0.9350136927717627 1727
1646514707914 0.9350898951441995 1728
1646514707945 0.935165937248576 1729
1646514708072 0.9352418187375805 1730
1646514708124 0.9353175392646356 1731
1646514708156 0.9353930984838983 1732
1646514708188 0.9354684960502628 1733
1646514708235 0.9355437316193617 1734
1646514708351 0.9356188048475672 1735
1646514708441 0.9356937153919931 1736
1646514708572 0.9357684629104963 1737
1646514708600 0.9358430470616782 1738
1646514708647 0.9359174675048864 1739
1646514708716 0.9359917239002161 1740
1646514708778 0.936065815908512 1741
1646514708912 0.9361397431913695 1742
1646514708957 0.9362135054111363 1743
1646514709075 0.936287102230914 1744
1646514709113 0.9363605333145598 1745
1646514709142 0.9364337983266877 1746
1646514709184 0.9365068969326702 1747
1646514709215 0.93657982879864 1748
1646514709258 0.9366525935914912 1749
1646514709289 0.9367251909788812 1750
1646514709406 0.9367976206292317 1751
1646514709442 0.9368698822117307 1752
1646514709474 0.9369419753963338 1753
1646514709513 0.9370138998537657 1754
1646514709542 0.9370856552555219 1755
1646514709580 0.9371572412738697 1756
1646514709612 0.9372286575818503 1757
1646514709738 0.93729990385328 1758
1646514709774 0.9373709797627517 1759
1646514709805 0.9374418849856364 1760
1646514709842 0.9375126191980845 1761
1646514709874 0.9375831820770278 1762
1646514709915 0.9376535733001805 1763
1646514709942 0.9377237925460407 1764
1646514710067 0.9377938394938921 1765
1646514710097 0.9378637138238052 1766
1646514710128 0.9379334152166392 1767
1646514710168 0.938002943354043 1768
1646514710199 0.9380722979184567 1769
1646514710237 0.9381414785931133 1770
1646514710259 0.93821048506204 1771
1646514710382 0.9382793170100597 1772
1646514710421 0.9383479741227924 1773
1646514710459 0.9384164560866564 1774
1646514710496 0.9384847625888703 1775
1646514710527 0.9385528933174538 1776
1646514710564 0.9386208479612299 1777
1646514710595 0.9386886262098253 1778
1646514710710 0.9387562277536725 1779
1646514710743 0.9388236522840113 1780
1646514710774 0.9388908994928898 1781
1646514710808 0.938957969073166 1782
1646514710843 0.9390248607185092 1783
1646514710873 0.9390915741234015 1784
1646514710904 0.9391581089831388 1785
1646514711022 0.9392244649938328 1786
1646514711095 0.9392906418524121 1787
1646514711186 0.9393566392566232 1788
1646514711245 0.9394224569050323 1789
1646514711308 0.9394880944970271 1790
1646514711369 0.939553551732817 1791
1646514711407 0.9396188283134357 1792
1646514711541 0.9396839239407415 1793
1646514711582 0.9397488383174198 1794
1646514711623 0.9398135711469834 1795
1646514711665 0.9398781221337742 1796
1646514711696 0.939942490982965 1797
1646514711746 0.9400066774005603 1798
1646514711777 0.9400706810933978 1799
1646514711910 0.9401345017691499 1800
1646514711947 0.9401981391363247 1801
1646514711978 0.9402615929042678 1802
1646514712009 0.9403248627831631 1803
1646514712071 0.9403879484840346 1804
1646514712109 0.9404508497187474 1805
1646514712156 0.940513566200009 1806
1646514712275 0.9405760976413711 1807
1646514712309 0.94063844375723 1808
1646514712371 0.9407006042628292 1809
1646514712440 0.9407625788742592 1810
1646514712521 0.9408243673084599 1811
1646514712623 0.9408859692832215 1812
1646514712657 0.9409473845171858 1813
1646514712762 0.9410086127298477 1814
1646514712786 0.941069653641556 1815
1646514712818 0.9411305069735151 1816
1646514712862 0.941191172447786 1817
1646514712893 0.9412516497872881 1818
1646514712924 0.9413119387157997 1819
1646514712957 0.9413720389579597 1820
1646514713076 0.9414319502392691 1821
1646514713111 0.9414916722860915 1822
1646514713141 0.9415512048256551 1823
1646514713175 0.9416105475860537 1824
1646514713190 0.9416697002962474 1825
1646514713237 0.941728662686065 1826
1646514713257 0.9417874344862043 1827
1646514713373 0.9418460154282332 1828
1646514713412 0.941904405244592 1829
1646514713442 0.9419626036685933 1830
1646514713472 0.9420206104344244 1831
1646514713504 0.9420784252771476 1832
1646514713537 0.9421360479327019 1833
1646514713573 0.9421934781379041 1834
1646514713686 0.94225071563045 1835
1646514713708 0.9423077601489156 1836
1646514713742 0.9423646114327581 1837
1646514713786 0.9424212692223176 1838
1646514713818 0.9424777332588177 1839
1646514713843 0.942534003284367 1840
1646514713874 0.9425900790419601 1841
1646514713994 0.9426459602754794 1842
1646514714031 0.942701646729695 1843
1646514714058 0.9427571381502673 1844
1646514714103 0.942812434283747 1845
1646514714143 0.942867534877577 1846
1646514714171 0.9429224396800933 1847
1646514714202 0.942977148440526 1848
1646514714313 0.9430316609090008 1849
1646514714343 0.9430859768365397 1850
1646514714374 0.9431400959750627 1851
1646514714413 0.9431940180773881 1852
1646514714443 0.9432477428972347 1853
1646514714473 0.9433012701892219 1854
1646514714506 0.9433545997088716 1855
1646514714625 0.9434077312126089 1856
1646514714649 0.9434606644577631 1857
1646514714680 0.9435133992025695 1858
1646514714718 0.9435659352061694 1859
1646514714759 0.9436182722286124 1860
1646514714807 0.9436704100308564 1861
1646514714859 0.9437223483747698 1862
1646514715128 0.9437740870231314 1863
1646514715157 0.9438256257396324 1864
1646514715204 0.9438769642888771 1865
1646514715257 0.9439281024363841 1866
1646514715288 0.9439790399485873 1867
1646514715330 0.9440297765928368 1868
1646514715373 0.9440803121374004 1869
1646514715505 0.9441306463514642 1870
1646514715560 0.9441807790051338 1871
1646514715611 0.9442307098694355 1872
1646514715660 0.9442804387163174 1873
1646514715702 0.94432996531865 1874
1646514715743 0.9443792894502276 1875
1646514715783 0.9444284108857696 1876
1646514715902 0.9444773294009206 1877
1646514715940 0.9445260447722523 1878
1646514715987 0.9445745567772644 1879
1646514716032 0.9446228651943852 1880
1646514716079 0.944670969802973 1881
1646514716141 0.9447188703833168 1882
1646514716202 0.9447665667166376 1883
1646514716414 0.9448140585850893 1884
1646514716436 0.9448613457717595 1885
1646514716474 0.9449084280606709 1886
1646514716506 0.9449553052367818 1887
1646514716522 0.9450019770859874 1888
1646514716568 0.945048443395121 1889
1646514716589 0.9450947039519539 1890
1646514716703 0.9451407585451981 1891
1646514716740 0.9451866069645056 1892
1646514716771 0.9452322490004704 1893
1646514716801 0.9452776844446291 1894
1646514716832 0.9453229130894618 1895
1646514716866 0.9453679347283932 1896
1646514716890 0.9454127491557933 1897
1646514717005 0.9454573561669787 1898
1646514717040 0.9455017555582133 1899
1646514717074 0.9455459471267093 1900
1646514717111 0.9455899306706278 1901
1646514717127 0.9456337059890806 1902
1646514717170 0.94567727288213 1903
1646514717190 0.9457206311507905 1904
1646514717306 0.9457637805970296 1905
1646514717338 0.9458067210237683 1906
1646514717369 0.9458494522348823 1907
1646514717399 0.9458919740352029 1908
1646514717430 0.9459342862305179 1909
1646514717461 0.9459763886275725 1910
1646514717491 0.94601828103407 1911
1646514717599 0.9460599632586728 1912
1646514717634 0.9461014351110035 1913
1646514717665 0.9461426964016452 1914
1646514717696 0.9461837469421428 1915
1646514717727 0.9462245865450041 1916
1646514717765 0.9462652150236998 1917
1646514717791 0.9463056321926654 1918
1646514717897 0.9463458378673011 1919
1646514717932 0.9463858318639733 1920
1646514717963 0.9464256140000151 1921
1646514718002 0.9464651840937276 1922
1646514718034 0.9465045419643797 1923
1646514718076 0.9465436874322102 1924
1646514718107 0.9465826203184277 1925
1646514718228 0.9466213404452118 1926
1646514718264 0.946659847635714 1927
1646514718292 0.9466981417140581 1928
1646514718328 0.9467362225053415 1929
1646514718359 0.9467740898356356 1930
1646514718392 0.9468117435319868 1931
1646514718423 0.9468491834224173 1932
1646514718559 0.9468864093359257 1933
1646514718619 0.946923421102488 1934
1646514718689 0.9469602185530582 1935
1646514718747 0.9469968015195694 1936
1646514718805 0.9470331698349341 1937
1646514718878 0.9470693233330452 1938
1646514718942 0.9471052618487766 1939
1646514719146 0.9471409852179846 1940
1646514719182 0.9471764932775076 1941
1646514719213 0.9472117858651679 1942
1646514719266 0.9472468628197714 1943
1646514719319 0.9472817239811093 1944
1646514719371 0.9473163691899582 1945
1646514719409 0.947350798288081 1946
1646514719535 0.9473850111182279 1947
1646514719572 0.9474190075241365 1948
1646514719616 0.9474527873505334 1949
1646514719647 0.9474863504431338 1950
1646514719707 0.9475196966486432 1951
1646514719748 0.9475528258147576 1952
1646514719785 0.9475857377901643 1953
1646514719979 0.9476184324245426 1954
1646514720062 0.9476509095685643 1955
1646514720124 0.9476831690738948 1956
1646514720166 0.9477152107931935 1957
1646514720256 0.9477470345801144 1958
1646514720313 0.947778640289307 1959
1646514720345 0.9478100277764165 1960
1646514720465 0.9478411968980854 1961
1646514720497 0.9478721475119529 1962
1646514720542 0.9479028794766567 1963
1646514720591 0.947933392651833 1964
1646514720637 0.947963686898117 1965
1646514720675 0.9479937620771444 1966
1646514720718 0.9480236180515509 1967
1646514720924 0.9480532546849737 1968
1646514720969 0.9480826718420517 1969
1646514721019 0.9481118693884264 1970
1646514721063 0.948140847190742 1971
1646514721094 0.9481696051166466 1972
1646514721147 0.9481981430347927 1973
1646514721191 0.9482264608148371 1974
1646514721328 0.9482545583274427 1975
1646514721372 0.9482824354442779 1976
1646514721444 0.9483100920380182 1977
1646514721500 0.9483375279823459 1978
1646514721588 0.9483647431519514 1979
1646514721661 0.9483917374225332 1980
1646514721712 0.9484185106707991 1981
1646514721862 0.9484450627744657 1982
1646514721903 0.9484713936122604 1983
1646514721937 0.9484975030639208 1984
1646514721986 0.9485233910101957 1985
1646514722021 0.9485490573328457 1986
1646514722058 0.9485745019146433 1987
1646514722105 0.9485997246393744 1988
1646514722257 0.9486247253918375 1989
1646514722372 0.9486495040578454 1990
1646514722519 0.9486740605242252 1991
1646514722598 0.9486983946788186 1992
1646514722649 0.9487225064104828 1993
1646514722708 0.9487463956090911 1994
1646514722761 0.948770062165533 1995
1646514723167 0.9487935059717147 1996
1646514723236 0.9488167269205602 1997
1646514723310 0.948839724906011 1998
1646514723381 0.9488624998230272 1999
1646514723452 0.9488850515675875 2000
1646514723504 0.9489073800366903 2001
1646514723552 0.9489294851283532 2002
1646514723706 0.9489513667416146 2003
1646514723744 0.9489730247765333 2004
1646514723775 0.9489944591341893 2005
1646514723839 0.9490156697166843 2006
1646514723909 0.949036656427142 2007
1646514724023 0.9490574191697085 2008
1646514724086 0.9490779578495532 2009
1646514724402 0.9490982723728685 2010
1646514724459 0.9491183626468706 2011
1646514724507 0.9491382285798001 2012
1646514724550 0.9491578700809225 2013
1646514724583 0.9491772870605276 2014
1646514724620 0.9491964794299315 2015
1646514724651 0.9492154471014755 2016
1646514724767 0.9492341899885278 2017
1646514724805 0.9492527080054828 2018
1646514724867 0.9492710010677621 2019
1646514724907 0.9492890690918148 2020
1646514724938 0.9493069119951177 2021
1646514724967 0.949324529696176 2022
1646514725014 0.9493419221145234 2023
1646514725129 0.9493590891707224 2024
1646514725167 0.9493760307863651 2025
1646514725214 0.949392746884073 2026
1646514725268 0.9494092373874977 2027
1646514725316 0.9494255022213213 2028
1646514725347 0.9494415413112564 2029
1646514725387 0.9494573545840468 2030
1646514725514 0.9494729419674676 2031
1646514725553 0.9494883033903257 2032
1646514725597 0.94950343878246 2033
1646514725642 0.9495183480747419 2034
1646514725683 0.9495330311990751 2035
1646514725728 0.9495474880883967 2036
1646514725768 0.9495617186766769 2037
1646514725890 0.9495757228989194 2038
1646514725928 0.9495895006911622 2039
1646514725968 0.9496030519904771 2040
1646514726001 0.9496163767349703 2041
1646514726048 0.9496294748637832 2042
1646514726109 0.9496423463170919 2043
1646514726230 0.9496549910361077 2044
1646514726453 0.9496674089630779 2045
1646514726490 0.9496796000412853 2046
1646514726539 0.9496915642150489 2047
1646514726594 0.9497033014297239 2048
1646514726639 0.9497148116317027 2049
1646514726687 0.9497260947684136 2050
1646514726732 0.9497371507883229 2051
1646514726861 0.9497479796409335 2052
1646514726891 0.9497585812767863 2053
1646514726938 0.9497689556474599 2054
1646514726971 0.9497791027055708 2055
1646514727018 0.9497890224047737 2056
1646514727059 0.949798714699762 2057
1646514727103 0.9498081795462672 2058
1646514727245 0.9498174169010603 2059
1646514727297 0.9498264267219508 2060
1646514727344 0.9498352089677878 2061
1646514727422 0.9498437635984596 2062
1646514727534 0.9498520905748941 2063
1646514727595 0.949860189859059 2064
1646514727666 0.949868061413962 2065
1646514727860 0.9498757052036509 2066
1646514727899 0.9498831211932139 2067
1646514727930 0.9498903093487795 2068
1646514727967 0.9498972696375168 2069
1646514728014 0.9499040020276356 2070
1646514728049 0.9499105064883867 2071
1646514728083 0.949916782990062 2072
1646514728226 0.9499228315039944 2073
1646514728268 0.9499286520025583 2074
1646514728299 0.9499342444591692 2075
1646514728341 0.9499396088482844 2076
1646514728368 0.9499447451454031 2077
1646514728414 0.9499496533270657 2078
1646514728445 0.9499543333708549 2079
1646514728562 0.9499587852553952 2080
1646514728597 0.9499630089603534 2081
1646514728630 0.9499670044664381 2082
1646514728659 0.9499707717554007 2083
1646514728684 0.9499743108100344 2084
1646514728721 0.9499776216141751 2085
1646514728752 0.9499807041527013 2086
1646514728863 0.9499835584115339 2087
1646514728891 0.9499861843776365 2088
1646514728922 0.9499885820390154 2089
1646514728969 0.9499907513847194 2090
1646514729000 0.9499926924048406 2091
1646514729035 0.9499944050905136 2092
1646514729067 0.9499958894339159 2093
1646514729169 0.949997145428268 2094
1646514729207 0.9499981730678333 2095
1646514729238 0.9499989723479183 2096
1646514729285 0.9499995432648722 2097
1646514729316 0.9499998858160876 2098
1646514729355 0.95 2099
1646514729385 0.9499998858160876 2100
