1646513724638 0.31018519401550293 0
1646513724992 0.29629629850387573 1
1646513725492 0.3888888955116272 2
1646513726017 0.3888888955116272 3
1646513726313 0.4166666567325592 4
1646513726629 0.42592594027519226 5
1646513726945 0.5231481194496155 6
1646513727433 0.5138888955116272 7
1646513727772 0.5462962985038757 8
1646513728126 0.5462962985038757 9
1646513728592 0.5509259104728699 10
1646513728945 0.6203703880310059 11
1646513729292 0.625 12
1646513729621 0.6111111044883728 13
1646513729980 0.6388888955116272 14
1646513730328 0.6481481194496155 15
1646513730627 0.6666666865348816 16
1646513731150 0.6851851940155029 17
1646513731482 0.7129629850387573 18
1646513731851 0.6990740895271301 19
1646513732334 0.6990740895271301 20
1646513732615 0.7314814925193787 21
1646513732936 0.7175925970077515 22
1646513733235 0.7268518805503845 23
1646513733540 0.7175925970077515 24
1646513733850 0.7314814925193787 25
1646513734185 0.75 26
1646513734533 0.7592592835426331 27
1646513735040 0.7592592835426331 28
1646513735411 0.7268518805503845 29
1646513735860 0.7453703880310059 30
1646513736248 0.7592592835426331 31
1646513736540 0.7453703880310059 32
1646513736850 0.7962962985038757 33
1646513737142 0.7870370149612427 34
1646513737433 0.7962962985038757 35
1646513737735 0.7962962985038757 36
1646513738053 0.8148148059844971 37
1646513738559 0.8148148059844971 38
1646513738985 0.8055555820465088 39
1646513739346 0.7916666865348816 40
1646513739819 0.8148148059844971 41
1646513740121 0.8009259104728699 42
1646513740415 0.8333333134651184 43
1646513740709 0.8148148059844971 44
1646513741016 0.8333333134651184 45
1646513741312 0.8379629850387573 46
1646513741613 0.8472222089767456 47
1646513741979 0.8055555820465088 48
1646513742441 0.7777777910232544 49
1646513742764 0.8240740895271301 50
1646513743099 0.8379629850387573 51
1646513743553 0.8472222089767456 52
1646513743869 0.8564814925193787 53
1646513744170 0.875 54
1646513744473 0.8981481194496155 55
1646513744831 0.8796296119689941 56
1646513745203 0.8657407164573669 57
1646513745557 0.8657407164573669 58
1646513746168 0.875 59
1646513746579 0.8796296119689941 60
1646513746919 0.8981481194496155 61
1646513747401 0.8981481194496155 62
1646513747690 0.875 63
1646513748016 0.8888888955116272 64
1646513748321 0.8888888955116272 65
1646513748615 0.8518518805503845 66
1646513748928 0.8935185074806213 67
1646513749231 0.8703703880310059 68
1646513749686 0.9074074029922485 69
1646513750099 0.8935185074806213 70
1646513750457 0.9027777910232544 71
1646513750953 0.8981481194496155 72
1646513751270 0.8981481194496155 73
1646513751554 0.9305555820465088 74
1646513751873 0.8888888955116272 75
1646513752155 0.9444444179534912 76
1646513752455 0.9305555820465088 77
1646513752775 0.9351851940155029 78
1646513753090 0.9074074029922485 79
1646513753584 0.9351851940155029 80
1646513753949 0.9398148059844971 81
1646513754303 0.9120370149612427 82
1646513754760 0.9675925970077515 83
1646513755074 0.9305555820465088 84
1646513755377 0.9305555820465088 85
1646513755677 0.9212962985038757 86
1646513755974 0.9120370149612427 87
1646513756312 0.9675925970077515 88
1646513756644 0.9398148059844971 89
1646513757147 0.9583333134651184 90
1646513757515 0.9583333134651184 91
1646513757899 0.9675925970077515 92
1646513758455 0.9722222089767456 93
1646513758787 0.9166666865348816 94
1646513759096 0.9583333134651184 95
1646513759410 0.9398148059844971 96
1646513759757 0.9583333134651184 97
1646513760107 0.9629629850387573 98
1646513760455 0.9537037014961243 99
1646513761479 0.9305555820465088 100
1646513762009 0.9907407164573669 101
1646513762554 0.9861111044883728 102
1646513763170 0.9259259104728699 103
1646513763668 0.9675925970077515 104
1646513764039 0.9814814925193787 105
1646513764396 0.9583333134651184 106
1646513764818 0.9907407164573669 107
1646513765315 0.9583333134651184 108
1646513765919 0.9768518805503845 109
1646513766344 0.9490740895271301 110
1646513766959 0.9722222089767456 111
1646513767339 0.9814814925193787 112
1646513767709 0.9675925970077515 113
1646513768092 0.9675925970077515 114
1646513768418 0.9675925970077515 115
1646513768723 0.9814814925193787 116
1646513769323 0.9675925970077515 117
1646513769715 0.9861111044883728 118
1646513770134 0.9768518805503845 119
1646513770818 0.9814814925193787 120
1646513771133 0.9768518805503845 121
1646513771438 0.9814814925193787 122
1646513771801 0.9722222089767456 123
1646513772160 0.9861111044883728 124
1646513772487 0.9768518805503845 125
1646513772967 0.9814814925193787 126
1646513773372 0.9722222089767456 127
1646513773730 0.9490740895271301 128
1646513774251 0.9768518805503845 129
1646513774556 0.9768518805503845 130
1646513774881 0.9814814925193787 131
1646513775181 0.9861111044883728 132
1646513775489 0.9814814925193787 133
1646513775808 0.9907407164573669 134
1646513776123 0.9861111044883728 135
1646513776506 0.9583333134651184 136
1646513777113 0.9953703880310059 137
1646513777569 0.9537037014961243 138
1646513778124 0.9953703880310059 139
1646513778539 0.9722222089767456 140
1646513778908 0.9537037014961243 141
1646513779215 0.9861111044883728 142
1646513779521 0.9768518805503845 143
1646513779879 0.9814814925193787 144
1646513780228 0.9953703880310059 145
1646513780749 0.9907407164573669 146
1646513781126 0.9861111044883728 147
1646513781544 0.9907407164573669 148
1646513781971 0.9861111044883728 149
1646513782317 0.9907407164573669 150
1646513782644 0.9768518805503845 151
1646513782965 0.9768518805503845 152
1646513783268 0.9953703880310059 153
1646513783581 0.9907407164573669 154
1646513783933 0.9861111044883728 155
1646513784442 0.9814814925193787 156
1646513784837 0.9675925970077515 157
1646513785196 0.9861111044883728 158
1646513785676 0.9861111044883728 159
1646513785986 0.9907407164573669 160
1646513786287 0.9907407164573669 161
1646513786588 0.9953703880310059 162
1646513786908 0.9907407164573669 163
1646513787216 0.9953703880310059 164
1646513787534 0.9861111044883728 165
1646513788076 0.9768518805503845 166
1646513788465 0.9861111044883728 167
1646513788838 0.9861111044883728 168
1646513789329 0.9722222089767456 169
1646513789657 0.9861111044883728 170
1646513789999 0.9953703880310059 171
1646513790312 0.9768518805503845 172
1646513790623 0.9768518805503845 173
1646513790945 0.9814814925193787 174
1646513791280 0.9768518805503845 175
1646513791808 0.9814814925193787 176
1646513792247 0.9907407164573669 177
1646513792594 0.9861111044883728 178
1646513793259 0.9861111044883728 179
1646513793615 0.9907407164573669 180
1646513793989 0.9814814925193787 181
1646513794336 0.9861111044883728 182
1646513794704 0.9907407164573669 183
1646513795043 1.0 184
1646513795554 0.9814814925193787 185
1646513795946 0.9907407164573669 186
1646513796339 0.9768518805503845 187
1646513796853 1.0 188
1646513797174 0.9953703880310059 189
1646513797493 0.9861111044883728 190
1646513797816 0.9953703880310059 191
1646513798124 1.0 192
1646513798443 0.9953703880310059 193
1646513798771 1.0 194
1646513799282 0.9953703880310059 195
1646513799660 1.0 196
1646513800017 1.0 197
1646513800519 0.9953703880310059 198
1646513800827 0.9953703880310059 199
1646513801137 0.9907407164573669 200
1646513801438 1.0 201
1646513801749 0.9953703880310059 202
1646513802070 0.9907407164573669 203
1646513802385 0.9953703880310059 204
1646513802755 0.9861111044883728 205
1646513803238 1.0 206
1646513803656 1.0 207
1646513804072 0.9907407164573669 208
1646513804501 1.0 209
1646513804848 0.9953703880310059 210
1646513805156 1.0 211
1646513805470 1.0 212
1646513805788 0.9953703880310059 213
1646513806157 0.9861111044883728 214
1646513806572 0.9953703880310059 215
1646513807039 0.9953703880310059 216
1646513807446 0.9907407164573669 217
1646513807879 0.9953703880310059 218
1646513808282 0.9907407164573669 219
1646513808599 0.9907407164573669 220
1646513808979 1.0 221
1646513809369 0.9953703880310059 222
1646513809744 0.9907407164573669 223
1646513810141 0.9953703880310059 224
1646513810699 1.0 225
1646513811090 0.9861111044883728 226
1646513811527 0.9907407164573669 227
1646513811949 1.0 228
1646513812279 0.9861111044883728 229
1646513812650 0.9953703880310059 230
1646513812976 1.0 231
1646513813346 0.9953703880310059 232
1646513813653 0.9953703880310059 233
1646513814279 0.9953703880310059 234
1646513814837 0.9953703880310059 235
1646513815232 0.9953703880310059 236
1646513815790 0.9953703880310059 237
1646513816106 0.9953703880310059 238
1646513816415 0.9814814925193787 239
1646513816723 0.9907407164573669 240
1646513817035 1.0 241
1646513817370 0.9953703880310059 242
1646513817694 0.9953703880310059 243
1646513818248 0.9861111044883728 244
1646513818594 1.0 245
1646513819003 0.9907407164573669 246
1646513819436 1.0 247
1646513819739 0.9953703880310059 248
1646513820067 1.0 249
1646513820372 0.9953703880310059 250
1646513820679 0.9953703880310059 251
1646513821006 0.9953703880310059 252
1646513821322 0.9953703880310059 253
1646513821847 0.9907407164573669 254
1646513822203 1.0 255
1646513822622 1.0 256
1646513823119 0.9953703880310059 257
1646513823462 0.9953703880310059 258
1646513823774 0.9953703880310059 259
1646513824130 0.9953703880310059 260
1646513824438 0.9953703880310059 261
1646513824830 0.9907407164573669 262
1646513825286 0.9861111044883728 263
1646513825850 0.9953703880310059 264
1646513826294 1.0 265
1646513826897 1.0 266
1646513827222 1.0 267
1646513827539 1.0 268
1646513827849 0.9953703880310059 269
1646513828162 0.9953703880310059 270
1646513828490 0.9953703880310059 271
1646513828811 1.0 272
1646513829325 0.9953703880310059 273
1646513829729 0.9907407164573669 274
1646513830112 1.0 275
1646513830609 0.9953703880310059 276
1646513830938 0.9907407164573669 277
1646513831251 0.9953703880310059 278
1646513831567 0.9907407164573669 279
1646513831900 1.0 280
1646513832238 0.9953703880310059 281
1646513832597 1.0 282
1646513833108 1.0 283
1646513833553 1.0 284
1646513833912 0.9907407164573669 285
1646513834397 0.9907407164573669 286
1646513834745 1.0 287
1646513835074 0.9953703880310059 288
1646513835385 0.9814814925193787 289
1646513835703 1.0 290
1646513836032 0.9907407164573669 291
1646513836361 1.0 292
1646513836829 1.0 293
1646513837293 0.9953703880310059 294
1646513837670 1.0 295
1646513838203 1.0 296
1646513838508 0.9907407164573669 297
1646513838867 1.0 298
1646513839173 1.0 299
