1646513724638 1.3857247829437256 0
1646513724992 1.392951488494873 1
1646513725492 1.3264626264572144 2
1646513726017 1.3346720933914185 3
1646513726313 1.3066701889038086 4
1646513726629 1.2919427156448364 5
1646513726945 1.2261123657226562 6
1646513727433 1.2044005393981934 7
1646513727772 1.154895305633545 8
1646513728126 1.1455132961273193 9
1646513728592 1.1421492099761963 10
1646513728945 1.0579298734664917 11
1646513729292 1.0585001707077026 12
1646513729621 1.0265854597091675 13
1646513729980 0.9510688781738281 14
1646513730328 0.9010176062583923 15
1646513730627 0.8516501784324646 16
1646513731150 0.8578888177871704 17
1646513731482 0.8012158274650574 18
1646513731851 0.7454148530960083 19
1646513732334 0.7583938837051392 20
1646513732615 0.6927201151847839 21
1646513732936 0.7295165657997131 22
1646513733235 0.7114850282669067 23
1646513733540 0.6594183444976807 24
1646513733850 0.6546587944030762 25
1646513734185 0.6340447068214417 26
1646513734533 0.6456809043884277 27
1646513735040 0.6151716709136963 28
1646513735411 0.6418014168739319 29
1646513735860 0.6331431269645691 30
1646513736248 0.6000396013259888 31
1646513736540 0.5974441766738892 32
1646513736850 0.5435052514076233 33
1646513737142 0.5419442057609558 34
1646513737433 0.525724470615387 35
1646513737735 0.49385541677474976 36
1646513738053 0.4919843375682831 37
1646513738559 0.45795151591300964 38
1646513738985 0.48453953862190247 39
1646513739346 0.510570764541626 40
1646513739819 0.46602290868759155 41
1646513740121 0.4160997271537781 42
1646513740415 0.41872960329055786 43
1646513740709 0.4589996039867401 44
1646513741016 0.41100794076919556 45
1646513741312 0.43699532747268677 46
1646513741613 0.42037680745124817 47
1646513741979 0.4569047689437866 48
1646513742441 0.4717998504638672 49
1646513742764 0.41833311319351196 50
1646513743099 0.3785739243030548 51
1646513743553 0.3597038984298706 52
1646513743869 0.33005204796791077 53
1646513744170 0.34631040692329407 54
1646513744473 0.3262229859828949 55
1646513744831 0.39168936014175415 56
1646513745203 0.3573257327079773 57
1646513745557 0.32000982761383057 58
1646513746168 0.2780003249645233 59
1646513746579 0.34750664234161377 60
1646513746919 0.28807082772254944 61
1646513747401 0.2841527462005615 62
1646513747690 0.2909722626209259 63
1646513748016 0.3092939555644989 64
1646513748321 0.2875504195690155 65
1646513748615 0.35205838084220886 66
1646513748928 0.2899908125400543 67
1646513749231 0.28374114632606506 68
1646513749686 0.23029135167598724 69
1646513750099 0.2525465488433838 70
1646513750457 0.24106501042842865 71
1646513750953 0.2752365469932556 72
1646513751270 0.22535200417041779 73
1646513751554 0.206890270113945 74
1646513751873 0.2817051410675049 75
1646513752155 0.1712484210729599 76
1646513752455 0.2327362447977066 77
1646513752775 0.2039238065481186 78
1646513753090 0.24916744232177734 79
1646513753584 0.16369792819023132 80
1646513753949 0.1375565379858017 81
1646513754303 0.18560543656349182 82
1646513754760 0.12094419449567795 83
1646513755074 0.13507987558841705 84
1646513755377 0.2007995992898941 85
1646513755677 0.1723530888557434 86
1646513755974 0.2322862297296524 87
1646513756312 0.10617353022098541 88
1646513756644 0.16139651834964752 89
1646513757147 0.14764820039272308 90
1646513757515 0.11675142496824265 91
1646513757899 0.12430371344089508 92
1646513758455 0.10168654471635818 93
1646513758787 0.195267453789711 94
1646513759096 0.12410295754671097 95
1646513759410 0.15616557002067566 96
1646513759757 0.08834761381149292 97
1646513760107 0.09902488440275192 98
1646513760455 0.1433616727590561 99
1646513761479 0.19070731103420258 100
1646513762009 0.07027801871299744 101
1646513762554 0.06339619308710098 102
1646513763170 0.1485166698694229 103
1646513763668 0.07699551433324814 104
1646513764039 0.07611116021871567 105
1646513764396 0.12967723608016968 106
1646513764818 0.061978261917829514 107
1646513765315 0.08231770247220993 108
1646513765919 0.09210385382175446 109
1646513766344 0.12727367877960205 110
1646513766959 0.09416535496711731 111
1646513767339 0.06528304517269135 112
1646513767709 0.09198442101478577 113
1646513768092 0.07334736734628677 114
1646513768418 0.094794362783432 115
1646513768723 0.07047806680202484 116
1646513769323 0.0773778110742569 117
1646513769715 0.0689510628581047 118
1646513770134 0.04873153194785118 119
1646513770818 0.06405241042375565 120
1646513771133 0.05617940425872803 121
1646513771438 0.05962081626057625 122
1646513771801 0.10369950532913208 123
1646513772160 0.04718866944313049 124
1646513772487 0.07720410078763962 125
1646513772967 0.06356557458639145 126
1646513773372 0.05624806135892868 127
1646513773730 0.1399448812007904 128
1646513774251 0.06420200318098068 129
1646513774556 0.07044368982315063 130
1646513774881 0.05589306354522705 131
1646513775181 0.04981179162859917 132
1646513775489 0.03381173685193062 133
1646513775808 0.04130173102021217 134
1646513776123 0.05831833556294441 135
1646513776506 0.09236574172973633 136
1646513777113 0.03641633689403534 137
1646513777569 0.12446674704551697 138
1646513778124 0.01855417713522911 139
1646513778539 0.10424249619245529 140
1646513778908 0.15679702162742615 141
1646513779215 0.02995223179459572 142
1646513779521 0.07539906352758408 143
1646513779879 0.05228516086935997 144
1646513780228 0.027626849710941315 145
1646513780749 0.0316096730530262 146
1646513781126 0.05706823617219925 147
1646513781544 0.02823949232697487 148
1646513781971 0.07369295507669449 149
1646513782317 0.026429859921336174 150
1646513782644 0.055573441088199615 151
1646513782965 0.044632621109485626 152
1646513783268 0.017852632328867912 153
1646513783581 0.0270659402012825 154
1646513783933 0.026635391637682915 155
1646513784442 0.0462089478969574 156
1646513784837 0.07773780822753906 157
1646513785196 0.03682756796479225 158
1646513785676 0.044282011687755585 159
1646513785986 0.04164958745241165 160
1646513786287 0.031809959560632706 161
1646513786588 0.020534977316856384 162
1646513786908 0.03649638220667839 163
1646513787216 0.021035851910710335 164
1646513787534 0.03884964436292648 165
1646513788076 0.07726982980966568 166
1646513788465 0.04129095748066902 167
1646513788838 0.039385609328746796 168
1646513789329 0.08127816766500473 169
1646513789657 0.030050255358219147 170
1646513789999 0.022723963484168053 171
1646513790312 0.03889669477939606 172
1646513790623 0.054487816989421844 173
1646513790945 0.03675001114606857 174
1646513791280 0.05029473081231117 175
1646513791808 0.053146716207265854 176
1646513792247 0.029186824336647987 177
1646513792594 0.02458031475543976 178
1646513793259 0.03883850947022438 179
1646513793615 0.027632400393486023 180
1646513793989 0.03112212009727955 181
1646513794336 0.023542916402220726 182
1646513794704 0.03316900134086609 183
1646513795043 0.012354749254882336 184
1646513795554 0.02766728587448597 185
1646513795946 0.025534894317388535 186
1646513796339 0.03188579902052879 187
1646513796853 0.007293901406228542 188
1646513797174 0.010416788049042225 189
1646513797493 0.03807626664638519 190
1646513797816 0.018746724352240562 191
1646513798124 0.01579231396317482 192
1646513798443 0.018474845215678215 193
1646513798771 0.014829756692051888 194
1646513799282 0.017256293445825577 195
1646513799660 0.007781942840665579 196
1646513800017 0.009585458785295486 197
1646513800519 0.010137297213077545 198
1646513800827 0.01687561348080635 199
1646513801137 0.023029493167996407 200
1646513801438 0.01092749647796154 201
1646513801749 0.015765801072120667 202
1646513802070 0.03620348498225212 203
1646513802385 0.015610613860189915 204
1646513802755 0.020129742100834846 205
1646513803238 0.008437900803983212 206
1646513803656 0.0063590663485229015 207
1646513804072 0.04267922043800354 208
1646513804501 0.01294378750026226 209
1646513804848 0.017280641943216324 210
1646513805156 0.014631516300141811 211
1646513805470 0.012771851383149624 212
1646513805788 0.02295108139514923 213
1646513806157 0.03152915835380554 214
1646513806572 0.02941085956990719 215
1646513807039 0.015264027751982212 216
1646513807446 0.019689740613102913 217
1646513807879 0.01664573699235916 218
1646513808282 0.021601615473628044 219
1646513808599 0.02199443243443966 220
1646513808979 0.009528235532343388 221
1646513809369 0.008927171118557453 222
1646513809744 0.015413499437272549 223
1646513810141 0.01246621459722519 224
1646513810699 0.005991881247609854 225
1646513811090 0.0420866496860981 226
1646513811527 0.01849210262298584 227
1646513811949 0.011850059032440186 228
1646513812279 0.02952209673821926 229
1646513812650 0.012878242880105972 230
1646513812976 0.0073484992608428 231
1646513813346 0.027372853830456734 232
1646513813653 0.02346646413207054 233
1646513814279 0.01847837306559086 234
1646513814837 0.009521497413516045 235
1646513815232 0.01299557089805603 236
1646513815790 0.01766926795244217 237
1646513816106 0.010845871642231941 238
1646513816415 0.0737244263291359 239
1646513816723 0.025365633890032768 240
1646513817035 0.008732606656849384 241
1646513817370 0.010819446295499802 242
1646513817694 0.016639968380331993 243
1646513818248 0.02428906038403511 244
1646513818594 0.01108891423791647 245
1646513819003 0.03460101783275604 246
1646513819436 0.006520021241158247 247
1646513819739 0.015163121744990349 248
1646513820067 0.008274014107882977 249
1646513820372 0.01743273437023163 250
1646513820679 0.05502505227923393 251
1646513821006 0.024769913405179977 252
1646513821322 0.013152599334716797 253
1646513821847 0.02421015501022339 254
1646513822203 0.004842155147343874 255
1646513822622 0.006606594193726778 256
1646513823119 0.011171049438416958 257
1646513823462 0.009881368838250637 258
1646513823774 0.017768582329154015 259
1646513824130 0.02066924422979355 260
1646513824438 0.008500897325575352 261
1646513824830 0.01245568785816431 262
1646513825286 0.023168351501226425 263
1646513825850 0.011649957858026028 264
1646513826294 0.006498437840491533 265
1646513826897 0.006887785159051418 266
1646513827222 0.014792049303650856 267
1646513827539 0.003515747608616948 268
1646513827849 0.0122643718495965 269
1646513828162 0.015412994660437107 270
1646513828490 0.015467805787920952 271
1646513828811 0.008099399507045746 272
1646513829325 0.006476420443505049 273
1646513829729 0.018231038004159927 274
1646513830112 0.0065533132292330265 275
1646513830609 0.010541317984461784 276
1646513830938 0.01964934915304184 277
1646513831251 0.018121762201189995 278
1646513831567 0.038455743342638016 279
1646513831900 0.0036582525353878736 280
1646513832238 0.01144016906619072 281
1646513832597 0.004659128841012716 282
1646513833108 0.008244909346103668 283
1646513833553 0.006175953429192305 284
1646513833912 0.018289417028427124 285
1646513834397 0.02323850430548191 286
1646513834745 0.0037777794059365988 287
1646513835074 0.011643439531326294 288
1646513835385 0.03551468998193741 289
1646513835703 0.004733655601739883 290
1646513836032 0.026961155235767365 291
1646513836361 0.00676687341183424 292
1646513836829 0.005729900673031807 293
1646513837293 0.012605180032551289 294
1646513837670 0.0026079609524458647 295
1646513838203 0.005859845783561468 296
1646513838508 0.021527042612433434 297
1646513838867 0.006333562079817057 298
1646513839173 0.00750349648296833 299
