1646513723217 0.95 0
1646513724003 0.9499993783330846 1
1646513724085 0.9499975133477971 2
1646513724132 0.9499944050905136 3
1646513724156 0.9499900536385262 4
1646513724203 0.9499844591000408 5
1646513724237 0.9499776216141751 6
1646513724280 0.9499695413509548 7
1646513724695 0.949960218511309 8
1646513724734 0.9499496533270657 9
1646513724770 0.9499378460609461 10
1646513724813 0.9499247970065575 11
1646513724838 0.9499105064883867 12
1646513724880 0.9498949748617913 13
1646513724912 0.9498782025129912 14
1646513725057 0.949860189859059 15
1646513725099 0.9498409373479095 16
1646513725139 0.9498204454582888 17
1646513725175 0.949798714699762 18
1646513725206 0.9497757456127007 19
1646513725239 0.94975153876827 20
1646513725270 0.9497260947684136 21
1646513725573 0.9496994142458393 22
1646513725644 0.9496714978640027 23
1646513725705 0.9496423463170918 24
1646513725764 0.9496119603300086 25
1646513725817 0.9495803406583515 26
1646513725885 0.9495474880883967 27
1646513725939 0.9495134034370785 28
1646513726070 0.9494780875519688 29
1646513726097 0.9494415413112564 30
1646513726129 0.9494037656237247 31
1646513726165 0.9493647614287297 32
1646513726197 0.949324529696176 33
1646513726229 0.9492830714264932 34
1646513726244 0.9492403876506104 35
1646513726368 0.9491964794299315 36
1646513726397 0.9491513478563078 37
1646513726429 0.9491049940520119 38
1646513726466 0.9490574191697085 39
1646513726499 0.9490086243924272 40
1646513726531 0.9489586109335315 41
1646513726563 0.9489073800366903 42
1646513726674 0.9488549329758454 43
1646513726698 0.9488012710551812 44
1646513726729 0.9487463956090911 45
1646513726774 0.9486903080021453 46
1646513726814 0.948633009629056 47
1646513726848 0.9485745019146433 48
1646513726879 0.9485147863137998 49
1646513726998 0.9484538643114538 50
1646513727072 0.9483917374225332 51
1646513727145 0.9483284071919273 52
1646513727201 0.9482638751944483 53
1646513727250 0.9481981430347927 54
1646513727302 0.9481312123475005 55
1646513727341 0.9480630847969159 56
1646513727480 0.9479937620771444 57
1646513727520 0.9479232459120117 58
1646513727552 0.9478515380550205 59
1646513727591 0.947778640289307 60
1646513727622 0.9477045544275962 61
1646513727652 0.9476292823121573 62
1646513727683 0.9475528258147576 63
1646513727821 0.9474751868366162 64
1646513727852 0.9473963673083565 65
1646513727883 0.9473163691899582 66
1646513727925 0.9472351944707085 67
1646513727952 0.947152845169153 68
1646513728001 0.9470693233330452 69
1646513728032 0.9469846310392954 70
1646513728170 0.9468987703939197 71
1646513728210 0.9468117435319868 72
1646513728241 0.9467235526175657 73
1646513728278 0.9466341998436714 74
1646513728365 0.9465436874322102 75
1646513728410 0.9464520176339251 76
1646513728465 0.9463591927283393 77
1646513728636 0.9462652150236998 78
1646513728664 0.9461700868569197 79
1646513728695 0.9460738105935204 80
1646513728745 0.9459763886275725 81
1646513728792 0.9458778233816366 82
1646513728834 0.9457781173067029 83
1646513728876 0.94567727288213 84
1646513729004 0.9455752926155836 85
1646513729045 0.9454721790429741 86
1646513729076 0.9453679347283932 87
1646513729115 0.9452625622640507 88
1646513729145 0.9451560642702095 89
1646513729185 0.945048443395121 90
1646513729217 0.9449397023149583 91
1646513729333 0.944829843733751 92
1646513729369 0.9447188703833168 93
1646513729416 0.9446067850231942 94
1646513729445 0.9444935904405733 95
1646513729477 0.9443792894502276 96
1646513729519 0.9442638848944427 97
1646513729545 0.9441473796429463 98
1646513729681 0.9440297765928368 99
1646513729719 0.9439110786685114 100
1646513729761 0.9437912888215928 101
1646513729798 0.9436704100308564 102
1646513729829 0.9435484453021562 103
1646513729866 0.9434253976683494 104
1646513729897 0.9433012701892219 105
1646513730029 0.9431760659514115 106
1646513730065 0.9430497880683315 107
1646513730097 0.9429224396800933 108
1646513730138 0.9427940239534279 109
1646513730178 0.9426645440816077 110
1646513730209 0.942534003284367 111
1646513730246 0.9424024048078212 112
1646513730376 0.9422697519243874 113
1646513730399 0.9421360479327019 114
1646513730430 0.9420012961575386 115
1646513730471 0.9418654999497261 116
1646513730504 0.941728662686065 117
1646513730535 0.9415907877692434 118
1646513730562 0.941451878627752 119
1646513730671 0.9413119387157997 120
1646513730707 0.9411709715132269 121
1646513730762 0.9410289805254195 122
1646513730830 0.9408859692832215 123
1646513730909 0.9407419413428472 124
1646513730970 0.9405969002857928 125
1646513731031 0.9404508497187474 126
1646513731204 0.9403037932735031 127
1646513731239 0.9401557346068651 128
1646513731266 0.9400066774005603 129
1646513731307 0.9398566253611461 130
1646513731350 0.9397055822199181 131
1646513731382 0.9395535517328171 132
1646513731413 0.939400537680336 133
1646513731534 0.9392465438674261 134
1646513731577 0.9390915741234015 135
1646513731608 0.9389356323018446 136
1646513731651 0.9387787222805106 137
1646513731682 0.9386208479612299 138
1646513731719 0.9384620132698124 139
1646513731751 0.9383022221559488 140
1646513731903 0.9381414785931133 141
1646513731942 0.9379797865784638 142
1646513731967 0.9378171501327436 143
1646513732012 0.9376535733001805 144
1646513732098 0.9374890601483866 145
1646513732153 0.9373236147682574 146
1646513732204 0.9371572412738697 147
1646513732379 0.9369899438023792 148
1646513732405 0.936821726513918 149
1646513732436 0.9366525935914912 150
1646513732471 0.9364825492408725 151
1646513732502 0.9363115976904997 152
1646513732531 0.9361397431913695 153
1646513732547 0.9359669900169325 154
1646513732671 0.9357933424629858 155
1646513732702 0.9356188048475672 156
1646513732733 0.9354433815108469 157
1646513732775 0.9352670768150204 158
1646513732815 0.9350898951441995 159
1646513732844 0.9349118409043036 160
1646513732875 0.9347329185229498 161
1646513732982 0.9345531324493432 162
1646513733004 0.9343724871541659 163
1646513733035 0.9341909871294659 164
1646513733076 0.934008636888546 165
1646513733100 0.9338254409658502 166
1646513733138 0.9336414039168526 167
1646513733169 0.9334565303179428 168
1646513733286 0.9332708247663131 169
1646513733308 0.933084291879843 170
1646513733339 0.9328969362969856 171
1646513733384 0.9327087626766517 172
1646513733415 0.9325197756980937 173
1646513733444 0.9323299800607899 174
1646513733475 0.9321393804843269 175
1646513733586 0.9319479817082827 176
1646513733608 0.9317557884921089 177
1646513733640 0.9315628056150119 178
1646513733684 0.9313690378758346 179
1646513733716 0.9311744900929366 180
1646513733744 0.9309791671040749 181
1646513733784 0.9307830737662829 182
1646513733888 0.9305862149557502 183
1646513733925 0.9303885955677015 184
1646513733956 0.9301902205162739 185
1646513733984 0.9299910947343957 186
1646513734016 0.9297912231736634 187
1646513734047 0.9295906108042183 188
1646513734100 0.9293892626146236 189
1646513734239 0.9291871836117395 190
1646513734262 0.9289843788205991 191
1646513734301 0.9287808532842836 192
1646513734329 0.9285766120637968 193
1646513734360 0.928371660237939 194
1646513734385 0.9281660029031811 195
1646513734432 0.9279596451735372 196
1646513734617 0.9277525921804387 197
1646513734688 0.927544849072605 198
1646513734749 0.9273364210159172 199
1646513734810 0.9271273131932879 200
1646513734861 0.9269175308045341 201
1646513734919 0.9267070790662464 202
1646513734957 0.9264959632116602 203
1646513735083 0.9262841884905252 204
1646513735120 0.9260717601689749 205
1646513735171 0.9258586835293956 206
1646513735218 0.9256449638702953 207
1646513735240 0.9254306065061715 208
1646513735283 0.9252156167673797 209
1646513735330 0.9249999999999999 210
1646513735459 0.9247837615657049 211
1646513735500 0.9245669068416256 212
1646513735541 0.9243494412202183 213
1646513735580 0.9241313701091305 214
1646513735611 0.9239126989310659 215
1646513735657 0.9236934331236499 216
1646513735688 0.9234735781392945 217
1646513735919 0.9232531394450625 218
1646513736009 0.9230321225225315 219
1646513736062 0.9228105328676581 220
1646513736082 0.9225883759906404 221
1646513736122 0.9223656574157816 222
1646513736154 0.9221423826813525 223
1646513736182 0.9219185573394538 224
1646513736285 0.9216941869558779 225
1646513736322 0.9214692771099704 226
1646513736353 0.9212438333944919 227
1646513736383 0.9210178614154783 228
1646513736414 0.9207913667921016 229
1646513736447 0.9205643551565306 230
1646513736462 0.9203368321537899 231
1646513736583 0.9201088034416208 232
1646513736620 0.9198802746903394 233
1646513736651 0.9196512515826961 234
1646513736683 0.9194217398137348 235
1646513736714 0.9191917450906499 236
1646513736745 0.9189612731326464 237
1646513736783 0.9187303296707956 238
1646513736900 0.9184989204478939 239
1646513736923 0.9182670512183198 240
1646513736954 0.9180347277478902 241
1646513736983 0.9178019558137178 242
1646513737014 0.9175687412040671 243
1646513737052 0.9173350897182103 244
1646513737067 0.9171010071662834 245
1646513737186 0.9168664993691414 246
1646513737209 0.9166315721582141 247
1646513737240 0.9163962313753602 248
1646513737284 0.916160482872723 249
1646513737315 0.9159243325125842 250
1646513737333 0.9156877861672185 251
1646513737364 0.9154508497187474 252
1646513737479 0.9152135290589928 253
1646513737503 0.9149758300893309 254
1646513737534 0.9147377587205452 255
1646513737577 0.9144993208726793 256
1646513737600 0.9142605224748901 257
1646513737644 0.9140213694653001 258
1646513737675 0.9137818677908499 259
1646513737789 0.9135420234071502 260
1646513737820 0.9133018422783337 261
1646513737851 0.9130613303769068 262
1646513737885 0.9128204936836014 263
1646513737916 0.9125793381872254 264
1646513737950 0.9123378698845146 265
1646513737966 0.9120960947799833 266
1646513738091 0.9118540188857749 267
1646513738146 0.9116116482215121 268
1646513738185 0.9113689888141481 269
1646513738249 0.9111260466978157 270
1646513738317 0.910882827913678 271
1646513738388 0.9106393385097781 272
1646513738439 0.910395584540888 273
1646513738637 0.9101515720683587 274
1646513738682 0.9099073071599698 275
1646513738714 0.9096627958897776 276
1646513738764 0.9094180443379648 277
1646513738806 0.9091730585906891 278
1646513738849 0.9089278447399318 279
1646513738892 0.9086824088833465 280
1646513739038 0.9084367571241072 281
1646513739071 0.9081908955707568 282
1646513739102 0.9079448303370551 283
1646513739149 0.9076985675418267 284
1646513739184 0.9074521133088087 285
1646513739215 0.907205473766499 286
1646513739249 0.9069586550480032 287
1646513739379 0.9067116632908827 288
1646513739420 0.9064645046370017 289
1646513739496 0.9062171852323743 290
1646513739549 0.9059697112270122 291
1646513739596 0.9057220887747716 292
1646513739672 0.9054743240331998 293
1646513739743 0.9052264231633826 294
1646513739861 0.9049783923297908 295
1646513739898 0.9047302377001268 296
1646513739929 0.9044819654451717 297
1646513739961 0.9042335817386311 298
1646513739992 0.9039850927569826 299
1646513740031 0.9037365046793212 300
1646513740061 0.9034878236872063 301
1646513740165 0.9032390559645076 302
1646513740203 0.9029902076972517 303
1646513740234 0.902741285073468 304
1646513740261 0.9024922942830348 305
1646513740293 0.9022432415175257 306
1646513740328 0.9019941329700553 307
1646513740343 0.9017449748351251 308
1646513740460 0.9014957733084699 309
1646513740483 0.9012465345869036 310
1646513740516 0.9009972648681649 311
1646513740552 0.9007479703507631 312
1646513740577 0.9004986572338246 313
1646513740613 0.9002493317169379 314
1646513740644 0.8999999999999999 315
1646513740748 0.899750668283062 316
1646513740787 0.8995013427661753 317
1646513740818 0.8992520296492368 318
1646513740854 0.899002735131835 319
1646513740878 0.8987534654130963 320
1646513740920 0.8985042266915301 321
1646513740951 0.8982550251648749 322
1646513741058 0.8980058670299448 323
1646513741083 0.8977567584824743 324
1646513741114 0.8975077057169651 325
1646513741154 0.897258714926532 326
1646513741178 0.8970097923027482 327
1646513741218 0.8967609440354923 328
1646513741233 0.8965121763127937 329
1646513741358 0.8962634953206787 330
1646513741381 0.8960149072430174 331
1646513741412 0.8957664182613688 332
1646513741452 0.8955180345548283 333
1646513741478 0.8952697622998731 334
1646513741515 0.8950216076702091 335
1646513741546 0.8947735768366173 336
1646513741662 0.8945256759668001 337
1646513741683 0.8942779112252284 338
1646513741714 0.8940302887729877 339
1646513741763 0.8937828147676257 340
1646513741794 0.8935354953629984 341
1646513741832 0.8932883367091172 342
1646513741863 0.8930413449519967 343
1646513742063 0.892794526233501 344
1646513742126 0.8925478866911912 345
1646513742186 0.8923014324581733 346
1646513742245 0.8920551696629448 347
1646513742288 0.8918091044292431 348
1646513742326 0.8915632428758927 349
1646513742357 0.8913175911166534 350
1646513742485 0.8910721552600681 351
1646513742527 0.8908269414093108 352
1646513742558 0.8905819556620351 353
1646513742595 0.8903372041102223 354
1646513742622 0.8900926928400301 355
1646513742664 0.8898484279316412 356
1646513742696 0.8896044154591121 357
1646513742806 0.8893606614902219 358
1646513742863 0.8891171720863219 359
1646513742894 0.8888739533021842 360
1646513742931 0.8886310111858519 361
1646513742962 0.8883883517784879 362
1646513743007 0.8881459811142252 363
1646513743038 0.8879039052200166 364
1646513743172 0.8876621301154852 365
1646513743227 0.8874206618127746 366
1646513743274 0.8871795063163985 367
1646513743338 0.8869386696230931 368
1646513743427 0.8866981577216662 369
1646513743467 0.8864579765928498 370
1646513743482 0.88621813220915 371
1646513743604 0.8859786305346998 372
1646513743627 0.8857394775251098 373
1646513743653 0.8855006791273207 374
1646513743695 0.8852622412794547 375
1646513743727 0.885024169910669 376
1646513743763 0.8847864709410072 377
1646513743794 0.8845491502812526 378
1646513743916 0.8843122138327815 379
1646513743949 0.8840756674874157 380
1646513743980 0.8838395171272769 381
1646513744015 0.8836037686246397 382
1646513744038 0.8833684278417859 383
1646513744084 0.8831335006308585 384
1646513744099 0.8828989928337165 385
1646513744220 0.8826649102817896 386
1646513744242 0.8824312587959329 387
1646513744273 0.8821980441862821 388
1646513744312 0.8819652722521097 389
1646513744339 0.8817329487816802 390
1646513744381 0.881501079552106 391
1646513744396 0.8812696703292043 392
1646513744518 0.8810387268673535 393
1646513744540 0.88080825490935 394
1646513744572 0.8805782601862653 395
1646513744609 0.8803487484173038 396
1646513744639 0.8801197253096605 397
1646513744695 0.8798911965583791 398
1646513744739 0.87966316784621 399
1646513744878 0.8794356448434694 400
1646513744909 0.8792086332078983 401
1646513744955 0.8789821385845217 402
1646513744994 0.878756166605508 403
1646513745026 0.8785307228900295 404
1646513745068 0.878305813044122 405
1646513745115 0.8780814426605461 406
1646513745251 0.8778576173186474 407
1646513745295 0.8776343425842184 408
1646513745326 0.8774116240093596 409
1646513745372 0.8771894671323418 410
1646513745419 0.8769678774774684 411
1646513745457 0.8767468605549374 412
1646513745493 0.8765264218607054 413
1646513745617 0.87630656687635 414
1646513745657 0.8760873010689341 415
1646513745719 0.8758686298908694 416
1646513745835 0.8756505587797816 417
1646513745904 0.8754330931583744 418
1646513745977 0.8752162384342951 419
1646513746056 0.875 420
1646513746241 0.8747843832326203 421
1646513746290 0.8745693934938285 422
1646513746333 0.8743550361297047 423
1646513746384 0.8741413164706043 424
1646513746425 0.8739282398310251 425
1646513746455 0.8737158115094747 426
1646513746496 0.8735040367883398 427
1646513746635 0.8732929209337535 428
1646513746668 0.8730824691954658 429
1646513746719 0.872872686806712 430
1646513746756 0.8726635789840828 431
1646513746787 0.8724551509273949 432
1646513746823 0.8722474078195612 433
1646513746853 0.8720403548264626 434
1646513746975 0.8718339970968189 435
1646513747001 0.8716283397620609 436
1646513747068 0.8714233879362031 437
1646513747137 0.8712191467157163 438
1646513747200 0.8710156211794009 439
1646513747270 0.8708128163882605 440
1646513747338 0.8706107373853763 441
1646513747441 0.8704093891957816 442
1646513747464 0.8702087768263366 443
1646513747495 0.8700089052656043 444
1646513747539 0.8698097794837261 445
1646513747570 0.8696114044322985 446
1646513747603 0.8694137850442496 447
1646513747619 0.869216926233717 448
1646513747740 0.869020832895925 449
1646513747767 0.8688255099070633 450
1646513747814 0.8686309621241654 451
1646513747839 0.868437194384988 452
1646513747886 0.868244211507891 453
1646513747926 0.8680520182917172 454
1646513747955 0.8678606195156731 455
1646513748063 0.86767001993921 456
1646513748086 0.8674802243019062 457
1646513748117 0.8672912373233482 458
1646513748155 0.8671030637030144 459
1646513748187 0.8669157081201571 460
1646513748221 0.866729175233687 461
1646513748255 0.8665434696820571 462
1646513748362 0.8663585960831474 463
1646513748386 0.8661745590341497 464
1646513748418 0.865991363111454 465
1646513748461 0.865809012870534 466
1646513748477 0.8656275128458341 467
1646513748521 0.8654468675506567 468
1646513748540 0.8652670814770501 469
1646513748659 0.8650881590956964 470
1646513748682 0.8649101048558004 471
1646513748713 0.8647329231849795 472
1646513748756 0.864556618489153 473
1646513748803 0.8643811951524327 474
1646513748834 0.8642066575370141 475
1646513748856 0.8640330099830674 476
1646513748976 0.8638602568086304 477
1646513748999 0.8636884023095003 478
1646513749040 0.8635174507591274 479
1646513749068 0.8633474064085087 480
1646513749100 0.8631782734860819 481
1646513749133 0.8630100561976208 482
1646513749156 0.8628427587261303 483
1646513749276 0.8626763852317425 484
1646513749299 0.8625109398516133 485
1646513749341 0.8623464266998194 486
1646513749374 0.8621828498672562 487
1646513749421 0.8620202134215361 488
1646513749491 0.8618585214068867 489
1646513749541 0.8616977778440511 490
1646513749755 0.8615379867301876 491
1646513749804 0.86137915203877 492
1646513749846 0.8612212777194893 493
1646513749887 0.8610643676981553 494
1646513749925 0.8609084258765984 495
1646513749972 0.8607534561325738 496
1646513750005 0.8605994623196639 497
1646513750143 0.860446448267183 498
1646513750184 0.860294417780082 499
1646513750206 0.8601433746388538 500
1646513750254 0.8599933225994396 501
1646513750286 0.8598442653931349 502
1646513750328 0.8596962067264968 503
1646513750359 0.8595491502812526 504
1646513750505 0.8594030997142071 505
1646513750531 0.8592580586571528 506
1646513750562 0.8591140307167784 507
1646513750606 0.8589710194745804 508
1646513750637 0.858829028486773 509
1646513750722 0.8586880612842003 510
1646513750783 0.8585481213722479 511
1646513751008 0.8584092122307565 512
1646513751038 0.8582713373139349 513
1646513751069 0.8581345000502738 514
1646513751107 0.8579987038424614 515
1646513751138 0.857863952067298 516
1646513751172 0.8577302480756125 517
1646513751203 0.8575975951921787 518
1646513751312 0.857465996715633 519
1646513751338 0.8573354559183922 520
1646513751370 0.857205976046572 521
1646513751406 0.8570775603199067 522
1646513751438 0.8569502119316684 523
1646513751470 0.8568239340485885 524
1646513751485 0.856698729810778 525
1646513751604 0.8565746023316505 526
1646513751627 0.8564515546978437 527
1646513751670 0.8563295899691435 528
1646513751701 0.8562087111784071 529
1646513751732 0.8560889213314885 530
1646513751762 0.8559702234071631 531
1646513751793 0.8558526203570537 532
1646513751912 0.8557361151055572 533
1646513751939 0.8556207105497723 534
1646513751971 0.8555064095594266 535
1646513752012 0.8553932149768058 536
1646513752039 0.8552811296166831 537
1646513752073 0.8551701562662489 538
1646513752089 0.8550602976850417 539
1646513752209 0.854951556604879 540
1646513752239 0.8548439357297904 541
1646513752271 0.8547374377359492 542
1646513752308 0.8546320652716067 543
1646513752339 0.8545278209570258 544
1646513752368 0.8544247073844163 545
1646513752384 0.8543227271178699 546
1646513752502 0.854221882693297 547
1646513752527 0.8541221766183633 548
1646513752555 0.8540236113724274 549
1646513752596 0.8539261894064796 550
1646513752627 0.8538299131430802 551
1646513752667 0.8537347849763002 552
1646513752698 0.8536408072716606 553
1646513752820 0.8535479823660749 554
1646513752842 0.8534563125677898 555
1646513752873 0.8533658001563286 556
1646513752917 0.8532764473824342 557
1646513752940 0.8531882564680131 558
1646513752981 0.8531012296060803 559
1646513753012 0.8530153689607045 560
1646513753154 0.8529306766669548 561
1646513753243 0.8528471548308469 562
1646513753303 0.8527648055292915 563
1646513753374 0.8526836308100417 564
1646513753423 0.8526036326916434 565
1646513753466 0.8525248131633837 566
1646513753508 0.8524471741852423 567
1646513753631 0.8523707176878427 568
1646513753662 0.8522954455724038 569
1646513753706 0.8522213597106929 570
1646513753753 0.8521484619449794 571
1646513753800 0.8520767540879882 572
1646513753831 0.8520062379228556 573
1646513753868 0.851936915203084 574
1646513754000 0.8518687876524994 575
1646513754027 0.8518018569652073 576
1646513754074 0.8517361248055516 577
1646513754106 0.8516715928080726 578
1646513754138 0.8516082625774667 579
1646513754184 0.8515461356885461 580
1646513754215 0.8514852136862001 581
1646513754348 0.8514254980853566 582
1646513754430 0.851366990370944 583
1646513754487 0.8513096919978547 584
1646513754557 0.8512536043909088 585
1646513754616 0.8511987289448187 586
1646513754662 0.8511450670241545 587
1646513754693 0.8510926199633096 588
1646513754813 0.8510413890664684 589
1646513754833 0.8509913756075728 590
1646513754879 0.8509425808302914 591
1646513754912 0.8508950059479881 592
1646513754942 0.8508486521436921 593
1646513754974 0.8508035205700685 594
1646513755005 0.8507596123493896 595
1646513755111 0.8507169285735068 596
1646513755135 0.850675470303824 597
1646513755182 0.8506352385712702 598
1646513755215 0.8505962343762752 599
1646513755243 0.8505584586887436 600
1646513755281 0.8505219124480311 601
1646513755312 0.8504865965629215 602
1646513755421 0.8504525119116032 603
1646513755445 0.8504196593416484 604
1646513755477 0.8503880396699913 605
1646513755521 0.850357653682908 606
1646513755543 0.8503285021359972 607
1646513755584 0.8503005857541607 608
1646513755600 0.8502739052315863 609
1646513755720 0.8502484612317299 610
1646513755747 0.8502242543872992 611
1646513755793 0.850201285300238 612
1646513755827 0.8501795545417112 613
1646513755859 0.8501590626520904 614
1646513755890 0.850139810140941 615
1646513755923 0.8501217974870088 616
1646513756030 0.8501050251382086 617
1646513756052 0.8500894935116132 618
1646513756083 0.8500752029934424 619
1646513756128 0.8500621539390538 620
1646513756159 0.8500503466729342 621
1646513756203 0.850039781488691 622
1646513756228 0.8500304586490451 623
1646513756359 0.8500223783858248 624
1646513756390 0.8500155408999591 625
1646513756440 0.8500099463614738 626
1646513756481 0.8500055949094864 627
1646513756509 0.8500024866522028 628
1646513756545 0.8500006216669154 629
1646513756561 0.8500001141839123 630
1646513756690 0.8500004567351277 631
1646513756714 0.8500010276520816 632
1646513756761 0.8500018269321666 633
1646513756825 0.850002854571732 634
1646513756876 0.850004110566084 635
1646513756941 0.8500055949094864 636
1646513757003 0.8500073075951593 637
1646513757192 0.8500092486152805 638
1646513757232 0.8500114179609846 639
1646513757279 0.8500138156223634 640
1646513757315 0.850016441588466 641
1646513757359 0.8500192958472986 642
1646513757390 0.8500223783858248 643
1646513757432 0.8500256891899656 644
1646513757573 0.8500292282445993 645
1646513757604 0.8500329955335618 646
1646513757632 0.8500369910396466 647
1646513757680 0.8500412147446047 648
1646513757711 0.850045666629145 649
1646513757772 0.8500503466729342 650
1646513757810 0.8500552548545969 651
1646513757952 0.8500603911517155 652
1646513757995 0.8500657555408307 653
1646513758026 0.8500713479974417 654
1646513758058 0.8500771684960056 655
1646513758195 0.8500832170099379 656
1646513758266 0.8500894935116132 657
1646513758377 0.8500959979723643 658
1646513758509 0.8501027303624832 659
1646513758546 0.8501096906512204 660
1646513758577 0.850116878806786 661
1646513758606 0.850124294796349 662
1646513758637 0.850131938586038 663
1646513758672 0.850139810140941 664
1646513758706 0.8501479094251059 665
1646513758831 0.8501562364015404 666
1646513758868 0.8501647910322121 667
1646513758883 0.8501735732780491 668
1646513758930 0.8501825830989397 669
1646513758961 0.8501918204537328 670
1646513758993 0.850201285300238 671
1646513759022 0.8502109775952262 672
1646513759145 0.8502208972944292 673
1646513759168 0.85023104435254 674
1646513759207 0.8502414187232137 675
1646513759241 0.8502520203590664 676
1646513759272 0.850262849211677 677
1646513759307 0.8502739052315863 678
1646513759338 0.8502851883682973 679
1646513759467 0.850296698570276 680
1646513759507 0.8503084357849511 681
1646513759538 0.8503203999587147 682
1646513759582 0.850332591036922 683
1646513759607 0.8503450089638922 684
1646513759643 0.850357653682908 685
1646513759674 0.8503705251362167 686
1646513759807 0.8503836232650296 687
1646513759844 0.8503969480095228 688
1646513759875 0.8504104993088377 689
1646513759923 0.8504242771010805 690
1646513759954 0.850438281323323 691
1646513759997 0.8504525119116032 692
1646513760038 0.8504669688009249 693
1646513760167 0.850481651925258 694
1646513760207 0.8504965612175399 695
1646513760239 0.8505116966096742 696
1646513760282 0.8505270580325324 697
1646513760308 0.8505426454159531 698
1646513760353 0.8505584586887436 699
1646513760384 0.8505744977786787 700
1646513760497 0.8505907626125022 701
1646513760528 0.8506072531159269 702
1646513760591 0.8506239692136348 703
1646513761022 0.8506409108292775 704
1646513761144 0.8506580778854765 705
1646513761228 0.850675470303824 706
1646513761319 0.8506930880048822 707
1646513761556 0.8507109309081852 708
1646513761627 0.8507289989322379 709
1646513761687 0.8507472919945172 710
1646513761733 0.8507658100114721 711
1646513761775 0.8507845528985244 712
1646513761823 0.8508035205700685 713
1646513761875 0.8508227129394723 714
1646513762077 0.8508421299190775 715
1646513762127 0.8508617714201998 716
1646513762193 0.8508816373531294 717
1646513762242 0.8509017276271315 718
1646513762292 0.8509220421504468 719
1646513762334 0.8509425808302914 720
1646513762390 0.850963343572858 721
1646513762670 0.8509843302833157 722
1646513762725 0.8510055408658106 723
1646513762780 0.8510269752234666 724
1646513762838 0.8510486332583853 725
1646513762889 0.8510705148716468 726
1646513762929 0.8510926199633096 727
1646513763007 0.8511149484324124 728
1646513763243 0.8511375001769728 729
1646513763350 0.851160275093989 730
1646513763424 0.8511832730794398 731
1646513763469 0.8512064940282852 732
1646513763507 0.851229937834467 733
1646513763545 0.8512536043909088 734
1646513763576 0.8512774935895171 735
1646513763715 0.8513016053211814 736
1646513763757 0.8513259394757747 737
1646513763801 0.8513504959421545 738
1646513763853 0.8513752746081624 739
1646513763888 0.8514002753606256 740
1646513763925 0.8514254980853566 741
1646513763959 0.8514509426671544 742
1646513764092 0.8514766089898043 743
1646513764128 0.8515024969360792 744
1646513764166 0.8515286063877395 745
1646513764206 0.8515549372255342 746
1646513764247 0.8515814893292009 747
1646513764281 0.8516082625774667 748
1646513764312 0.8516352568480485 749
1646513764449 0.851662472017654 750
1646513764489 0.8516899079619817 751
1646513764532 0.851717564555722 752
1646513764579 0.8517454416725573 753
1646513764619 0.8517735391851629 754
1646513764668 0.8518018569652073 755
1646513764716 0.8518303948833533 756
1646513764862 0.851859152809258 757
1646513764897 0.8518881306115735 758
1646513764930 0.8519173281579482 759
1646513764967 0.8519467453150262 760
1646513765002 0.851976381948449 761
1646513765046 0.8520062379228556 762
1646513765102 0.8520363131018829 763
1646513765392 0.852066607348167 764
1646513765465 0.8520971205233432 765
1646513765535 0.852127852488047 766
1646513765601 0.8521588031019145 767
1646513765706 0.8521899722235834 768
1646513765775 0.8522213597106929 769
1646513765822 0.8522529654198855 770
1646513765979 0.8522847892068064 771
1646513766030 0.8523168309261051 772
1646513766067 0.8523490904314356 773
1646513766111 0.8523815675754574 774
1646513766151 0.8524142622098356 775
1646513766202 0.8524471741852423 776
1646513766243 0.8524803033513567 777
1646513766408 0.8525136495568661 778
1646513766449 0.8525472126494665 779
1646513766490 0.8525809924758634 780
1646513766536 0.852614988881772 781
1646513766613 0.8526492017119189 782
1646513766685 0.8526836308100417 783
1646513766786 0.8527182760188906 784
1646513767015 0.8527531371802285 785
1646513767079 0.8527882141348321 786
1646513767129 0.8528235067224923 787
1646513767169 0.8528590147820153 788
1646513767204 0.8528947381512233 789
1646513767234 0.8529306766669548 790
1646513767260 0.8529668301650658 791
1646513767382 0.8530031984804305 792
1646513767417 0.8530397814469417 793
1646513767456 0.853076578897512 794
1646513767493 0.8531135906640742 795
1646513767540 0.8531508165775826 796
1646513767591 0.8531882564680131 797
1646513767628 0.8532259101643643 798
1646513767766 0.8532637774946584 799
1646513767817 0.8533018582859418 800
1646513767867 0.853340152364286 801
1646513767942 0.8533786595547881 802
1646513767968 0.8534173796815723 803
1646513768010 0.8534563125677898 804
1646513768025 0.8534954580356202 805
1646513768143 0.8535348159062723 806
1646513768166 0.8535743859999848 807
1646513768213 0.8536141681360266 808
1646513768245 0.8536541621326988 809
1646513768277 0.8536943678073345 810
1646513768316 0.8537347849763002 811
1646513768347 0.8537754134549959 812
1646513768462 0.8538162530578571 813
1646513768487 0.8538573035983548 814
1646513768520 0.8538985648889964 815
1646513768562 0.8539400367413271 816
1646513768594 0.8539817189659299 817
1646513768626 0.8540236113724274 818
1646513768662 0.854065713769482 819
1646513768780 0.8541080259647971 820
1646513768817 0.8541505477651177 821
1646513768849 0.8541932789762317 822
1646513768904 0.8542362194029703 823
1646513768982 0.8542793688492094 824
1646513769074 0.8543227271178699 825
1646513769195 0.8543662940109193 826
1646513769372 0.8544100693293721 827
1646513769415 0.8544540528732907 828
1646513769480 0.8544982444417867 829
1646513769512 0.8545426438330213 830
1646513769549 0.8545872508442066 831
1646513769588 0.8546320652716067 832
1646513769633 0.8546770869105381 833
1646513769768 0.8547223155553707 834
1646513769810 0.8547677509995295 835
1646513769833 0.8548133930354943 836
1646513769883 0.8548592414548019 837
1646513769930 0.854905296048046 838
1646513769965 0.854951556604879 839
1646513770027 0.8549980229140125 840
1646513770188 0.8550446947632181 841
1646513770224 0.855091571939329 842
1646513770280 0.8551386542282404 843
1646513770394 0.8551859414149107 844
1646513770493 0.8552334332833623 845
1646513770552 0.8552811296166831 846
1646513770667 0.8553290301970269 847
1646513770871 0.8553771348056147 848
1646513770902 0.8554254432227355 849
1646513770940 0.8554739552277476 850
1646513770978 0.8555226705990794 851
1646513771008 0.8555715891142304 852
1646513771041 0.8556207105497723 853
1646513771069 0.85567003468135 854
1646513771177 0.8557195612836825 855
1646513771209 0.8557692901305645 856
1646513771241 0.8558192209948662 857
1646513771273 0.8558693536485358 858
1646513771304 0.8559196878625995 859
1646513771335 0.8559702234071631 860
1646513771363 0.8560209600514126 861
1646513771483 0.8560718975636158 862
1646513771516 0.8561230357111228 863
1646513771554 0.8561743742603676 864
1646513771596 0.8562259129768686 865
1646513771639 0.8562776516252302 866
1646513771678 0.8563295899691434 867
1646513771715 0.8563817277713875 868
1646513771852 0.8564340647938306 869
1646513771893 0.8564866007974304 870
1646513771940 0.8565393355422368 871
1646513771986 0.856592268787391 872
1646513772024 0.8566454002911283 873
1646513772058 0.856698729810778 874
1646513772092 0.8567522571027653 875
1646513772206 0.8568059819226118 876
1646513772239 0.8568599040249373 877
1646513772278 0.8569140231634602 878
1646513772315 0.8569683390909991 879
1646513772351 0.857022851559474 880
1646513772389 0.8570775603199067 881
1646513772417 0.8571324651224229 882
1646513772528 0.857187565716253 883
1646513772559 0.8572428618497326 884
1646513772596 0.8572983532703049 885
1646513772638 0.8573540397245205 886
1646513772687 0.8574099209580398 887
1646513772758 0.857465996715633 888
1646513772832 0.8575222667411823 889
1646513773040 0.8575787307776823 890
1646513773090 0.8576353885672419 891
1646513773132 0.8576922398510843 892
1646513773173 0.8577492843695499 893
1646513773213 0.8578065218620958 894
1646513773249 0.857863952067298 895
1646513773281 0.8579215747228524 896
1646513773418 0.8579793895655755 897
1646513773456 0.8580373963314065 898
1646513773490 0.858095594755408 899
1646513773532 0.8581539845717667 900
1646513773572 0.8582125655137957 901
1646513773608 0.8582713373139348 902
1646513773643 0.8583302997037525 903
1646513773795 0.8583894524139463 904
1646513773836 0.8584487951743448 905
1646513773882 0.8585083277139084 906
1646513773928 0.8585680497607309 907
1646513774011 0.8586279610420402 908
1646513774072 0.8586880612842003 909
1646513774154 0.8587483502127118 910
1646513774292 0.8588088275522139 911
1646513774324 0.8588694930264849 912
1646513774355 0.8589303463584439 913
1646513774386 0.8589913872701522 914
1646513774419 0.8590526154828141 915
1646513774457 0.8591140307167784 916
1646513774491 0.8591756326915401 917
1646513774597 0.8592374211257408 918
1646513774629 0.8592993957371707 919
1646513774660 0.8593615562427699 920
1646513774697 0.8594239023586289 921
1646513774732 0.8594864337999909 922
1646513774775 0.8595491502812526 923
1646513774811 0.8596120515159653 924
1646513774923 0.8596751372168369 925
1646513774955 0.8597384070957321 926
1646513774990 0.8598018608636753 927
1646513775025 0.8598654982308501 928
1646513775055 0.8599293189066022 929
1646513775086 0.8599933225994396 930
1646513775115 0.8600575090170349 931
1646513775225 0.8601218778662257 932
1646513775258 0.8601864288530165 933
1646513775292 0.8602511616825801 934
1646513775324 0.8603160760592583 935
1646513775360 0.8603811716865643 936
1646513775391 0.8604464482671829 937
1646513775420 0.8605119055029729 938
1646513775536 0.8605775430949676 939
1646513775568 0.8606433607433768 940
1646513775603 0.8607093581475879 941
1646513775636 0.8607755350061671 942
1646513775667 0.8608418910168611 943
1646513775702 0.8609084258765984 944
1646513775734 0.8609751392814907 945
1646513775851 0.861042030926834 946
1646513775881 0.8611091005071101 947
1646513775914 0.8611763477159886 948
1646513775950 0.8612437722463274 949
1646513775986 0.8613113737901746 950
1646513776024 0.86137915203877 951
1646513776058 0.8614471066825461 952
1646513776165 0.8615152374111297 953
1646513776196 0.8615835439133436 954
1646513776229 0.8616520258772076 955
1646513776261 0.8617206829899402 956
1646513776292 0.86178951493796 957
1646513776334 0.8618585214068867 958
1646513776386 0.8619277020815432 959
1646513776588 0.8619970566459569 960
1646513776653 0.8620665847833607 961
1646513776749 0.8621362861761948 962
1646513776824 0.8622061605061079 963
1646513776889 0.8622762074539593 964
1646513776938 0.8623464266998194 965
1646513776993 0.8624168179229721 966
1646513777173 0.8624873808019154 967
1646513777223 0.8625581150143635 968
1646513777273 0.8626290202372482 969
1646513777323 0.8627000961467199 970
1646513777367 0.8627713424181496 971
1646513777410 0.8628427587261303 972
1646513777451 0.862914344744478 973
1646513777629 0.8629861001462342 974
1646513777676 0.8630580246036661 975
1646513777719 0.8631301177882692 976
1646513777768 0.8632023793707683 977
1646513777817 0.8632748090211187 978
1646513777860 0.8633474064085087 979
1646513777903 0.8634201712013599 980
1646513778214 0.8634931030673297 981
1646513778272 0.8635662016733122 982
1646513778307 0.8636394666854401 983
1646513778343 0.8637128977690859 984
1646513778386 0.8637864945888636 985
1646513778423 0.8638602568086304 986
1646513778459 0.8639341840914879 987
1646513778588 0.8640082760997838 988
1646513778629 0.8640825324951136 989
1646513778670 0.8641569529383217 990
1646513778708 0.8642315370895036 991
1646513778743 0.8643062846080068 992
1646513778787 0.8643811951524327 993
1646513778828 0.8644562683806383 994
1646513778950 0.8645315039497371 995
1646513778981 0.8646069015161016 996
1646513779012 0.8646824607353644 997
1646513779046 0.8647581812624194 998
1646513779078 0.864834062751424 999
1646513779110 0.8649101048558004 1000
1646513779144 0.8649863072282372 1001
1646513779257 0.8650626695206911 1002
1646513779291 0.8651391913843881 1003
1646513779323 0.8652158724698257 1004
1646513779355 0.865292712426774 1005
1646513779387 0.8653697109042775 1006
1646513779421 0.8654468675506567 1007
1646513779452 0.8655241820135098 1008
1646513779572 0.865601653939714 1009
1646513779617 0.8656792829754274 1010
1646513779652 0.8657570687660906 1011
1646513779687 0.865835010956428 1012
1646513779725 0.86591310919045 1013
1646513779764 0.865991363111454 1014
1646513779805 0.8660697723620265 1015
1646513779923 0.8661483365840446 1016
1646513779955 0.8662270554186772 1017
1646513779987 0.8663059285063875 1018
1646513780023 0.8663849554869342 1019
1646513780059 0.8664641359993726 1020
1646513780096 0.8665434696820571 1021
1646513780132 0.8666229561726426 1022
1646513780319 0.8667025951080859 1023
1646513780384 0.8667823861246476 1024
1646513780439 0.8668623288578938 1025
1646513780496 0.8669424229426974 1026
1646513780552 0.8670226680132402 1027
1646513780601 0.8671030637030144 1028
1646513780654 0.8671836096448241 1029
1646513780800 0.8672643054707874 1030
1646513780847 0.8673451508123375 1031
1646513780882 0.8674261453002252 1032
1646513780925 0.8675072885645196 1033
1646513780961 0.8675885802346106 1034
1646513781005 0.86767001993921 1035
1646513781045 0.8677516073063538 1036
1646513781185 0.8678333419634032 1037
1646513781224 0.8679152235370472 1038
1646513781259 0.8679972516533032 1039
1646513781301 0.8680794259375197 1040
1646513781339 0.8681617460143773 1041
1646513781377 0.868244211507891 1042
1646513781413 0.8683268220414114 1043
1646513781607 0.8684095772376269 1044
1646513781685 0.8684924767185649 1045
1646513781745 0.8685755201055938 1046
1646513781800 0.868658707019425 1047
1646513781837 0.8687420370801142 1048
1646513781869 0.8688255099070633 1049
1646513781901 0.8689091251190221 1050
1646513782013 0.8689928823340901 1051
1646513782044 0.8690767811697184 1052
1646513782075 0.8691608212427109 1053
1646513782106 0.8692450021692267 1054
1646513782137 0.8693293235647817 1055
1646513782176 0.8694137850442496 1056
1646513782229 0.8694983862218651 1057
1646513782368 0.8695831267112243 1058
1646513782405 0.8696680061252872 1059
1646513782439 0.8697530240763792 1060
1646513782471 0.8698381801761932 1061
1646513782500 0.8699234740357906 1062
1646513782538 0.8700089052656043 1063
1646513782573 0.8700944734754392 1064
1646513782687 0.8701801782744748 1065
1646513782718 0.8702660192712668 1066
1646513782748 0.8703519960737487 1067
1646513782787 0.8704381082892338 1068
1646513782825 0.870524355524417 1069
1646513782856 0.8706107373853763 1070
1646513782890 0.8706972534775751 1071
1646513783007 0.8707839034058633 1072
1646513783038 0.8708706867744802 1073
1646513783069 0.8709576031870548 1074
1646513783103 0.8710446522466091 1075
1646513783134 0.871131833555559 1076
1646513783166 0.8712191467157163 1077
1646513783196 0.8713065913282907 1078
1646513783314 0.8713941669938915 1079
1646513783348 0.8714818733125294 1080
1646513783382 0.8715697098836184 1081
1646513783417 0.8716576763059775 1082
1646513783450 0.8717457721778328 1083
1646513783485 0.8718339970968189 1084
1646513783513 0.8719223506599812 1085
1646513783628 0.8720108324637776 1086
1646513783662 0.8720994421040801 1087
1646513783696 0.8721881791761767 1088
1646513783730 0.8722770432747738 1089
1646513783767 0.8723660339939974 1090
1646513783815 0.8724551509273948 1091
1646513783844 0.8725443936679376 1092
1646513783998 0.8726337618080222 1093
1646513784054 0.8727232549394726 1094
1646513784112 0.8728128726535415 1095
1646513784172 0.872902614540913 1096
1646513784231 0.872992480191704 1097
1646513784296 0.8730824691954658 1098
1646513784342 0.8731725811411868 1099
1646513784494 0.8732628156172935 1100
1646513784533 0.8733531722116529 1101
1646513784570 0.8734436505115741 1102
1646513784615 0.8735342501038106 1103
1646513784658 0.8736249705745618 1104
1646513784706 0.8737158115094747 1105
1646513784744 0.8738067724936467 1106
1646513784881 0.8738978531116264 1107
1646513784913 0.8739890529474161 1108
1646513784949 0.8740803715844737 1109
1646513784990 0.8741718086057144 1110
1646513785037 0.8742633635935129 1111
1646513785080 0.8743550361297047 1112
1646513785112 0.8744468257955886 1113
1646513785293 0.8745387321719288 1114
1646513785356 0.8746307548389558 1115
1646513785462 0.8747228933763695 1116
1646513785508 0.8748151473633402 1117
1646513785539 0.874907516378511 1118
1646513785573 0.875 1119
1646513785603 0.8750925978054012 1120
1646513785721 0.8751853093717874 1121
1646513785754 0.8752781342757121 1122
1646513785791 0.8753710720932107 1123
1646513785827 0.8754641223998031 1124
1646513785858 0.8755572847704953 1125
1646513785890 0.8756505587797816 1126
1646513785918 0.8757439440016463 1127
1646513786029 0.875837440009566 1128
1646513786060 0.8759310463765109 1129
1646513786091 0.8760247626749473 1130
1646513786125 0.8761185884768397 1131
1646513786155 0.8762125233536519 1132
1646513786188 0.87630656687635 1133
1646513786217 0.8764007186154038 1134
1646513786333 0.8764949781407887 1135
1646513786364 0.8765893450219877 1136
1646513786395 0.8766838188279937 1137
1646513786426 0.8767783991273113 1138
1646513786456 0.8768730854879582 1139
1646513786490 0.8769678774774683 1140
1646513786520 0.8770627746628928 1141
1646513786634 0.8771577766108024 1142
1646513786667 0.8772528828872892 1143
1646513786697 0.8773480930579691 1144
1646513786729 0.8774434066879833 1145
1646513786760 0.8775388233420003 1146
1646513786803 0.8776343425842184 1147
1646513786841 0.877729963978367 1148
1646513786950 0.8778256870877092 1149
1646513786984 0.8779215114750436 1150
1646513787017 0.8780174367027058 1151
1646513787050 0.8781134623325713 1152
1646513787085 0.8782095879260566 1153
1646513787118 0.878305813044122 1154
1646513787149 0.8784021372472731 1155
1646513787257 0.8784985600955628 1156
1646513787292 0.8785950811485936 1157
1646513787325 0.8786916999655197 1158
1646513787362 0.8787884161050481 1159
1646513787392 0.878885229125442 1160
1646513787428 0.8789821385845217 1161
1646513787462 0.8790791440396672 1162
1646513787583 0.87917624504782 1163
1646513787626 0.8792734411654852 1164
1646513787687 0.8793707319487334 1165
1646513787761 0.879468116953203 1166
1646513787831 0.879565595734102 1167
1646513787899 0.8796631678462099 1168
1646513787957 0.8797608328438803 1169
1646513788135 0.8798585902810421 1170
1646513788179 0.8799564397112024 1171
1646513788220 0.8800543806874479 1172
1646513788262 0.8801524127624473 1173
1646513788302 0.880250535488453 1174
1646513788345 0.8803487484173038 1175
1646513788388 0.8804470511004261 1176
1646513788517 0.8805454430888364 1177
1646513788554 0.8806439239331436 1178
1646513788591 0.8807424931835505 1179
1646513788626 0.8808411503898561 1180
1646513788669 0.8809398951014579 1181
1646513788707 0.8810387268673535 1182
1646513788744 0.8811376452361431 1183
1646513788884 0.8812366497560312 1184
1646513788917 0.881335739974829 1185
1646513788993 0.8814349154399558 1186
1646513789059 0.8815341756984422 1187
1646513789109 0.881633520296931 1188
1646513789196 0.8817329487816802 1189
1646513789247 0.8818324606985644 1190
1646513789380 0.8819320555930772 1191
1646513789416 0.8820317330103331 1192
1646513789455 0.88213149249507 1193
1646513789488 0.8822313335916505 1194
1646513789518 0.882331255844065 1195
1646513789551 0.8824312587959329 1196
1646513789582 0.8825313419905049 1197
1646513789701 0.8826315049706654 1198
1646513789733 0.8827317472789346 1199
1646513789774 0.8828320684574699 1200
1646513789819 0.8829324680480688 1201
1646513789851 0.8830329455921706 1202
1646513789884 0.8831335006308585 1203
1646513789920 0.8832341327048617 1204
1646513790040 0.8833348413545579 1205
1646513790072 0.8834356261199745 1206
1646513790103 0.8835364865407918 1207
1646513790134 0.8836374221563441 1208
1646513790164 0.8837384325056226 1209
1646513790205 0.8838395171272769 1210
1646513790241 0.8839406755596176 1211
1646513790358 0.8840419073406182 1212
1646513790392 0.8841432120079168 1213
1646513790423 0.8842445890988189 1214
1646513790455 0.8843460381502993 1215
1646513790485 0.8844475586990042 1216
1646513790518 0.8845491502812526 1217
1646513790552 0.8846508124330399 1218
1646513790665 0.8847525446900386 1219
1646513790699 0.8848543465876013 1220
1646513790729 0.8849562176607626 1221
1646513790767 0.8850581574442407 1222
1646513790811 0.8851601654724405 1223
1646513790844 0.8852622412794547 1224
1646513790876 0.8853643843990671 1225
1646513790996 0.8854665943647533 1226
1646513791031 0.885568870709684 1227
1646513791067 0.885671212966727 1228
1646513791105 0.8857736206684483 1229
1646513791143 0.8858760933471157 1230
1646513791179 0.8859786305346998 1231
1646513791210 0.8860812317628768 1232
1646513791337 0.8861838965630302 1233
1646513791393 0.8862866244662535 1234
1646513791474 0.8863894150033514 1235
1646513791537 0.8864922677048431 1236
1646513791603 0.8865951821009637 1237
1646513791655 0.8866981577216662 1238
1646513791710 0.8868011940966245 1239
1646513791871 0.8869042907552346 1240
1646513791919 0.8870074472266173 1241
1646513791960 0.8871106630396203 1242
1646513792010 0.8872139377228202 1243
1646513792056 0.8873172708045246 1244
1646513792104 0.8874206618127746 1245
1646513792147 0.8875241102753464 1246
1646513792296 0.8876276157197542 1247
1646513792335 0.8877311776732517 1248
1646513792373 0.8878347956628345 1249
1646513792409 0.8879384692152423 1250
1646513792445 0.888042197856961 1251
1646513792480 0.888145981114225 1252
1646513792517 0.8882498185130192 1253
1646513792659 0.888353709579081 1254
1646513792712 0.888457653837903 1255
1646513792853 0.8885616508147347 1256
1646513792938 0.8886657000345848 1257
1646513792989 0.8887698010222234 1258
1646513793107 0.8888739533021842 1259
1646513793175 0.8889781563987667 1260
1646513793305 0.8890824098360381 1261
1646513793344 0.8891867131378358 1262
1646513793388 0.8892910658277694 1263
1646513793424 0.8893954674292232 1264
1646513793457 0.8894999174653575 1265
1646513793499 0.8896044154591121 1266
1646513793535 0.8897089609332071 1267
1646513793666 0.8898135534101462 1268
1646513793702 0.8899181924122183 1269
1646513793736 0.8900228774614998 1270
1646513793776 0.8901276080798566 1271
1646513793819 0.8902323837889468 1272
1646513793860 0.8903372041102223 1273
1646513793896 0.8904420685649314 1274
1646513794037 0.8905469766741205 1275
1646513794072 0.8906519279586373 1276
1646513794104 0.8907569219391316 1277
1646513794139 0.8908619581360584 1278
1646513794173 0.89096703606968 1279
1646513794212 0.8910721552600681 1280
1646513794249 0.8911773152271059 1281
1646513794384 0.8912825154904902 1282
1646513794420 0.891387755569734 1283
1646513794459 0.8914930349841683 1284
1646513794503 0.8915983532529446 1285
1646513794541 0.8917037098950366 1286
1646513794584 0.8918091044292431 1287
1646513794617 0.8919145363741896 1288
1646513794750 0.892020005248331 1289
1646513794796 0.8921255105699532 1290
1646513794839 0.8922310518571758 1291
1646513794875 0.8923366286279542 1292
1646513794910 0.8924422404000816 1293
1646513794941 0.8925478866911912 1294
1646513794973 0.8926535670187591 1295
1646513795089 0.8927592809001053 1296
1646513795134 0.8928650278523969 1297
1646513795195 0.8929708073926498 1298
1646513795256 0.8930766190377313 1299
1646513795326 0.8931824623043617 1300
1646513795393 0.8932883367091172 1301
1646513795440 0.8933942417684316 1302
1646513795609 0.8935001769985987 1303
1646513795654 0.8936061419157747 1304
1646513795700 0.8937121360359799 1305
1646513795738 0.8938181588751013 1306
1646513795780 0.893924209948895 1307
1646513795827 0.8940302887729877 1308
1646513795862 0.8941363948628799 1309
1646513795998 0.894242527733947 1310
1646513796031 0.8943486869014424 1311
1646513796072 0.8944548718804994 1312
1646513796120 0.8945610821861334 1313
1646513796161 0.894667317333244 1314
1646513796205 0.8947735768366173 1315
1646513796243 0.8948798602109284 1316
1646513796390 0.8949861669707432 1317
1646513796423 0.8950924966305208 1318
1646513796456 0.8951988487046159 1319
1646513796540 0.8953052227072804 1320
1646513796594 0.8954116181526666 1321
1646513796665 0.8955180345548283 1322
1646513796771 0.895624471427724 1323
1646513796894 0.8957309282852185 1324
1646513796927 0.8958374046410855 1325
1646513796962 0.8959439000090094 1326
1646513797003 0.8960504139025879 1327
1646513797039 0.8961569458353341 1328
1646513797075 0.8962634953206787 1329
1646513797103 0.8963700618719723 1330
1646513797217 0.8964766450024872 1331
1646513797248 0.8965832442254206 1332
1646513797279 0.8966898590538956 1333
1646513797314 0.8967964890009643 1334
1646513797350 0.8969031335796098 1335
1646513797389 0.8970097923027482 1336
1646513797421 0.8971164646832313 1337
1646513797536 0.8972231502338479 1338
1646513797569 0.8973298484673276 1339
1646513797602 0.897436558896341 1340
1646513797632 0.8975432810335039 1341
1646513797663 0.897650014391378 1342
1646513797700 0.8977567584824742 1343
1646513797733 0.8978635128192541 1344
1646513797857 0.8979702769141327 1345
1646513797888 0.89807705027948 1346
1646513797918 0.8981838324276243 1347
1646513797953 0.8982906228708534 1348
1646513797983 0.8983974211214172 1349
1646513798017 0.8985042266915301 1350
1646513798048 0.8986110390933728 1351
1646513798167 0.8987178578390952 1352
1646513798203 0.8988246824408179 1353
1646513798237 0.8989315124106348 1354
1646513798271 0.8990383472606156 1355
1646513798305 0.8991451865028072 1356
1646513798339 0.8992520296492368 1357
1646513798370 0.8993588762119136 1358
1646513798491 0.8994657257028313 1359
1646513798526 0.8995725776339702 1360
1646513798561 0.8996794315172995 1361
1646513798599 0.8997862868647791 1362
1646513798633 0.899893143188363 1363
1646513798667 0.8999999999999999 1364
1646513798700 0.9001068568116369 1365
1646513798823 0.9002137131352208 1366
1646513798866 0.9003205684827005 1367
1646513798911 0.9004274223660297 1368
1646513798971 0.9005342742971686 1369
1646513799030 0.9006411237880864 1370
1646513799111 0.9007479703507631 1371
1646513799165 0.9008548134971928 1372
1646513799329 0.9009616527393843 1373
1646513799378 0.9010684875893651 1374
1646513799430 0.901175317559182 1375
1646513799471 0.9012821421609047 1376
1646513799509 0.9013889609066271 1377
1646513799553 0.9014957733084699 1378
1646513799590 0.9016025788785827 1379
1646513799714 0.9017093771291464 1380
1646513799750 0.9018161675723756 1381
1646513799787 0.9019229497205199 1382
1646513799837 0.9020297230858673 1383
1646513799876 0.9021364871807458 1384
1646513799914 0.9022432415175257 1385
1646513799948 0.9023499856086219 1386
1646513800061 0.902456718966496 1387
1646513800097 0.9025634411036589 1388
1646513800132 0.9026701515326724 1389
1646513800180 0.9027768497661519 1390
1646513800233 0.9028835353167687 1391
1646513800311 0.9029902076972517 1392
1646513800372 0.9030968664203901 1393
1646513800560 0.9032035109990356 1394
1646513800593 0.9033101409461043 1395
1646513800623 0.9034167557745794 1396
1646513800656 0.9035233549975127 1397
1646513800687 0.9036299381280276 1398
1646513800721 0.9037365046793212 1399
1646513800749 0.9038430541646658 1400
1646513800870 0.903949586097412 1401
1646513800900 0.9040560999909906 1402
1646513800936 0.9041625953589144 1403
1646513800971 0.9042690717147814 1404
1646513801000 0.9043755285722759 1405
1646513801034 0.9044819654451717 1406
1646513801068 0.9045883818473334 1407
1646513801179 0.9046947772927195 1408
1646513801210 0.9048011512953841 1409
1646513801243 0.9049075033694791 1410
1646513801275 0.9050138330292568 1411
1646513801308 0.9051201397890716 1412
1646513801339 0.9052264231633826 1413
1646513801367 0.9053326826667559 1414
1646513801484 0.9054389178138665 1415
1646513801515 0.9055451281195005 1416
1646513801549 0.9056513130985575 1417
1646513801580 0.905757472266053 1418
1646513801611 0.90586360513712 1419
1646513801648 0.9059697112270122 1420
1646513801681 0.906075790051105 1421
1646513801797 0.9061818411248986 1422
1646513801836 0.9062878639640201 1423
1646513801868 0.9063938580842252 1424
1646513801902 0.9064998230014012 1425
1646513801933 0.9066057582315683 1426
1646513801966 0.9067116632908827 1427
1646513801997 0.9068175376956382 1428
1646513802113 0.9069233809622687 1429
1646513802145 0.9070291926073502 1430
1646513802178 0.9071349721476031 1431
1646513802213 0.9072407190998947 1432
1646513802246 0.9073464329812408 1433
1646513802283 0.9074521133088087 1434
1646513802316 0.9075577595999184 1435
1646513802430 0.9076633713720458 1436
1646513802461 0.9077689481428242 1437
1646513802494 0.9078744894300468 1438
1646513802526 0.9079799947516689 1439
1646513802559 0.9080854636258103 1440
1646513802596 0.9081908955707568 1441
1646513802630 0.9082962901049634 1442
1646513802856 0.9084016467470554 1443
1646513802919 0.9085069650158316 1444
1646513802971 0.9086122444302659 1445
1646513803027 0.9087174845095097 1446
1646513803083 0.9088226847728941 1447
1646513803124 0.9089278447399318 1448
1646513803167 0.9090329639303198 1449
1646513803290 0.9091380418639415 1450
1646513803330 0.9092430780608685 1451
1646513803371 0.9093480720413626 1452
1646513803417 0.9094530233258793 1453
1646513803455 0.9095579314350686 1454
1646513803507 0.9096627958897776 1455
1646513803556 0.9097676162110532 1456
1646513803700 0.9098723919201434 1457
1646513803735 0.9099771225385002 1458
1646513803772 0.9100818075877816 1459
1646513803823 0.9101864465898537 1460
1646513803863 0.9102910390667929 1461
1646513803906 0.910395584540888 1462
1646513803945 0.9105000825346424 1463
1646513804143 0.9106045325707768 1464
1646513804234 0.9107089341722305 1465
1646513804278 0.9108132868621641 1466
1646513804309 0.9109175901639618 1467
1646513804341 0.9110218436012333 1468
1646513804375 0.9111260466978157 1469
1646513804411 0.9112301989777765 1470
1646513804553 0.9113342999654152 1471
1646513804592 0.9114383491852652 1472
1646513804626 0.911542346162097 1473
1646513804662 0.9116462904209188 1474
1646513804695 0.9117501814869807 1475
1646513804729 0.9118540188857749 1476
1646513804762 0.9119578021430388 1477
1646513804888 0.9120615307847576 1478
1646513804920 0.9121652043371654 1479
1646513804951 0.9122688223267482 1480
1646513804982 0.9123723842802457 1481
1646513805015 0.9124758897246535 1482
1646513805052 0.9125793381872254 1483
1646513805086 0.9126827291954753 1484
1646513805199 0.9127860622771797 1485
1646513805229 0.9128893369603795 1486
1646513805260 0.9129925527733826 1487
1646513805294 0.9130957092447654 1488
1646513805330 0.9131988059033754 1489
1646513805363 0.9133018422783337 1490
1646513805398 0.9134048178990363 1491
1646513805512 0.9135077322951568 1492
1646513805543 0.9136105849966485 1493
1646513805573 0.9137133755337464 1494
1646513805607 0.9138161034369696 1495
1646513805641 0.9139187682371231 1496
1646513805676 0.9140213694653001 1497
1646513805707 0.9141239066528842 1498
1646513805843 0.9142263793315516 1499
1646513805880 0.9143287870332729 1500
1646513805910 0.9144311292903158 1501
1646513805947 0.9145334056352467 1502
1646513805982 0.9146356156009329 1503
1646513806017 0.9147377587205452 1504
1646513806048 0.9148398345275595 1505
1646513806202 0.9149418425557593 1506
1646513806235 0.9150437823392373 1507
1646513806271 0.9151456534123985 1508
1646513806307 0.9152474553099613 1509
1646513806342 0.91534918756696 1510
1646513806384 0.9154508497187474 1511
1646513806432 0.9155524413009958 1512
1646513806647 0.9156539618497005 1513
1646513806703 0.915755410901181 1514
1646513806764 0.9158567879920831 1515
1646513806809 0.9159580926593818 1516
1646513806860 0.9160593244403822 1517
1646513806910 0.916160482872723 1518
1646513806946 0.9162615674943773 1519
1646513807088 0.9163625778436558 1520
1646513807137 0.9164635134592082 1521
1646513807177 0.9165643738800254 1522
1646513807233 0.9166651586454421 1523
1646513807280 0.9167658672951382 1524
1646513807324 0.9168664993691414 1525
1646513807363 0.9169670544078293 1526
1646513807493 0.9170675319519311 1527
1646513807532 0.9171679315425301 1528
1646513807578 0.9172682527210654 1529
1646513807619 0.9173684950293345 1530
1646513807654 0.9174686580094951 1531
1646513807690 0.9175687412040671 1532
1646513807721 0.9176687441559349 1533
1646513807988 0.9177686664083494 1534
1646513808044 0.91786850750493 1535
1646513808080 0.9179682669896668 1536
1646513808111 0.9180679444069227 1537
1646513808145 0.9181675393014356 1538
1646513808182 0.9182670512183198 1539
1646513808216 0.918366479703069 1540
1646513808324 0.9184658243015578 1541
1646513808356 0.9185650845600442 1542
1646513808386 0.918664260025171 1543
1646513808425 0.9187633502439687 1544
1646513808459 0.9188623547638568 1545
1646513808495 0.9189612731326464 1546
1646513808529 0.9190601048985421 1547
1646513808644 0.9191588496101438 1548
1646513808686 0.9192575068164495 1549
1646513808722 0.9193560760668563 1550
1646513808765 0.9194545569111635 1551
1646513808805 0.919552948899574 1552
1646513808857 0.9196512515826961 1553
1646513808888 0.9197494645115469 1554
1646513809038 0.9198475872375527 1555
1646513809074 0.919945619312552 1556
1646513809115 0.9200435602887975 1557
1646513809161 0.9201414097189579 1558
1646513809210 0.9202391671561196 1559
1646513809251 0.9203368321537899 1560
1646513809289 0.920434404265898 1561
1646513809421 0.9205318830467969 1562
1646513809460 0.9206292680512664 1563
1646513809497 0.9207265588345147 1564
1646513809536 0.9208237549521799 1565
1646513809574 0.9209208559603327 1566
1646513809615 0.9210178614154783 1567
1646513809659 0.921114770874558 1568
1646513809794 0.9212115838949518 1569
1646513809845 0.9213083000344803 1570
1646513809891 0.9214049188514062 1571
1646513809925 0.9215014399044371 1572
1646513809958 0.9215978627527268 1573
1646513809994 0.9216941869558779 1574
1646513810034 0.9217904120739433 1575
1646513810232 0.9218865376674287 1576
1646513810305 0.9219825632972941 1577
1646513810374 0.9220784885249563 1578
1646513810432 0.9221743129122907 1579
1646513810487 0.9222700360216329 1580
1646513810539 0.9223656574157816 1581
1646513810576 0.9224611766579996 1582
1646513810758 0.9225565933120167 1583
1646513810802 0.9226519069420308 1584
1646513810853 0.9227471171127106 1585
1646513810897 0.9228422233891975 1586
1646513810940 0.9229372253371071 1587
1646513810978 0.9230321225225315 1588
1646513811014 0.9231269145120418 1589
1646513811141 0.9232216008726887 1590
1646513811181 0.9233161811720062 1591
1646513811220 0.9234106549780122 1592
1646513811260 0.9235050218592112 1593
1646513811298 0.9235992813845961 1594
1646513811348 0.9236934331236499 1595
1646513811384 0.9237874766463481 1596
1646513811601 0.9238814115231604 1597
1646513811705 0.9239752373250526 1598
1646513811740 0.9240689536234891 1599
1646513811769 0.924162559990434 1600
1646513811811 0.9242560559983536 1601
1646513811847 0.9243494412202183 1602
1646513811877 0.9244427152295046 1603
1646513811990 0.9245358776001968 1604
1646513812024 0.9246289279067892 1605
1646513812061 0.9247218657242878 1606
1646513812094 0.9248146906282124 1607
1646513812132 0.9249074021945988 1608
1646513812168 0.9249999999999999 1609
1646513812206 0.9250924836214889 1610
1646513812321 0.9251848526366597 1611
1646513812358 0.9252771066236304 1612
1646513812401 0.925369245161044 1613
1646513812442 0.9254612678280711 1614
1646513812485 0.9255531742044112 1615
1646513812525 0.9256449638702953 1616
1646513812562 0.9257366364064871 1617
1646513812692 0.9258281913942854 1618
1646513812726 0.9259196284155262 1619
1646513812762 0.9260109470525838 1620
1646513812800 0.9261021468883736 1621
1646513812843 0.9261932275063532 1622
1646513812875 0.9262841884905252 1623
1646513812905 0.9263750294254381 1624
1646513813018 0.9264657498961894 1625
1646513813050 0.9265563494884258 1626
1646513813090 0.9266468277883471 1627
1646513813129 0.9267371843827065 1628
1646513813173 0.9268274188588131 1629
1646513813219 0.9269175308045341 1630
1646513813258 0.927007519808296 1631
1646513813390 0.9270973854590869 1632
1646513813422 0.9271871273464585 1633
1646513813452 0.9272767450605274 1634
1646513813486 0.9273662381919777 1635
1646513813519 0.9274556063320623 1636
1646513813553 0.927544849072605 1637
1646513813581 0.9276339660060027 1638
1646513813710 0.9277229567252261 1639
1646513813755 0.9278118208238232 1640
1646513813798 0.9279005578959199 1641
1646513813863 0.9279891675362223 1642
1646513813924 0.9280776493400187 1643
1646513814015 0.9281660029031811 1644
1646513814071 0.9282542278221672 1645
1646513814367 0.9283423236940225 1646
1646513814409 0.9284302901163816 1647
1646513814461 0.9285181266874706 1648
1646513814542 0.9286058330061084 1649
1646513814625 0.9286934086717092 1650
1646513814691 0.9287808532842836 1651
1646513814732 0.9288681664444409 1652
1646513814900 0.9289553477533908 1653
1646513814942 0.9290423968129451 1654
1646513814989 0.9291293132255197 1655
1646513815029 0.9292160965941365 1656
1646513815066 0.9293027465224248 1657
1646513815108 0.9293892626146236 1658
1646513815144 0.929475644475583 1659
1646513815292 0.9295618917107661 1660
1646513815336 0.9296480039262512 1661
1646513815375 0.9297339807287331 1662
1646513815408 0.9298198217255251 1663
1646513815484 0.9299055265245607 1664
1646513815544 0.9299910947343957 1665
1646513815608 0.9300765259642093 1666
1646513815838 0.9301618198238067 1667
1646513815871 0.9302469759236207 1668
1646513815903 0.9303319938747128 1669
1646513815937 0.9304168732887756 1670
1646513815970 0.9305016137781348 1671
1646513816006 0.9305862149557503 1672
1646513816037 0.9306706764352183 1673
1646513816147 0.9307549978307732 1674
1646513816181 0.930839178757289 1675
1646513816214 0.9309232188302815 1676
1646513816245 0.9310071176659098 1677
1646513816277 0.9310908748809779 1678
1646513816311 0.9311744900929366 1679
1646513816347 0.9312579629198857 1680
1646513816460 0.9313412929805749 1681
1646513816490 0.9314244798944061 1682
1646513816525 0.931507523281435 1683
1646513816558 0.931590422762373 1684
1646513816588 0.9316731779585884 1685
1646513816620 0.9317557884921089 1686
1646513816652 0.9318382539856226 1687
1646513816766 0.9319205740624802 1688
1646513816798 0.9320027483466967 1689
1646513816838 0.9320847764629527 1690
1646513816873 0.9321666580365967 1691
1646513816906 0.9322483926936462 1692
1646513816939 0.9323299800607899 1693
1646513816970 0.9324114197653893 1694
1646513817085 0.9324927114354803 1695
1646513817118 0.9325738546997747 1696
1646513817151 0.9326548491876624 1697
1646513817188 0.9327356945292126 1698
1646513817224 0.9328163903551758 1699
1646513817266 0.9328969362969856 1700
1646513817299 0.9329773319867597 1701
1646513817412 0.9330575770573025 1702
1646513817444 0.9331376711421061 1703
1646513817478 0.9332176138753523 1704
1646513817514 0.933297404891914 1705
1646513817547 0.9333770438273573 1706
1646513817583 0.9334565303179428 1707
1646513817614 0.9335358640006274 1708
1646513817792 0.9336150445130658 1709
1646513817876 0.9336940714936124 1710
1646513817940 0.9337729445813228 1711
1646513818000 0.9338516634159554 1712
1646513818054 0.9339302276379734 1713
1646513818108 0.934008636888546 1714
1646513818155 0.9340868908095499 1715
1646513818298 0.9341649890435719 1716
1646513818335 0.9342429312339093 1717
1646513818377 0.9343207170245724 1718
1646513818419 0.9343983460602859 1719
1646513818451 0.93447581798649 1720
1646513818492 0.9345531324493432 1721
1646513818526 0.9346302890957224 1722
1646513818648 0.934707287573226 1723
1646513818698 0.9347841275301743 1724
1646513818732 0.9348608086156118 1725
1646513818775 0.9349373304793089 1726
1646513818820 0.9350136927717627 1727
1646513818866 0.9350898951441995 1728
1646513818903 0.935165937248576 1729
1646513819076 0.9352418187375805 1730
1646513819177 0.9353175392646356 1731
1646513819241 0.9353930984838983 1732
1646513819280 0.9354684960502628 1733
1646513819310 0.9355437316193617 1734
1646513819342 0.9356188048475672 1735
1646513819370 0.9356937153919931 1736
1646513819480 0.9357684629104963 1737
1646513819513 0.9358430470616782 1738
1646513819545 0.9359174675048864 1739
1646513819580 0.9359917239002161 1740
1646513819612 0.936065815908512 1741
1646513819644 0.9361397431913695 1742
1646513819672 0.9362135054111363 1743
1646513819787 0.936287102230914 1744
1646513819833 0.9363605333145598 1745
1646513819867 0.9364337983266877 1746
1646513819898 0.9365068969326702 1747
1646513819927 0.93657982879864 1748
1646513819962 0.9366525935914912 1749
1646513819992 0.9367251909788812 1750
1646513820111 0.9367976206292317 1751
1646513820143 0.9368698822117307 1752
1646513820174 0.9369419753963338 1753
1646513820207 0.9370138998537657 1754
1646513820241 0.9370856552555219 1755
1646513820273 0.9371572412738697 1756
1646513820305 0.9372286575818503 1757
1646513820418 0.93729990385328 1758
1646513820451 0.9373709797627517 1759
1646513820483 0.9374418849856364 1760
1646513820515 0.9375126191980845 1761
1646513820547 0.9375831820770278 1762
1646513820582 0.9376535733001805 1763
1646513820613 0.9377237925460407 1764
1646513820722 0.9377938394938921 1765
1646513820757 0.9378637138238052 1766
1646513820793 0.9379334152166392 1767
1646513820837 0.938002943354043 1768
1646513820870 0.9380722979184567 1769
1646513820906 0.9381414785931133 1770
1646513820939 0.93821048506204 1771
1646513821049 0.9382793170100597 1772
1646513821081 0.9383479741227924 1773
1646513821115 0.9384164560866564 1774
1646513821149 0.9384847625888703 1775
1646513821181 0.9385528933174538 1776
1646513821214 0.9386208479612299 1777
1646513821250 0.9386886262098253 1778
1646513821372 0.9387562277536725 1779
1646513821431 0.9388236522840113 1780
1646513821495 0.9388908994928898 1781
1646513821569 0.938957969073166 1782
1646513821621 0.9390248607185092 1783
1646513821687 0.9390915741234015 1784
1646513821755 0.9391581089831388 1785
1646513821901 0.9392244649938328 1786
1646513821936 0.9392906418524121 1787
1646513821971 0.9393566392566232 1788
1646513822008 0.9394224569050323 1789
1646513822052 0.9394880944970271 1790
1646513822092 0.939553551732817 1791
1646513822129 0.9396188283134357 1792
1646513822250 0.9396839239407415 1793
1646513822290 0.9397488383174198 1794
1646513822331 0.9398135711469834 1795
1646513822372 0.9398781221337742 1796
1646513822406 0.939942490982965 1797
1646513822441 0.9400066774005603 1798
1646513822512 0.9400706810933978 1799
1646513822671 0.9401345017691499 1800
1646513822707 0.9401981391363247 1801
1646513822742 0.9402615929042678 1802
1646513822831 0.9403248627831631 1803
1646513822882 0.9403879484840346 1804
1646513822944 0.9404508497187474 1805
1646513823031 0.940513566200009 1806
1646513823169 0.9405760976413711 1807
1646513823205 0.94063844375723 1808
1646513823246 0.9407006042628292 1809
1646513823288 0.9407625788742592 1810
1646513823324 0.9408243673084599 1811
1646513823359 0.9408859692832215 1812
1646513823393 0.9409473845171858 1813
1646513823504 0.9410086127298477 1814
1646513823535 0.941069653641556 1815
1646513823567 0.9411305069735151 1816
1646513823599 0.941191172447786 1817
1646513823630 0.9412516497872881 1818
1646513823665 0.9413119387157997 1819
1646513823699 0.9413720389579597 1820
1646513823822 0.9414319502392691 1821
1646513823859 0.9414916722860915 1822
1646513823897 0.9415512048256551 1823
1646513823937 0.9416105475860537 1824
1646513823975 0.9416697002962474 1825
1646513824015 0.941728662686065 1826
1646513824059 0.9417874344862043 1827
1646513824171 0.9418460154282332 1828
1646513824203 0.941904405244592 1829
1646513824236 0.9419626036685933 1830
1646513824267 0.9420206104344244 1831
1646513824297 0.9420784252771476 1832
1646513824333 0.9421360479327019 1833
1646513824368 0.9421934781379041 1834
1646513824492 0.94225071563045 1835
1646513824533 0.9423077601489156 1836
1646513824577 0.9423646114327581 1837
1646513824623 0.9424212692223176 1838
1646513824664 0.9424777332588177 1839
1646513824707 0.942534003284367 1840
1646513824743 0.9425900790419601 1841
1646513824893 0.9426459602754794 1842
1646513824930 0.942701646729695 1843
1646513824964 0.9427571381502673 1844
1646513825001 0.942812434283747 1845
1646513825040 0.942867534877577 1846
1646513825080 0.9429224396800933 1847
1646513825122 0.942977148440526 1848
1646513825363 0.9430316609090008 1849
1646513825448 0.9430859768365397 1850
1646513825509 0.9431400959750627 1851
1646513825557 0.9431940180773881 1852
1646513825608 0.9432477428972347 1853
1646513825670 0.9433012701892219 1854
1646513825744 0.9433545997088716 1855
1646513825905 0.9434077312126089 1856
1646513825956 0.9434606644577631 1857
1646513826003 0.9435133992025695 1858
1646513826051 0.9435659352061694 1859
1646513826097 0.9436182722286124 1860
1646513826146 0.9436704100308564 1861
1646513826193 0.9437223483747698 1862
1646513826354 0.9437740870231314 1863
1646513826399 0.9438256257396324 1864
1646513826439 0.9438769642888771 1865
1646513826482 0.9439281024363841 1866
1646513826615 0.9439790399485873 1867
1646513826667 0.9440297765928368 1868
1646513826717 0.9440803121374004 1869
1646513826943 0.9441306463514642 1870
1646513826988 0.9441807790051338 1871
1646513827019 0.9442307098694355 1872
1646513827053 0.9442804387163174 1873
1646513827083 0.94432996531865 1874
1646513827117 0.9443792894502276 1875
1646513827151 0.9444284108857696 1876
1646513827265 0.9444773294009206 1877
1646513827296 0.9445260447722523 1878
1646513827327 0.9445745567772644 1879
1646513827363 0.9446228651943852 1880
1646513827397 0.944670969802973 1881
1646513827433 0.9447188703833168 1882
1646513827467 0.9447665667166376 1883
1646513827580 0.9448140585850893 1884
1646513827612 0.9448613457717595 1885
1646513827643 0.9449084280606709 1886
1646513827678 0.9449553052367818 1887
1646513827711 0.9450019770859874 1888
1646513827746 0.945048443395121 1889
1646513827776 0.9450947039519539 1890
1646513827904 0.9451407585451981 1891
1646513827934 0.9451866069645056 1892
1646513827968 0.9452322490004704 1893
1646513828001 0.9452776844446291 1894
1646513828032 0.9453229130894618 1895
1646513828064 0.9453679347283932 1896
1646513828094 0.9454127491557933 1897
1646513828205 0.9454573561669787 1898
1646513828239 0.9455017555582133 1899
1646513828274 0.9455459471267093 1900
1646513828311 0.9455899306706278 1901
1646513828348 0.9456337059890806 1902
1646513828385 0.94567727288213 1903
1646513828418 0.9457206311507905 1904
1646513828531 0.9457637805970296 1905
1646513828570 0.9458067210237683 1906
1646513828603 0.9458494522348823 1907
1646513828635 0.9458919740352029 1908
1646513828669 0.9459342862305179 1909
1646513828707 0.9459763886275725 1910
1646513828737 0.94601828103407 1911
1646513828876 0.9460599632586728 1912
1646513828937 0.9461014351110035 1913
1646513829001 0.9461426964016452 1914
1646513829059 0.9461837469421428 1915
1646513829120 0.9462245865450041 1916
1646513829172 0.9462652150236998 1917
1646513829235 0.9463056321926654 1918
1646513829381 0.9463458378673011 1919
1646513829424 0.9463858318639733 1920
1646513829474 0.9464256140000151 1921
1646513829516 0.9464651840937276 1922
1646513829564 0.9465045419643797 1923
1646513829609 0.9465436874322102 1924
1646513829645 0.9465826203184277 1925
1646513829777 0.9466213404452118 1926
1646513829821 0.946659847635714 1927
1646513829876 0.9466981417140581 1928
1646513829914 0.9467362225053415 1929
1646513829964 0.9467740898356356 1930
1646513830001 0.9468117435319868 1931
1646513830036 0.9468491834224173 1932
1646513830160 0.9468864093359257 1933
1646513830200 0.946923421102488 1934
1646513830232 0.9469602185530582 1935
1646513830318 0.9469968015195694 1936
1646513830387 0.9470331698349341 1937
1646513830488 0.9470693233330452 1938
1646513830538 0.9471052618487766 1939
1646513830653 0.9471409852179846 1940
1646513830685 0.9471764932775076 1941
1646513830718 0.9472117858651679 1942
1646513830752 0.9472468628197714 1943
1646513830783 0.9472817239811093 1944
1646513830820 0.9473163691899582 1945
1646513830860 0.947350798288081 1946
1646513830980 0.9473850111182279 1947
1646513831010 0.9474190075241365 1948
1646513831041 0.9474527873505334 1949
1646513831076 0.9474863504431338 1950
1646513831110 0.9475196966486432 1951
1646513831147 0.9475528258147576 1952
1646513831181 0.9475857377901643 1953
1646513831294 0.9476184324245426 1954
1646513831325 0.9476509095685643 1955
1646513831358 0.9476831690738948 1956
1646513831395 0.9477152107931935 1957
1646513831428 0.9477470345801144 1958
1646513831460 0.947778640289307 1959
1646513831494 0.9478100277764165 1960
1646513831609 0.9478411968980854 1961
1646513831641 0.9478721475119529 1962
1646513831674 0.9479028794766567 1963
1646513831708 0.947933392651833 1964
1646513831741 0.947963686898117 1965
1646513831775 0.9479937620771444 1966
1646513831809 0.9480236180515509 1967
1646513831949 0.9480532546849737 1968
1646513831983 0.9480826718420517 1969
1646513832017 0.9481118693884264 1970
1646513832054 0.948140847190742 1971
1646513832085 0.9481696051166466 1972
1646513832120 0.9481981430347927 1973
1646513832152 0.9482264608148371 1974
1646513832293 0.9482545583274427 1975
1646513832338 0.9482824354442779 1976
1646513832380 0.9483100920380182 1977
1646513832417 0.9483375279823459 1978
1646513832453 0.9483647431519514 1979
1646513832488 0.9483917374225332 1980
1646513832516 0.9484185106707991 1981
1646513832638 0.9484450627744657 1982
1646513832671 0.9484713936122604 1983
1646513832707 0.9484975030639208 1984
1646513832765 0.9485233910101957 1985
1646513832823 0.9485490573328457 1986
1646513832899 0.9485745019146433 1987
1646513832959 0.9485997246393744 1988
1646513833177 0.9486247253918375 1989
1646513833244 0.9486495040578454 1990
1646513833304 0.9486740605242252 1991
1646513833337 0.9486983946788186 1992
1646513833379 0.9487225064104828 1993
1646513833417 0.9487463956090911 1994
1646513833463 0.948770062165533 1995
1646513833598 0.9487935059717147 1996
1646513833633 0.9488167269205602 1997
1646513833673 0.948839724906011 1998
1646513833714 0.9488624998230272 1999
1646513833750 0.9488850515675875 2000
1646513833789 0.9489073800366903 2001
1646513833823 0.9489294851283532 2002
1646513833957 0.9489513667416146 2003
1646513833997 0.9489730247765333 2004
1646513834062 0.9489944591341893 2005
1646513834122 0.9490156697166843 2006
1646513834175 0.949036656427142 2007
1646513834235 0.9490574191697085 2008
1646513834287 0.9490779578495532 2009
1646513834450 0.9490982723728685 2010
1646513834491 0.9491183626468706 2011
1646513834532 0.9491382285798001 2012
1646513834569 0.9491578700809225 2013
1646513834607 0.9491772870605276 2014
1646513834642 0.9491964794299315 2015
1646513834672 0.9492154471014755 2016
1646513834787 0.9492341899885278 2017
1646513834819 0.9492527080054828 2018
1646513834865 0.9492710010677621 2019
1646513834903 0.9492890690918148 2020
1646513834938 0.9493069119951177 2021
1646513834973 0.949324529696176 2022
1646513835002 0.9493419221145234 2023
1646513835115 0.9493590891707224 2024
1646513835146 0.9493760307863651 2025
1646513835177 0.949392746884073 2026
1646513835211 0.9494092373874977 2027
1646513835247 0.9494255022213213 2028
1646513835286 0.9494415413112564 2029
1646513835317 0.9494573545840468 2030
1646513835427 0.9494729419674676 2031
1646513835458 0.9494883033903257 2032
1646513835492 0.94950343878246 2033
1646513835527 0.9495183480747419 2034
1646513835560 0.9495330311990751 2035
1646513835595 0.9495474880883967 2036
1646513835630 0.9495617186766769 2037
1646513835743 0.9495757228989194 2038
1646513835779 0.9495895006911622 2039
1646513835812 0.9496030519904771 2040
1646513835851 0.9496163767349703 2041
1646513835889 0.9496294748637832 2042
1646513835924 0.9496423463170919 2043
1646513835955 0.9496549910361077 2044
1646513836080 0.9496674089630779 2045
1646513836114 0.9496796000412853 2046
1646513836151 0.9496915642150489 2047
1646513836189 0.9497033014297239 2048
1646513836223 0.9497148116317027 2049
1646513836258 0.9497260947684136 2050
1646513836289 0.9497371507883229 2051
1646513836402 0.9497479796409335 2052
1646513836435 0.9497585812767863 2053
1646513836465 0.9497689556474599 2054
1646513836505 0.9497791027055708 2055
1646513836551 0.9497890224047737 2056
1646513836627 0.949798714699762 2057
1646513836697 0.9498081795462672 2058
1646513836902 0.9498174169010603 2059
1646513836954 0.9498264267219508 2060
1646513837006 0.9498352089677878 2061
1646513837040 0.9498437635984596 2062
1646513837093 0.9498520905748941 2063
1646513837140 0.949860189859059 2064
1646513837179 0.949868061413962 2065
1646513837352 0.9498757052036509 2066
1646513837388 0.9498831211932139 2067
1646513837434 0.9498903093487795 2068
1646513837477 0.9498972696375168 2069
1646513837518 0.9499040020276356 2070
1646513837559 0.9499105064883867 2071
1646513837592 0.949916782990062 2072
1646513837717 0.9499228315039944 2073
1646513837761 0.9499286520025583 2074
1646513837808 0.9499342444591692 2075
1646513837849 0.9499396088482844 2076
1646513837893 0.9499447451454031 2077
1646513837964 0.9499496533270657 2078
1646513838024 0.9499543333708549 2079
1646513838243 0.9499587852553952 2080
1646513838274 0.9499630089603534 2081
1646513838304 0.9499670044664381 2082
1646513838336 0.9499707717554007 2083
1646513838368 0.9499743108100344 2084
1646513838404 0.9499776216141751 2085
1646513838439 0.9499807041527013 2086
1646513838561 0.9499835584115339 2087
1646513838605 0.9499861843776365 2088
1646513838641 0.9499885820390154 2089
1646513838680 0.9499907513847194 2090
1646513838719 0.9499926924048406 2091
1646513838757 0.9499944050905136 2092
1646513838786 0.9499958894339159 2093
1646513838908 0.949997145428268 2094
1646513838940 0.9499981730678333 2095
1646513838970 0.9499989723479183 2096
1646513839000 0.9499995432648722 2097
1646513839035 0.9499998858160876 2098
1646513839072 0.95 2099
1646513839104 0.9499998858160876 2100
