1646481579643 0.43981480598449707 0
1646481579828 0.6481481194496155 1
1646481580272 0.5879629850387573 2
1646481580594 0.7407407164573669 3
1646481580881 0.7824074029922485 4
1646481581143 0.8240740895271301 5
1646481581336 0.8055555820465088 6
1646481581533 0.8287037014961243 7
1646481581753 0.875 8
1646481582159 0.8935185074806213 9
1646481582473 0.8981481194496155 10
1646481582762 0.9398148059844971 11
1646481582983 0.9537037014961243 12
1646481583214 0.9212962985038757 13
1646481583446 0.9351851940155029 14
1646481583646 0.9490740895271301 15
1646481583862 0.9768518805503845 16
1646481584068 0.9814814925193787 17
1646481584299 0.9814814925193787 18
1646481584484 0.9953703880310059 19
1646481584684 0.9907407164573669 20
1646481584851 0.9907407164573669 21
1646481585037 0.9953703880310059 22
1646481585232 0.9861111044883728 23
1646481585400 0.9814814925193787 24
1646481585584 0.9861111044883728 25
1646481585898 0.9953703880310059 26
1646481586213 0.9953703880310059 27
1646481586517 1.0 28
1646481586759 0.9953703880310059 29
1646481587005 1.0 30
1646481587279 1.0 31
1646481587495 1.0 32
1646481587726 1.0 33
1646481587926 1.0 34
1646481588158 1.0 35
1646481588373 1.0 36
1646481588611 1.0 37
1646481588826 1.0 38
1646481589058 1.0 39
1646481589311 1.0 40
1646481589542 1.0 41
1646481589777 1.0 42
1646481590518 1.0 43
1646481590810 1.0 44
1646481591101 1.0 45
1646481591299 1.0 46
1646481591499 1.0 47
1646481591733 1.0 48
1646481592070 1.0 49
1646481592316 1.0 50
1646481592501 1.0 51
1646481592706 1.0 52
1646481592899 1.0 53
1646481593085 1.0 54
1646481593283 1.0 55
1646481593468 1.0 56
1646481593637 1.0 57
1646481593931 1.0 58
1646481594246 1.0 59
1646481594542 1.0 60
1646481594733 1.0 61
1646481594927 1.0 62
1646481595100 1.0 63
1646481595281 1.0 64
1646481595450 1.0 65
1646481595635 1.0 66
1646481595834 1.0 67
1646481596020 1.0 68
1646481596235 1.0 69
1646481596418 1.0 70
1646481596617 1.0 71
1646481596786 1.0 72
1646481596967 1.0 73
1646481597136 1.0 74
1646481597313 0.9907407164573669 75
1646481597483 0.9675925970077515 76
1646481597683 0.9583333134651184 77
1646481597979 0.9722222089767456 78
1646481598228 0.9537037014961243 79
1646481598411 0.9490740895271301 80
1646481598611 0.9907407164573669 81
1646481598791 1.0 82
1646481598961 1.0 83
1646481599145 1.0 84
1646481599321 1.0 85
1646481599497 1.0 86
1646481599722 1.0 87
1646481599915 1.0 88
1646481600102 1.0 89
1646481600292 1.0 90
1646481600462 1.0 91
1646481600631 1.0 92
1646481600804 1.0 93
1646481600978 1.0 94
1646481601178 1.0 95
1646481601347 1.0 96
1646481601593 1.0 97
1646481601884 1.0 98
1646481602082 1.0 99
1646481602280 1.0 100
1646481602467 1.0 101
1646481602656 1.0 102
1646481602837 1.0 103
1646481603006 1.0 104
1646481603207 1.0 105
1646481603423 1.0 106
1646481603623 1.0 107
1646481603824 1.0 108
1646481604008 1.0 109
1646481604224 1.0 110
1646481604409 1.0 111
1646481604609 1.0 112
1646481604825 1.0 113
1646481605009 1.0 114
1646481605209 1.0 115
1646481605457 1.0 116
