1646481579643 1.370275616645813 0
1646481579828 0.9483563303947449 1
1646481580272 0.9271000027656555 2
1646481580594 0.726262629032135 3
1646481580881 0.6094456315040588 4
1646481581143 0.5338250398635864 5
1646481581336 0.49155405163764954 6
1646481581533 0.40013986825942993 7
1646481581753 0.38397160172462463 8
1646481582159 0.29626742005348206 9
1646481582473 0.2504459321498871 10
1646481582762 0.21309594810009003 11
1646481582983 0.1467190682888031 12
1646481583214 0.1956966072320938 13
1646481583446 0.2111622542142868 14
1646481583646 0.12424521893262863 15
1646481583862 0.08665529638528824 16
1646481584068 0.07194725424051285 17
1646481584299 0.05806228518486023 18
1646481584484 0.03151162341237068 19
1646481584684 0.042099300771951675 20
1646481584851 0.04764648899435997 21
1646481585037 0.03247782960534096 22
1646481585232 0.039601001888513565 23
1646481585400 0.051261987537145615 24
1646481585584 0.05144484341144562 25
1646481585898 0.028983447700738907 26
1646481586213 0.02315034717321396 27
1646481586517 0.013109911233186722 28
1646481586759 0.011250603944063187 29
1646481587005 0.0072584995068609715 30
1646481587279 0.008006392978131771 31
1646481587495 0.005421917885541916 32
1646481587726 0.008299825713038445 33
1646481587926 0.0031108486000448465 34
1646481588158 0.00431657861918211 35
1646481588373 0.003164420137181878 36
1646481588611 0.0026674813125282526 37
1646481588826 0.0026057588402181864 38
1646481589058 0.001147354836575687 39
1646481589311 0.0016597211360931396 40
1646481589542 0.0016617922810837626 41
1646481589777 0.0014713468262925744 42
1646481590518 0.004365066532045603 43
1646481590810 0.0018468258203938603 44
1646481591101 0.005346470978111029 45
1646481591299 0.0029466459527611732 46
1646481591499 0.0019803738687187433 47
1646481591733 0.0012764824787154794 48
1646481592070 0.0011217119172215462 49
1646481592316 0.002029696712270379 50
1646481592501 0.0015702071832492948 51
1646481592706 0.0012225881218910217 52
1646481592899 0.0008680449100211263 53
1646481593085 0.001178262522444129 54
1646481593283 0.0008376828045584261 55
1646481593468 0.0007571942405775189 56
1646481593637 0.0006391774513758719 57
1646481593931 0.0008603110327385366 58
1646481594246 0.0004574789199978113 59
1646481594542 0.0008004805422388017 60
1646481594733 0.0004282189183868468 61
1646481594927 0.0006449422799050808 62
1646481595100 0.0002859428059309721 63
1646481595281 0.0006990442634560168 64
1646481595450 0.0009342680568806827 65
1646481595635 0.0013236419763416052 66
1646481595834 0.000741069670766592 67
1646481596020 0.0008026554714888334 68
1646481596235 0.0010129596339538693 69
1646481596418 0.0003753190394490957 70
1646481596617 0.0008467054576613009 71
1646481596786 0.0010390449315309525 72
1646481596967 0.001111032790504396 73
1646481597136 0.005863284692168236 74
1646481597313 0.022660208866000175 75
1646481597483 0.15373343229293823 76
1646481597683 0.0726800411939621 77
1646481597979 0.07765322923660278 78
1646481598228 0.13184668123722076 79
1646481598411 0.11803612858057022 80
1646481598611 0.035748668015003204 81
1646481598791 0.025024088099598885 82
1646481598961 0.016681956127285957 83
1646481599145 0.006390997674316168 84
1646481599321 0.004793063271790743 85
1646481599497 0.0029198199044913054 86
1646481599722 0.0022854474373161793 87
1646481599915 0.0012349705211818218 88
1646481600102 0.000819107866846025 89
1646481600292 0.0008118968107737601 90
1646481600462 0.0011455692583695054 91
1646481600631 0.0006704418919980526 92
1646481600804 0.0006462274468503892 93
1646481600978 0.0007674996741116047 94
1646481601178 0.0005562290898524225 95
1646481601347 0.0004959559300914407 96
1646481601593 0.0010762133169919252 97
1646481601884 0.0007282111328095198 98
1646481602082 0.0006101407925598323 99
1646481602280 0.0003419211716391146 100
1646481602467 0.00035950951860286295 101
1646481602656 0.0006057518185116351 102
1646481602837 0.0005185819463804364 103
1646481603006 0.0004037839826196432 104
1646481603207 0.00029891225858591497 105
1646481603423 0.0006989177200011909 106
1646481603623 0.00032419117633253336 107
1646481603824 0.00030636650626547635 108
1646481604008 0.0003986162773799151 109
1646481604224 0.00019638762751128525 110
1646481604409 0.00012188154505565763 111
1646481604609 0.0002656072028912604 112
1646481604825 0.00027913946541957557 113
1646481605009 0.0008934044162742794 114
1646481605209 0.000381016347091645 115
1646481605457 0.0002661690232343972 116
