1647272834992 0.46666666865348816 0
1647272849725 0.641269862651825 1
1647272855764 0.7079365253448486 2
1647272865907 0.7428571581840515 3
1647272871853 0.761904776096344 4
1647272882104 0.7047619223594666 5
1647272892375 0.7269841432571411 6
1647272902638 0.7841269969940186 7
1647272908574 0.8253968358039856 8
1647272918886 0.7936508059501648 9
1647272924863 0.8222222328186035 10
1647272930788 0.8603174686431885 11
1647272941215 0.8507936596870422 12
1647272951350 0.8888888955116272 13
1647272961692 0.8984127044677734 14
1647272967623 0.8634920716285706 15
1647272973507 0.920634925365448 16
1647272979473 0.8920634984970093 17
1647272989877 0.879365086555481 18
1647272999976 0.9079365134239197 19
1647273010346 0.9174603223800659 20
1647273020527 0.9174603223800659 21
1647273030800 0.9460317492485046 22
1647273036756 0.9238095283508301 23
1647273047058 0.9174603223800659 24
1647273053014 0.9142857193946838 25
1647273059071 0.9365079402923584 26
1647273069297 0.9523809552192688 27
1647273075249 0.9555555582046509 28
1647273081320 0.9460317492485046 29
1647273087257 0.9460317492485046 30
1647273097583 0.9492063522338867 31
1647273103684 0.9650793671607971 32
1647273113905 0.9555555582046509 33
1647273124126 0.961904764175415 34
1647273134327 0.9682539701461792 35
1647273144483 0.9523809552192688 36
1647273154816 0.9714285731315613 37
1647273190331 0.9460317492485046 38
