1647272818756 0.002 0
1647272826808 0.002000514040060901 1
1647272827057 0.002002056138223837 2
1647272827190 0.0020046262284304436 3
1647272827317 0.0020082242005866335 4
1647272827444 0.002012849900567222 5
1647272827572 0.00201850313022265 6
1647272827703 0.002025183647387359 7
1647272827830 0.002032891165890234 8
1647272827957 0.0020416253555668173 9
1647272828091 0.0020513858422735176 10
1647272828217 0.0020621722079035565 11
1647272828353 0.002073983990404926 12
1647272828483 0.002086820683800193 13
1647272828639 0.0021006817382081197 14
1647272828765 0.002115566559867277 15
1647272828897 0.002131474511161441 16
1647272829027 0.0021484049106469255 17
1647272829159 0.002166357033081767 18
1647272829287 0.00218533010945679 19
1647272829417 0.002205323327028552 20
1647272829546 0.0022263358293541508 21
1647272829683 0.0022483667163279153 22
1647272829809 0.0022714150442199876 23
1647272829936 0.0022954798257166925 24
1647272830068 0.0023205600299629064 25
1647272830198 0.0023466545826061336 26
1647272830324 0.0023737623658426008 27
1647272830453 0.0024018822184650873 28
1647272830586 0.0024310129359127117 29
1647272830731 0.0024611532703224734 30
1647272830860 0.002492301930582773 31
1647272830987 0.002524457582388666 32
1647272831117 0.0025576188482990675 33
1647272831246 0.0025917843077956984 34
1647272831376 0.0026269524973439942 35
1647272831506 0.002663121910455764 36
1647272831636 0.002700290997753728 37
1647272831763 0.0027384581670378966 38
1647272831892 0.0027776217833537648 39
1647272832912 0.002817780169062367 40
1647272843960 0.002858931603912096 41
1647272844136 0.002901074325112468 42
1647272844277 0.0029442065274095583 43
1647272844403 0.002988326363163367 44
1647272844533 0.0030334319424269868 45
1647272844660 0.003079521333027517 46
1647272844791 0.003126592560648872 47
1647272844918 0.003174643608916311 48
1647272845048 0.003223672419482869 49
1647272845175 0.0032736768921174594 50
1647272845302 0.003324654884794928 51
1647272845436 0.003376604213787715 52
1647272845563 0.0034295226537594814 53
1647272845694 0.0034834079378603805 54
1647272845821 0.0035382577578241814 55
1647272845958 0.003594069764067162 56
1647272846085 0.0036508415657887164 57
1647272846220 0.003708570731073821 58
1647272846365 0.0037672547869971665 59
1647272846493 0.0038268912197291227 60
1647272846624 0.0038874774746433804 61
1647272846751 0.003949010956426441 62
1647272846881 0.004011489029188735 63
1647272847007 0.004074909016577581 64
1647272847134 0.004139268201891783 65
1647272847270 0.004204563828198046 66
1647272847400 0.004270793098449077 67
1647272847532 0.004337953175603343 68
1647272847660 0.004406041182746685 69
1647272847789 0.004475054203215485 70
1647272847919 0.004544989280721626 71
1647272848050 0.004615843419479175 72
1647272848177 0.004687613584332624 73
1647272848303 0.004760296700886998 74
1647272848445 0.004833889655639481 75
1647272848572 0.004908389296112835 76
1647272848702 0.004983792430990404 77
1647272848828 0.005060095830252867 78
1647272848962 0.00513729622531655 79
1647272849039 0.005215390309173472 80
1647272850002 0.005294374736532999 81
1647272850137 0.005374246123965136 82
1647272850270 0.005455001050045483 83
1647272850401 0.005536636055501788 84
1647272850530 0.0056191476433621115 85
1647272850664 0.0057025322791046384 86
1647272850792 0.005786786390809123 87
1647272850924 0.005871906369309822 88
1647272851072 0.005957888568350167 89
1647272851202 0.006044729304738913 90
1647272851332 0.00613242485850795 91
1647272851458 0.006220971473071629 92
1647272851590 0.006310365355387676 93
1647272851720 0.006400602676119707 94
1647272851853 0.006491679569801234 95
1647272851986 0.006583592135001266 96
1647272852115 0.006676336434491406 97
1647272852248 0.006769908495414548 98
1647272852379 0.006864304309455033 99
1647272852508 0.006959519833010359 100
1647272852642 0.007055550987364406 101
1647272852770 0.0071523936588621245 102
1647272852901 0.007250043699085794 103
1647272853039 0.007348496925032699 104
1647272853175 0.007447749119294314 105
1647272853306 0.007547796030236975 106
1647272853437 0.007648633372183994 107
1647272853566 0.00775025682559926 108
1647272853698 0.007852662037272258 109
1647272853836 0.007955844620504547 110
1647272853963 0.008059800155297676 111
1647272854089 0.008164524188542542 112
1647272854223 0.008270012234210096 113
1647272854350 0.008376259773543546 114
1647272854475 0.00848326225525195 115
1647272854606 0.008591015095705104 116
1647272854733 0.008699513679129953 117
1647272854861 0.008808753357808292 118
1647272854989 0.00891872945227589 119
1647272855067 0.009029437251522866 120
1647272860268 0.009140872013195557 121
1647272860423 0.009253028963799675 122
1647272860553 0.009365903298904736 123
1647272860681 0.009479490183349905 124
1647272860808 0.009593784751451097 125
1647272860941 0.009708782107209393 126
1647272861075 0.009824477324520853 127
1647272861208 0.009940865447387405 128
1647272861338 0.010057941490129237 129
1647272861467 0.01017570043759835 130
1647272861600 0.010294137245393353 131
1647272861730 0.0104132468400756 132
1647272861867 0.010533024119386461 133
1647272861995 0.010653463952465969 134
1647272862154 0.010774561180072507 135
1647272862281 0.010896310614803902 136
1647272862411 0.011018707041319575 137
1647272862544 0.011141745216563984 138
1647272862671 0.01126541986999121 139
1647272862801 0.01138972570379071 140
1647272862930 0.011514657393114289 141
1647272863062 0.011640209586304184 142
1647272863196 0.011766376905122312 143
1647272863332 0.011893153944980646 144
1647272863457 0.012020535275172745 145
1647272863585 0.012148515439106389 146
1647272863715 0.012277088954537309 147
1647272863846 0.012406250313804011 148
1647272863973 0.012535993984063763 149
1647272864105 0.01266631440752955 150
1647272864247 0.01279720600170816 151
1647272864374 0.01292866315963935 152
1647272864502 0.013060680250135993 153
1647272864628 0.013193251618025321 154
1647272864762 0.013326371584391171 155
1647272864888 0.013460034446817232 156
1647272865013 0.013594234479631345 157
1647272865139 0.013728965934150753 158
1647272865270 0.01386422303892837 159
1647272865347 0.013999999999999999 160
1647272866173 0.014136291001132534 161
1647272866315 0.01427309020407308 162
1647272866446 0.014410391748799108 163
1647272866582 0.014548189753769404 164
1647272866730 0.014686478316176053 165
1647272866863 0.01482525151219733 166
1647272866995 0.01496450339725136 167
1647272867126 0.015104228006250879 168
1647272867271 0.01524441935385866 169
1647272867397 0.01538507143474397 170
1647272867523 0.015526178223839796 171
1647272867648 0.015667733676600917 172
1647272867775 0.015809731729262887 173
1647272867901 0.015952166299101726 174
1647272868032 0.016095031284694528 175
1647272868161 0.01623832056618079 176
1647272868295 0.016382028005524622 177
1647272868426 0.016526147446777592 178
1647272868556 0.01667067271634251 179
1647272868686 0.016815597623237845 180
1647272868830 0.016960915959362943 181
1647272868962 0.017106621499763927 182
1647272869093 0.0172527080029004 183
1647272869221 0.0173991692109128 184
1647272869358 0.017545998849890394 185
1647272869486 0.017693190630140174 186
1647272869619 0.017840738246456142 187
1647272869750 0.017988635378389503 188
1647272869880 0.018136875690519354 189
1647272870018 0.018285452832724126 190
1647272870156 0.018434360440453525 191
1647272870298 0.018583592135001263 192
1647272870426 0.01873314152377821 193
1647272870558 0.0188830022005863 194
1647272870683 0.019033167745892907 195
1647272870809 0.019183631727105854 196
1647272870949 0.019334387698848987 197
1647272871075 0.01948542920323822 198
1647272871209 0.01963674977015821 199
1647272871293 0.019788342917539503 200
1647272876445 0.01994020215163621 201
1647272876593 0.020092320967304168 202
1647272876728 0.020244692848279604 203
1647272876860 0.02039731126745827 204
1647272876991 0.020550169687175046 205
1647272877131 0.020703261559483967 206
1647272877260 0.020856580326438785 207
1647272877396 0.02101011942037378 208
1647272877524 0.02116387226418519 209
1647272877656 0.02131783227161292 210
1647272877784 0.021471992847522676 211
1647272877920 0.021626347388188458 212
1647272878051 0.02178088928157549 213
1647272878186 0.021935611907623415 214
1647272878318 0.02209050863852987 215
1647272878455 0.022245572839034458 216
1647272878589 0.022400797866702925 217
1647272878723 0.022556177072211702 218
1647272878854 0.022711703799632766 219
1647272878982 0.02286737138671876 220
1647272879108 0.023023173165188354 221
1647272879242 0.023179102461011895 222
1647272879369 0.023335152594697338 223
1647272879496 0.023491316881576317 224
1647272879629 0.02364758863209054 225
1647272879757 0.02380396115207834 226
1647272879888 0.0239604277430614 227
1647272880032 0.024116981702531723 228
1647272880166 0.024273616324238734 229
1647272880293 0.024430324898476567 230
1647272880432 0.024587100712371468 231
1647272880561 0.02474393705016935 232
1647272880692 0.024900827193523503 233
1647272880817 0.025057764421782355 234
1647272880947 0.025214742012277372 235
1647272881072 0.025371753240611042 236
1647272881199 0.025528791380944927 237
1647272881326 0.025685849706287737 238
1647272881456 0.025842921488783557 239
1647272881538 0.026000000000000002 240
1647272886692 0.026157078511216444 241
1647272886852 0.026314150293712264 242
1647272886991 0.026471208619055078 243
1647272887120 0.026628246759388952 244
1647272887254 0.026785257987722626 245
1647272887393 0.026942235578217642 246
1647272887528 0.027099172806476494 247
1647272887660 0.027256062949830656 248
1647272887791 0.02741289928762854 249
1647272887918 0.027569675101523437 250
1647272888049 0.02772638367576127 251
1647272888180 0.027883018297468278 252
1647272888311 0.0280395722569386 253
1647272888440 0.02819603884792166 254
1647272888578 0.028352411367909457 255
1647272888709 0.02850868311842368 256
1647272888842 0.028664847405302663 257
1647272888980 0.028820897538988102 258
1647272889112 0.028976826834811644 259
1647272889241 0.029132628613281236 260
1647272889366 0.02928829620036723 261
1647272889496 0.029443822927788302 262
1647272889631 0.029599202133297087 263
1647272889759 0.029754427160965546 264
1647272889894 0.02990949136147013 265
1647272890022 0.030064388092376593 266
1647272890152 0.03021911071842451 267
1647272890285 0.030373652611811543 268
1647272890424 0.030528007152477325 269
1647272890555 0.03068216772838708 270
1647272890696 0.030836127735814813 271
1647272890823 0.030989880579626223 272
1647272890955 0.031143419673561216 273
1647272891092 0.031296738440516024 274
1647272891219 0.03144983031282496 275
1647272891345 0.031602688732541726 276
1647272891472 0.0317553071517204 277
1647272891603 0.03190767903269583 278
1647272891732 0.0320597978483638 279
1647272891811 0.0322116570824605 280
1647272896905 0.032363250229841795 281
1647272897081 0.03251457079676179 282
1647272897217 0.03266561230115102 283
1647272897351 0.03281636827289415 284
1647272897483 0.0329668322541071 285
1647272897619 0.033116997799413704 286
1647272897760 0.03326685847622179 287
1647272897910 0.033416407864998735 288
1647272898038 0.03356563955954647 289
1647272898165 0.03371454716727587 290
1647272898297 0.033863124309480644 291
1647272898426 0.0340113646216105 292
1647272898556 0.03415926175354386 293
1647272898687 0.03430680936985984 294
1647272898815 0.0344540011501096 295
1647272898950 0.03460083078908721 296
1647272899083 0.0347472919970996 297
1647272899209 0.03489337850023607 298
1647272899336 0.03503908404063706 299
1647272899467 0.03518440237676215 300
1647272899602 0.035329327283657494 301
1647272899729 0.03547385255322241 302
1647272899862 0.03561797199447538 303
1647272900012 0.03576167943381921 304
1647272900146 0.03590496871530548 305
1647272900278 0.03604783370089827 306
1647272900407 0.03619026827073711 307
1647272900538 0.03633226632339909 308
1647272900668 0.036473821776160216 309
1647272900806 0.03661492856525603 310
1647272900939 0.036755580646141345 311
1647272901064 0.036895771993749125 312
1647272901195 0.03703549660274864 313
1647272901321 0.03717474848780268 314
1647272901449 0.037313521683823944 315
1647272901575 0.03745181024623061 316
1647272901702 0.03758960825120089 317
1647272901835 0.03772690979592691 318
1647272901965 0.03786370899886747 319
1647272902058 0.038 320
1647272902908 0.03813577696107163 321
1647272903046 0.03827103406584925 322
1647272903176 0.03840576552036866 323
1647272903314 0.03853996555318277 324
1647272903442 0.038673628415608834 325
1647272903571 0.038806748381974676 326
1647272903698 0.03893931974986401 327
1647272903834 0.039071336840360654 328
1647272903971 0.039202793998291845 329
1647272904104 0.03933368559247045 330
1647272904235 0.039464006015936234 331
1647272904365 0.039593749686195986 332
1647272904496 0.039722911045462696 333
1647272904628 0.03985148456089361 334
1647272904764 0.03997946472482725 335
1647272904897 0.04010684605501935 336
1647272905030 0.04023362309487769 337
1647272905158 0.04035979041369582 338
1647272905294 0.040485342606885716 339
1647272905421 0.040610274296209295 340
1647272905549 0.0407345801300088 341
1647272905687 0.04085825478343602 342
1647272905823 0.04098129295868043 343
1647272905955 0.041103689385196096 344
1647272906082 0.04122543881992749 345
1647272906215 0.041346536047534035 346
1647272906344 0.04146697588061354 347
1647272906478 0.04158675315992441 348
1647272906622 0.04170586275460665 349
1647272906767 0.041824299562401655 350
1647272906909 0.041942058509870754 351
1647272907038 0.04205913455261259 352
1647272907166 0.04217552267547915 353
1647272907293 0.042291217892790604 354
1647272907420 0.042406215248548915 355
1647272907550 0.0425205098166501 356
1647272907678 0.04263409670109526 357
1647272907805 0.04274697103620032 358
1647272907942 0.04285912798680444 359
1647272908019 0.042970562748477145 360
1647272913180 0.043081270547724114 361
1647272913350 0.043191246642191705 362
1647272913489 0.04330048632087005 363
1647272913628 0.0434089849042949 364
1647272913755 0.043516737744748055 365
1647272913881 0.04362374022645645 366
1647272914024 0.04372998776578991 367
1647272914158 0.04383547581145747 368
1647272914297 0.04394019984470233 369
1647272914433 0.04404415537949546 370
1647272914559 0.044147337962727747 371
1647272914686 0.044249743174400745 372
1647272914817 0.04435136662781601 373
1647272914945 0.04445220396976303 374
1647272915072 0.04455225088070569 375
1647272915221 0.044651503074967305 376
1647272915358 0.044749956300914204 377
1647272915485 0.04484760634113787 378
1647272915625 0.0449444490126356 379
1647272915753 0.045040480166989645 380
1647272915881 0.04513569569054497 381
1647272916014 0.04523009150458546 382
1647272916141 0.0453236635655086 383
1647272916269 0.04541640786499874 384
1647272916396 0.04550832043019876 385
1647272916529 0.0455993973238803 386
1647272916662 0.04568963464461233 387
1647272916790 0.04577902852692838 388
1647272916922 0.045867575141492055 389
1647272917051 0.04595527069526109 390
1647272917182 0.04604211143164984 391
1647272917309 0.046128093630690176 392
1647272917445 0.046213213609190874 393
1647272917573 0.04629746772089536 394
1647272917708 0.04638085235663789 395
1647272917837 0.046463363944498216 396
1647272917967 0.046544998949954515 397
1647272918107 0.04662575387603487 398
1647272918239 0.046705625263467006 399
1647272918316 0.04678460969082653 400
1647272919178 0.046862703774683455 401
1647272919314 0.04693990416974714 402
1647272919445 0.047016207569009594 403
1647272919597 0.04709161070388717 404
1647272919730 0.04716611034436052 405
1647272919868 0.047239703299113006 406
1647272919997 0.04731238641566737 407
1647272920135 0.04738415658052083 408
1647272920267 0.04745501071927837 409
1647272920394 0.04752494579678452 410
1647272920532 0.04759395881725331 411
1647272920660 0.047662046824396655 412
1647272920792 0.04772920690155093 413
1647272920926 0.04779543617180196 414
1647272921054 0.04786073179810822 415
1647272921183 0.04792509098342242 416
1647272921312 0.04798851097081126 417
1647272921443 0.04805098904357356 418
1647272921584 0.048112522525356624 419
1647272921712 0.04817310878027088 420
1647272921842 0.04823274521300284 421
1647272921975 0.048291429268926184 422
1647272922111 0.04834915843421129 423
1647272922242 0.04840593023593284 424
1647272922385 0.048461742242175816 425
1647272922513 0.04851659206213962 426
1647272922646 0.048570477346240516 427
1647272922774 0.04862339578621228 428
1647272922904 0.048675345115205076 429
1647272923033 0.04872632310788254 430
1647272923173 0.048776327580517136 431
1647272923303 0.04882535639108369 432
1647272923441 0.04887340743935113 433
1647272923572 0.04892047866697248 434
1647272923699 0.04896656805757302 435
1647272923827 0.04901167363683664 436
1647272923961 0.049055793472590446 437
1647272924092 0.049098925674887536 438
1647272924223 0.04914106839608791 439
1647272924301 0.04918221983093764 440
1647272925124 0.04922237821664624 441
1647272925262 0.04926154183296211 442
1647272925394 0.04929970900224628 443
1647272925523 0.04933687808954424 444
1647272925654 0.04937304750265601 445
1647272925784 0.049408215692204306 446
1647272925926 0.04944238115170094 447
1647272926057 0.04947554241761134 448
1647272926194 0.04950769806941724 449
1647272926326 0.04953884672967753 450
1647272926457 0.04956898706408729 451
1647272926589 0.04959811778153491 452
1647272926723 0.049626237634157404 453
1647272926854 0.04965334541739387 454
1647272926987 0.0496794399700371 455
1647272927121 0.049704520174283305 456
1647272927258 0.04972858495578002 457
1647272927389 0.04975163328367209 458
1647272927517 0.049773664170645854 459
1647272927659 0.04979467667297145 460
1647272927788 0.049814669890543214 461
1647272927919 0.04983364296691823 462
1647272928052 0.04985159508935308 463
1647272928182 0.049868525488838564 464
1647272928315 0.04988443344013273 465
1647272928449 0.049899318261791885 466
1647272928578 0.04991317931619981 467
1647272928710 0.04992601600959507 468
1647272928837 0.04993782779209645 469
1647272928966 0.04994861415772649 470
1647272929093 0.04995837464443318 471
1647272929220 0.04996710883410978 472
1647272929351 0.049974816352612646 473
1647272929495 0.049981496869777355 474
1647272929629 0.04998715009943278 475
1647272929755 0.04999177579941338 476
1647272929882 0.04999537377156956 477
1647272930011 0.04999794386177617 478
1647272930138 0.049999485959939104 479
1647272930215 0.049999901650605354 480
1647272935420 0.04999960660319523 481
1647272935574 0.04999911486009105 482
1647272935708 0.04999842642516184 483
1647272935846 0.04999754130382421 484
1647272935981 0.049996459503042254 485
1647272936110 0.04999518103132757 486
1647272936241 0.04999370589873917 487
1647272936379 0.04999203411688336 488
1647272936508 0.04999016569891369 489
1647272936637 0.04998810065953084 490
1647272936765 0.049985839014982505 491
1647272936896 0.04998338078306327 492
1647272937023 0.049980725983114455 493
1647272937160 0.04997787463602398 494
1647272937292 0.04997482676422622 495
1647272937433 0.04997158239170175 496
1647272937566 0.04996814154397724 497
1647272937696 0.049964504248125235 498
1647272937840 0.049960670532763915 499
1647272937970 0.049956640428056885 500
1647272938104 0.049952413965712934 501
1647272938234 0.0499479911789858 502
1647272938371 0.0499433721026739 503
1647272938505 0.04993855677312004 504
1647272938633 0.04993354522821116 505
1647272938760 0.049928337507378004 506
1647272938887 0.04992293365159483 507
1647272939015 0.049917333703379085 508
1647272939144 0.049911537706791076 509
1647272939278 0.04990554570743358 510
1647272939409 0.049899357752451586 511
1647272939536 0.04989297389053178 512
1647272939664 0.0498863941719023 513
1647272939790 0.049879618648332257 514
1647272939934 0.04987264737313135 515
1647272940062 0.04986548040114947 516
1647272940194 0.04985811778877622 517
1647272940322 0.049850559593940504 518
1647272940449 0.049842805876110084 519
1647272940527 0.04983485669629106 520
1647272945639 0.049826712117027466 521
1647272945806 0.0498183722024007 522
1647272945934 0.04980983701802908 523
1647272946064 0.04980110663106728 524
1647272946206 0.04979218111020584 525
1647272946336 0.04978306052567061 526
1647272946468 0.049773744949222196 527
1647272946607 0.049764234454155384 528
1647272946739 0.04975452911529861 529
1647272946868 0.049744629009013296 530
1647272946998 0.049734534213193314 531
1647272947124 0.04972424480726435 532
1647272947254 0.04971376087218328 533
1647272947386 0.04970308249043751 534
1647272947521 0.04969220974604439 535
1647272947651 0.049681142724550466 536
1647272947781 0.049669881513030895 537
1647272947915 0.04965842620008869 538
1647272948042 0.049646776875854046 539
1647272948172 0.04963493363198367 540
1647272948306 0.04962289656165999 541
1647272948453 0.049610665759590486 542
1647272948613 0.04959824132200689 543
1647272948749 0.049585623346664456 544
1647272948882 0.04957281193284122 545
1647272949010 0.04955980718133716 546
1647272949138 0.04954660919447344 547
1647272949268 0.0495332180760916 548
1647272949399 0.049519633931552724 549
1647272949529 0.04950585686773663 550
1647272949664 0.04949188699304105 551
1647272949794 0.04947772441738069 552
1647272949925 0.049463369252186466 553
1647272950053 0.04944882161040457 554
1647272950181 0.049434081606495615 555
1647272950308 0.049419149356433684 556
1647272950439 0.04940402497770548 557
1647272950581 0.04938870858930935 558
1647272950710 0.04937320031175437 559
1647272950790 0.049357500267059436 560
1647272955881 0.0493416085787522 561
1647272956030 0.04932552537186822 562
1647272956171 0.04930925077294988 563
1647272956305 0.049292784910045455 564
1647272956436 0.04927612791270807 565
1647272956572 0.0492592799119947 566
1647272956703 0.04924224104046514 567
1647272956836 0.04922501143218092 568
1647272956965 0.04920759122270433 569
1647272957092 0.04918998054909726 570
1647272957234 0.04917217954992021 571
1647272957366 0.049154188365231125 572
1647272957498 0.04913600713658435 573
1647272957631 0.04911763600702949 574
1647272957779 0.04909907512111027 575
1647272957906 0.04908032462486342 576
1647272958034 0.04906138466581754 577
1647272958164 0.0490422553929919 578
1647272958300 0.0490229369568953 579
1647272958430 0.049003429509524854 580
1647272958567 0.04898373320436484 581
1647272958698 0.04896384819638546 582
1647272958831 0.048943774642041596 583
1647272958961 0.04892351269927165 584
1647272959093 0.04890306252749624 585
1647272959230 0.04888242428761697 586
1647272959359 0.04886159814201517 587
1647272959490 0.04884058425455059 588
1647272959625 0.04881938279056013 589
1647272959757 0.04879799391685658 590
1647272959897 0.048776417801727215 591
1647272960024 0.048754654614932544 592
1647272960152 0.04873270452770495 593
1647272960279 0.04871056771274736 594
1647272960412 0.048688244344231836 595
1647272960540 0.04866573459779828 596
1647272960670 0.04864303865055299 597
1647272960804 0.04862015668106731 598
1647272960932 0.04859708886937616 599
1647272961009 0.04857383539697671 600
1647272961963 0.048550396446826884 601
1647272962107 0.048526772203343935 602
1647272962238 0.04850296285240302 603
1647272962367 0.04847896858133571 604
1647272962499 0.048454789578928514 605
1647272962630 0.048430426035421414 606
1647272962759 0.04840587814250637 607
1647272962895 0.04838114609332577 608
1647272963028 0.04835623008247097 609
1647272963160 0.04833113030598072 610
1647272963292 0.04830584696133962 611
1647272963434 0.04828038024747661 612
1647272963567 0.048254730364763375 613
1647272963705 0.048228897515012734 614
1647272963839 0.048202881901477125 615
1647272963968 0.04817668372884695 616
1647272964104 0.04815030320324898 617
1647272964233 0.04812374053224475 618
1647272964366 0.04809699592482892 619
1647272964494 0.04807006959142759 620
1647272964626 0.04804296174389669 621
1647272964756 0.04801567259552031 622
1647272964891 0.047988202361009015 623
1647272965023 0.04796055125649813 624
1647272965156 0.04793271949954609 625
1647272965285 0.04790470730913269 626
1647272965419 0.04787651490565735 627
1647272965548 0.04784814251093744 628
1647272965684 0.047819590348206466 629
1647272965832 0.047790858642112376 630
1647272965960 0.04776194761871574 631
1647272966086 0.04773285750548799 632
1647272966214 0.047703588531309654 633
1647272966344 0.04767414092646852 634
1647272966471 0.04764451492265785 635
1647272966600 0.047614710752974534 636
1647272966728 0.04758472865191728 637
1647272966854 0.04755456885538474 638
1647272966982 0.04752423160067369 639
1647272967058 0.04749371712647713 640
1647272967892 0.04746302567288243 641
1647272968028 0.04743215748136943 642
1647272968165 0.047401112794808534 643
1647272968296 0.04736989185745881 644
1647272968424 0.04733849491496605 645
1647272968556 0.047306922214360884 646
1647272968685 0.04727517400405678 647
1647272968811 0.04724325053384811 648
1647272968941 0.047211152054908216 649
1647272969072 0.04717887881978736 650
1647272969203 0.047146431082410824 651
1647272969330 0.04711380909807686 652
1647272969460 0.04708101312345467 653
1647272969588 0.04704804341658244 654
1647272969722 0.04701490023686527 655
1647272969849 0.046981583845073116 656
1647272969977 0.046948094503338804 657
1647272970130 0.04691443247515589 658
1647272970259 0.046880598025376655 659
1647272970391 0.046846591420209964 660
1647272970519 0.04681241292721922 661
1647272970648 0.04677806281532022 662
1647272970778 0.046743541354779074 663
1647272970907 0.04670884881721003 664
1647272971042 0.046673985475573394 665
1647272971178 0.04663895160417335 666
1647272971305 0.046603747478655796 667
1647272971438 0.0465683733760062 668
1647272971568 0.04653282957454741 669
1647272971697 0.04649711635393743 670
1647272971832 0.04646123399516729 671
1647272971960 0.046425182780558794 672
1647272972092 0.04638896299376226 673
1647272972222 0.04635257491975437 674
1647272972350 0.04631601884483587 675
1647272972484 0.046279295056629345 676
1647272972613 0.046242403844076935 677
1647272972742 0.046205345497438065 678
1647272972872 0.04616812030828718 679
1647272972952 0.04613072856951145 680
1647272973781 0.046093170575308436 681
1647272973916 0.04605544662118379 682
1647272974046 0.04601755700394896 683
1647272974177 0.0459795020217188 684
1647272974308 0.04594128197390926 685
1647272974446 0.04590289716123505 686
1647272974582 0.045864347885707195 687
1647272974717 0.045825634450630766 688
1647272974852 0.045786757160602404 689
1647272974987 0.04574771632150797 690
1647272975132 0.04570851224052012 691
1647272975261 0.0456691452260959 692
1647272975390 0.04562961558797431 693
1647272975519 0.04558992363717389 694
1647272975650 0.04555006968599021 695
1647272975787 0.04551005404799349 696
1647272975919 0.0454698770380261 697
1647272976048 0.04542953897220007 698
1647272976182 0.04538904016789461 699
1647272976319 0.04534838094375364 700
1647272976455 0.04530756161968323 701
1647272976600 0.04526658251684914 702
1647272976736 0.04522544395767425 703
1647272976864 0.045184146265836056 704
1647272976998 0.04514268976626408 705
1647272977130 0.04510107478513738 706
1647272977259 0.0450593016498819 707
1647272977392 0.04501737068916798 708
1647272977529 0.0449752822329077 709
1647272977660 0.0449330366122523 710
1647272977793 0.04489063415958964 711
1647272977921 0.04484807520854148 712
1647272978049 0.04480536009396093 713
1647272978182 0.044762489151929784 714
1647272978313 0.044719462719755895 715
1647272978447 0.04467628113597048 716
1647272978579 0.04463294474032554 717
1647272978708 0.044589453873791075 718
1647272978839 0.0445458088785525 719
1647272978916 0.044502010098007895 720
1647272984043 0.044458057876765315 721
1647272984189 0.0444139525606401 722
1647272984319 0.04436969449665212 723
1647272984452 0.04432528403302309 724
1647272984583 0.04428072151917376 725
1647272984717 0.04423600730572126 726
1647272984852 0.04419114174447625 727
1647272984983 0.04414612518844019 728
1647272985116 0.04410095799180261 729
1647272985268 0.04405564050993822 730
1647272985403 0.04401017309940422 731
1647272985537 0.04396455611793741 732
1647272985667 0.04391878992445143 733
1647272985796 0.04387287487903392 734
1647272985931 0.04382681134294368 735
1647272986061 0.04378059967860782 736
1647272986193 0.04373424024961894 737
1647272986322 0.04368773342073224 738
1647272986458 0.04364107955786265 739
1647272986590 0.043594279028082 740
1647272986723 0.04354733219961603 741
1647272986851 0.04350023944184162 742
1647272986986 0.043453001125283774 743
1647272987117 0.04340561762161276 744
1647272987257 0.0433580893036412 745
1647272987388 0.04331041654532108 746
1647272987518 0.04326259972174085 747
1647272987648 0.04321463920912249 748
1647272987781 0.043166535384818475 749
1647272987909 0.0431182886273089 750
1647272988041 0.04306989931619841 751
1647272988171 0.0430213678322133 752
1647272988306 0.042972694557198474 753
1647272988435 0.042923879874114404 754
1647272988561 0.04287492416703422 755
1647272988692 0.042825827821140576 756
1647272988821 0.0427765912227227 757
1647272988951 0.04272721475917331 758
1647272989083 0.04267769881898557 759
1647272989179 0.04262804379175008 760
1647272994285 0.04257825006815174 761
1647272994443 0.04252831803996673 762
1647272994576 0.04247824810005939 763
1647272994711 0.042428040642379164 764
1647272994847 0.04237769606195748 765
1647272994983 0.04232721475490465 766
1647272995115 0.04227659711840672 767
1647272995245 0.04222584355072241 768
1647272995377 0.04217495445117994 769
1647272995510 0.04212393022017386 770
1647272995640 0.04207277125916198 771
1647272995770 0.04202147797066211 772
1647272995922 0.04197005075824899 773
1647272996051 0.041918490026551056 774
1647272996178 0.04186679618124727 775
1647272996313 0.041814969629063926 776
1647272996451 0.041763010777771455 777
1647272996584 0.04171092003618122 778
1647272996715 0.041658697814142304 779
1647272996849 0.04160634452253825 780
1647272996977 0.04155386057328388 781
1647272997114 0.04150124637932201 782
1647272997250 0.04144850235462023 783
1647272997377 0.04139562891416762 784
1647272997508 0.04134262647397153 785
1647272997641 0.041289495451054245 786
1647272997774 0.04123623626344976 787
1647272997908 0.041182849330200465 788
1647272998039 0.04112933507135384 789
1647272998169 0.04107569390795916 790
1647272998296 0.041021926262064204 791
1647272998424 0.04096803255671189 792
1647272998554 0.040914013215936976 793
1647272998682 0.040859868664762725 794
1647272998808 0.04080559932919754 795
1647272998944 0.040751205636231635 796
1647272999072 0.040696688013833665 797
1647272999199 0.04064204689094736 798
1647272999328 0.04058728269748815 799
1647272999408 0.040532395864339786 800
1647273004507 0.040477386823350926 801
1647273004682 0.04042225600733177 802
1647273004816 0.04036700385005066 803
1647273004943 0.04031163078623062 804
1647273005082 0.04025613725154599 805
1647273005209 0.04020052368261895 806
1647273005346 0.04014479051701612 807
1647273005475 0.04008893819324509 808
1647273005608 0.04003296715075102 809
1647273005748 0.039976877829913104 810
1647273005883 0.03992067067204118 811
1647273006015 0.0398643461193722 812
1647273006150 0.0398079046150668 813
1647273006280 0.03975134660320578 814
1647273006430 0.0396946725287866 815
1647273006565 0.03963788283771994 816
1647273006697 0.03958097797682611 817
1647273006826 0.03952395839383161 818
1647273006958 0.03946682453736553 819
1647273007094 0.03940957685695609 820
1647273007225 0.03935221580302708 821
1647273007362 0.03929474182689428 822
1647273007494 0.03923715538076199 823
1647273007630 0.03917945691771935 824
1647273007758 0.03912164689173693 825
1647273007888 0.03906372575766301 826
1647273008019 0.0390056939712201 827
1647273008147 0.03894755198900131 828
1647273008275 0.03888930026846676 829
1647273008407 0.038830939267940005 830
1647273008535 0.03877246944660442 831
1647273008665 0.038713891264499554 832
1647273008795 0.03865520518251756 833
1647273008923 0.03859641166239953 834
1647273009050 0.03853751116673188 835
1647273009180 0.038478504158942724 836
1647273009308 0.03841939110329818 837
1647273009435 0.03836017246489878 838
1647273009562 0.03830084870967577 839
1647273009646 0.03824142030438743 840
1647273014743 0.03818188771661547 841
1647273014890 0.03812225141476128 842
1647273015030 0.03806251186804225 843
1647273015164 0.038002669546488135 844
1647273015292 0.03794272492093732 845
1647273015422 0.037882678463033066 846
1647273015550 0.03782253064521992 847
1647273015676 0.03776228194073987 848
1647273015809 0.037701932823628714 849
1647273015948 0.037641483768712285 850
1647273016079 0.03758093525160271 851
1647273016208 0.037520287748694696 852
1647273016338 0.037459541737161775 853
1647273016467 0.03739869769495254 854
1647273016597 0.037337756100786865 855
1647273016724 0.0372767174341522 856
1647273016857 0.03721558217529973 857
1647273016990 0.03715435080524063 858
1647273017141 0.03709302380574229 859
1647273017271 0.03703160165932449 860
1647273017402 0.03697008484925565 861
1647273017530 0.03690847385954899 862
1647273017662 0.03684676917495872 863
1647273017796 0.03678497128097627 864
1647273017928 0.03672308066382639 865
1647273018059 0.036661097810463436 866
1647273018187 0.036599023208567436 867
1647273018315 0.03653685734654031 868
1647273018451 0.036474600713501996 869
1647273018584 0.03641225379928664 870
1647273018718 0.0363498170944387 871
1647273018846 0.03628729109020911 872
1647273018974 0.03622467627855141 873
1647273019110 0.036161973152117874 874
1647273019243 0.036099182204255655 875
1647273019373 0.03603630392900284 876
1647273019502 0.03597333882108465 877
1647273019633 0.03591028737590948 878
1647273019761 0.035847150089565044 879
1647273019839 0.03578392745881442 880
1647273024985 0.03572061998109221 881
1647273025144 0.03565722815450057 882
1647273025277 0.03559375247780531 883
1647273025407 0.03553019345043199 884
1647273025545 0.03546655157246195 885
1647273025674 0.03540282734462842 886
1647273025821 0.03533902126831252 887
1647273025955 0.0352751338455394 888
1647273026085 0.03521116557897422 889
1647273026215 0.03514711697191819 890
1647273026344 0.035082988528304694 891
1647273026479 0.03501878075269521 892
1647273026610 0.03495449415027546 893
1647273026740 0.03489012922685132 894
1647273026872 0.034825686488844924 895
1647273027002 0.03476116644329064 896
1647273027130 0.0346965695978311 897
1647273027259 0.034631896460713164 898
1647273027395 0.034567147540784014 899
1647273027523 0.03450232334748703 900
1647273027655 0.03443742439085786 901
1647273027799 0.034372451181520415 902
1647273027937 0.03430740423068279 903
1647273028078 0.034242284050133305 904
1647273028208 0.03417709115223642 905
1647273028340 0.03411182604992876 906
1647273028472 0.03404648925671504 907
1647273028600 0.033981081286664036 908
1647273028727 0.03391560265440456 909
1647273028854 0.033850053875121376 910
1647273028998 0.03378443546455116 911
1647273029126 0.033718747938978465 912
1647273029254 0.03365299181523162 913
1647273029382 0.03358716761067869 914
1647273029511 0.03352127584322341 915
1647273029640 0.033455317031301085 916
1647273029769 0.03338929169387453 917
1647273029903 0.033323200350429974 918
1647273030032 0.03325704352097299 919
1647273030111 0.03319082172602439 920
1647273031064 0.033124535486616126 921
1647273031208 0.033058185324287226 922
1647273031343 0.032991771761079626 923
1647273031474 0.03292529531953412 924
1647273031604 0.032858756522686224 925
1647273031731 0.03279215589406206 926
1647273031864 0.03272549395767425 927
1647273032009 0.032658771238017775 928
1647273032139 0.03259198826006586 929
1647273032271 0.032525145549265846 930
1647273032421 0.032458243631535044 931
1647273032550 0.03239128303325662 932
1647273032677 0.03232426428127542 933
1647273032811 0.032257187902893836 934
1647273032946 0.03219005442586769 935
1647273033075 0.03212286437840204 936
1647273033210 0.032055618289147034 937
1647273033339 0.03198831668719376 938
1647273033469 0.031920960102070094 939
1647273033603 0.0318535490637365 940
1647273033730 0.03178608410258187 941
1647273033860 0.0317185657494194 942
1647273033988 0.03165099453548232 943
1647273034130 0.03158337099241981 944
1647273034260 0.03151569565229278 945
1647273034412 0.03144796904756962 946
1647273034543 0.03138019171112214 947
1647273034684 0.03131236417622125 948
1647273034825 0.031244486976532856 949
1647273034957 0.03117656064611361 950
1647273035086 0.031108585719406737 951
1647273035218 0.031040562731237804 952
1647273035345 0.030972492216810518 953
1647273035471 0.03090437471170255 954
1647273035603 0.030836210751861253 955
1647273035729 0.030768000873599526 956
1647273035857 0.030699745613591525 957
1647273035984 0.030631445508868486 958
1647273036115 0.030563101096814465 959
1647273036192 0.030494712915162148 960
1647273041334 0.03042628150198858 961
1647273041499 0.03035780739571096 962
1647273041633 0.030289291135082407 963
1647273041760 0.03022073325918768 964
1647273041894 0.030152134307439 965
1647273042028 0.03008349481957174 966
1647273042164 0.030014815335640245 967
1647273042294 0.029946096396013516 968
1647273042424 0.02987733854137101 969
1647273042555 0.02980854231269836 970
1647273042687 0.029739708251283126 971
1647273042816 0.02967083689871054 972
1647273042969 0.029601928796859227 973
1647273043100 0.029532984487896985 974
1647273043237 0.02946400451427644 975
1647273043366 0.029394989418730873 976
1647273043498 0.029325939744269877 977
1647273043626 0.02925685603417513 978
1647273043757 0.02918773883199608 979
1647273043891 0.02911858868154571 980
1647273044026 0.029049406126896226 981
1647273044163 0.0289801917123748 982
1647273044296 0.02891094598255927 983
1647273044441 0.028841669482273857 984
1647273044576 0.028772362756584905 985
1647273044706 0.02870302635079654 986
1647273044843 0.02863366081044644 987
1647273044990 0.028564266681301496 988
1647273045122 0.028494844509353537 989
1647273045252 0.02842539484081504 990
1647273045384 0.028355918222114807 991
1647273045512 0.028286415199893715 992
1647273045639 0.028216886321000344 993
1647273045768 0.02814733213248675 994
1647273045905 0.028077753181604107 995
1647273046033 0.02800815001579841 996
1647273046167 0.0279385231827062 997
1647273046296 0.027868873230150203 998
1647273046423 0.027799200706135088 999
1647273046501 0.02772950615884307 1000
1647273047336 0.027659790136629683 1001
1647273047478 0.027590053188019395 1002
1647273047614 0.027520295861701342 1003
1647273047748 0.02745051870652499 1004
1647273047880 0.027380722271495794 1005
1647273048007 0.027310907105770936 1006
1647273048135 0.02724107375865495 1007
1647273048271 0.027171222779595435 1008
1647273048399 0.027101354718178698 1009
1647273048531 0.027031470124125472 1010
1647273048662 0.026961569547286554 1011
1647273048794 0.0268916535376385 1012
1647273048923 0.02682172264527928 1013
1647273049053 0.026751777420423974 1014
1647273049185 0.026681818413400435 1015
1647273049320 0.026611846174644925 1016
1647273049471 0.02654186125469785 1017
1647273049607 0.02647186420419936 1018
1647273049739 0.026401855573885073 1019
1647273049874 0.026331835914581693 1020
1647273050009 0.026261805777202725 1021
1647273050142 0.0261917657127441 1022
1647273050271 0.02612171627227984 1023
1647273050401 0.02605165800695778 1024
1647273050535 0.02598159146799514 1025
1647273050663 0.025911517206674284 1026
1647273050791 0.025841435774338294 1027
1647273050930 0.0257713477223867 1028
1647273051062 0.025701253602271098 1029
1647273051189 0.02563115396549085 1030
1647273051328 0.0255610493635887 1031
1647273051467 0.02549094034814646 1032
1647273051597 0.025420827470780692 1033
1647273051726 0.025350711283138316 1034
1647273051855 0.025280592336892314 1035
1647273051987 0.025210471183737357 1036
1647273052120 0.025140348375385497 1037
1647273052248 0.02507022446356179 1038
1647273052379 0.0250001 1039
1647273052456 0.024929975536438213 1040
1647273053291 0.024859851624614508 1041
1647273053427 0.024789728816262648 1042
1647273053558 0.02471960766310769 1043
1647273053692 0.02464948871686169 1044
1647273053840 0.02457937252921931 1045
1647273053968 0.024509259651853542 1046
1647273054096 0.02443915063641131 1047
1647273054226 0.02436904603450916 1048
1647273054363 0.024298946397728907 1049
1647273054491 0.02422885227761331 1050
1647273054623 0.024158764225661718 1051
1647273054753 0.024088682793325728 1052
1647273054884 0.024018608532004868 1053
1647273055012 0.023948541993042232 1054
1647273055147 0.02387848372772017 1055
1647273055276 0.023808434287255913 1056
1647273055412 0.023738394222797273 1057
1647273055540 0.023668364085418305 1058
1647273055670 0.02359834442611493 1059
1647273055812 0.023528335795800638 1060
1647273055949 0.02345833874530215 1061
1647273056082 0.023388353825355073 1062
1647273056212 0.02331838158659957 1063
1647273056340 0.023248422579576024 1064
1647273056476 0.023178477354720728 1065
1647273056612 0.023108546462361507 1066
1647273056740 0.023038630452713454 1067
1647273056875 0.02296872987587453 1068
1647273057004 0.022898845281821307 1069
1647273057135 0.02282897722040457 1070
1647273057283 0.022759126241345056 1071
1647273057414 0.02268929289422907 1072
1647273057542 0.022619477728504214 1073
1647273057678 0.022549681293475017 1074
1647273057814 0.02247990413829866 1075
1647273057946 0.02241014681198061 1076
1647273058074 0.022340409863370318 1077
1647273058206 0.02227069384115693 1078
1647273058339 0.022200999293864914 1079
1647273058512 0.0221313267698498 1080
1647273063556 0.022061676817293808 1081
1647273063725 0.0219920499842016 1082
1647273063857 0.0219224468183959 1083
1647273064010 0.021852867867513257 1084
1647273064138 0.021783313678999657 1085
1647273064267 0.021713784800106297 1086
1647273064395 0.021644281777885202 1087
1647273064522 0.021574805159184973 1088
1647273064649 0.021505355490646475 1089
1647273064779 0.021435933318698513 1090
1647273064916 0.021366539189553568 1091
1647273065050 0.02129717364920346 1092
1647273065181 0.021227837243415097 1093
1647273065310 0.021158530517726138 1094
1647273065441 0.021089254017440728 1095
1647273065589 0.021020008287625198 1096
1647273065725 0.02095079387310377 1097
1647273065861 0.020881611318454292 1098
1647273066014 0.020812461168003924 1099
1647273066148 0.020743343965824872 1100
1647273066290 0.020674260255730124 1101
1647273066419 0.02060521058126913 1102
1647273066550 0.020536195485723566 1103
1647273066682 0.020467215512103024 1104
1647273066816 0.020398271203140774 1105
1647273066948 0.020329363101289463 1106
1647273067077 0.02026049174871688 1107
1647273067206 0.020191657687301644 1108
1647273067334 0.020122861458628998 1109
1647273067468 0.020054103603986493 1110
1647273067603 0.01998538466435976 1111
1647273067734 0.019916705180428266 1112
1647273067863 0.019848065692561007 1113
1647273068008 0.019779466740812324 1114
1647273068138 0.0197109088649176 1115
1647273068265 0.01964239260428904 1116
1647273068394 0.019573918498011423 1117
1647273068523 0.019505487084837857 1118
1647273068657 0.019437098903185537 1119
1647273068734 0.019368754491131523 1120
1647273069563 0.019300454386408483 1121
1647273069700 0.019232199126400482 1122
1647273069828 0.01916398924813876 1123
1647273069957 0.019095825288297463 1124
1647273070087 0.01902770778318949 1125
1647273070220 0.018959637268762205 1126
1647273070352 0.018891614280593258 1127
1647273070484 0.018823639353886385 1128
1647273070618 0.01875571302346714 1129
1647273070751 0.01868783582377875 1130
1647273070884 0.018620008288877863 1131
1647273071012 0.018552230952430374 1132
1647273071145 0.018484504347707226 1133
1647273071288 0.018416829007580182 1134
1647273071424 0.01834920546451768 1135
1647273071556 0.018281634250580606 1136
1647273071686 0.018214115897418132 1137
1647273071814 0.018146650936263505 1138
1647273071944 0.01807923989792991 1139
1647273072076 0.01801188331280624 1140
1647273072203 0.017944581710852975 1141
1647273072338 0.017877335621597965 1142
1647273072485 0.017810145574132314 1143
1647273072620 0.017743012097106173 1144
1647273072759 0.01767593571872459 1145
1647273072898 0.01760891696674339 1146
1647273073026 0.017541956368464957 1147
1647273073159 0.017475054450734162 1148
1647273073291 0.01740821173993414 1149
1647273073422 0.017341428761982233 1150
1647273073557 0.017274706042325755 1151
1647273073684 0.017208044105937945 1152
1647273073811 0.017141443477313778 1153
1647273073940 0.017074904680465883 1154
1647273074071 0.01700842823892038 1155
1647273074198 0.01694201467571278 1156
1647273074337 0.016875664513383883 1157
1647273074480 0.016809378273975623 1158
1647273074612 0.016743156479027025 1159
1647273074691 0.016676999649570038 1160
1647273075510 0.016610908306125487 1161
1647273075649 0.016544882968698917 1162
1647273075788 0.016478924156776587 1163
1647273075918 0.016413032389321305 1164
1647273076053 0.01634720818476838 1165
1647273076181 0.01628145206102154 1166
1647273076318 0.01621576453544884 1167
1647273076452 0.016150146124878625 1168
1647273076580 0.01608459734559544 1169
1647273076708 0.016019118713335966 1170
1647273076850 0.01595371074328497 1171
1647273076983 0.015888373950071245 1172
1647273077117 0.015823108847763587 1173
1647273077249 0.015757915949866703 1174
1647273077381 0.01569279576931721 1175
1647273077516 0.015627748818479587 1176
1647273077643 0.015562775609142147 1177
1647273077775 0.015497876652512978 1178
1647273077906 0.015433052459215994 1179
1647273078041 0.015368303539286839 1180
1647273078175 0.01530363040216891 1181
1647273078309 0.015239033556709365 1182
1647273078442 0.015174513511155079 1183
1647273078579 0.015110070773148684 1184
1647273078706 0.015045705849724545 1185
1647273078851 0.014981419247304792 1186
1647273078979 0.014917211471695318 1187
1647273079115 0.01485308302808182 1188
1647273079242 0.014789034421025794 1189
1647273079373 0.014725066154460606 1190
1647273079505 0.014661178731687487 1191
1647273079633 0.014597372655371595 1192
1647273079762 0.01453364842753806 1193
1647273079893 0.014470006549568025 1194
1647273080021 0.014406447522194695 1195
1647273080150 0.014342971845499443 1196
1647273080378 0.014279580018907792 1197
1647273080538 0.014216272541185583 1198
1647273080666 0.014153049910434961 1199
1647273080751 0.014089912624090511 1200
1647273081594 0.01402686117891535 1201
1647273081734 0.013963896070997161 1202
1647273081867 0.013901017795744356 1203
1647273082000 0.013838226847882131 1204
1647273082128 0.013775523721448591 1205
1647273082257 0.013712908909790895 1206
1647273082387 0.013650382905561307 1207
1647273082522 0.013587946200713368 1208
1647273082652 0.013525599286498002 1209
1647273082779 0.013463342653459696 1210
1647273082929 0.01340117679143257 1211
1647273083059 0.013339102189536572 1212
1647273083191 0.01327711933617361 1213
1647273083319 0.013215228719023742 1214
1647273083447 0.013153430825041282 1215
1647273083579 0.013091726140451019 1216
1647273083717 0.013030115150744355 1217
1647273083849 0.012968598340675512 1218
1647273083979 0.012907176194257717 1219
1647273084109 0.01284584919475938 1220
1647273084242 0.012784617824700285 1221
1647273084376 0.012723482565847806 1222
1647273084515 0.012662443899213137 1223
1647273084643 0.012601502305047474 1224
1647273084773 0.012540658262838233 1225
1647273084913 0.012479912251305318 1226
1647273085046 0.012419264748397302 1227
1647273085175 0.012358716231287729 1228
1647273085303 0.012298267176371296 1229
1647273085436 0.012237918059260142 1230
1647273085564 0.01217766935478009 1231
1647273085692 0.012117521536966932 1232
1647273085823 0.01205747507906269 1233
1647273085951 0.011997530453511863 1234
1647273086079 0.011937688131957754 1235
1647273086210 0.01187794858523872 1236
1647273086347 0.011818312283384525 1237
1647273086475 0.011758779695612568 1238
1647273086605 0.011699351290324242 1239
1647273086682 0.011640027535101228 1240
1647273091877 0.011580808896701824 1241
1647273092023 0.011521695841057285 1242
1647273092160 0.011462688833268127 1243
1647273092289 0.011403788337600482 1244
1647273092416 0.011344994817482442 1245
1647273092549 0.011286308735500445 1246
1647273092677 0.011227730553395586 1247
1647273092807 0.011169260732060001 1248
1647273092938 0.011110899731533255 1249
1647273093078 0.0110526480109987 1250
1647273093207 0.010994506028779908 1251
1647273093339 0.010936474242336996 1252
1647273093472 0.010878553108263078 1253
1647273093608 0.010820743082280647 1254
1647273093744 0.01076304461923802 1255
1647273093882 0.01070545817310572 1256
1647273094011 0.01064798419697293 1257
1647273094144 0.010590623143043912 1258
1647273094278 0.010533375462634477 1259
1647273094413 0.010476241606168403 1260
1647273094545 0.010419222023173894 1261
1647273094677 0.010362317162280072 1262
1647273094809 0.010305527471213405 1263
1647273094942 0.010248853396794235 1264
1647273095082 0.01019229538493321 1265
1647273095213 0.010135853880627814 1266
1647273095348 0.01007952932795883 1267
1647273095480 0.010023322170086894 1268
1647273095610 0.009967232849248983 1269
1647273095760 0.00991126180675491 1270
1647273095895 0.00985540948298389 1271
1647273096023 0.00979967631738105 1272
1647273096162 0.00974406274845401 1273
1647273096292 0.009688569213769378 1274
1647273096424 0.009633196149949343 1275
1647273096552 0.009577943992668236 1276
1647273096680 0.00952281317664908 1277
1647273096807 0.00946780413566022 1278
1647273096939 0.00941291730251185 1279
1647273097015 0.009358153109052641 1280
1647273097857 0.009303511986166333 1281
1647273098000 0.009248994363768368 1282
1647273098163 0.009194600670802466 1283
1647273098299 0.009140331335237284 1284
1647273098428 0.009086186784063031 1285
1647273098558 0.009032167443288113 1286
1647273098687 0.008978273737935796 1287
1647273098819 0.008924506092040842 1288
1647273098950 0.008870864928646171 1289
1647273099084 0.00881735066979954 1290
1647273099220 0.008763963736550246 1291
1647273099351 0.008710704548945765 1292
1647273099480 0.008657573526028488 1293
1647273099615 0.008604571085832386 1294
1647273099747 0.008551697645379781 1295
1647273099880 0.008498953620677997 1296
1647273100011 0.008446339426716128 1297
1647273100165 0.008393855477461756 1298
1647273100305 0.008341502185857698 1299
1647273100436 0.008289279963818784 1300
1647273100567 0.008237189222228554 1301
1647273100702 0.008185230370936079 1302
1647273100839 0.008133403818752737 1303
1647273100968 0.00808170997344894 1304
1647273101105 0.00803014924175101 1305
1647273101244 0.007978722029337892 1306
1647273101385 0.00792742874083803 1307
1647273101562 0.007876269779826141 1308
1647273101695 0.007825245548820062 1309
1647273101858 0.007774356449277585 1310
1647273101989 0.007723602881593283 1311
1647273102122 0.007672985245095361 1312
1647273102258 0.00762250393804252 1313
1647273102387 0.007572159357620837 1314
1647273102519 0.0075219518999406175 1315
1647273102648 0.007471881960033282 1316
1647273102776 0.0074219499318482615 1317
1647273102901 0.007372156208249922 1318
1647273103034 0.007322501181014432 1319
1647273103110 0.0072729852408267015 1320
1647273108138 0.00722360877727731 1321
1647273108313 0.007174372178859426 1322
1647273108460 0.0071252758329657835 1323
1647273108591 0.0070763201258855985 1324
1647273108723 0.007027505442801539 1325
1647273108859 0.0069788321677867 1326
1647273108991 0.006930300683801597 1327
1647273109122 0.006881911372691115 1328
1647273109253 0.006833664615181532 1329
1647273109386 0.006785560790877514 1330
1647273109518 0.006737600278259151 1331
1647273109653 0.006689783454678929 1332
1647273109788 0.006642110696358811 1333
1647273109919 0.006594582378387248 1334
1647273110055 0.006547198874716235 1335
1647273110189 0.006499960558158389 1336
1647273110317 0.006452867800383967 1337
1647273110460 0.006405920971918009 1338
1647273110594 0.006359120442137349 1339
1647273110727 0.006312466579267763 1340
1647273110860 0.0062659597503810635 1341
1647273110991 0.006219600321392185 1342
1647273111121 0.006173388657056329 1343
1647273111257 0.006127325120966086 1344
1647273111396 0.00608141007554857 1345
1647273111532 0.006035643882062597 1346
1647273111669 0.005990026900595787 1347
1647273111798 0.005944559490061785 1348
1647273111935 0.005899242008197396 1349
1647273112063 0.00585407481155981 1350
1647273112199 0.005809058255523758 1351
1647273112331 0.0057641926942787435 1352
1647273112462 0.005719478480826232 1353
1647273112596 0.005674915966976912 1354
1647273112726 0.005630505503347879 1355
1647273112857 0.005586247439359904 1356
1647273112995 0.0055421421232346915 1357
1647273113123 0.005498189901992111 1358
1647273113252 0.005454391121447502 1359
1647273113329 0.005410746126208931 1360
1647273118362 0.00536725525967447 1361
1647273118513 0.005323918864029518 1362
1647273118647 0.005280737280244115 1363
1647273118799 0.005237710848070222 1364
1647273118932 0.005194839906039079 1365
1647273119060 0.00515212479145853 1366
1647273119209 0.005109565840410365 1367
1647273119339 0.005067163387747702 1368
1647273119471 0.005024917767092315 1369
1647273119605 0.0049828293108320305 1370
1647273119734 0.0049408983501181 1371
1647273119868 0.004899125214862619 1372
1647273120001 0.004857510233735917 1373
1647273120135 0.004816053734163949 1374
1647273120266 0.004774756042325754 1375
1647273120399 0.00473361748315086 1376
1647273120536 0.004692638380316774 1377
1647273120667 0.004651819056246367 1378
1647273120803 0.004611159832105392 1379
1647273120935 0.004570661027799938 1380
1647273121064 0.0045303229619739005 1381
1647273121219 0.004490145952006513 1382
1647273121353 0.004450130314009799 1383
1647273121482 0.004410276362826121 1384
1647273121616 0.004370584412025686 1385
1647273121745 0.004331054773904104 1386
1647273121878 0.004291687759479888 1387
1647273122013 0.00425248367849204 1388
1647273122145 0.004213442839397597 1389
1647273122278 0.004174565549369235 1390
1647273122411 0.004135852114292806 1391
1647273122543 0.00409730283876496 1392
1647273122672 0.004058918026090744 1393
1647273122803 0.0040206979782812045 1394
1647273122935 0.003982642996051044 1395
1647273123070 0.003944753378816211 1396
1647273123207 0.0039070294246915695 1397
1647273123336 0.0038694714304885495 1398
1647273123467 0.0038320796917128202 1399
1647273123558 0.0037948545025619424 1400
1647273128585 0.0037577961559230786 1401
1647273128749 0.003720904943370664 1402
1647273128883 0.0036841811551641315 1403
1647273129011 0.003647625080245636 1404
1647273129151 0.003611237006237749 1405
1647273129283 0.003575017219441219 1406
1647273129412 0.003538966004832708 1407
1647273129544 0.0035030836460625703 1408
1647273129698 0.0034673704254526 1409
1647273129835 0.003431826623993802 1410
1647273129972 0.00339645252134421 1411
1647273130104 0.0033612483958266547 1412
1647273130236 0.0033262145244266086 1413
1647273130367 0.003291351182789975 1414
1647273130496 0.003256658645220932 1415
1647273130626 0.003222137184679781 1416
1647273130761 0.0031877870727807785 1417
1647273130894 0.0031536085797900354 1418
1647273131023 0.003119601974623349 1419
1647273131158 0.0030857675248441136 1420
1647273131298 0.003052105496661199 1421
1647273131430 0.003018616154926885 1422
1647273131570 0.002985299763134736 1423
1647273131706 0.0029521565834175617 1424
1647273131851 0.0029191868765453353 1425
1647273131981 0.0028863909019231464 1426
1647273132111 0.0028537689175891774 1427
1647273132241 0.0028213211802126455 1428
1647273132373 0.002789047945091794 1429
1647273132509 0.002756949466151888 1430
1647273132638 0.0027250259959432244 1431
1647273132768 0.002693277785639119 1432
1647273132897 0.0026617050850339537 1433
1647273133026 0.0026303081425411968 1434
1647273133156 0.0025990872051914688 1435
1647273133288 0.0025680425186305703 1436
1647273133421 0.0025371743271175706 1437
1647273133548 0.0025064828735228734 1438
1647273133676 0.0024759683993263145 1439
1647273133766 0.0024456311446152644 1440
1647273138809 0.002415471348082729 1441
1647273138957 0.0023854892470254662 1442
1647273139090 0.002355685077342152 1443
1647273139232 0.0023260590735314783 1444
1647273139367 0.0022966114686903487 1445
1647273139498 0.002267342494512014 1446
1647273139626 0.00223825238128427 1447
1647273139755 0.0022093413578876298 1448
1647273139883 0.0021806096517935337 1449
1647273140015 0.002152057489062564 1450
1647273140148 0.002123685094342652 1451
1647273140280 0.0020954926908673156 1452
1647273140422 0.0020674805004539045 1453
1647273140550 0.0020396487435018675 1454
1647273140679 0.002011997638990991 1455
1647273140812 0.0019845274044796943 1456
1647273140941 0.001957238256103316 1457
1647273141069 0.0019301304085724185 1458
1647273141201 0.0019032040751710828 1459
1647273141338 0.001876459467755246 1460
1647273141466 0.0018498967967510234 1461
1647273141603 0.0018235162711530552 1462
1647273141734 0.0017973180985228808 1463
1647273141869 0.0017713024849872693 1464
1647273141998 0.0017454696352366319 1465
1647273142128 0.0017198197525233867 1466
1647273142255 0.001694353038660384 1467
1647273142399 0.0016690696940192908 1468
1647273142530 0.0016439699175290368 1469
1647273142659 0.0016190539066742297 1470
1647273142790 0.001594321857493634 1471
1647273142926 0.0015697739645785854 1472
1647273143057 0.0015454104210714911 1473
1647273143185 0.0015212314186642984 1474
1647273143312 0.001497237147596981 1475
1647273143440 0.0014734277966560693 1476
1647273143577 0.0014498035531731192 1477
1647273143708 0.001426364603023291 1478
1647273143840 0.0014031111306238415 1479
1647273143920 0.0013800433189326954 1480
1647273149056 0.001357161349447005 1481
1647273149199 0.001334465402201722 1482
1647273149330 0.0013119556557681703 1483
1647273149463 0.0012896322872526537 1484
1647273149599 0.0012674954722950522 1485
1647273149728 0.001245545385067462 1486
1647273149860 0.0012237821982727913 1487
1647273149992 0.001202206083143424 1488
1647273150121 0.0011808172094398641 1489
1647273150251 0.0011596157454494165 1490
1647273150388 0.0011386018579848355 1491
1647273150518 0.001117775712383031 1492
1647273150652 0.001097137472503759 1493
1647273150779 0.0010766873007283526 1494
1647273150927 0.0010564253579584072 1495
1647273151063 0.0010363518036145473 1496
1647273151194 0.0010164667956351614 1497
1647273151327 0.0009967704904751474 1498
1647273151456 0.0009772630431047072 1499
1647273151590 0.000957944607008105 1500
1647273151720 0.0009388153341824663 1501
1647273151850 0.0009198753751365829 1502
1647273151981 0.0009011248788897387 1503
1647273152111 0.0008825639929705155 1504
1647273152241 0.0008641928634156506 1505
1647273152377 0.0008460116347688782 1506
1647273152506 0.0008280204500797953 1507
1647273152634 0.000810219450902742 1508
1647273152766 0.0007926087772956788 1509
1647273152900 0.0007751885678190833 1510
1647273153032 0.0007579589595348658 1511
1647273153163 0.0007409200880052981 1512
1647273153289 0.0007240720872919328 1513
1647273153420 0.0007074150899545499 1514
1647273153548 0.0006909492270501259 1515
1647273153674 0.0006746746281317828 1516
1647273153801 0.0006585914212477994 1517
1647273153929 0.0006426997329405706 1518
1647273154058 0.0006269996882456277 1519
1647273154136 0.0006114914106906617 1520
