1647272834992 1.2076541185379028 0
1647272849725 0.9450897574424744 1
1647272855764 0.8077091574668884 2
1647272865907 0.6464914083480835 3
1647272871853 0.714114248752594 4
1647272882104 0.8994327783584595 5
1647272892375 1.0581278800964355 6
1647272902638 0.6205177307128906 7
1647272908574 0.5737384557723999 8
1647272918886 0.6267606019973755 9
1647272924863 0.5111087560653687 10
1647272930788 0.4339582026004791 11
1647272941215 0.4991305470466614 12
1647272951350 0.32618293166160583 13
1647272961692 0.3381275236606598 14
1647272967623 0.47495198249816895 15
1647272973507 0.29436853528022766 16
1647272979473 0.34925857186317444 17
1647272989877 0.34244194626808167 18
1647272999976 0.271693617105484 19
1647273010346 0.2525472044944763 20
1647273020527 0.23948541283607483 21
1647273030800 0.20035387575626373 22
1647273036756 0.21376340091228485 23
1647273047058 0.25391507148742676 24
1647273053014 0.2766796052455902 25
1647273059071 0.17463234066963196 26
1647273069297 0.15957801043987274 27
1647273075249 0.16336390376091003 28
1647273081320 0.1788364052772522 29
1647273087257 0.15494976937770844 30
1647273097583 0.18712887167930603 31
1647273103684 0.14384658634662628 32
1647273113905 0.12638746201992035 33
1647273124126 0.1263306736946106 34
1647273134327 0.13212108612060547 35
1647273144483 0.13288897275924683 36
1647273154816 0.10047931969165802 37
1647273190331 0.20035387575626373 38
