1647272818772 0.95 0
1647272826824 0.9499989290832064 1
1647272827072 0.9499957163787003 2
1647272827204 0.9499903620241033 3
1647272827331 0.9499828662487778 4
1647272827458 0.9499732293738182 5
1647272827586 0.9499614518120361 6
1647272827717 0.949947534067943 7
1647272827845 0.9499314767377286 8
1647272827973 0.9499132805092357 9
1647272828105 0.9498929461619301 10
1647272828234 0.9498704745668676 11
1647272828368 0.9498458666866564 12
1647272828519 0.9498191235754162 13
1647272828653 0.949790246378733 14
1647272828782 0.9497592363336098 15
1647272828911 0.9497260947684136 16
1647272829042 0.9496908231028188 17
1647272829174 0.9496534228477462 18
1647272829302 0.9496138956052983 19
1647272829431 0.9495722430686905 20
1647272829566 0.9495284670221789 21
1647272829697 0.9494825693409835 22
1647272829824 0.9494345519912083 23
1647272829951 0.9493844170297568 24
1647272830086 0.9493321666042439 25
1647272830213 0.9492778029529039 26
1647272830338 0.9492213284044946 27
1647272830468 0.9491627453781977 28
1647272830613 0.9491020563835152 29
1647272830745 0.9490392640201615 30
1647272830874 0.9489743709779526 31
1647272831004 0.9489073800366903 32
1647272831133 0.9488382940660436 33
1647272831262 0.9487671160254256 34
1647272831391 0.9486938489638667 35
1647272831523 0.9486184960198838 36
1647272831650 0.9485410604213463 37
1647272831777 0.9484615454853377 38
1647272831907 0.9483799546180129 39
1647272832927 0.9482962913144534 40
1647272843975 0.9482105591585164 41
1647272844153 0.9481227618226823 42
1647272844291 0.9480329030678967 43
1647272844418 0.9479409867434097 44
1647272844548 0.9478470167866104 45
1647272844675 0.9477509972228593 46
1647272844806 0.9476529321653148 47
1647272844934 0.9475528258147576 48
1647272845063 0.9474506824594107 49
1647272845190 0.9473465064747553 50
1647272845319 0.9472403023233439 51
1647272845450 0.9471320745546089 52
1647272845577 0.9470218278046677 53
1647272845708 0.9469095667961241 54
1647272845843 0.9467952963378663 55
1647272845973 0.94667902132486 56
1647272846101 0.9465607467379401 57
1647272846247 0.9464404776435962 58
1647272846379 0.9463182191937558 59
1647272846507 0.9461939766255643 60
1647272846640 0.9460677552611596 61
1647272846766 0.9459395605074449 62
1647272846895 0.9458093978558567 63
1647272847021 0.94567727288213 64
1647272847153 0.9455431912460588 65
1647272847284 0.945407158691254 66
1647272847415 0.9452691810448978 67
1647272847546 0.945129264217493 68
1647272847674 0.944987414202611 69
1647272847803 0.9448436370766343 70
1647272847936 0.9446979389984965 71
1647272848064 0.9445503262094184 72
1647272848191 0.9444008050326403 73
1647272848332 0.9442493818731521 74
1647272848460 0.9440960632174177 75
1647272848587 0.9439408556330983 76
1647272848715 0.94378376576877 77
1647272848850 0.9436248003536398 78
1647272848976 0.9434639661972571 79
1647272849054 0.9433012701892219 80
1647272850017 0.9431367192988895 81
1647272850151 0.9429703205750726 82
1647272850287 0.9428020811457385 83
1647272850415 0.9426320082177045 84
1647272850544 0.9424601090763289 85
1647272850679 0.9422863910851986 86
1647272850808 0.9421108616858143 87
1647272850950 0.9419335283972712 88
1647272851086 0.9417543988159371 89
1647272851219 0.9415734806151272 90
1647272851345 0.9413907815447751 91
1647272851472 0.9412063094311007 92
1647272851604 0.9410200721762756 93
1647272851735 0.9408320777580839 94
1647272851868 0.9406423342295808 95
1647272852001 0.9404508497187474 96
1647272852129 0.9402576324281429 97
1647272852262 0.9400626906345529 98
1647272852396 0.9398660326886353 99
1647272852523 0.9396676670145617 100
1647272852656 0.9394676021096574 101
1647272852785 0.9392658465440372 102
1647272852920 0.9390624089602378 103
1647272853053 0.9388572980728485 104
1647272853189 0.9386505226681368 105
1647272853321 0.938442091603673 106
1647272853451 0.93823201380795 107
1647272853583 0.9380202982800016 108
1647272853721 0.937806954089016 109
1647272853851 0.9375919903739488 110
1647272853978 0.9373754163431298 111
1647272854110 0.9371572412738697 112
1647272854237 0.9369374745120622 113
1647272854364 0.9367161254717842 114
1647272854490 0.9364932036348917 115
1647272854621 0.9362687185506143 116
1647272854749 0.9360426798351459 117
1647272854876 0.9358150971712327 118
1647272855003 0.9355859803077585 119
1647272855094 0.9353553390593273 120
1647272860284 0.9351231833058425 121
1647272860437 0.9348895229920839 122
1647272860568 0.9346543681272818 123
1647272860696 0.9344177287846877 124
1647272860822 0.9341796151011436 125
1647272860956 0.9339400372766471 126
1647272861089 0.9336990055739148 127
1647272861222 0.9334565303179428 128
1647272861352 0.9332126218955641 129
1647272861481 0.9329672907550034 130
1647272861614 0.9327205474054305 131
1647272861751 0.9324724024165091 132
1647272861881 0.9322228664179448 133
1647272862027 0.9319719500990292 134
1647272862168 0.9317196642081822 135
1647272862296 0.9314660195524919 136
1647272862425 0.9312110269972509 137
1647272862558 0.9309546974654916 138
1647272862686 0.9306970419375182 139
1647272862815 0.930438071450436 140
1647272862944 0.9301777970976786 141
1647272863083 0.9299162300285329 142
1647272863218 0.9296533814476619 143
1647272863345 0.9293892626146236 144
1647272863471 0.92912388484339 145
1647272863599 0.9288572595018616 146
1647272863730 0.9285893980113806 147
1647272863860 0.9283203118462416 148
1647272863988 0.9280500125332005 149
1647272864121 0.92777851165098 150
1647272864262 0.9275058208297746 151
1647272864388 0.9272319517507513 152
1647272864515 0.92695691614555 153
1647272864644 0.9266807257957805 154
1647272864776 0.9264033925325184 155
1647272864901 0.9261249282357974 156
1647272865027 0.9258453448341013 157
1647272865158 0.9255646543038526 158
1647272865284 0.9252828686688992 159
1647272865361 0.9249999999999999 160
1647272866190 0.9247160604143072 161
1647272866329 0.9244310620748477 162
1647272866461 0.9241450171900019 163
1647272866597 0.9238579380129803 164
1647272866747 0.9235698368412999 165
1647272866878 0.9232807260162555 166
1647272867010 0.922990617922393 167
1647272867147 0.9226995249869773 168
1647272867285 0.9224074596794611 169
1647272867410 0.92211443451095 170
1647272867536 0.9218204620336671 171
1647272867661 0.9215255548404148 172
1647272867789 0.9212297255640356 173
1647272867916 0.9209329868768714 174
1647272868046 0.9206353514902197 175
1647272868180 0.9203368321537899 176
1647272868310 0.920037441655157 177
1647272868440 0.9197371928192133 178
1647272868574 0.9194360985076198 179
1647272868701 0.9191341716182544 180
1647272868844 0.9188314250846605 181
1647272868977 0.9185278718754918 182
1647272869107 0.9182235249939574 183
1647272869237 0.917918397477265 184
1647272869373 0.9176125023960616 185
1647272869507 0.9173058528538747 186
1647272869634 0.9169984619865497 187
1647272869764 0.9166903429616885 188
1647272869899 0.9163815089780847 189
1647272870038 0.9160719732651581 190
1647272870175 0.9157617490823885 191
1647272870313 0.9154508497187474 192
1647272870440 0.9151392884921287 193
1647272870572 0.9148270787487786 194
1647272870698 0.9145142338627231 195
1647272870823 0.9142007672351962 196
1647272870963 0.9138866922940646 197
1647272871089 0.9135720224932536 198
1647272871230 0.9132567713121704 199
1647272871307 0.912940952255126 200
1647272876460 0.9126245788507579 201
1647272876611 0.9123076646514496 202
1647272876743 0.9119902232327508 203
1647272876874 0.9116722681927952 204
1647272877006 0.9113538131517186 205
1647272877146 0.911034871751075 206
1647272877275 0.9107154576532525 207
1647272877410 0.910395584540888 208
1647272877539 0.9100752661162809 209
1647272877669 0.9097545161008064 210
1647272877800 0.9094333482343278 211
1647272877934 0.9091117762746074 212
1647272878066 0.9087898139967177 213
1647272878201 0.9084674751924512 214
1647272878343 0.9081447736697295 215
1647272878471 0.9078217232520115 216
1647272878604 0.9074983377777022 217
1647272878738 0.907174631099559 218
1647272878867 0.9068506170840984 219
1647272878995 0.9065263096110026 220
1647272879122 0.9062017225725243 221
1647272879256 0.9058768698728918 222
1647272879384 0.9055517654277139 223
1647272879511 0.9052264231633826 224
1647272879644 0.904900857016478 225
1647272879771 0.9045750809331701 226
1647272879917 0.9042491088686221 227
1647272880053 0.9039229547863922 228
1647272880181 0.903596632657836 229
1647272880308 0.9032701564615071 230
1647272880448 0.9029435401825594 231
1647272880578 0.9026167978121472 232
1647272880706 0.902289943346826 233
1647272880831 0.9019629907879534 234
1647272880960 0.9016359541410888 235
1647272881087 0.9013088474153936 236
1647272881213 0.9009816846230314 237
1647272881342 0.9006544797785672 238
1647272881473 0.9003272468983675 239
1647272881558 0.8999999999999999 240
1647272886721 0.8996727531016324 241
1647272886868 0.8993455202214328 242
1647272887006 0.8990183153769685 243
1647272887135 0.8986911525846063 244
1647272887276 0.8983640458589112 245
1647272887407 0.8980370092120465 246
1647272887544 0.8977100566531739 247
1647272887673 0.8973832021878527 248
1647272887805 0.8970564598174405 249
1647272887931 0.8967298435384928 250
1647272888062 0.896403367342164 251
1647272888194 0.8960770452136078 252
1647272888326 0.8957508911313778 253
1647272888456 0.8954249190668299 254
1647272888592 0.8950991429835219 255
1647272888724 0.8947735768366173 256
1647272888860 0.8944482345722861 257
1647272888995 0.8941231301271081 258
1647272889126 0.8937982774274758 259
1647272889254 0.8934736903889974 260
1647272889383 0.8931493829159016 261
1647272889516 0.8928253689004411 262
1647272889644 0.8925016622222977 263
1647272889774 0.8921782767479884 264
1647272889909 0.8918552263302706 265
1647272890038 0.8915325248075487 266
1647272890169 0.8912101860032823 267
1647272890304 0.8908882237253926 268
1647272890439 0.8905666517656722 269
1647272890575 0.8902454838991936 270
1647272890711 0.8899247338837191 271
1647272890840 0.8896044154591121 272
1647272890973 0.8892845423467475 273
1647272891107 0.8889651282489249 274
1647272891233 0.8886461868482813 275
1647272891360 0.8883277318072047 276
1647272891488 0.8880097767672491 277
1647272891616 0.8876923353485503 278
1647272891747 0.8873754211492421 279
1647272891826 0.8870590477448739 280
1647272896924 0.8867432286878296 281
1647272897095 0.8864279775067463 282
1647272897232 0.8861133077059353 283
1647272897365 0.8857992327648039 284
1647272897501 0.8854857661372768 285
1647272897645 0.8851729212512214 286
1647272897774 0.8848607115078713 287
1647272897924 0.8845491502812526 288
1647272898053 0.8842382509176115 289
1647272898179 0.8839280267348419 290
1647272898311 0.8836184910219153 291
1647272898440 0.8833096570383114 292
1647272898571 0.8830015380134503 293
1647272898702 0.8826941471461253 294
1647272898834 0.8823874976039383 295
1647272898964 0.8820816025227349 296
1647272899096 0.8817764750060425 297
1647272899223 0.8814721281245081 298
1647272899351 0.8811685749153394 299
1647272899481 0.8808658283817454 300
1647272899616 0.8805639014923802 301
1647272899743 0.8802628071807866 302
1647272899877 0.8799625583448429 303
1647272900030 0.87966316784621 304
1647272900160 0.8793646485097802 305
1647272900293 0.8790670131231286 306
1647272900421 0.8787702744359643 307
1647272900553 0.8784744451595852 308
1647272900687 0.8781795379663329 309
1647272900821 0.87788556548905 310
1647272900953 0.8775925403205389 311
1647272901081 0.8773004750130227 312
1647272901209 0.877009382077607 313
1647272901336 0.8767192739837444 314
1647272901463 0.8764301631587 315
1647272901590 0.8761420619870195 316
1647272901720 0.8758549828099981 317
1647272901851 0.8755689379251522 318
1647272901980 0.8752839395856927 319
1647272902076 0.875 320
1647272902925 0.8747171313311007 321
1647272903060 0.8744353456961473 322
1647272903193 0.8741546551658986 323
1647272903328 0.8738750717642025 324
1647272903456 0.8735966074674816 325
1647272903585 0.8733192742042194 326
1647272903712 0.87304308385445 327
1647272903849 0.8727680482492486 328
1647272903986 0.8724941791702253 329
1647272904118 0.8722214883490199 330
1647272904249 0.8719499874667995 331
1647272904381 0.8716796881537583 332
1647272904513 0.8714106019886194 333
1647272904642 0.8711427404981383 334
1647272904782 0.8708761151566099 335
1647272904913 0.8706107373853763 336
1647272905044 0.8703466185523381 337
1647272905177 0.870083769971467 338
1647272905308 0.8698222029023214 339
1647272905436 0.8695619285495639 340
1647272905564 0.8693029580624816 341
1647272905702 0.8690453025345083 342
1647272905841 0.868788973002749 343
1647272905970 0.8685339804475081 344
1647272906100 0.8682803357918177 345
1647272906230 0.8680280499009707 346
1647272906359 0.8677771335820551 347
1647272906501 0.8675275975834909 348
1647272906650 0.8672794525945695 349
1647272906781 0.8670327092449965 350
1647272906924 0.866787378104436 351
1647272907053 0.8665434696820571 352
1647272907181 0.8663009944260851 353
1647272907307 0.8660599627233528 354
1647272907436 0.8658203848988564 355
1647272907565 0.8655822712153123 356
1647272907692 0.8653456318727182 357
1647272907827 0.865110477007916 358
1647272907956 0.8648768166941574 359
1647272908033 0.8646446609406726 360
1647272913217 0.8644140196922414 361
1647272913364 0.8641849028287673 362
1647272913506 0.863957320164854 363
1647272913641 0.8637312814493856 364
1647272913769 0.8635067963651082 365
1647272913903 0.8632838745282158 366
1647272914041 0.8630625254879377 367
1647272914180 0.8628427587261303 368
1647272914310 0.8626245836568701 369
1647272914446 0.8624080096260511 370
1647272914574 0.8621930459109839 371
1647272914700 0.8619797017199984 372
1647272914832 0.86176798619205 373
1647272914960 0.861557908396327 374
1647272915102 0.8613494773318632 375
1647272915245 0.8611427019271515 376
1647272915373 0.8609375910397621 377
1647272915502 0.8607341534559627 378
1647272915640 0.8605323978903425 379
1647272915767 0.8603323329854382 380
1647272915896 0.8601339673113646 381
1647272916028 0.859937309365447 382
1647272916155 0.8597423675718571 383
1647272916283 0.8595491502812526 384
1647272916411 0.8593576657704192 385
1647272916545 0.8591679222419161 386
1647272916677 0.8589799278237243 387
1647272916804 0.8587936905688992 388
1647272916936 0.8586092184552249 389
1647272917065 0.8584265193848727 390
1647272917198 0.8582456011840628 391
1647272917325 0.8580664716027288 392
1647272917459 0.8578891383141857 393
1647272917591 0.8577136089148013 394
1647272917723 0.857539890923671 395
1647272917855 0.8573679917822954 396
1647272917993 0.8571979188542614 397
1647272918121 0.8570296794249274 398
1647272918253 0.8568632807011104 399
1647272918335 0.856698729810778 400
1647272919195 0.8565360338027428 401
1647272919328 0.8563751996463601 402
1647272919466 0.85621623423123 403
1647272919614 0.8560591443669017 404
1647272919746 0.8559039367825823 405
1647272919882 0.8557506181268479 406
1647272920014 0.8555991949673596 407
1647272920149 0.8554496737905816 408
1647272920281 0.8553020610015034 409
1647272920408 0.8551563629233656 410
1647272920546 0.8550125857973889 411
1647272920679 0.8548707357825069 412
1647272920807 0.8547308189551022 413
1647272920941 0.8545928413087459 414
1647272921069 0.8544568087539411 415
1647272921198 0.8543227271178699 416
1647272921326 0.8541906021441432 417
1647272921473 0.8540604394925551 418
1647272921598 0.8539322447388403 419
1647272921726 0.8538060233744357 420
1647272921857 0.853681780806244 421
1647272921995 0.8535595223564038 422
1647272922127 0.8534392532620598 423
1647272922257 0.8533209786751399 424
1647272922400 0.8532047036621337 425
1647272922528 0.8530904332038758 426
1647272922661 0.8529781721953322 427
1647272922789 0.852867925445391 428
1647272922918 0.852759697676656 429
1647272923047 0.8526534935252447 430
1647272923191 0.8525493175405893 431
1647272923317 0.8524471741852423 432
1647272923457 0.8523470678346852 433
1647272923586 0.8522490027771407 434
1647272923713 0.8521529832133895 435
1647272923841 0.8520590132565903 436
1647272923975 0.8519670969321033 437
1647272924110 0.8518772381773176 438
1647272924236 0.8517894408414836 439
1647272924314 0.8517037086855466 440
1647272925140 0.851620045381987 441
1647272925277 0.8515384545146623 442
1647272925408 0.8514589395786536 443
1647272925537 0.8513815039801161 444
1647272925668 0.8513061510361333 445
1647272925811 0.8512328839745743 446
1647272925941 0.8511617059339563 447
1647272926072 0.8510926199633096 448
1647272926209 0.8510256290220474 449
1647272926340 0.8509607359798385 450
1647272926475 0.8508979436164847 451
1647272926604 0.8508372546218023 452
1647272926738 0.8507786715955054 453
1647272926868 0.8507221970470961 454
1647272927003 0.850667833395756 455
1647272927135 0.8506155829702431 456
1647272927272 0.8505654480087916 457
1647272927404 0.8505174306590164 458
1647272927533 0.8504715329778211 459
1647272927673 0.8504277569313095 460
1647272927802 0.8503861043947016 461
1647272927936 0.8503465771522537 462
1647272928066 0.8503091768971811 463
1647272928198 0.8502739052315863 464
1647272928333 0.8502407636663901 465
1647272928464 0.8502097536212669 466
1647272928592 0.8501808764245837 467
1647272928725 0.8501541333133436 468
1647272928852 0.8501295254331324 469
1647272928980 0.8501070538380698 470
1647272929107 0.8500867194907642 471
1647272929234 0.8500685232622713 472
1647272929366 0.850052465932057 473
1647272929511 0.8500385481879639 474
1647272929643 0.8500267706261817 475
1647272929769 0.8500171337512221 476
1647272929897 0.8500096379758967 477
1647272930024 0.8500042836212996 478
1647272930152 0.8500010709167936 479
1647272930230 0.850000196699576 480
1647272935435 0.8500007867967567 481
1647272935589 0.850001770286899 482
1647272935723 0.850003147162265 483
1647272935863 0.8500049174120212 484
1647272935996 0.8500070810222395 485
1647272936124 0.8500096379758968 486
1647272936260 0.8500125882528746 487
1647272936394 0.8500159318299606 488
1647272936524 0.8500196686808473 489
1647272936651 0.8500237987761334 490
1647272936781 0.8500283220833234 491
1647272936911 0.8500332385668277 492
1647272937038 0.8500385481879639 493
1647272937175 0.8500442509049556 494
1647272937306 0.8500503466729342 495
1647272937448 0.8500568354439383 496
1647272937581 0.8500637171669142 497
1647272937710 0.8500709917877166 498
1647272937857 0.8500786592491092 499
1647272937986 0.8500867194907642 500
1647272938119 0.8500951724492639 501
1647272938248 0.8501040180581007 502
1647272938387 0.8501132562476772 503
1647272938519 0.8501228869453077 504
1647272938647 0.850132910075218 505
1647272938775 0.8501433255585462 506
1647272938902 0.8501541333133436 507
1647272939029 0.8501653332545749 508
1647272939158 0.850176925294119 509
1647272939294 0.8501889093407702 510
1647272939423 0.850201285300238 511
1647272939550 0.8502140530751487 512
1647272939678 0.8502272125650456 513
1647272939818 0.8502407636663901 514
1647272939948 0.8502547062725624 515
1647272940080 0.8502690402738622 516
1647272940208 0.8502837655575097 517
1647272940336 0.850298882007647 518
1647272940464 0.8503143895053379 519
1647272940541 0.8503302879285696 520
1647272945654 0.8503465771522537 521
1647272945821 0.8503632570482268 522
1647272945949 0.8503803274852517 523
1647272946081 0.8503977883290188 524
1647272946221 0.850415639442146 525
1647272946355 0.8504338806841815 526
1647272946485 0.8504525119116032 527
1647272946622 0.8504715329778211 528
1647272946753 0.8504909437331777 529
1647272946882 0.8505107440249495 530
1647272947012 0.8505309336973481 531
1647272947138 0.8505515125915216 532
1647272947268 0.8505724805455556 533
1647272947400 0.8505938373944746 534
1647272947536 0.8506155829702431 535
1647272947665 0.8506377171017675 536
1647272947797 0.8506602396148967 537
1647272947929 0.8506831503324239 538
1647272948057 0.8507064490740882 539
1647272948186 0.8507301356565753 540
1647272948324 0.8507542098935196 541
1647272948467 0.8507786715955054 542
1647272948632 0.8508035205700685 543
1647272948763 0.8508287566216975 544
1647272948896 0.8508543795518357 545
1647272949025 0.8508803891588823 546
1647272949152 0.8509067852381941 547
1647272949282 0.8509335675820872 548
1647272949414 0.8509607359798385 549
1647272949546 0.8509882902176876 550
1647272949679 0.8510162300788382 551
1647272949811 0.85104455534346 552
1647272949940 0.8510732657886902 553
1647272950067 0.8511023611886356 554
1647272950195 0.851131841314374 555
1647272950322 0.8511617059339563 556
1647272950453 0.8511919548124083 557
1647272950597 0.8512225877117321 558
1647272950724 0.8512536043909088 559
1647272950804 0.8512850046058995 560
1647272955897 0.8513167881096481 561
1647272956049 0.8513489546520822 562
1647272956186 0.8513815039801161 563
1647272956320 0.8514144358376524 564
1647272956456 0.8514477499655837 565
1647272956587 0.851481446101795 566
1647272956719 0.8515155239811656 567
1647272956851 0.8515499833355715 568
1647272956979 0.8515848238938869 569
1647272957109 0.851620045381987 570
1647272957248 0.8516556475227497 571
1647272957380 0.8516916300360579 572
1647272957512 0.8517279926388018 573
1647272957652 0.8517647350448811 574
1647272957793 0.8518018569652073 575
1647272957920 0.8518393581077056 576
1647272958048 0.8518772381773176 577
1647272958178 0.8519154968760037 578
1647272958314 0.851954133902745 579
1647272958448 0.851993148953546 580
1647272958583 0.8520325417214372 581
1647272958712 0.8520723118964767 582
1647272958845 0.8521124591657534 583
1647272958978 0.8521529832133895 584
1647272959107 0.8521938837205424 585
1647272959244 0.8522351603654075 586
1647272959377 0.852276812823221 587
1647272959509 0.8523188407662619 588
1647272959640 0.8523612438638551 589
1647272959774 0.852404021782374 590
1647272959912 0.8524471741852423 591
1647272960039 0.8524907007329379 592
1647272960166 0.8525346010829944 593
1647272960298 0.8525788748900048 594
1647272960427 0.8526235218056235 595
1647272960553 0.8526685414785693 596
1647272960688 0.8527139335546282 597
1647272960819 0.852759697676656 598
1647272960946 0.8528058334845816 599
1647272961023 0.852852340615409 600
1647272961979 0.852899218703221 601
1647272962120 0.8529464673791817 602
1647272962253 0.852994086271539 603
1647272962381 0.8530420750056286 604
1647272962514 0.8530904332038758 605
1647272962645 0.8531391604857991 606
1647272962775 0.8531882564680131 607
1647272962909 0.8532377207642315 608
1647272963043 0.85328755298527 609
1647272963174 0.8533377527390495 610
1647272963309 0.8533883196305992 611
1647272963451 0.8534392532620598 612
1647272963581 0.8534905532326862 613
1647272963722 0.8535422191388511 614
1647272963854 0.853594250574048 615
1647272963983 0.8536466471288946 616
1647272964119 0.8536994083911356 617
1647272964251 0.8537525339456462 618
1647272964380 0.8538060233744357 619
1647272964511 0.8538598762566498 620
1647272964640 0.8539140921685753 621
1647272964771 0.8539686706836421 622
1647272964906 0.8540236113724274 623
1647272965037 0.8540789138026589 624
1647272965170 0.854134577539218 625
1647272965300 0.8541906021441432 626
1647272965433 0.8542469871766339 627
1647272965563 0.8543037321930539 628
1647272965713 0.8543608367469341 629
1647272965846 0.8544183003889768 630
1647272965973 0.8544761226670592 631
1647272966101 0.8545343031262365 632
1647272966231 0.8545928413087459 633
1647272966359 0.85465173675401 634
1647272966485 0.8547109889986403 635
1647272966615 0.8547705975764412 636
1647272966742 0.8548305620184135 637
1647272966869 0.8548908818527579 638
1647272966996 0.854951556604879 639
1647272967074 0.8550125857973889 640
1647272967908 0.8550739689501109 641
1647272968046 0.8551357055800834 642
1647272968179 0.8551977952015637 643
1647272968310 0.8552602373260316 644
1647272968439 0.8553230314621937 645
1647272968570 0.8553861771159866 646
1647272968698 0.8554496737905816 647
1647272968826 0.8555135209863877 648
1647272968955 0.8555777182010563 649
1647272969086 0.855642264929485 650
1647272969217 0.855707160663821 651
1647272969344 0.8557724048934658 652
1647272969475 0.855837997105079 653
1647272969603 0.8559039367825823 654
1647272969736 0.8559702234071631 655
1647272969864 0.8560368564572796 656
1647272969992 0.856103835408664 657
1647272970145 0.8561711597343271 658
1647272970273 0.8562388289045623 659
1647272970406 0.8563068423869495 660
1647272970533 0.8563751996463601 661
1647272970664 0.8564439001449601 662
1647272970792 0.8565129433422152 663
1647272970924 0.8565823286948947 664
1647272971061 0.8566520556570758 665
1647272971192 0.856722123680148 666
1647272971320 0.8567925322128173 667
1647272971452 0.8568632807011104 668
1647272971582 0.8569343685883796 669
1647272971713 0.8570057953153064 670
1647272971847 0.8570775603199067 671
1647272971974 0.8571496630375346 672
1647272972108 0.8572221029008871 673
1647272972237 0.8572948793400086 674
1647272972371 0.8573679917822954 675
1647272972501 0.8574414396524999 676
1647272972628 0.8575152223727356 677
1647272972757 0.8575893393624813 678
1647272972886 0.8576637900385857 679
1647272972968 0.8577385738152723 680
1647272973796 0.8578136901041435 681
1647272973931 0.8578891383141857 682
1647272974060 0.8579649178517734 683
1647272974192 0.8580410281206748 684
1647272974324 0.8581174685220555 685
1647272974462 0.8581942384544837 686
1647272974600 0.8582713373139348 687
1647272974733 0.8583487644937964 688
1647272974868 0.8584265193848727 689
1647272975013 0.8585046013753895 690
1647272975146 0.8585830098509991 691
1647272975275 0.8586617441947849 692
1647272975404 0.8587408037872665 693
1647272975534 0.8588201880064043 694
1647272975665 0.8588998962276044 695
1647272975801 0.8589799278237243 696
1647272975934 0.8590602821650765 697
1647272976063 0.8591409586194343 698
1647272976202 0.8592219565520369 699
1647272976334 0.859303275325594 700
1647272976472 0.8593849143002907 701
1647272976617 0.8594668728337931 702
1647272976750 0.8595491502812526 703
1647272976880 0.8596317459953119 704
1647272977013 0.8597146593261091 705
1647272977145 0.8597978896212837 706
1647272977274 0.8598814362259811 707
1647272977411 0.859965298482858 708
1647272977546 0.8600494757320876 709
1647272977676 0.8601339673113646 710
1647272977807 0.860218772555911 711
1647272977935 0.8603038907984802 712
1647272978065 0.8603893213693636 713
1647272978196 0.8604750635963948 714
1647272978327 0.8605611168049554 715
1647272978464 0.8606474803179803 716
1647272978594 0.8607341534559627 717
1647272978727 0.8608211355369599 718
1647272978853 0.8609084258765984 719
1647272978935 0.8609960237880794 720
1647272984059 0.8610839285821836 721
1647272984203 0.861172139567278 722
1647272984334 0.8612606560493199 723
1647272984466 0.8613494773318632 724
1647272984598 0.8614386027160633 725
1647272984732 0.8615280315006835 726
1647272984868 0.8616177629820995 727
1647272984997 0.8617077964543054 728
1647272985146 0.8617981312089196 729
1647272985283 0.8618887665351896 730
1647272985418 0.8619797017199984 731
1647272985551 0.8620709360478693 732
1647272985682 0.8621624688009724 733
1647272985811 0.8622542992591292 734
1647272985945 0.8623464266998194 735
1647272986076 0.8624388503981859 736
1647272986207 0.8625315696270406 737
1647272986336 0.8626245836568701 738
1647272986472 0.8627178917558417 739
1647272986605 0.8628114931898088 740
1647272986737 0.8629053872223168 741
1647272986868 0.8629995731146092 742
1647272987000 0.8630940501256329 743
1647272987134 0.8631888175120445 744
1647272987272 0.8632838745282156 745
1647272987402 0.8633792204262395 746
1647272987532 0.8634748544559361 747
1647272987663 0.8635707758648584 748
1647272987795 0.8636669838982987 749
1647272987923 0.8637634777992934 750
1647272988055 0.8638602568086304 751
1647272988185 0.863957320164854 752
1647272988322 0.8640546671042715 753
1647272988448 0.8641522968609586 754
1647272988575 0.8642502086667662 755
1647272988707 0.8643484017513259 756
1647272988837 0.864446875342056 757
1647272988965 0.8645456286641681 758
1647272989101 0.8646446609406726 759
1647272989193 0.8647439713923853 760
1647272994312 0.8648435592379334 761
1647272994457 0.8649434236937613 762
1647272994590 0.8650435639741371 763
1647272994726 0.8651439792911588 764
1647272994862 0.8652446688547605 765
1647272994997 0.8653456318727182 766
1647272995129 0.8654468675506567 767
1647272995259 0.8655483750920555 768
1647272995392 0.8656501536982549 769
1647272995524 0.8657522025684625 770
1647272995654 0.8658545208997597 771
1647272995802 0.8659571078871073 772
1647272995938 0.8660599627233528 773
1647272996065 0.8661630845992363 774
1647272996192 0.8662664727033963 775
1647272996334 0.8663701262223771 776
1647272996465 0.8664740443406345 777
1647272996599 0.8665782262405425 778
1647272996731 0.8666826711023998 779
1647272996863 0.8667873781044358 780
1647272996994 0.8668923464228179 781
1647272997130 0.8669975752316569 782
1647272997265 0.8671030637030144 783
1647272997393 0.8672088110069087 784
1647272997522 0.8673148163113221 785
1647272997656 0.8674210787822066 786
1647272997791 0.8675275975834909 787
1647272997923 0.8676343718770866 788
1647272998052 0.8677414008228956 789
1647272998183 0.867848683578816 790
1647272998310 0.8679562193007487 791
1647272998442 0.8680640071426048 792
1647272998568 0.8681720462563111 793
1647272998695 0.8682803357918177 794
1647272998823 0.8683888748971045 795
1647272998958 0.8684976627181876 796
1647272999086 0.8686066983991263 797
1647272999213 0.8687159810820296 798
1647272999343 0.8688255099070633 799
1647272999421 0.8689352840124565 800
1647273004523 0.8690453025345083 801
1647273004698 0.8691555646075948 802
1647273004830 0.869266069364176 803
1647273004958 0.8693768159348024 804
1647273005096 0.8694878034481218 805
1647273005223 0.8695990310308862 806
1647273005360 0.869710497807959 807
1647273005492 0.8698222029023214 808
1647273005624 0.8699341454350797 809
1647273005763 0.8700463245254719 810
1647273005898 0.8701587392908747 811
1647273006029 0.870271388846811 812
1647273006166 0.8703842723069556 813
1647273006295 0.8704973887831435 814
1647273006445 0.8706107373853763 815
1647273006580 0.870724317221829 816
1647273006711 0.8708381273988574 817
1647273006839 0.8709521670210049 818
1647273006978 0.8710664351910097 819
1647273007108 0.8711809310098119 820
1647273007242 0.8712956535765601 821
1647273007376 0.8714106019886194 822
1647273007515 0.8715257753415774 823
1647273007644 0.8716411727292521 824
1647273007773 0.8717567932436991 825
1647273007902 0.8718726359752178 826
1647273008033 0.8719887000123598 827
1647273008161 0.8721049844419351 828
1647273008289 0.8722214883490198 829
1647273008421 0.8723382108169633 830
1647273008550 0.8724551509273948 831
1647273008682 0.8725723077602319 832
1647273008810 0.8726896803936864 833
1647273008938 0.8728072679042725 834
1647273009064 0.8729250693668137 835
1647273009195 0.87304308385445 836
1647273009322 0.8731613104386453 837
1647273009450 0.8732797481891952 838
1647273009576 0.8733983961742331 839
1647273009663 0.8735172534602389 840
1647273014759 0.8736363191120455 841
1647273014910 0.8737555921928462 842
1647273015047 0.8738750717642025 843
1647273015178 0.8739947568860512 844
1647273015307 0.8741146466167118 845
1647273015437 0.8742347400128939 846
1647273015563 0.8743550361297047 847
1647273015692 0.8744755340206563 848
1647273015829 0.8745962327376735 849
1647273015963 0.8747171313311007 850
1647273016093 0.87483822884971 851
1647273016224 0.874959524340708 852
1647273016351 0.8750810168497438 853
1647273016481 0.8752027054209166 854
1647273016610 0.8753245890967827 855
1647273016739 0.8754466669183633 856
1647273016871 0.8755689379251522 857
1647273017018 0.8756914011551233 858
1647273017156 0.875814055644738 859
1647273017285 0.8759369004289527 860
1647273017416 0.8760599345412268 861
1647273017544 0.8761831570135301 862
1647273017679 0.87630656687635 863
1647273017810 0.8764301631587 864
1647273017942 0.8765539448881268 865
1647273018075 0.8766779110907175 866
1647273018201 0.8768020607911082 867
1647273018334 0.8769263930124914 868
1647273018465 0.8770509067766231 869
1647273018598 0.8771756011038311 870
1647273018733 0.8773004750130227 871
1647273018860 0.8774255275216918 872
1647273018989 0.8775507576459277 873
1647273019129 0.8776761644004218 874
1647273019258 0.8778017467984759 875
1647273019387 0.8779275038520097 876
1647273019518 0.8780534345715689 877
1647273019647 0.8781795379663329 878
1647273019776 0.878305813044122 879
1647273019853 0.8784322588114064 880
1647273025001 0.8785588742733126 881
1647273025159 0.8786856584336326 882
1647273025292 0.8788126102948306 883
1647273025422 0.8789397288580514 884
1647273025561 0.8790670131231286 885
1647273025689 0.8791944620885915 886
1647273025836 0.8793220747516739 887
1647273025970 0.8794498501083217 888
1647273026100 0.8795777871532001 889
1647273026230 0.8797058848797031 890
1647273026364 0.8798341422799597 891
1647273026496 0.8799625583448429 892
1647273026625 0.8800911320639773 893
1647273026754 0.880219862425747 894
1647273026887 0.8803487484173038 895
1647273027016 0.8804777890245747 896
1647273027145 0.8806069832322707 897
1647273027277 0.8807363300238937 898
1647273027409 0.8808658283817454 899
1647273027538 0.8809954772869351 900
1647273027670 0.8811252757193871 901
1647273027818 0.8812552226578497 902
1647273027951 0.8813853170799028 903
1647273028091 0.8815155579619652 904
1647273028222 0.8816459442793042 905
1647273028354 0.8817764750060425 906
1647273028486 0.8819071491151663 907
1647273028614 0.8820379655785342 908
1647273028741 0.8821689233668843 909
1647273028878 0.882300021449843 910
1647273029012 0.8824312587959329 911
1647273029140 0.8825626343725805 912
1647273029269 0.8826941471461254 913
1647273029397 0.8828257960818269 914
1647273029526 0.8829575801438737 915
1647273029654 0.883089498295391 916
1647273029788 0.8832215494984489 917
1647273029918 0.8833537327140709 918
1647273030047 0.8834860469022416 919
1647273030125 0.8836184910219153 920
1647273031084 0.8837510640310239 921
1647273031222 0.883883764886485 922
1647273031357 0.8840165925442109 923
1647273031488 0.8841495459591155 924
1647273031617 0.8842826240851238 925
1647273031746 0.8844158258751793 926
1647273031878 0.8845491502812526 927
1647273032024 0.8846825962543494 928
1647273032153 0.8848161627445192 929
1647273032301 0.8849498487008631 930
1647273032437 0.8850836530715421 931
1647273032564 0.8852175748037859 932
1647273032696 0.8853516128439005 933
1647273032825 0.8854857661372768 934
1647273032961 0.8856200336283991 935
1647273033090 0.8857544142608529 936
1647273033223 0.8858889069773338 937
1647273033354 0.8860235107196553 938
1647273033482 0.8861582244287575 939
1647273033617 0.8862930470447151 940
1647273033744 0.8864279775067463 941
1647273033875 0.8865630147532202 942
1647273034009 0.8866981577216662 943
1647273034144 0.8868334053487817 944
1647273034288 0.8869687565704407 945
1647273034426 0.8871042103217021 946
1647273034558 0.8872397655368178 947
1647273034705 0.8873754211492421 948
1647273034840 0.8875111760916387 949
1647273034971 0.8876470292958899 950
1647273035103 0.8877829796931053 951
1647273035232 0.8879190262136292 952
1647273035359 0.8880551677870501 953
1647273035486 0.8881914033422083 954
1647273035617 0.8883277318072047 955
1647273035743 0.8884641521094093 956
1647273035871 0.8886006631754696 957
1647273035999 0.8887372639313187 958
1647273036129 0.8888739533021842 959
1647273036206 0.8890107302125965 960
1647273041349 0.8891475935863972 961
1647273041513 0.8892845423467475 962
1647273041647 0.8894215754161369 963
1647273041776 0.8895586917163915 964
1647273041908 0.8896958901686827 965
1647273042048 0.8898331696935353 966
1647273042178 0.8899705292108363 967
1647273042308 0.8901079676398435 968
1647273042438 0.8902454838991936 969
1647273042571 0.8903830769069109 970
1647273042700 0.890520745580416 971
1647273042829 0.8906584888365342 972
1647273042984 0.8907963055915039 973
1647273043114 0.890934194760985 974
1647273043252 0.8910721552600681 975
1647273043381 0.8912101860032823 976
1647273043513 0.8913482859046038 977
1647273043641 0.8914864538774652 978
1647273043774 0.8916246888347632 979
1647273043907 0.8917629896888672 980
1647273044043 0.891901355351629 981
1647273044178 0.8920397847343893 982
1647273044312 0.8921782767479884 983
1647273044456 0.8923168303027734 984
1647273044591 0.8924554443086073 985
1647273044721 0.8925941176748776 986
1647273044858 0.8927328493105043 987
1647273045004 0.8928716381239494 988
1647273045137 0.8930104830232249 989
1647273045268 0.8931493829159015 990
1647273045398 0.8932883367091172 991
1647273045526 0.8934273433095857 992
1647273045653 0.8935664016236058 993
1647273045789 0.8937055105570687 994
1647273045919 0.8938446690154678 995
1647273046049 0.8939838759039067 996
1647273046182 0.8941231301271081 997
1647273046310 0.8942624305894219 998
1647273046438 0.8944017761948346 999
1647273046515 0.8945411658469772 1000
1647273047353 0.8946805984491344 1001
1647273047495 0.8948200729042528 1002
1647273047628 0.8949595881149497 1003
1647273047761 0.8950991429835219 1004
1647273047894 0.8952387364119541 1005
1647273048021 0.8953783673019273 1006
1647273048150 0.8955180345548283 1007
1647273048285 0.8956577370717573 1008
1647273048417 0.8957974737535376 1009
1647273048546 0.895937243500723 1010
1647273048676 0.8960770452136078 1011
1647273048808 0.8962168777922341 1012
1647273048937 0.896356740136402 1013
1647273049068 0.8964966311456766 1014
1647273049204 0.896636549719398 1015
1647273049352 0.8967764947566892 1016
1647273049485 0.896916465156465 1017
1647273049621 0.8970564598174405 1018
1647273049754 0.8971964776381404 1019
1647273049889 0.8973365175169067 1020
1647273050025 0.897476578351908 1021
1647273050156 0.897616659041148 1022
1647273050287 0.8977567584824742 1023
1647273050419 0.8978968755735867 1024
1647273050550 0.8980370092120465 1025
1647273050677 0.8981771582952846 1026
1647273050812 0.8983173217206103 1027
1647273050943 0.8984574983852202 1028
1647273051076 0.8985976871862065 1029
1647273051204 0.8987378870205663 1030
1647273051345 0.8988780967852097 1031
1647273051481 0.8990183153769685 1032
1647273051612 0.8991585416926053 1033
1647273051740 0.8992987746288219 1034
1647273051868 0.8994390130822677 1035
1647273052002 0.899579255949549 1036
1647273052134 0.8997195021272375 1037
1647273052265 0.8998597505118784 1038
1647273052393 0.8999999999999999 1039
1647273052469 0.9001402494881215 1040
1647273053305 0.9002804978727624 1041
1647273053441 0.9004207440504509 1042
1647273053573 0.9005609869177322 1043
1647273053707 0.900701225371178 1044
1647273053855 0.9008414583073946 1045
1647273053982 0.9009816846230314 1046
1647273054110 0.9011219032147902 1047
1647273054244 0.9012621129794336 1048
1647273054376 0.9014023128137935 1049
1647273054505 0.9015425016147798 1050
1647273054638 0.9016826782793896 1051
1647273054767 0.9018228417047154 1052
1647273054898 0.9019629907879534 1053
1647273055026 0.9021031244264132 1054
1647273055162 0.9022432415175257 1055
1647273055291 0.902383340958852 1056
1647273055427 0.902523421648092 1057
1647273055557 0.9026634824830932 1058
1647273055684 0.9028035223618596 1059
1647273055829 0.9029435401825594 1060
1647273055964 0.9030835348435351 1061
1647273056097 0.9032235052433107 1062
1647273056226 0.9033634502806019 1063
1647273056358 0.9035033688543234 1064
1647273056491 0.903643259863598 1065
1647273056626 0.9037831222077658 1066
1647273056758 0.9039229547863922 1067
1647273056889 0.9040627564992769 1068
1647273057018 0.9042025262464624 1069
1647273057154 0.9043422629282425 1070
1647273057298 0.9044819654451717 1071
1647273057428 0.9046216326980726 1072
1647273057560 0.9047612635880459 1073
1647273057695 0.904900857016478 1074
1647273057831 0.9050404118850501 1075
1647273057960 0.9051799270957471 1076
1647273058089 0.9053194015508655 1077
1647273058220 0.9054588341530228 1078
1647273058430 0.9055982238051654 1079
1647273058526 0.905737569410578 1080
1647273063570 0.9058768698728918 1081
1647273063740 0.9060161240960931 1082
1647273063893 0.906155330984532 1083
1647273064024 0.9062944894429312 1084
1647273064151 0.9064335983763941 1085
1647273064280 0.9065726566904141 1086
1647273064409 0.9067116632908827 1087
1647273064535 0.9068506170840983 1088
1647273064664 0.9069895169767749 1089
1647273064795 0.9071283618760504 1090
1647273064931 0.9072671506894956 1091
1647273065065 0.9074058823251223 1092
1647273065196 0.9075445556913926 1093
1647273065324 0.9076831696972265 1094
1647273065456 0.9078217232520115 1095
1647273065605 0.9079602152656107 1096
1647273065741 0.908098644648371 1097
1647273065876 0.9082370103111326 1098
1647273066030 0.9083753111652367 1099
1647273066163 0.9085135461225348 1100
1647273066304 0.9086517140953961 1101
1647273066433 0.9087898139967177 1102
1647273066564 0.9089278447399318 1103
1647273066697 0.9090658052390149 1104
1647273066830 0.909203694408496 1105
1647273066963 0.9093415111634657 1106
1647273067090 0.9094792544195839 1107
1647273067220 0.9096169230930891 1108
1647273067347 0.9097545161008064 1109
1647273067483 0.9098920323601565 1110
1647273067619 0.9100294707891636 1111
1647273067749 0.9101668303064646 1112
1647273067878 0.9103041098313173 1113
1647273068023 0.9104413082836085 1114
1647273068152 0.9105784245838631 1115
1647273068280 0.9107154576532525 1116
1647273068410 0.9108524064136028 1117
1647273068539 0.9109892697874034 1118
1647273068671 0.9111260466978157 1119
1647273068749 0.9112627360686811 1120
1647273069579 0.9113993368245303 1121
1647273069715 0.9115358478905906 1122
1647273069843 0.9116722681927952 1123
1647273069970 0.9118085966577917 1124
1647273070101 0.9119448322129499 1125
1647273070234 0.9120809737863707 1126
1647273070368 0.9122170203068947 1127
1647273070500 0.91235297070411 1128
1647273070635 0.9124888239083613 1129
1647273070765 0.9126245788507579 1130
1647273070898 0.9127602344631821 1131
1647273071026 0.9128957896782979 1132
1647273071158 0.9130312434295592 1133
1647273071303 0.9131665946512182 1134
1647273071438 0.9133018422783337 1135
1647273071570 0.9134369852467797 1136
1647273071699 0.9135720224932536 1137
1647273071828 0.9137069529552848 1138
1647273071959 0.9138417755712425 1139
1647273072089 0.9139764892803446 1140
1647273072217 0.9141110930226661 1141
1647273072370 0.9142455857391469 1142
1647273072502 0.9143799663716008 1143
1647273072637 0.914514233862723 1144
1647273072774 0.9146483871560994 1145
1647273072912 0.914782425196214 1146
1647273073040 0.9149163469284578 1147
1647273073173 0.9150501512991368 1148
1647273073304 0.9151838372554807 1149
1647273073444 0.9153174037456505 1150
1647273073571 0.9154508497187474 1151
1647273073698 0.9155841741248205 1152
1647273073826 0.915717375914876 1153
1647273073958 0.9158504540408844 1154
1647273074084 0.915983407455789 1155
1647273074216 0.9161162351135148 1156
1647273074365 0.916248935968976 1157
1647273074498 0.9163815089780847 1158
1647273074627 0.9165139530977583 1159
1647273074705 0.916646267285929 1160
1647273075525 0.916778450501551 1161
1647273075663 0.916910501704609 1162
1647273075803 0.9170424198561262 1163
1647273075932 0.9171742039181731 1164
1647273076067 0.9173058528538747 1165
1647273076198 0.9174373656274194 1166
1647273076333 0.9175687412040671 1167
1647273076467 0.917699978550157 1168
1647273076594 0.9178310766331156 1169
1647273076725 0.9179620344214657 1170
1647273076868 0.9180928508848336 1171
1647273077001 0.9182235249939574 1172
1647273077131 0.9183540557206956 1173
1647273077263 0.9184844420380347 1174
1647273077395 0.9186146829200972 1175
1647273077529 0.9187447773421502 1176
1647273077657 0.9188747242806128 1177
1647273077790 0.9190045227130649 1178
1647273077921 0.9191341716182544 1179
1647273078055 0.9192636699761062 1180
1647273078190 0.9193930167677292 1181
1647273078322 0.9195222109754251 1182
1647273078457 0.9196512515826961 1183
1647273078592 0.9197801375742529 1184
1647273078720 0.9199088679360227 1185
1647273078865 0.920037441655157 1186
1647273078996 0.9201658577200402 1187
1647273079128 0.9202941151202968 1188
1647273079257 0.9204222128467998 1189
1647273079390 0.9205501498916783 1190
1647273079519 0.920677925248326 1191
1647273079647 0.9208055379114084 1192
1647273079778 0.9209329868768713 1193
1647273079907 0.9210602711419484 1194
1647273080034 0.9211873897051694 1195
1647273080251 0.9213143415663674 1196
1647273080421 0.9214411257266872 1197
1647273080552 0.9215677411885935 1198
1647273080680 0.9216941869558779 1199
1647273080767 0.9218204620336671 1200
1647273081610 0.921946565428431 1201
1647273081748 0.9220724961479903 1202
1647273081881 0.922198253201524 1203
1647273082014 0.9223238355995781 1204
1647273082143 0.9224492423540722 1205
1647273082271 0.922574472478308 1206
1647273082402 0.9226995249869773 1207
1647273082535 0.9228243988961689 1208
1647273082665 0.9229490932233768 1209
1647273082809 0.9230736069875085 1210
1647273082943 0.9231979392088917 1211
1647273083072 0.9233220889092825 1212
1647273083204 0.9234460551118732 1213
1647273083333 0.9235698368412999 1214
1647273083462 0.9236934331236499 1215
1647273083594 0.9238168429864698 1216
1647273083731 0.923940065458773 1217
1647273083864 0.9240630995710473 1218
1647273083993 0.9241859443552619 1219
1647273084126 0.9243085988448766 1220
1647273084257 0.9244310620748477 1221
1647273084391 0.9245533330816367 1222
1647273084529 0.9246754109032173 1223
1647273084656 0.9247972945790833 1224
1647273084790 0.9249189831502561 1225
1647273084928 0.9250404756592919 1226
1647273085061 0.92516177115029 1227
1647273085189 0.9252828686688992 1228
1647273085317 0.9254037672623264 1229
1647273085449 0.9255244659793436 1230
1647273085578 0.9256449638702953 1231
1647273085707 0.925765259987106 1232
1647273085837 0.9258853533832881 1233
1647273085965 0.9260052431139487 1234
1647273086094 0.9261249282357974 1235
1647273086232 0.9262444078071538 1236
1647273086362 0.9263636808879545 1237
1647273086489 0.926482746539761 1238
1647273086619 0.9266016038257667 1239
1647273086696 0.9267202518108048 1240
1647273091893 0.9268386895613545 1241
1647273092039 0.92695691614555 1242
1647273092175 0.9270749306331862 1243
1647273092302 0.9271927320957274 1244
1647273092431 0.9273103196063135 1245
1647273092563 0.9274276922397681 1246
1647273092692 0.927544849072605 1247
1647273092821 0.9276617891830367 1248
1647273092956 0.92777851165098 1249
1647273093092 0.9278950155580648 1250
1647273093222 0.9280112999876401 1251
1647273093354 0.928127364024782 1252
1647273093486 0.9282432067563008 1253
1647273093625 0.9283588272707477 1254
1647273093758 0.9284742246584226 1255
1647273093896 0.9285893980113805 1256
1647273094026 0.9287043464234398 1257
1647273094159 0.9288190689901881 1258
1647273094295 0.9289335648089903 1259
1647273094427 0.9290478329789951 1260
1647273094559 0.9291618726011426 1261
1647273094691 0.929275682778171 1262
1647273094823 0.9293892626146236 1263
1647273094962 0.9295026112168564 1264
1647273095098 0.9296157276930443 1265
1647273095227 0.9297286111531889 1266
1647273095362 0.9298412607091251 1267
1647273095497 0.9299536754745281 1268
1647273095639 0.9300658545649203 1269
1647273095776 0.9301777970976786 1270
1647273095909 0.930289502192041 1271
1647273096040 0.9304009689691137 1272
1647273096176 0.9305121965518781 1273
1647273096310 0.9306231840651975 1274
1647273096437 0.9307339306358238 1275
1647273096565 0.930844435392405 1276
1647273096694 0.9309546974654916 1277
1647273096823 0.9310647159875435 1278
1647273096952 0.9311744900929366 1279
1647273097029 0.9312840189179703 1280
1647273097872 0.9313933016008737 1281
1647273098036 0.9315023372818123 1282
1647273098177 0.9316111251028955 1283
1647273098313 0.9317196642081822 1284
1647273098441 0.9318279537436889 1285
1647273098572 0.9319359928573951 1286
1647273098706 0.9320437806992512 1287
1647273098833 0.932151316421184 1288
1647273098964 0.9322585991771043 1289
1647273099102 0.9323656281229133 1290
1647273099234 0.9324724024165092 1291
1647273099365 0.9325789212177933 1292
1647273099500 0.9326851836886777 1293
1647273099629 0.9327911889930912 1294
1647273099761 0.9328969362969856 1295
1647273099894 0.933002424768343 1296
1647273100040 0.9331076535771821 1297
1647273100179 0.933212621895564 1298
1647273100319 0.9333173288976001 1299
1647273100451 0.9334217737594575 1300
1647273100581 0.9335259556593655 1301
1647273100721 0.933629873777623 1302
1647273100854 0.9337335272966036 1303
1647273100983 0.9338369154007636 1304
1647273101122 0.9339400372766471 1305
1647273101259 0.9340428921128926 1306
1647273101445 0.9341454791002403 1307
1647273101576 0.9342477974315374 1308
1647273101719 0.934349846301745 1309
1647273101873 0.9344516249079444 1310
1647273102005 0.9345531324493432 1311
1647273102141 0.9346543681272818 1312
1647273102273 0.9347553311452395 1313
1647273102403 0.9348560207088411 1314
1647273102535 0.9349564360258629 1315
1647273102662 0.9350565763062386 1316
1647273102789 0.9351564407620665 1317
1647273102914 0.9352560286076146 1318
1647273103048 0.9353553390593273 1319
1647273103127 0.9354543713358319 1320
1647273108153 0.9355531246579439 1321
1647273108330 0.935651598248674 1322
1647273108474 0.9357497913332338 1323
1647273108604 0.9358477031390413 1324
1647273108737 0.9359453328957285 1325
1647273108877 0.9360426798351459 1326
1647273109005 0.9361397431913695 1327
1647273109136 0.9362365222007065 1328
1647273109269 0.9363330161017013 1329
1647273109400 0.9364292241351415 1330
1647273109533 0.9365251455440639 1331
1647273109669 0.9366207795737604 1332
1647273109804 0.9367161254717842 1333
1647273109933 0.9368111824879554 1334
1647273110072 0.936905949874367 1335
1647273110202 0.9370004268853908 1336
1647273110331 0.9370946127776831 1337
1647273110475 0.9371885068101912 1338
1647273110608 0.9372821082441583 1339
1647273110741 0.9373754163431298 1340
1647273110874 0.9374684303729593 1341
1647273111006 0.937561149601814 1342
1647273111137 0.9376535733001805 1343
1647273111270 0.9377457007408707 1344
1647273111414 0.9378375311990276 1345
1647273111546 0.9379290639521306 1346
1647273111684 0.9380202982800016 1347
1647273111815 0.9381112334648103 1348
1647273111949 0.9382018687910804 1349
1647273112081 0.9382922035456945 1350
1647273112213 0.9383822370179005 1351
1647273112345 0.9384719684993165 1352
1647273112480 0.9385613972839366 1353
1647273112611 0.9386505226681368 1354
1647273112740 0.93873934395068 1355
1647273112882 0.9388278604327219 1356
1647273113009 0.9389160714178163 1357
1647273113137 0.9390039762119206 1358
1647273113266 0.9390915741234015 1359
1647273113347 0.93917886446304 1360
1647273118377 0.9392658465440372 1361
1647273118527 0.9393525196820196 1362
1647273118660 0.9394388831950445 1363
1647273118813 0.9395249364036051 1364
1647273118946 0.9396106786306363 1365
1647273119090 0.9396961092015197 1366
1647273119224 0.939781227444089 1367
1647273119352 0.9398660326886353 1368
1647273119486 0.9399505242679124 1369
1647273119619 0.940034701517142 1370
1647273119749 0.9401185637740188 1371
1647273119883 0.9402021103787163 1372
1647273120016 0.9402853406738908 1373
1647273120152 0.940368254004688 1374
1647273120281 0.9404508497187474 1375
1647273120414 0.9405331271662069 1376
1647273120551 0.9406150856997092 1377
1647273120683 0.9406967246744059 1378
1647273120820 0.940778043447963 1379
1647273120948 0.9408590413805656 1380
1647273121083 0.9409397178349235 1381
1647273121236 0.9410200721762756 1382
1647273121367 0.9411001037723955 1383
1647273121500 0.9411798119935957 1384
1647273121630 0.9412591962127335 1385
1647273121760 0.941338255805215 1386
1647273121894 0.9414169901490008 1387
1647273122030 0.9414953986246104 1388
1647273122160 0.9415734806151272 1389
1647273122293 0.9416512355062036 1390
1647273122429 0.9417286626860651 1391
1647273122557 0.9418057615455162 1392
1647273122688 0.9418825314779444 1393
1647273122818 0.9419589718793251 1394
1647273122950 0.9420350821482265 1395
1647273123087 0.9421108616858143 1396
1647273123222 0.9421863098958564 1397
1647273123351 0.9422614261847276 1398
1647273123493 0.9423362099614142 1399
1647273123572 0.9424106606375187 1400
1647273128602 0.9424847776272643 1401
1647273128764 0.9425585603475001 1402
1647273128897 0.9426320082177045 1403
1647273129024 0.9427051206599913 1404
1647273129166 0.9427778970991129 1405
1647273129298 0.9428503369624653 1406
1647273129426 0.9429224396800933 1407
1647273129567 0.9429942046846935 1408
1647273129714 0.9430656314116204 1409
1647273129854 0.9431367192988895 1410
1647273129986 0.9432074677871827 1411
1647273130118 0.9432778763198519 1412
1647273130251 0.9433479443429241 1413
1647273130383 0.9434176713051052 1414
1647273130511 0.9434870566577848 1415
1647273130641 0.9435560998550399 1416
1647273130776 0.9436248003536398 1417
1647273130909 0.9436931576130504 1418
1647273131039 0.9437611710954377 1419
1647273131177 0.9438288402656728 1420
1647273131314 0.943896164591336 1421
1647273131447 0.9439631435427204 1422
1647273131586 0.9440297765928368 1423
1647273131734 0.9440960632174177 1424
1647273131865 0.9441620028949209 1425
1647273131995 0.9442275951065341 1426
1647273132126 0.9442928393361789 1427
1647273132255 0.9443577350705149 1428
1647273132388 0.9444222817989436 1429
1647273132522 0.9444864790136123 1430
1647273132653 0.9445503262094184 1431
1647273132783 0.9446138228840133 1432
1647273132912 0.9446769685378062 1433
1647273133041 0.9447397626739683 1434
1647273133170 0.9448022047984362 1435
1647273133302 0.9448642944199165 1436
1647273133435 0.944926031049889 1437
1647273133562 0.944987414202611 1438
1647273133699 0.945048443395121 1439
1647273133779 0.945109118147242 1440
1647273138824 0.9451694379815865 1441
1647273138971 0.9452294024235587 1442
1647273139117 0.9452890110013596 1443
1647273139246 0.94534826324599 1444
1647273139381 0.945407158691254 1445
1647273139512 0.9454656968737635 1446
1647273139641 0.9455238773329407 1447
1647273139769 0.9455816996110231 1448
1647273139896 0.9456391632530659 1449
1647273140030 0.945696267806946 1450
1647273140162 0.945753012823366 1451
1647273140293 0.9458093978558567 1452
1647273140437 0.945865422460782 1453
1647273140563 0.945921086197341 1454
1647273140693 0.9459763886275725 1455
1647273140827 0.9460313293163578 1456
1647273140955 0.9460859078314247 1457
1647273141083 0.9461401237433501 1458
1647273141220 0.9461939766255643 1459
1647273141351 0.9462474660543537 1460
1647273141480 0.9463005916088644 1461
1647273141618 0.9463533528711053 1462
1647273141748 0.9464057494259519 1463
1647273141884 0.9464577808611488 1464
1647273142013 0.9465094467673137 1465
1647273142141 0.9465607467379401 1466
1647273142268 0.9466116803694007 1467
1647273142415 0.9466622472609504 1468
1647273142544 0.9467124470147299 1469
1647273142673 0.9467622792357684 1470
1647273142812 0.9468117435319868 1471
1647273142942 0.9468608395142009 1472
1647273143071 0.9469095667961241 1473
1647273143199 0.9469579249943714 1474
1647273143326 0.9470059137284609 1475
1647273143453 0.9470535326208183 1476
1647273143592 0.9471007812967789 1477
1647273143722 0.9471476593845909 1478
1647273143856 0.9471941665154183 1479
1647273143934 0.9472403023233439 1480
1647273149071 0.9472860664453717 1481
1647273149213 0.9473314585214306 1482
1647273149344 0.9473764781943764 1483
1647273149478 0.9474211251099951 1484
1647273149613 0.9474653989170055 1485
1647273149743 0.9475092992670621 1486
1647273149874 0.9475528258147576 1487
1647273150006 0.947595978217626 1488
1647273150135 0.9476387561361448 1489
1647273150272 0.9476811592337381 1490
1647273150402 0.947723187176779 1491
1647273150532 0.9477648396345925 1492
1647273150666 0.9478061162794575 1493
1647273150793 0.9478470167866104 1494
1647273150946 0.9478875408342465 1495
1647273151077 0.9479276881035232 1496
1647273151209 0.9479674582785628 1497
1647273151341 0.9480068510464539 1498
1647273151475 0.9480458660972549 1499
1647273151603 0.9480845031239963 1500
1647273151734 0.9481227618226823 1501
1647273151866 0.9481606418922943 1502
1647273151996 0.9481981430347927 1503
1647273152125 0.9482352649551188 1504
1647273152258 0.9482720073611981 1505
1647273152391 0.9483083699639421 1506
1647273152520 0.9483443524772502 1507
1647273152648 0.9483799546180129 1508
1647273152784 0.948415176106113 1509
1647273152918 0.9484500166644284 1510
1647273153046 0.9484844760188343 1511
1647273153176 0.9485185538982049 1512
1647273153306 0.9485522500344162 1513
1647273153434 0.9485855641623475 1514
1647273153562 0.9486184960198838 1515
1647273153688 0.9486510453479178 1516
1647273153814 0.9486832118903519 1517
1647273153943 0.9487149953941004 1518
1647273154073 0.9487463956090911 1519
1647273154148 0.9487774122882678 1520
