1646481383812 0.4027777910232544 0
1646481384013 0.5416666865348816 1
1646481384273 0.6620370149612427 2
1646481384750 0.6620370149612427 3
1646481385120 0.7546296119689941 4
1646481385320 0.7731481194496155 5
1646481385579 0.7824074029922485 6
1646481385819 0.7962962985038757 7
1646481386226 0.8611111044883728 8
1646481386546 0.8796296119689941 9
1646481386840 0.8935185074806213 10
1646481387066 0.8379629850387573 11
1646481387299 0.9305555820465088 12
1646481387498 0.9166666865348816 13
1646481387715 0.9537037014961243 14
1646481387925 0.9537037014961243 15
1646481388164 0.9722222089767456 16
1646481388357 0.9583333134651184 17
1646481388565 0.9768518805503845 18
1646481388762 0.9768518805503845 19
1646481388958 0.9861111044883728 20
1646481389187 0.9768518805503845 21
1646481389379 0.9907407164573669 22
1646481389563 0.9861111044883728 23
1646481389767 0.9953703880310059 24
1646481390032 0.9814814925193787 25
1646481390380 0.9861111044883728 26
1646481390704 1.0 27
1646481390937 0.9953703880310059 28
1646481391147 1.0 29
1646481391347 1.0 30
1646481391564 0.9953703880310059 31
1646481391780 0.9953703880310059 32
1646481391980 1.0 33
1646481392206 1.0 34
1646481392423 0.9953703880310059 35
1646481392632 1.0 36
1646481392846 1.0 37
1646481393048 1.0 38
1646481393248 1.0 39
1646481393481 1.0 40
1646481393698 1.0 41
1646481393919 1.0 42
1646481394271 1.0 43
1646481394646 1.0 44
1646481394959 1.0 45
1646481395215 1.0 46
1646481395449 1.0 47
1646481395670 1.0 48
1646481395898 1.0 49
1646481396178 1.0 50
1646481396413 1.0 51
1646481396773 1.0 52
1646481396997 1.0 53
1646481397257 1.0 54
1646481397479 1.0 55
1646481397763 1.0 56
1646481398066 1.0 57
1646481398439 1.0 58
1646481398733 1.0 59
1646481398980 1.0 60
1646481399229 1.0 61
1646481399427 1.0 62
1646481399748 1.0 63
1646481399965 1.0 64
1646481400151 1.0 65
1646481400312 1.0 66
1646481400481 1.0 67
1646481400652 1.0 68
1646481400843 1.0 69
1646481401066 1.0 70
1646481401297 1.0 71
1646481401497 1.0 72
1646481401682 1.0 73
1646481401866 1.0 74
1646481402199 1.0 75
1646481402483 1.0 76
1646481402668 1.0 77
1646481402884 1.0 78
1646481403100 1.0 79
1646481403269 1.0 80
1646481403438 1.0 81
1646481403623 1.0 82
1646481403806 1.0 83
1646481403986 1.0 84
1646481404202 1.0 85
1646481404371 1.0 86
1646481404573 1.0 87
1646481404772 1.0 88
1646481404956 1.0 89
1646481405156 1.0 90
1646481405387 1.0 91
1646481405572 1.0 92
1646481405809 1.0 93
1646481406122 1.0 94
1646481406457 1.0 95
1646481406653 1.0 96
1646481406854 1.0 97
1646481407038 1.0 98
1646481407207 1.0 99
1646481407401 1.0 100
1646481407558 1.0 101
1646481407739 1.0 102
1646481407923 1.0 103
1646481408108 1.0 104
1646481408291 1.0 105
1646481408508 1.0 106
1646481408686 1.0 107
1646481408943 1.0 108
1646481409125 1.0 109
1646481409310 1.0 110
1646481409488 1.0 111
1646481409741 1.0 112
1646481410012 1.0 113
1646481410228 1.0 114
