1646481383812 1.4240962266921997 0
1646481384013 0.9792047142982483 1
1646481384273 0.861115574836731 2
1646481384750 0.7675036191940308 3
1646481385120 0.6576853394508362 4
1646481385320 0.6071071028709412 5
1646481385579 0.5285143852233887 6
1646481385819 0.44990837574005127 7
1646481386226 0.3841455578804016 8
1646481386546 0.3150550127029419 9
1646481386840 0.28008171916007996 10
1646481387066 0.32110363245010376 11
1646481387299 0.23469139635562897 12
1646481387498 0.21174190938472748 13
1646481387715 0.1521153748035431 14
1646481387925 0.137529194355011 15
1646481388164 0.09985756874084473 16
1646481388357 0.1118585467338562 17
1646481388565 0.10722164064645767 18
1646481388762 0.08006852120161057 19
1646481388958 0.07931575179100037 20
1646481389187 0.06827984750270844 21
1646481389379 0.05717824399471283 22
1646481389563 0.052965857088565826 23
1646481389767 0.035321950912475586 24
1646481390032 0.04132506251335144 25
1646481390380 0.040683627128601074 26
1646481390704 0.018650230020284653 27
1646481390937 0.022839883342385292 28
1646481391147 0.011048315092921257 29
1646481391347 0.011658280156552792 30
1646481391564 0.027705825865268707 31
1646481391780 0.014183209277689457 32
1646481391980 0.014132773503661156 33
1646481392206 0.007957910187542439 34
1646481392423 0.012294234707951546 35
1646481392632 0.00882348045706749 36
1646481392846 0.008884559385478497 37
1646481393048 0.007122513372451067 38
1646481393248 0.004954606294631958 39
1646481393481 0.0025270269252359867 40
1646481393698 0.003331981599330902 41
1646481393919 0.002261004876345396 42
1646481394271 0.0017171417130157351 43
1646481394646 0.0018259520875290036 44
1646481394959 0.0031213925685733557 45
1646481395215 0.002567458664998412 46
1646481395449 0.002095464849844575 47
1646481395670 0.0013566715642809868 48
1646481395898 0.0012744501000270247 49
1646481396178 0.0008493887726217508 50
1646481396413 0.001383626484312117 51
1646481396773 0.0008332026191055775 52
1646481396997 0.004637403413653374 53
1646481397257 0.001345340278930962 54
1646481397479 0.0012173453578725457 55
1646481397763 0.001324932207353413 56
1646481398066 0.0007027123356238008 57
1646481398439 0.0010740557918325067 58
1646481398733 0.0011620423756539822 59
1646481398980 0.0006245629047043622 60
1646481399229 0.0025857770815491676 61
1646481399427 0.0017441905802115798 62
1646481399748 0.0006252223975025117 63
1646481399965 0.0007944070966914296 64
1646481400151 0.0008781594806350768 65
1646481400312 0.0009168160613626242 66
1646481400481 0.00046329779434017837 67
1646481400652 0.0005819075158797204 68
1646481400843 0.0006376594537869096 69
1646481401066 0.0005604028119705617 70
1646481401297 0.0011646969942376018 71
1646481401497 0.00057508161989972 72
1646481401682 0.001766718807630241 73
1646481401866 0.002065730979666114 74
1646481402199 0.0005715447477996349 75
1646481402483 0.0034230526071041822 76
1646481402668 0.001578758587129414 77
1646481402884 0.0008103963918983936 78
1646481403100 0.0012314834166318178 79
1646481403269 0.0007434505969285965 80
1646481403438 0.001135448575951159 81
1646481403623 0.0011108600301668048 82
1646481403806 0.000990731525234878 83
1646481403986 0.000441498908912763 84
1646481404202 0.00025741371791809797 85
1646481404371 0.0006415783427655697 86
1646481404573 0.0005035548820160329 87
1646481404772 0.0004437427851371467 88
1646481404956 0.0002869225572794676 89
1646481405156 0.00039381024544127285 90
1646481405387 0.00036593640106730163 91
1646481405572 0.00028935607406310737 92
1646481405809 0.00026093251653946936 93
1646481406122 0.0003768851747736335 94
1646481406457 0.00045035930816084146 95
1646481406653 0.0007574582123197615 96
1646481406854 0.00036255415761843324 97
1646481407038 0.00030843468266539276 98
1646481407207 0.00022084105876274407 99
1646481407401 0.00022229255409911275 100
1646481407558 0.0003394407394807786 101
1646481407739 0.0002445762511342764 102
1646481407923 0.0005263010389171541 103
1646481408108 0.00023495772620663047 104
1646481408291 0.0005216035642661154 105
1646481408508 0.0002812431484926492 106
1646481408686 0.0003203369560651481 107
1646481408943 0.00028133849264122546 108
1646481409125 0.0006536082364618778 109
1646481409310 0.00043929446837864816 110
1646481409488 0.00030081640579737723 111
1646481409741 0.0004118035139981657 112
1646481410012 0.00020045653218403459 113
1646481410228 0.0003253169124945998 114
