1647272433413 0.45396825671195984 0
1647272448187 0.6571428775787354 1
1647272458379 0.6698412895202637 2
1647272468433 0.7650793790817261 3
1647272474331 0.7650793790817261 4
1647272480262 0.7333333492279053 5
1647272486170 0.7365079522132874 6
1647272496478 0.800000011920929 7
1647272502490 0.7523809671401978 8
1647272512810 0.7777777910232544 9
1647272518769 0.8158730268478394 10
1647272524677 0.8380952477455139 11
1647272535094 0.8317460417747498 12
1647272541027 0.9015873074531555 13
1647272551354 0.879365086555481 14
1647272557408 0.8444444537162781 15
1647272563330 0.882539689540863 16
1647272569274 0.9142857193946838 17
1647272575402 0.9015873074531555 18
1647272581396 0.9015873074531555 19
1647272591645 0.9301587343215942 20
1647272601961 0.9301587343215942 21
1647272612089 0.961904764175415 22
1647272618051 0.9174603223800659 23
1647272628427 0.9460317492485046 24
1647272634389 0.9428571462631226 25
1647272640491 0.9555555582046509 26
1647272646476 0.9523809552192688 27
1647272656858 0.9555555582046509 28
1647272662844 0.9523809552192688 29
1647272668851 0.9492063522338867 30
1647272679098 0.961904764175415 31
1647272685074 0.961904764175415 32
1647272695335 0.958730161190033 33
1647272701366 0.9746031761169434 34
1647272707360 0.9682539701461792 35
1647272717618 0.9714285731315613 36
1647272727866 0.9650793671607971 37
1647272738106 0.9682539701461792 38
1647272748325 0.9682539701461792 39
