1647272417127 0.002 0
1647272425247 0.002000514040060901 1
1647272425491 0.002002056138223837 2
1647272425619 0.0020046262284304436 3
1647272425760 0.0020082242005866335 4
1647272425890 0.002012849900567222 5
1647272426026 0.00201850313022265 6
1647272426161 0.002025183647387359 7
1647272426305 0.002032891165890234 8
1647272426447 0.0020416253555668173 9
1647272426583 0.0020513858422735176 10
1647272426710 0.0020621722079035565 11
1647272426839 0.002073983990404926 12
1647272426966 0.002086820683800193 13
1647272427091 0.0021006817382081197 14
1647272427220 0.002115566559867277 15
1647272427354 0.002131474511161441 16
1647272427479 0.0021484049106469255 17
1647272427609 0.002166357033081767 18
1647272427736 0.00218533010945679 19
1647272427869 0.002205323327028552 20
1647272427999 0.0022263358293541508 21
1647272428133 0.0022483667163279153 22
1647272428262 0.0022714150442199876 23
1647272428389 0.0022954798257166925 24
1647272428515 0.0023205600299629064 25
1647272428655 0.0023466545826061336 26
1647272428781 0.0023737623658426008 27
1647272428910 0.0024018822184650873 28
1647272429045 0.0024310129359127117 29
1647272429172 0.0024611532703224734 30
1647272429298 0.002492301930582773 31
1647272429424 0.002524457582388666 32
1647272429550 0.0025576188482990675 33
1647272429674 0.0025917843077956984 34
1647272429800 0.0026269524973439942 35
1647272429932 0.002663121910455764 36
1647272430057 0.002700290997753728 37
1647272430183 0.0027384581670378966 38
1647272430311 0.0027776217833537648 39
1647272431316 0.002817780169062367 40
1647272442360 0.002858931603912096 41
1647272442534 0.002901074325112468 42
1647272442670 0.0029442065274095583 43
1647272442805 0.002988326363163367 44
1647272442929 0.0030334319424269868 45
1647272443059 0.003079521333027517 46
1647272443196 0.003126592560648872 47
1647272443322 0.003174643608916311 48
1647272443456 0.003223672419482869 49
1647272443589 0.0032736768921174594 50
1647272443713 0.003324654884794928 51
1647272443839 0.003376604213787715 52
1647272443970 0.0034295226537594814 53
1647272444099 0.0034834079378603805 54
1647272444234 0.0035382577578241814 55
1647272444370 0.003594069764067162 56
1647272444504 0.0036508415657887164 57
1647272444630 0.003708570731073821 58
1647272444765 0.0037672547869971665 59
1647272444896 0.0038268912197291227 60
1647272445026 0.0038874774746433804 61
1647272445154 0.003949010956426441 62
1647272445299 0.004011489029188735 63
1647272445430 0.004074909016577581 64
1647272445562 0.004139268201891783 65
1647272445692 0.004204563828198046 66
1647272445821 0.004270793098449077 67
1647272445954 0.004337953175603343 68
1647272446094 0.004406041182746685 69
1647272446225 0.004475054203215485 70
1647272446352 0.004544989280721626 71
1647272446480 0.004615843419479175 72
1647272446609 0.004687613584332624 73
1647272446734 0.004760296700886998 74
1647272446864 0.004833889655639481 75
1647272446997 0.004908389296112835 76
1647272447127 0.004983792430990404 77
1647272447261 0.005060095830252867 78
1647272447389 0.00513729622531655 79
1647272447478 0.005215390309173472 80
1647272452588 0.005294374736532999 81
1647272452737 0.005374246123965136 82
1647272452864 0.005455001050045483 83
1647272452996 0.005536636055501788 84
1647272453130 0.0056191476433621115 85
1647272453261 0.0057025322791046384 86
1647272453390 0.005786786390809123 87
1647272453522 0.005871906369309822 88
1647272453654 0.005957888568350167 89
1647272453801 0.006044729304738913 90
1647272453938 0.00613242485850795 91
1647272454063 0.006220971473071629 92
1647272454203 0.006310365355387676 93
1647272454337 0.006400602676119707 94
1647272454464 0.006491679569801234 95
1647272454596 0.006583592135001266 96
1647272454730 0.006676336434491406 97
1647272454857 0.006769908495414548 98
1647272454986 0.006864304309455033 99
1647272455113 0.006959519833010359 100
1647272455253 0.007055550987364406 101
1647272455389 0.0071523936588621245 102
1647272455525 0.007250043699085794 103
1647272455653 0.007348496925032699 104
1647272455793 0.007447749119294314 105
1647272455920 0.007547796030236975 106
1647272456054 0.007648633372183994 107
1647272456183 0.00775025682559926 108
1647272456312 0.007852662037272258 109
1647272456441 0.007955844620504547 110
1647272456574 0.008059800155297676 111
1647272456701 0.008164524188542542 112
1647272456829 0.008270012234210096 113
1647272456957 0.008376259773543546 114
1647272457085 0.00848326225525195 115
1647272457211 0.008591015095705104 116
1647272457348 0.008699513679129953 117
1647272457473 0.008808753357808292 118
1647272457606 0.00891872945227589 119
1647272457695 0.009029437251522866 120
1647272462806 0.009140872013195557 121
1647272462961 0.009253028963799675 122
1647272463094 0.009365903298904736 123
1647272463222 0.009479490183349905 124
1647272463365 0.009593784751451097 125
1647272463494 0.009708782107209393 126
1647272463620 0.009824477324520853 127
1647272463749 0.009940865447387405 128
1647272463878 0.010057941490129237 129
1647272464006 0.01017570043759835 130
1647272464144 0.010294137245393353 131
1647272464272 0.0104132468400756 132
1647272464422 0.010533024119386461 133
1647272464550 0.010653463952465969 134
1647272464681 0.010774561180072507 135
1647272464808 0.010896310614803902 136
1647272464935 0.011018707041319575 137
1647272465065 0.011141745216563984 138
1647272465195 0.01126541986999121 139
1647272465324 0.01138972570379071 140
1647272465452 0.011514657393114289 141
1647272465578 0.011640209586304184 142
1647272465708 0.011766376905122312 143
1647272465839 0.011893153944980646 144
1647272465966 0.012020535275172745 145
1647272466105 0.012148515439106389 146
1647272466239 0.012277088954537309 147
1647272466386 0.012406250313804011 148
1647272466512 0.012535993984063763 149
1647272466643 0.01266631440752955 150
1647272466770 0.01279720600170816 151
1647272466900 0.01292866315963935 152
1647272467027 0.013060680250135993 153
1647272467152 0.013193251618025321 154
1647272467282 0.013326371584391171 155
1647272467408 0.013460034446817232 156
1647272467535 0.013594234479631345 157
1647272467664 0.013728965934150753 158
1647272467794 0.01386422303892837 159
1647272467872 0.013999999999999999 160
1647272468700 0.014136291001132534 161
1647272468840 0.01427309020407308 162
1647272468969 0.014410391748799108 163
1647272469100 0.014548189753769404 164
1647272469226 0.014686478316176053 165
1647272469355 0.01482525151219733 166
1647272469489 0.01496450339725136 167
1647272469618 0.015104228006250879 168
1647272469747 0.01524441935385866 169
1647272469881 0.01538507143474397 170
1647272470012 0.015526178223839796 171
1647272470143 0.015667733676600917 172
1647272470275 0.015809731729262887 173
1647272470404 0.015952166299101726 174
1647272470539 0.016095031284694528 175
1647272470669 0.01623832056618079 176
1647272470812 0.016382028005524622 177
1647272470942 0.016526147446777592 178
1647272471070 0.01667067271634251 179
1647272471201 0.016815597623237845 180
1647272471332 0.016960915959362943 181
1647272471458 0.017106621499763927 182
1647272471591 0.0172527080029004 183
1647272471718 0.0173991692109128 184
1647272471850 0.017545998849890394 185
1647272471978 0.017693190630140174 186
1647272472109 0.017840738246456142 187
1647272472244 0.017988635378389503 188
1647272472378 0.018136875690519354 189
1647272472528 0.018285452832724126 190
1647272472660 0.018434360440453525 191
1647272472794 0.018583592135001263 192
1647272472922 0.01873314152377821 193
1647272473056 0.0188830022005863 194
1647272473183 0.019033167745892907 195
1647272473309 0.019183631727105854 196
1647272473435 0.019334387698848987 197
1647272473567 0.01948542920323822 198
1647272473695 0.01963674977015821 199
1647272473772 0.019788342917539503 200
1647272474606 0.01994020215163621 201
1647272474743 0.020092320967304168 202
1647272474873 0.020244692848279604 203
1647272475001 0.02039731126745827 204
1647272475146 0.020550169687175046 205
1647272475273 0.020703261559483967 206
1647272475402 0.020856580326438785 207
1647272475531 0.02101011942037378 208
1647272475661 0.02116387226418519 209
1647272475797 0.02131783227161292 210
1647272475929 0.021471992847522676 211
1647272476066 0.021626347388188458 212
1647272476197 0.02178088928157549 213
1647272476322 0.021935611907623415 214
1647272476452 0.02209050863852987 215
1647272476595 0.022245572839034458 216
1647272476726 0.022400797866702925 217
1647272476858 0.022556177072211702 218
1647272476988 0.022711703799632766 219
1647272477134 0.02286737138671876 220
1647272477273 0.023023173165188354 221
1647272477406 0.023179102461011895 222
1647272477542 0.023335152594697338 223
1647272477675 0.023491316881576317 224
1647272477810 0.02364758863209054 225
1647272477936 0.02380396115207834 226
1647272478066 0.0239604277430614 227
1647272478193 0.024116981702531723 228
1647272478320 0.024273616324238734 229
1647272478454 0.024430324898476567 230
1647272478593 0.024587100712371468 231
1647272478725 0.02474393705016935 232
1647272478853 0.024900827193523503 233
1647272478979 0.025057764421782355 234
1647272479116 0.025214742012277372 235
1647272479244 0.025371753240611042 236
1647272479370 0.025528791380944927 237
1647272479496 0.025685849706287737 238
1647272479622 0.025842921488783557 239
1647272479701 0.026000000000000002 240
1647272480530 0.026157078511216444 241
1647272480676 0.026314150293712264 242
1647272480805 0.026471208619055078 243
1647272480937 0.026628246759388952 244
1647272481067 0.026785257987722626 245
1647272481201 0.026942235578217642 246
1647272481337 0.027099172806476494 247
1647272481463 0.027256062949830656 248
1647272481613 0.02741289928762854 249
1647272481744 0.027569675101523437 250
1647272481873 0.02772638367576127 251
1647272482005 0.027883018297468278 252
1647272482131 0.0280395722569386 253
1647272482258 0.02819603884792166 254
1647272482388 0.028352411367909457 255
1647272482529 0.02850868311842368 256
1647272482655 0.028664847405302663 257
1647272482782 0.028820897538988102 258
1647272482915 0.028976826834811644 259
1647272483045 0.029132628613281236 260
1647272483177 0.02928829620036723 261
1647272483307 0.029443822927788302 262
1647272483434 0.029599202133297087 263
1647272483569 0.029754427160965546 264
1647272483700 0.02990949136147013 265
1647272483834 0.030064388092376593 266
1647272483963 0.03021911071842451 267
1647272484092 0.030373652611811543 268
1647272484223 0.030528007152477325 269
1647272484353 0.03068216772838708 270
1647272484483 0.030836127735814813 271
1647272484611 0.030989880579626223 272
1647272484745 0.031143419673561216 273
1647272484872 0.031296738440516024 274
1647272484999 0.03144983031282496 275
1647272485129 0.031602688732541726 276
1647272485255 0.0317553071517204 277
1647272485384 0.03190767903269583 278
1647272485524 0.0320597978483638 279
1647272485601 0.0322116570824605 280
1647272490797 0.032363250229841795 281
1647272490951 0.03251457079676179 282
1647272491083 0.03266561230115102 283
1647272491213 0.03281636827289415 284
1647272491345 0.0329668322541071 285
1647272491476 0.033116997799413704 286
1647272491605 0.03326685847622179 287
1647272491733 0.033416407864998735 288
1647272491874 0.03356563955954647 289
1647272492002 0.03371454716727587 290
1647272492134 0.033863124309480644 291
1647272492269 0.0340113646216105 292
1647272492402 0.03415926175354386 293
1647272492543 0.03430680936985984 294
1647272492672 0.0344540011501096 295
1647272492809 0.03460083078908721 296
1647272492937 0.0347472919970996 297
1647272493071 0.03489337850023607 298
1647272493204 0.03503908404063706 299
1647272493335 0.03518440237676215 300
1647272493462 0.035329327283657494 301
1647272493601 0.03547385255322241 302
1647272493728 0.03561797199447538 303
1647272493866 0.03576167943381921 304
1647272494003 0.03590496871530548 305
1647272494132 0.03604783370089827 306
1647272494274 0.03619026827073711 307
1647272494403 0.03633226632339909 308
1647272494531 0.036473821776160216 309
1647272494661 0.03661492856525603 310
1647272494799 0.036755580646141345 311
1647272494931 0.036895771993749125 312
1647272495058 0.03703549660274864 313
1647272495190 0.03717474848780268 314
1647272495319 0.037313521683823944 315
1647272495444 0.03745181024623061 316
1647272495571 0.03758960825120089 317
1647272495702 0.03772690979592691 318
1647272495829 0.03786370899886747 319
1647272495909 0.038 320
1647272496765 0.03813577696107163 321
1647272496906 0.03827103406584925 322
1647272497034 0.03840576552036866 323
1647272497167 0.03853996555318277 324
1647272497295 0.038673628415608834 325
1647272497432 0.038806748381974676 326
1647272497562 0.03893931974986401 327
1647272497702 0.039071336840360654 328
1647272497835 0.039202793998291845 329
1647272497971 0.03933368559247045 330
1647272498108 0.039464006015936234 331
1647272498243 0.039593749686195986 332
1647272498375 0.039722911045462696 333
1647272498512 0.03985148456089361 334
1647272498641 0.03997946472482725 335
1647272498785 0.04010684605501935 336
1647272498922 0.04023362309487769 337
1647272499052 0.04035979041369582 338
1647272499186 0.040485342606885716 339
1647272499323 0.040610274296209295 340
1647272499455 0.0407345801300088 341
1647272499588 0.04085825478343602 342
1647272499717 0.04098129295868043 343
1647272499851 0.041103689385196096 344
1647272499987 0.04122543881992749 345
1647272500117 0.041346536047534035 346
1647272500256 0.04146697588061354 347
1647272500394 0.04158675315992441 348
1647272500533 0.04170586275460665 349
1647272500665 0.041824299562401655 350
1647272500803 0.041942058509870754 351
1647272500936 0.04205913455261259 352
1647272501064 0.04217552267547915 353
1647272501191 0.042291217892790604 354
1647272501324 0.042406215248548915 355
1647272501452 0.0425205098166501 356
1647272501579 0.04263409670109526 357
1647272501707 0.04274697103620032 358
1647272501841 0.04285912798680444 359
1647272501918 0.042970562748477145 360
1647272507040 0.043081270547724114 361
1647272507188 0.043191246642191705 362
1647272507323 0.04330048632087005 363
1647272507482 0.0434089849042949 364
1647272507623 0.043516737744748055 365
1647272507757 0.04362374022645645 366
1647272507889 0.04372998776578991 367
1647272508023 0.04383547581145747 368
1647272508159 0.04394019984470233 369
1647272508296 0.04404415537949546 370
1647272508426 0.044147337962727747 371
1647272508558 0.044249743174400745 372
1647272508688 0.04435136662781601 373
1647272508817 0.04445220396976303 374
1647272508948 0.04455225088070569 375
1647272509077 0.044651503074967305 376
1647272509208 0.044749956300914204 377
1647272509338 0.04484760634113787 378
1647272509494 0.0449444490126356 379
1647272509632 0.045040480166989645 380
1647272509772 0.04513569569054497 381
1647272509900 0.04523009150458546 382
1647272510033 0.0453236635655086 383
1647272510168 0.04541640786499874 384
1647272510310 0.04550832043019876 385
1647272510438 0.0455993973238803 386
1647272510573 0.04568963464461233 387
1647272510701 0.04577902852692838 388
1647272510836 0.045867575141492055 389
1647272510971 0.04595527069526109 390
1647272511107 0.04604211143164984 391
1647272511241 0.046128093630690176 392
1647272511369 0.046213213609190874 393
1647272511500 0.04629746772089536 394
1647272511642 0.04638085235663789 395
1647272511768 0.046463363944498216 396
1647272511896 0.046544998949954515 397
1647272512024 0.04662575387603487 398
1647272512154 0.046705625263467006 399
1647272512233 0.04678460969082653 400
1647272513083 0.046862703774683455 401
1647272513236 0.04693990416974714 402
1647272513371 0.047016207569009594 403
1647272513503 0.04709161070388717 404
1647272513633 0.04716611034436052 405
1647272513761 0.047239703299113006 406
1647272513892 0.04731238641566737 407
1647272514041 0.04738415658052083 408
1647272514175 0.04745501071927837 409
1647272514307 0.04752494579678452 410
1647272514438 0.04759395881725331 411
1647272514568 0.047662046824396655 412
1647272514700 0.04772920690155093 413
1647272514832 0.04779543617180196 414
1647272514964 0.04786073179810822 415
1647272515094 0.04792509098342242 416
1647272515239 0.04798851097081126 417
1647272515376 0.04805098904357356 418
1647272515507 0.048112522525356624 419
1647272515638 0.04817310878027088 420
1647272515770 0.04823274521300284 421
1647272515901 0.048291429268926184 422
1647272516034 0.04834915843421129 423
1647272516165 0.04840593023593284 424
1647272516306 0.048461742242175816 425
1647272516435 0.04851659206213962 426
1647272516565 0.048570477346240516 427
1647272516692 0.04862339578621228 428
1647272516826 0.048675345115205076 429
1647272516957 0.04872632310788254 430
1647272517088 0.048776327580517136 431
1647272517214 0.04882535639108369 432
1647272517345 0.04887340743935113 433
1647272517471 0.04892047866697248 434
1647272517601 0.04896656805757302 435
1647272517727 0.04901167363683664 436
1647272517857 0.049055793472590446 437
1647272517995 0.049098925674887536 438
1647272518125 0.04914106839608791 439
1647272518204 0.04918221983093764 440
1647272519031 0.04922237821664624 441
1647272519168 0.04926154183296211 442
1647272519296 0.04929970900224628 443
1647272519424 0.04933687808954424 444
1647272519552 0.04937304750265601 445
1647272519679 0.049408215692204306 446
1647272519817 0.04944238115170094 447
1647272519949 0.04947554241761134 448
1647272520075 0.04950769806941724 449
1647272520214 0.04953884672967753 450
1647272520354 0.04956898706408729 451
1647272520488 0.04959811778153491 452
1647272520616 0.049626237634157404 453
1647272520753 0.04965334541739387 454
1647272520885 0.0496794399700371 455
1647272521012 0.049704520174283305 456
1647272521142 0.04972858495578002 457
1647272521276 0.04975163328367209 458
1647272521404 0.049773664170645854 459
1647272521538 0.04979467667297145 460
1647272521673 0.049814669890543214 461
1647272521804 0.04983364296691823 462
1647272521934 0.04985159508935308 463
1647272522071 0.049868525488838564 464
1647272522198 0.04988443344013273 465
1647272522331 0.049899318261791885 466
1647272522478 0.04991317931619981 467
1647272522607 0.04992601600959507 468
1647272522736 0.04993782779209645 469
1647272522871 0.04994861415772649 470
1647272522999 0.04995837464443318 471
1647272523127 0.04996710883410978 472
1647272523253 0.049974816352612646 473
1647272523388 0.049981496869777355 474
1647272523515 0.04998715009943278 475
1647272523641 0.04999177579941338 476
1647272523777 0.04999537377156956 477
1647272523903 0.04999794386177617 478
1647272524028 0.049999485959939104 479
1647272524105 0.049999901650605354 480
1647272529311 0.04999960660319523 481
1647272529456 0.04999911486009105 482
1647272529595 0.04999842642516184 483
1647272529724 0.04999754130382421 484
1647272529852 0.049996459503042254 485
1647272529978 0.04999518103132757 486
1647272530108 0.04999370589873917 487
1647272530238 0.04999203411688336 488
1647272530369 0.04999016569891369 489
1647272530503 0.04998810065953084 490
1647272530636 0.049985839014982505 491
1647272530766 0.04998338078306327 492
1647272530899 0.049980725983114455 493
1647272531027 0.04997787463602398 494
1647272531177 0.04997482676422622 495
1647272531320 0.04997158239170175 496
1647272531456 0.04996814154397724 497
1647272531590 0.049964504248125235 498
1647272531724 0.049960670532763915 499
1647272531851 0.049956640428056885 500
1647272531978 0.049952413965712934 501
1647272532109 0.0499479911789858 502
1647272532237 0.0499433721026739 503
1647272532368 0.04993855677312004 504
1647272532505 0.04993354522821116 505
1647272532637 0.049928337507378004 506
1647272532768 0.04992293365159483 507
1647272532896 0.049917333703379085 508
1647272533027 0.049911537706791076 509
1647272533157 0.04990554570743358 510
1647272533289 0.049899357752451586 511
1647272533418 0.04989297389053178 512
1647272533549 0.0498863941719023 513
1647272533676 0.049879618648332257 514
1647272533803 0.04987264737313135 515
1647272533930 0.04986548040114947 516
1647272534057 0.04985811778877622 517
1647272534183 0.049850559593940504 518
1647272534316 0.049842805876110084 519
1647272534393 0.04983485669629106 520
1647272535355 0.049826712117027466 521
1647272535495 0.0498183722024007 522
1647272535624 0.04980983701802908 523
1647272535771 0.04980110663106728 524
1647272535903 0.04979218111020584 525
1647272536033 0.04978306052567061 526
1647272536162 0.049773744949222196 527
1647272536288 0.049764234454155384 528
1647272536420 0.04975452911529861 529
1647272536550 0.049744629009013296 530
1647272536678 0.049734534213193314 531
1647272536809 0.04972424480726435 532
1647272536938 0.04971376087218328 533
1647272537076 0.04970308249043751 534
1647272537205 0.04969220974604439 535
1647272537342 0.049681142724550466 536
1647272537473 0.049669881513030895 537
1647272537614 0.04965842620008869 538
1647272537758 0.049646776875854046 539
1647272537890 0.04963493363198367 540
1647272538017 0.04962289656165999 541
1647272538154 0.049610665759590486 542
1647272538284 0.04959824132200689 543
1647272538411 0.049585623346664456 544
1647272538539 0.04957281193284122 545
1647272538678 0.04955980718133716 546
1647272538812 0.04954660919447344 547
1647272538941 0.0495332180760916 548
1647272539075 0.049519633931552724 549
1647272539208 0.04950585686773663 550
1647272539334 0.04949188699304105 551
1647272539461 0.04947772441738069 552
1647272539590 0.049463369252186466 553
1647272539729 0.04944882161040457 554
1647272539855 0.049434081606495615 555
1647272539983 0.049419149356433684 556
1647272540112 0.04940402497770548 557
1647272540240 0.04938870858930935 558
1647272540373 0.04937320031175437 559
1647272540451 0.049357500267059436 560
1647272545636 0.0493416085787522 561
1647272545808 0.04932552537186822 562
1647272545949 0.04930925077294988 563
1647272546080 0.049292784910045455 564
1647272546209 0.04927612791270807 565
1647272546344 0.0492592799119947 566
1647272546488 0.04924224104046514 567
1647272546621 0.04922501143218092 568
1647272546751 0.04920759122270433 569
1647272546887 0.04918998054909726 570
1647272547015 0.04917217954992021 571
1647272547148 0.049154188365231125 572
1647272547277 0.04913600713658435 573
1647272547407 0.04911763600702949 574
1647272547546 0.04909907512111027 575
1647272547681 0.04908032462486342 576
1647272547820 0.04906138466581754 577
1647272547953 0.0490422553929919 578
1647272548091 0.0490229369568953 579
1647272548220 0.049003429509524854 580
1647272548354 0.04898373320436484 581
1647272548497 0.04896384819638546 582
1647272548630 0.048943774642041596 583
1647272548757 0.04892351269927165 584
1647272548885 0.04890306252749624 585
1647272549017 0.04888242428761697 586
1647272549149 0.04886159814201517 587
1647272549286 0.04884058425455059 588
1647272549412 0.04881938279056013 589
1647272549540 0.04879799391685658 590
1647272549670 0.048776417801727215 591
1647272549799 0.048754654614932544 592
1647272549929 0.04873270452770495 593
1647272550056 0.04871056771274736 594
1647272550183 0.048688244344231836 595
1647272550318 0.04866573459779828 596
1647272550448 0.04864303865055299 597
1647272550579 0.04862015668106731 598
1647272550709 0.04859708886937616 599
1647272550792 0.04857383539697671 600
1647272551627 0.048550396446826884 601
1647272551768 0.048526772203343935 602
1647272551903 0.04850296285240302 603
1647272552037 0.04847896858133571 604
1647272552169 0.048454789578928514 605
1647272552300 0.048430426035421414 606
1647272552434 0.04840587814250637 607
1647272552567 0.04838114609332577 608
1647272552698 0.04835623008247097 609
1647272552828 0.04833113030598072 610
1647272552975 0.04830584696133962 611
1647272553105 0.04828038024747661 612
1647272553237 0.048254730364763375 613
1647272553376 0.048228897515012734 614
1647272553509 0.048202881901477125 615
1647272553640 0.04817668372884695 616
1647272553767 0.04815030320324898 617
1647272553900 0.04812374053224475 618
1647272554028 0.04809699592482892 619
1647272554162 0.04807006959142759 620
1647272554291 0.04804296174389669 621
1647272554418 0.04801567259552031 622
1647272554549 0.047988202361009015 623
1647272554677 0.04796055125649813 624
1647272554804 0.04793271949954609 625
1647272554952 0.04790470730913269 626
1647272555079 0.04787651490565735 627
1647272555206 0.04784814251093744 628
1647272555340 0.047819590348206466 629
1647272555467 0.047790858642112376 630
1647272555597 0.04776194761871574 631
1647272555722 0.04773285750548799 632
1647272555855 0.047703588531309654 633
1647272555984 0.04767414092646852 634
1647272556117 0.04764451492265785 635
1647272556245 0.047614710752974534 636
1647272556377 0.04758472865191728 637
1647272556505 0.04755456885538474 638
1647272556631 0.04752423160067369 639
1647272556708 0.04749371712647713 640
1647272557675 0.04746302567288243 641
1647272557811 0.04743215748136943 642
1647272557943 0.047401112794808534 643
1647272558076 0.04736989185745881 644
1647272558206 0.04733849491496605 645
1647272558336 0.047306922214360884 646
1647272558465 0.04727517400405678 647
1647272558595 0.04724325053384811 648
1647272558726 0.047211152054908216 649
1647272558852 0.04717887881978736 650
1647272558987 0.047146431082410824 651
1647272559120 0.04711380909807686 652
1647272559256 0.04708101312345467 653
1647272559402 0.04704804341658244 654
1647272559536 0.04701490023686527 655
1647272559669 0.046981583845073116 656
1647272559800 0.046948094503338804 657
1647272559931 0.04691443247515589 658
1647272560063 0.046880598025376655 659
1647272560200 0.046846591420209964 660
1647272560328 0.04681241292721922 661
1647272560464 0.04677806281532022 662
1647272560594 0.046743541354779074 663
1647272560724 0.04670884881721003 664
1647272560853 0.046673985475573394 665
1647272560982 0.04663895160417335 666
1647272561112 0.046603747478655796 667
1647272561242 0.0465683733760062 668
1647272561393 0.04653282957454741 669
1647272561526 0.04649711635393743 670
1647272561652 0.04646123399516729 671
1647272561779 0.046425182780558794 672
1647272561906 0.04638896299376226 673
1647272562041 0.04635257491975437 674
1647272562168 0.04631601884483587 675
1647272562295 0.046279295056629345 676
1647272562426 0.046242403844076935 677
1647272562557 0.046205345497438065 678
1647272562685 0.04616812030828718 679
1647272562761 0.04613072856951145 680
1647272563601 0.046093170575308436 681
1647272563754 0.04605544662118379 682
1647272563889 0.04601755700394896 683
1647272564023 0.0459795020217188 684
1647272564153 0.04594128197390926 685
1647272564284 0.04590289716123505 686
1647272564416 0.045864347885707195 687
1647272564549 0.045825634450630766 688
1647272564677 0.045786757160602404 689
1647272564810 0.04574771632150797 690
1647272564939 0.04570851224052012 691
1647272565070 0.0456691452260959 692
1647272565197 0.04562961558797431 693
1647272565331 0.04558992363717389 694
1647272565464 0.04555006968599021 695
1647272565594 0.04551005404799349 696
1647272565725 0.0454698770380261 697
1647272565870 0.04542953897220007 698
1647272566003 0.04538904016789461 699
1647272566148 0.04534838094375364 700
1647272566277 0.04530756161968323 701
1647272566406 0.04526658251684914 702
1647272566538 0.04522544395767425 703
1647272566667 0.045184146265836056 704
1647272566799 0.04514268976626408 705
1647272566928 0.04510107478513738 706
1647272567065 0.0450593016498819 707
1647272567194 0.04501737068916798 708
1647272567326 0.0449752822329077 709
1647272567457 0.0449330366122523 710
1647272567587 0.04489063415958964 711
1647272567714 0.04484807520854148 712
1647272567854 0.04480536009396093 713
1647272567982 0.044762489151929784 714
1647272568110 0.044719462719755895 715
1647272568242 0.04467628113597048 716
1647272568371 0.04463294474032554 717
1647272568503 0.044589453873791075 718
1647272568631 0.0445458088785525 719
1647272568710 0.044502010098007895 720
1647272569541 0.044458057876765315 721
1647272569685 0.0444139525606401 722
1647272569816 0.04436969449665212 723
1647272569949 0.04432528403302309 724
1647272570079 0.04428072151917376 725
1647272570229 0.04423600730572126 726
1647272570367 0.04419114174447625 727
1647272570500 0.04414612518844019 728
1647272570631 0.04410095799180261 729
1647272570760 0.04405564050993822 730
1647272570893 0.04401017309940422 731
1647272571023 0.04396455611793741 732
1647272571161 0.04391878992445143 733
1647272571292 0.04387287487903392 734
1647272571424 0.04382681134294368 735
1647272571558 0.04378059967860782 736
1647272571692 0.04373424024961894 737
1647272571829 0.04368773342073224 738
1647272571963 0.04364107955786265 739
1647272572097 0.043594279028082 740
1647272572254 0.04354733219961603 741
1647272572387 0.04350023944184162 742
1647272572518 0.043453001125283774 743
1647272572647 0.04340561762161276 744
1647272572776 0.0433580893036412 745
1647272572913 0.04331041654532108 746
1647272573047 0.04326259972174085 747
1647272573182 0.04321463920912249 748
1647272573318 0.043166535384818475 749
1647272573458 0.0431182886273089 750
1647272573592 0.04306989931619841 751
1647272573722 0.0430213678322133 752
1647272573850 0.042972694557198474 753
1647272573978 0.042923879874114404 754
1647272574106 0.04287492416703422 755
1647272574252 0.042825827821140576 756
1647272574380 0.0427765912227227 757
1647272574513 0.04272721475917331 758
1647272574641 0.04267769881898557 759
1647272574718 0.04262804379175008 760
1647272575675 0.04257825006815174 761
1647272575817 0.04252831803996673 762
1647272575951 0.04247824810005939 763
1647272576085 0.042428040642379164 764
1647272576222 0.04237769606195748 765
1647272576351 0.04232721475490465 766
1647272576481 0.04227659711840672 767
1647272576611 0.04222584355072241 768
1647272576748 0.04217495445117994 769
1647272576880 0.04212393022017386 770
1647272577012 0.04207277125916198 771
1647272577142 0.04202147797066211 772
1647272577275 0.04197005075824899 773
1647272577407 0.041918490026551056 774
1647272577544 0.04186679618124727 775
1647272577676 0.041814969629063926 776
1647272577809 0.041763010777771455 777
1647272577938 0.04171092003618122 778
1647272578072 0.041658697814142304 779
1647272578202 0.04160634452253825 780
1647272578343 0.04155386057328388 781
1647272578474 0.04150124637932201 782
1647272578605 0.04144850235462023 783
1647272578733 0.04139562891416762 784
1647272578881 0.04134262647397153 785
1647272579015 0.041289495451054245 786
1647272579151 0.04123623626344976 787
1647272579280 0.041182849330200465 788
1647272579412 0.04112933507135384 789
1647272579547 0.04107569390795916 790
1647272579675 0.041021926262064204 791
1647272579804 0.04096803255671189 792
1647272579936 0.040914013215936976 793
1647272580069 0.040859868664762725 794
1647272580197 0.04080559932919754 795
1647272580325 0.040751205636231635 796
1647272580458 0.040696688013833665 797
1647272580588 0.04064204689094736 798
1647272580718 0.04058728269748815 799
1647272580817 0.040532395864339786 800
1647272585951 0.040477386823350926 801
1647272586114 0.04042225600733177 802
1647272586249 0.04036700385005066 803
1647272586386 0.04031163078623062 804
1647272586515 0.04025613725154599 805
1647272586648 0.04020052368261895 806
1647272586782 0.04014479051701612 807
1647272586910 0.04008893819324509 808
1647272587042 0.04003296715075102 809
1647272587175 0.039976877829913104 810
1647272587302 0.03992067067204118 811
1647272587440 0.0398643461193722 812
1647272587582 0.0398079046150668 813
1647272587710 0.03975134660320578 814
1647272587840 0.0396946725287866 815
1647272587969 0.03963788283771994 816
1647272588100 0.03958097797682611 817
1647272588230 0.03952395839383161 818
1647272588360 0.03946682453736553 819
1647272588495 0.03940957685695609 820
1647272588625 0.03935221580302708 821
1647272588753 0.03929474182689428 822
1647272588886 0.03923715538076199 823
1647272589021 0.03917945691771935 824
1647272589152 0.03912164689173693 825
1647272589281 0.03906372575766301 826
1647272589419 0.0390056939712201 827
1647272589570 0.03894755198900131 828
1647272589703 0.03888930026846676 829
1647272589833 0.038830939267940005 830
1647272589965 0.03877246944660442 831
1647272590094 0.038713891264499554 832
1647272590229 0.03865520518251756 833
1647272590360 0.03859641166239953 834
1647272590493 0.03853751116673188 835
1647272590621 0.038478504158942724 836
1647272590753 0.03841939110329818 837
1647272590879 0.03836017246489878 838
1647272591009 0.03830084870967577 839
1647272591089 0.03824142030438743 840
1647272596176 0.03818188771661547 841
1647272596337 0.03812225141476128 842
1647272596464 0.03806251186804225 843
1647272596597 0.038002669546488135 844
1647272596734 0.03794272492093732 845
1647272596865 0.037882678463033066 846
1647272596992 0.03782253064521992 847
1647272597122 0.03776228194073987 848
1647272597253 0.037701932823628714 849
1647272597380 0.037641483768712285 850
1647272597511 0.03758093525160271 851
1647272597653 0.037520287748694696 852
1647272597787 0.037459541737161775 853
1647272597920 0.03739869769495254 854
1647272598054 0.037337756100786865 855
1647272598185 0.0372767174341522 856
1647272598318 0.03721558217529973 857
1647272598453 0.03715435080524063 858
1647272598589 0.03709302380574229 859
1647272598724 0.03703160165932449 860
1647272598852 0.03697008484925565 861
1647272598979 0.03690847385954899 862
1647272599107 0.03684676917495872 863
1647272599235 0.03678497128097627 864
1647272599364 0.03672308066382639 865
1647272599493 0.036661097810463436 866
1647272599625 0.036599023208567436 867
1647272599754 0.03653685734654031 868
1647272599882 0.036474600713501996 869
1647272600013 0.03641225379928664 870
1647272600148 0.0363498170944387 871
1647272600294 0.03628729109020911 872
1647272600421 0.03622467627855141 873
1647272600550 0.036161973152117874 874
1647272600677 0.036099182204255655 875
1647272600805 0.03603630392900284 876
1647272600933 0.03597333882108465 877
1647272601062 0.03591028737590948 878
1647272601189 0.035847150089565044 879
1647272601268 0.03578392745881442 880
1647272606407 0.03572061998109221 881
1647272606548 0.03565722815450057 882
1647272606686 0.03559375247780531 883
1647272606815 0.03553019345043199 884
1647272606973 0.03546655157246195 885
1647272607101 0.03540282734462842 886
1647272607231 0.03533902126831252 887
1647272607361 0.0352751338455394 888
1647272607497 0.03521116557897422 889
1647272607627 0.03514711697191819 890
1647272607756 0.035082988528304694 891
1647272607885 0.03501878075269521 892
1647272608011 0.03495449415027546 893
1647272608139 0.03489012922685132 894
1647272608273 0.034825686488844924 895
1647272608403 0.03476116644329064 896
1647272608535 0.0346965695978311 897
1647272608663 0.034631896460713164 898
1647272608800 0.034567147540784014 899
1647272608941 0.03450232334748703 900
1647272609067 0.03443742439085786 901
1647272609204 0.034372451181520415 902
1647272609334 0.03430740423068279 903
1647272609461 0.034242284050133305 904
1647272609597 0.03417709115223642 905
1647272609727 0.03411182604992876 906
1647272609860 0.03404648925671504 907
1647272609992 0.033981081286664036 908
1647272610121 0.03391560265440456 909
1647272610249 0.033850053875121376 910
1647272610381 0.03378443546455116 911
1647272610509 0.033718747938978465 912
1647272610635 0.03365299181523162 913
1647272610762 0.03358716761067869 914
1647272610905 0.03352127584322341 915
1647272611034 0.033455317031301085 916
1647272611161 0.03338929169387453 917
1647272611295 0.033323200350429974 918
1647272611425 0.03325704352097299 919
1647272611505 0.03319082172602439 920
1647272612357 0.033124535486616126 921
1647272612494 0.033058185324287226 922
1647272612626 0.032991771761079626 923
1647272612754 0.03292529531953412 924
1647272612885 0.032858756522686224 925
1647272613015 0.03279215589406206 926
1647272613147 0.03272549395767425 927
1647272613280 0.032658771238017775 928
1647272613416 0.03259198826006586 929
1647272613549 0.032525145549265846 930
1647272613682 0.032458243631535044 931
1647272613814 0.03239128303325662 932
1647272613951 0.03232426428127542 933
1647272614080 0.032257187902893836 934
1647272614213 0.03219005442586769 935
1647272614346 0.03212286437840204 936
1647272614474 0.032055618289147034 937
1647272614603 0.03198831668719376 938
1647272614737 0.031920960102070094 939
1647272614871 0.0318535490637365 940
1647272615002 0.03178608410258187 941
1647272615131 0.0317185657494194 942
1647272615262 0.03165099453548232 943
1647272615405 0.03158337099241981 944
1647272615540 0.03151569565229278 945
1647272615669 0.03144796904756962 946
1647272615802 0.03138019171112214 947
1647272615937 0.03131236417622125 948
1647272616068 0.031244486976532856 949
1647272616201 0.03117656064611361 950
1647272616336 0.031108585719406737 951
1647272616465 0.031040562731237804 952
1647272616597 0.030972492216810518 953
1647272616724 0.03090437471170255 954
1647272616856 0.030836210751861253 955
1647272616988 0.030768000873599526 956
1647272617119 0.030699745613591525 957
1647272617253 0.030631445508868486 958
1647272617386 0.030563101096814465 959
1647272617463 0.030494712915162148 960
1647272622633 0.03042628150198858 961
1647272622777 0.03035780739571096 962
1647272622914 0.030289291135082407 963
1647272623042 0.03022073325918768 964
1647272623176 0.030152134307439 965
1647272623308 0.03008349481957174 966
1647272623436 0.030014815335640245 967
1647272623566 0.029946096396013516 968
1647272623698 0.02987733854137101 969
1647272623830 0.02980854231269836 970
1647272623961 0.029739708251283126 971
1647272624113 0.02967083689871054 972
1647272624246 0.029601928796859227 973
1647272624377 0.029532984487896985 974
1647272624505 0.02946400451427644 975
1647272624638 0.029394989418730873 976
1647272624767 0.029325939744269877 977
1647272624895 0.02925685603417513 978
1647272625025 0.02918773883199608 979
1647272625155 0.02911858868154571 980
1647272625284 0.029049406126896226 981
1647272625413 0.0289801917123748 982
1647272625544 0.02891094598255927 983
1647272625673 0.028841669482273857 984
1647272625808 0.028772362756584905 985
1647272625941 0.02870302635079654 986
1647272626095 0.02863366081044644 987
1647272626225 0.028564266681301496 988
1647272626360 0.028494844509353537 989
1647272626492 0.02842539484081504 990
1647272626623 0.028355918222114807 991
1647272626751 0.028286415199893715 992
1647272626879 0.028216886321000344 993
1647272627011 0.02814733213248675 994
1647272627141 0.028077753181604107 995
1647272627269 0.02800815001579841 996
1647272627397 0.0279385231827062 997
1647272627530 0.027868873230150203 998
1647272627659 0.027799200706135088 999
1647272627737 0.02772950615884307 1000
1647272628704 0.027659790136629683 1001
1647272628848 0.027590053188019395 1002
1647272628976 0.027520295861701342 1003
1647272629108 0.02745051870652499 1004
1647272629237 0.027380722271495794 1005
1647272629369 0.027310907105770936 1006
1647272629498 0.02724107375865495 1007
1647272629634 0.027171222779595435 1008
1647272629771 0.027101354718178698 1009
1647272629910 0.027031470124125472 1010
1647272630039 0.026961569547286554 1011
1647272630170 0.0268916535376385 1012
1647272630298 0.02682172264527928 1013
1647272630430 0.026751777420423974 1014
1647272630561 0.026681818413400435 1015
1647272630705 0.026611846174644925 1016
1647272630838 0.02654186125469785 1017
1647272630969 0.02647186420419936 1018
1647272631101 0.026401855573885073 1019
1647272631239 0.026331835914581693 1020
1647272631379 0.026261805777202725 1021
1647272631509 0.0261917657127441 1022
1647272631640 0.02612171627227984 1023
1647272631768 0.02605165800695778 1024
1647272631897 0.02598159146799514 1025
1647272632028 0.025911517206674284 1026
1647272632161 0.025841435774338294 1027
1647272632299 0.0257713477223867 1028
1647272632433 0.025701253602271098 1029
1647272632567 0.02563115396549085 1030
1647272632712 0.0255610493635887 1031
1647272632843 0.02549094034814646 1032
1647272632971 0.025420827470780692 1033
1647272633099 0.025350711283138316 1034
1647272633228 0.025280592336892314 1035
1647272633361 0.025210471183737357 1036
1647272633489 0.025140348375385497 1037
1647272633618 0.02507022446356179 1038
1647272633746 0.0250001 1039
1647272633829 0.024929975536438213 1040
1647272634654 0.024859851624614508 1041
1647272634792 0.024789728816262648 1042
1647272634921 0.02471960766310769 1043
1647272635060 0.02464948871686169 1044
1647272635191 0.02457937252921931 1045
1647272635325 0.024509259651853542 1046
1647272635461 0.02443915063641131 1047
1647272635593 0.02436904603450916 1048
1647272635725 0.024298946397728907 1049
1647272635856 0.02422885227761331 1050
1647272635986 0.024158764225661718 1051
1647272636122 0.024088682793325728 1052
1647272636256 0.024018608532004868 1053
1647272636397 0.023948541993042232 1054
1647272636526 0.02387848372772017 1055
1647272636665 0.023808434287255913 1056
1647272636799 0.023738394222797273 1057
1647272636927 0.023668364085418305 1058
1647272637078 0.02359834442611493 1059
1647272637214 0.023528335795800638 1060
1647272637347 0.02345833874530215 1061
1647272637481 0.023388353825355073 1062
1647272637616 0.02331838158659957 1063
1647272637745 0.023248422579576024 1064
1647272637877 0.023178477354720728 1065
1647272638009 0.023108546462361507 1066
1647272638139 0.023038630452713454 1067
1647272638280 0.02296872987587453 1068
1647272638422 0.022898845281821307 1069
1647272638553 0.02282897722040457 1070
1647272638683 0.022759126241345056 1071
1647272638812 0.02268929289422907 1072
1647272638940 0.022619477728504214 1073
1647272639091 0.022549681293475017 1074
1647272639221 0.02247990413829866 1075
1647272639347 0.02241014681198061 1076
1647272639475 0.022340409863370318 1077
1647272639608 0.02227069384115693 1078
1647272639738 0.022200999293864914 1079
1647272639813 0.0221313267698498 1080
1647272640759 0.022061676817293808 1081
1647272640900 0.0219920499842016 1082
1647272641031 0.0219224468183959 1083
1647272641163 0.021852867867513257 1084
1647272641301 0.021783313678999657 1085
1647272641432 0.021713784800106297 1086
1647272641562 0.021644281777885202 1087
1647272641709 0.021574805159184973 1088
1647272641845 0.021505355490646475 1089
1647272641977 0.021435933318698513 1090
1647272642111 0.021366539189553568 1091
1647272642244 0.02129717364920346 1092
1647272642379 0.021227837243415097 1093
1647272642523 0.021158530517726138 1094
1647272642650 0.021089254017440728 1095
1647272642781 0.021020008287625198 1096
1647272642920 0.02095079387310377 1097
1647272643051 0.020881611318454292 1098
1647272643185 0.020812461168003924 1099
1647272643320 0.020743343965824872 1100
1647272643451 0.020674260255730124 1101
1647272643586 0.02060521058126913 1102
1647272643732 0.020536195485723566 1103
1647272643863 0.020467215512103024 1104
1647272643992 0.020398271203140774 1105
1647272644126 0.020329363101289463 1106
1647272644259 0.02026049174871688 1107
1647272644391 0.020191657687301644 1108
1647272644529 0.020122861458628998 1109
1647272644666 0.020054103603986493 1110
1647272644793 0.01998538466435976 1111
1647272644929 0.019916705180428266 1112
1647272645057 0.019848065692561007 1113
1647272645185 0.019779466740812324 1114
1647272645312 0.0197109088649176 1115
1647272645444 0.01964239260428904 1116
1647272645573 0.019573918498011423 1117
1647272645707 0.019505487084837857 1118
1647272645835 0.019437098903185537 1119
1647272645916 0.019368754491131523 1120
1647272651027 0.019300454386408483 1121
1647272651189 0.019232199126400482 1122
1647272651320 0.01916398924813876 1123
1647272651451 0.019095825288297463 1124
1647272651581 0.01902770778318949 1125
1647272651712 0.018959637268762205 1126
1647272651845 0.018891614280593258 1127
1647272651978 0.018823639353886385 1128
1647272652106 0.01875571302346714 1129
1647272652239 0.01868783582377875 1130
1647272652381 0.018620008288877863 1131
1647272652514 0.018552230952430374 1132
1647272652661 0.018484504347707226 1133
1647272652791 0.018416829007580182 1134
1647272652932 0.01834920546451768 1135
1647272653067 0.018281634250580606 1136
1647272653201 0.018214115897418132 1137
1647272653331 0.018146650936263505 1138
1647272653469 0.01807923989792991 1139
1647272653601 0.01801188331280624 1140
1647272653731 0.017944581710852975 1141
1647272653859 0.017877335621597965 1142
1647272653991 0.017810145574132314 1143
1647272654124 0.017743012097106173 1144
1647272654260 0.01767593571872459 1145
1647272654390 0.01760891696674339 1146
1647272654529 0.017541956368464957 1147
1647272654665 0.017475054450734162 1148
1647272654794 0.01740821173993414 1149
1647272654924 0.017341428761982233 1150
1647272655056 0.017274706042325755 1151
1647272655192 0.017208044105937945 1152
1647272655320 0.017141443477313778 1153
1647272655449 0.017074904680465883 1154
1647272655584 0.01700842823892038 1155
1647272655720 0.01694201467571278 1156
1647272655848 0.016875664513383883 1157
1647272655981 0.016809378273975623 1158
1647272656110 0.016743156479027025 1159
1647272656188 0.016676999649570038 1160
1647272657127 0.016610908306125487 1161
1647272657263 0.016544882968698917 1162
1647272657398 0.016478924156776587 1163
1647272657526 0.016413032389321305 1164
1647272657653 0.01634720818476838 1165
1647272657780 0.01628145206102154 1166
1647272657920 0.01621576453544884 1167
1647272658050 0.016150146124878625 1168
1647272658178 0.01608459734559544 1169
1647272658315 0.016019118713335966 1170
1647272658449 0.01595371074328497 1171
1647272658579 0.015888373950071245 1172
1647272658712 0.015823108847763587 1173
1647272658844 0.015757915949866703 1174
1647272658991 0.01569279576931721 1175
1647272659133 0.015627748818479587 1176
1647272659262 0.015562775609142147 1177
1647272659398 0.015497876652512978 1178
1647272659530 0.015433052459215994 1179
1647272659668 0.015368303539286839 1180
1647272659802 0.01530363040216891 1181
1647272659938 0.015239033556709365 1182
1647272660071 0.015174513511155079 1183
1647272660203 0.015110070773148684 1184
1647272660334 0.015045705849724545 1185
1647272660465 0.014981419247304792 1186
1647272660599 0.014917211471695318 1187
1647272660734 0.01485308302808182 1188
1647272660867 0.014789034421025794 1189
1647272661003 0.014725066154460606 1190
1647272661131 0.014661178731687487 1191
1647272661260 0.014597372655371595 1192
1647272661391 0.01453364842753806 1193
1647272661520 0.014470006549568025 1194
1647272661651 0.014406447522194695 1195
1647272661796 0.014342971845499443 1196
1647272661931 0.014279580018907792 1197
1647272662060 0.014216272541185583 1198
1647272662187 0.014153049910434961 1199
1647272662265 0.014089912624090511 1200
1647272663115 0.01402686117891535 1201
1647272663260 0.013963896070997161 1202
1647272663407 0.013901017795744356 1203
1647272663546 0.013838226847882131 1204
1647272663680 0.013775523721448591 1205
1647272663813 0.013712908909790895 1206
1647272663942 0.013650382905561307 1207
1647272664077 0.013587946200713368 1208
1647272664213 0.013525599286498002 1209
1647272664346 0.013463342653459696 1210
1647272664478 0.01340117679143257 1211
1647272664611 0.013339102189536572 1212
1647272664747 0.01327711933617361 1213
1647272664883 0.013215228719023742 1214
1647272665012 0.013153430825041282 1215
1647272665151 0.013091726140451019 1216
1647272665284 0.013030115150744355 1217
1647272665419 0.012968598340675512 1218
1647272665562 0.012907176194257717 1219
1647272665691 0.01284584919475938 1220
1647272665823 0.012784617824700285 1221
1647272665957 0.012723482565847806 1222
1647272666091 0.012662443899213137 1223
1647272666224 0.012601502305047474 1224
1647272666358 0.012540658262838233 1225
1647272666493 0.012479912251305318 1226
1647272666623 0.012419264748397302 1227
1647272666751 0.012358716231287729 1228
1647272666883 0.012298267176371296 1229
1647272667013 0.012237918059260142 1230
1647272667144 0.01217766935478009 1231
1647272667274 0.012117521536966932 1232
1647272667407 0.01205747507906269 1233
1647272667554 0.011997530453511863 1234
1647272667687 0.011937688131957754 1235
1647272667816 0.01187794858523872 1236
1647272667955 0.011818312283384525 1237
1647272668085 0.011758779695612568 1238
1647272668215 0.011699351290324242 1239
1647272668292 0.011640027535101228 1240
1647272673385 0.011580808896701824 1241
1647272673544 0.011521695841057285 1242
1647272673675 0.011462688833268127 1243
1647272673810 0.011403788337600482 1244
1647272673937 0.011344994817482442 1245
1647272674068 0.011286308735500445 1246
1647272674215 0.011227730553395586 1247
1647272674344 0.011169260732060001 1248
1647272674478 0.011110899731533255 1249
1647272674612 0.0110526480109987 1250
1647272674748 0.010994506028779908 1251
1647272674880 0.010936474242336996 1252
1647272675022 0.010878553108263078 1253
1647272675152 0.010820743082280647 1254
1647272675282 0.01076304461923802 1255
1647272675410 0.01070545817310572 1256
1647272675538 0.01064798419697293 1257
1647272675673 0.010590623143043912 1258
1647272675806 0.010533375462634477 1259
1647272675940 0.010476241606168403 1260
1647272676077 0.010419222023173894 1261
1647272676221 0.010362317162280072 1262
1647272676350 0.010305527471213405 1263
1647272676483 0.010248853396794235 1264
1647272676617 0.01019229538493321 1265
1647272676751 0.010135853880627814 1266
1647272676883 0.01007952932795883 1267
1647272677014 0.010023322170086894 1268
1647272677149 0.009967232849248983 1269
1647272677278 0.00991126180675491 1270
1647272677409 0.00985540948298389 1271
1647272677538 0.00979967631738105 1272
1647272677674 0.00974406274845401 1273
1647272677802 0.009688569213769378 1274
1647272677935 0.009633196149949343 1275
1647272678064 0.009577943992668236 1276
1647272678206 0.00952281317664908 1277
1647272678336 0.00946780413566022 1278
1647272678464 0.00941291730251185 1279
1647272678543 0.009358153109052641 1280
1647272679369 0.009303511986166333 1281
1647272679506 0.009248994363768368 1282
1647272679642 0.009194600670802466 1283
1647272679774 0.009140331335237284 1284
1647272679904 0.009086186784063031 1285
1647272680035 0.009032167443288113 1286
1647272680174 0.008978273737935796 1287
1647272680307 0.008924506092040842 1288
1647272680442 0.008870864928646171 1289
1647272680573 0.00881735066979954 1290
1647272680711 0.008763963736550246 1291
1647272680842 0.008710704548945765 1292
1647272680972 0.008657573526028488 1293
1647272681102 0.008604571085832386 1294
1647272681238 0.008551697645379781 1295
1647272681376 0.008498953620677997 1296
1647272681508 0.008446339426716128 1297
1647272681636 0.008393855477461756 1298
1647272681770 0.008341502185857698 1299
1647272681899 0.008289279963818784 1300
1647272682032 0.008237189222228554 1301
1647272682174 0.008185230370936079 1302
1647272682309 0.008133403818752737 1303
1647272682438 0.00808170997344894 1304
1647272682568 0.00803014924175101 1305
1647272682712 0.007978722029337892 1306
1647272682845 0.00792742874083803 1307
1647272682983 0.007876269779826141 1308
1647272683117 0.007825245548820062 1309
1647272683251 0.007774356449277585 1310
1647272683385 0.007723602881593283 1311
1647272683512 0.007672985245095361 1312
1647272683646 0.00762250393804252 1313
1647272683775 0.007572159357620837 1314
1647272683903 0.0075219518999406175 1315
1647272684030 0.007471881960033282 1316
1647272684159 0.0074219499318482615 1317
1647272684292 0.007372156208249922 1318
1647272684421 0.007322501181014432 1319
1647272684503 0.0072729852408267015 1320
1647272689637 0.00722360877727731 1321
1647272689780 0.007174372178859426 1322
1647272689917 0.0071252758329657835 1323
1647272690049 0.0070763201258855985 1324
1647272690180 0.007027505442801539 1325
1647272690319 0.0069788321677867 1326
1647272690449 0.006930300683801597 1327
1647272690581 0.006881911372691115 1328
1647272690714 0.006833664615181532 1329
1647272690845 0.006785560790877514 1330
1647272690973 0.006737600278259151 1331
1647272691101 0.006689783454678929 1332
1647272691233 0.006642110696358811 1333
1647272691375 0.006594582378387248 1334
1647272691512 0.006547198874716235 1335
1647272691642 0.006499960558158389 1336
1647272691772 0.006452867800383967 1337
1647272691906 0.006405920971918009 1338
1647272692036 0.006359120442137349 1339
1647272692172 0.006312466579267763 1340
1647272692310 0.0062659597503810635 1341
1647272692439 0.006219600321392185 1342
1647272692571 0.006173388657056329 1343
1647272692699 0.006127325120966086 1344
1647272692832 0.00608141007554857 1345
1647272692964 0.006035643882062597 1346
1647272693093 0.005990026900595787 1347
1647272693220 0.005944559490061785 1348
1647272693381 0.005899242008197396 1349
1647272693519 0.00585407481155981 1350
1647272693650 0.005809058255523758 1351
1647272693778 0.0057641926942787435 1352
1647272693910 0.005719478480826232 1353
1647272694045 0.005674915966976912 1354
1647272694172 0.005630505503347879 1355
1647272694301 0.005586247439359904 1356
1647272694433 0.0055421421232346915 1357
1647272694562 0.005498189901992111 1358
1647272694691 0.005454391121447502 1359
1647272694771 0.005410746126208931 1360
1647272695611 0.00536725525967447 1361
1647272695765 0.005323918864029518 1362
1647272695901 0.005280737280244115 1363
1647272696040 0.005237710848070222 1364
1647272696174 0.005194839906039079 1365
1647272696306 0.00515212479145853 1366
1647272696442 0.005109565840410365 1367
1647272696576 0.005067163387747702 1368
1647272696707 0.005024917767092315 1369
1647272696841 0.0049828293108320305 1370
1647272696976 0.0049408983501181 1371
1647272697109 0.004899125214862619 1372
1647272697239 0.004857510233735917 1373
1647272697366 0.004816053734163949 1374
1647272697499 0.004774756042325754 1375
1647272697631 0.00473361748315086 1376
1647272697760 0.004692638380316774 1377
1647272697906 0.004651819056246367 1378
1647272698035 0.004611159832105392 1379
1647272698174 0.004570661027799938 1380
1647272698304 0.0045303229619739005 1381
1647272698451 0.004490145952006513 1382
1647272698580 0.004450130314009799 1383
1647272698712 0.004410276362826121 1384
1647272698840 0.004370584412025686 1385
1647272698979 0.004331054773904104 1386
1647272699108 0.004291687759479888 1387
1647272699245 0.00425248367849204 1388
1647272699382 0.004213442839397597 1389
1647272699515 0.004174565549369235 1390
1647272699650 0.004135852114292806 1391
1647272699779 0.00409730283876496 1392
1647272699916 0.004058918026090744 1393
1647272700046 0.0040206979782812045 1394
1647272700180 0.003982642996051044 1395
1647272700312 0.003944753378816211 1396
1647272700444 0.0039070294246915695 1397
1647272700573 0.0038694714304885495 1398
1647272700701 0.0038320796917128202 1399
1647272700779 0.0037948545025619424 1400
1647272701637 0.0037577961559230786 1401
1647272701786 0.003720904943370664 1402
1647272701916 0.0036841811551641315 1403
1647272702050 0.003647625080245636 1404
1647272702187 0.003611237006237749 1405
1647272702336 0.003575017219441219 1406
1647272702466 0.003538966004832708 1407
1647272702608 0.0035030836460625703 1408
1647272702746 0.0034673704254526 1409
1647272702876 0.003431826623993802 1410
1647272703006 0.00339645252134421 1411
1647272703137 0.0033612483958266547 1412
1647272703270 0.0033262145244266086 1413
1647272703399 0.003291351182789975 1414
1647272703538 0.003256658645220932 1415
1647272703671 0.003222137184679781 1416
1647272703802 0.0031877870727807785 1417
1647272703933 0.0031536085797900354 1418
1647272704062 0.003119601974623349 1419
1647272704195 0.0030857675248441136 1420
1647272704336 0.003052105496661199 1421
1647272704476 0.003018616154926885 1422
1647272704612 0.002985299763134736 1423
1647272704743 0.0029521565834175617 1424
1647272704877 0.0029191868765453353 1425
1647272705010 0.0028863909019231464 1426
1647272705142 0.0028537689175891774 1427
1647272705271 0.0028213211802126455 1428
1647272705399 0.002789047945091794 1429
1647272705533 0.002756949466151888 1430
1647272705666 0.0027250259959432244 1431
1647272705794 0.002693277785639119 1432
1647272705921 0.0026617050850339537 1433
1647272706054 0.0026303081425411968 1434
1647272706185 0.0025990872051914688 1435
1647272706320 0.0025680425186305703 1436
1647272706462 0.0025371743271175706 1437
1647272706594 0.0025064828735228734 1438
1647272706724 0.0024759683993263145 1439
1647272706803 0.0024456311446152644 1440
1647272711912 0.002415471348082729 1441
1647272712054 0.0023854892470254662 1442
1647272712186 0.002355685077342152 1443
1647272712315 0.0023260590735314783 1444
1647272712442 0.0022966114686903487 1445
1647272712571 0.002267342494512014 1446
1647272712708 0.00223825238128427 1447
1647272712838 0.0022093413578876298 1448
1647272712966 0.0021806096517935337 1449
1647272713109 0.002152057489062564 1450
1647272713240 0.002123685094342652 1451
1647272713373 0.0020954926908673156 1452
1647272713505 0.0020674805004539045 1453
1647272713637 0.0020396487435018675 1454
1647272713767 0.002011997638990991 1455
1647272713901 0.0019845274044796943 1456
1647272714032 0.001957238256103316 1457
1647272714167 0.0019301304085724185 1458
1647272714297 0.0019032040751710828 1459
1647272714427 0.001876459467755246 1460
1647272714554 0.0018498967967510234 1461
1647272714689 0.0018235162711530552 1462
1647272714820 0.0017973180985228808 1463
1647272714953 0.0017713024849872693 1464
1647272715098 0.0017454696352366319 1465
1647272715228 0.0017198197525233867 1466
1647272715373 0.001694353038660384 1467
1647272715502 0.0016690696940192908 1468
1647272715634 0.0016439699175290368 1469
1647272715772 0.0016190539066742297 1470
1647272715906 0.001594321857493634 1471
1647272716034 0.0015697739645785854 1472
1647272716164 0.0015454104210714911 1473
1647272716297 0.0015212314186642984 1474
1647272716424 0.001497237147596981 1475
1647272716551 0.0014734277966560693 1476
1647272716680 0.0014498035531731192 1477
1647272716810 0.001426364603023291 1478
1647272716938 0.0014031111306238415 1479
1647272717030 0.0013800433189326954 1480
1647272722140 0.001357161349447005 1481
1647272722305 0.001334465402201722 1482
1647272722445 0.0013119556557681703 1483
1647272722584 0.0012896322872526537 1484
1647272722716 0.0012674954722950522 1485
1647272722850 0.001245545385067462 1486
1647272722993 0.0012237821982727913 1487
1647272723128 0.001202206083143424 1488
1647272723258 0.0011808172094398641 1489
1647272723393 0.0011596157454494165 1490
1647272723522 0.0011386018579848355 1491
1647272723652 0.001117775712383031 1492
1647272723791 0.001097137472503759 1493
1647272723929 0.0010766873007283526 1494
1647272724061 0.0010564253579584072 1495
1647272724190 0.0010363518036145473 1496
1647272724319 0.0010164667956351614 1497
1647272724451 0.0009967704904751474 1498
1647272724582 0.0009772630431047072 1499
1647272724721 0.000957944607008105 1500
1647272724852 0.0009388153341824663 1501
1647272724983 0.0009198753751365829 1502
1647272725115 0.0009011248788897387 1503
1647272725248 0.0008825639929705155 1504
1647272725377 0.0008641928634156506 1505
1647272725512 0.0008460116347688782 1506
1647272725643 0.0008280204500797953 1507
1647272725772 0.000810219450902742 1508
1647272725924 0.0007926087772956788 1509
1647272726053 0.0007751885678190833 1510
1647272726196 0.0007579589595348658 1511
1647272726325 0.0007409200880052981 1512
1647272726453 0.0007240720872919328 1513
1647272726580 0.0007074150899545499 1514
1647272726709 0.0006909492270501259 1515
1647272726841 0.0006746746281317828 1516
1647272726969 0.0006585914212477994 1517
1647272727101 0.0006426997329405706 1518
1647272727228 0.0006269996882456277 1519
1647272727311 0.0006114914106906617 1520
1647272732371 0.0005961750222945292 1521
1647272732541 0.0005810506435663225 1522
1647272732673 0.0005661183935043931 1523
1647272732807 0.0005513783895954328 1524
1647272732946 0.0005368307478135381 1525
1647272733076 0.0005224755826193141 1526
1647272733208 0.0005083130069589555 1527
1647272733338 0.000494343132263364 1528
1647272733471 0.0004805660684472796 1529
1647272733610 0.0004669819239084066 1530
1647272733742 0.0004535908055265636 1531
1647272733874 0.0004403928186628433 1532
1647272734011 0.00042738806715878467 1533
1647272734148 0.00041457665333554636 1534
1647272734280 0.0004019586779931182 1535
1647272734413 0.00038953424040951914 1536
1647272734565 0.0003773034383400089 1537
1647272734695 0.00036526636801633317 1538
1647272734822 0.0003534231241459547 1539
1647272734953 0.0003417737999113205 1540
1647272735086 0.0003303184869691099 1541
1647272735218 0.00031905727544953756 1542
1647272735354 0.00030799025395561805 1543
1647272735488 0.00029711750956249166 1544
1647272735621 0.0002864391278167274 1545
1647272735753 0.00027595519273565424 1546
1647272735884 0.0002656657868066894 1547
1647272736015 0.0002555709909867084 1548
1647272736148 0.0002456708847013926 1549
1647272736280 0.00023596554584461312 1550
1647272736409 0.0002264550507778093 1551
1647272736539 0.00021713947432939175 1552
1647272736670 0.0002080188897941622 1553
1647272736798 0.00019909336893272534 1554
1647272736927 0.00019036298197092793 1555
1647272737060 0.00018182779759930382 1556
1647272737197 0.00017348788297253819 1557
1647272737328 0.00016534330370894304 1558
1647272737457 0.00015739412388992424 1559
1647272737536 0.00014964040605949862 1560
1647272742611 0.00014208221122378317 1561
1647272742757 0.00013471959885052898 1562
1647272742895 0.00012755262686864628 1563
1647272743029 0.00012058135166774679 1564
1647272743166 0.00011380582809770503 1565
1647272743305 0.00010722610946822536 1566
1647272743436 0.00010084224754842282 1567
1647272743572 9.465429256641805e-05 1568
1647272743701 8.866229320893467e-05 1569
1647272743834 8.286629662091632e-05 1570
1647272743968 7.726634840517423e-05 1571
1647272744101 7.18624926220013e-05 1572
1647272744233 6.665477178884464e-05 1573
1647272744366 6.16432268799587e-05 1574
1647272744502 5.682789732610259e-05 1575
1647272744635 5.220882101420159e-05 1576
1647272744767 4.778603428706952e-05 1577
1647272744900 4.355957194312288e-05 1578
1647272745032 3.952946723608667e-05 1579
1647272745161 3.569575187476674e-05 1580
1647272745313 3.2058456022761196e-05 1581
1647272745442 2.861760829825773e-05 1582
1647272745573 2.53732357737894e-05 1583
1647272745706 2.2325363976018135e-05 1584
1647272745837 1.947401688555155e-05 1585
1647272745970 1.6819216936737548e-05 1586
1647272746099 1.436098501750056e-05 1587
1647272746236 1.2099340469166708e-05 1588
1647272746367 1.0034301086316673e-05 1589
1647272746503 8.165883116644158e-06 1590
1647272746631 6.494101260830984e-06 1591
1647272746760 5.018968672427745e-06 1592
1647272746887 3.7404969577511076e-06 1593
1647272747018 2.658696175800547e-06 1594
1647272747147 1.7735748381612052e-06 1595
1647272747289 1.0851399089539276e-06 1596
1647272747414 5.933968047742018e-07 1597
1647272747550 2.9834939464497535e-07 1598
1647272747676 2.0000000000000002e-07 1599
1647272747758 2.9834939464497535e-07 1600
