1647272433413 1.2458535432815552 0
1647272448187 0.8675699830055237 1
1647272458379 0.8085213303565979 2
1647272468433 0.6826803088188171 3
1647272474331 0.6839151978492737 4
1647272480262 0.9849458336830139 5
1647272486170 0.8761948347091675 6
1647272496478 0.7981749176979065 7
1647272502490 0.7307194471359253 8
1647272512810 0.6997418403625488 9
1647272518769 0.579092800617218 10
1647272524677 0.4813423752784729 11
1647272535094 0.4933609664440155 12
1647272541027 0.33852723240852356 13
1647272551354 0.3990931510925293 14
1647272557408 0.49990007281303406 15
1647272563330 0.3255005478858948 16
1647272569274 0.28944310545921326 17
1647272575402 0.28510165214538574 18
1647272581396 0.28135544061660767 19
1647272591645 0.25195080041885376 20
1647272601961 0.24380800127983093 21
1647272612089 0.157107874751091 22
1647272618051 0.268740177154541 23
1647272628427 0.18644841015338898 24
1647272634389 0.2258932739496231 25
1647272640491 0.13159021735191345 26
1647272646476 0.16823670268058777 27
1647272656858 0.15925689041614532 28
1647272662844 0.14512354135513306 29
1647272668851 0.14583201706409454 30
1647272679098 0.1205267682671547 31
1647272685074 0.13940109312534332 32
1647272695335 0.15547125041484833 33
1647272701366 0.11720568686723709 34
1647272707360 0.09658527374267578 35
1647272717618 0.12450555711984634 36
1647272727866 0.11415831744670868 37
1647272738106 0.09749735891819 38
1647272748325 0.11417941004037857 39
