1647272417143 0.95 0
1647272425263 0.9499989290832064 1
1647272425507 0.9499957163787003 2
1647272425634 0.9499903620241033 3
1647272425779 0.9499828662487778 4
1647272425910 0.9499732293738182 5
1647272426043 0.9499614518120361 6
1647272426181 0.949947534067943 7
1647272426323 0.9499314767377286 8
1647272426462 0.9499132805092357 9
1647272426598 0.9498929461619301 10
1647272426725 0.9498704745668676 11
1647272426854 0.9498458666866564 12
1647272426980 0.9498191235754162 13
1647272427105 0.949790246378733 14
1647272427237 0.9497592363336098 15
1647272427368 0.9497260947684136 16
1647272427496 0.9496908231028188 17
1647272427624 0.9496534228477462 18
1647272427752 0.9496138956052983 19
1647272427884 0.9495722430686905 20
1647272428014 0.9495284670221789 21
1647272428147 0.9494825693409835 22
1647272428277 0.9494345519912083 23
1647272428404 0.9493844170297568 24
1647272428532 0.9493321666042439 25
1647272428669 0.9492778029529039 26
1647272428795 0.9492213284044946 27
1647272428929 0.9491627453781977 28
1647272429059 0.9491020563835152 29
1647272429186 0.9490392640201615 30
1647272429313 0.9489743709779526 31
1647272429438 0.9489073800366903 32
1647272429563 0.9488382940660436 33
1647272429688 0.9487671160254256 34
1647272429819 0.9486938489638667 35
1647272429946 0.9486184960198838 36
1647272430071 0.9485410604213463 37
1647272430199 0.9484615454853377 38
1647272430327 0.9483799546180129 39
1647272431333 0.9482962913144534 40
1647272442381 0.9482105591585164 41
1647272442548 0.9481227618226823 42
1647272442689 0.9480329030678967 43
1647272442819 0.9479409867434097 44
1647272442945 0.9478470167866104 45
1647272443073 0.9477509972228593 46
1647272443209 0.9476529321653148 47
1647272443340 0.9475528258147576 48
1647272443475 0.9474506824594107 49
1647272443603 0.9473465064747553 50
1647272443727 0.9472403023233439 51
1647272443855 0.9471320745546089 52
1647272443984 0.9470218278046677 53
1647272444113 0.9469095667961241 54
1647272444248 0.9467952963378663 55
1647272444388 0.94667902132486 56
1647272444518 0.9465607467379401 57
1647272444644 0.9464404776435962 58
1647272444780 0.9463182191937558 59
1647272444912 0.9461939766255643 60
1647272445041 0.9460677552611596 61
1647272445168 0.9459395605074449 62
1647272445314 0.9458093978558567 63
1647272445446 0.94567727288213 64
1647272445576 0.9455431912460588 65
1647272445705 0.945407158691254 66
1647272445836 0.9452691810448978 67
1647272445971 0.945129264217493 68
1647272446109 0.944987414202611 69
1647272446239 0.9448436370766343 70
1647272446367 0.9446979389984965 71
1647272446497 0.9445503262094184 72
1647272446623 0.9444008050326403 73
1647272446752 0.9442493818731521 74
1647272446880 0.9440960632174177 75
1647272447016 0.9439408556330983 76
1647272447142 0.94378376576877 77
1647272447276 0.9436248003536398 78
1647272447409 0.9434639661972571 79
1647272447496 0.9433012701892219 80
1647272452604 0.9431367192988895 81
1647272452752 0.9429703205750726 82
1647272452879 0.9428020811457385 83
1647272453014 0.9426320082177045 84
1647272453146 0.9424601090763289 85
1647272453275 0.9422863910851986 86
1647272453405 0.9421108616858143 87
1647272453538 0.9419335283972712 88
1647272453686 0.9417543988159371 89
1647272453828 0.9415734806151272 90
1647272453953 0.9413907815447751 91
1647272454078 0.9412063094311007 92
1647272454220 0.9410200721762756 93
1647272454351 0.9408320777580839 94
1647272454478 0.9406423342295808 95
1647272454611 0.9404508497187474 96
1647272454745 0.9402576324281429 97
1647272454873 0.9400626906345529 98
1647272455000 0.9398660326886353 99
1647272455138 0.9396676670145617 100
1647272455271 0.9394676021096574 101
1647272455405 0.9392658465440372 102
1647272455541 0.9390624089602378 103
1647272455672 0.9388572980728485 104
1647272455808 0.9386505226681368 105
1647272455938 0.938442091603673 106
1647272456070 0.93823201380795 107
1647272456198 0.9380202982800016 108
1647272456326 0.937806954089016 109
1647272456457 0.9375919903739488 110
1647272456589 0.9373754163431298 111
1647272456718 0.9371572412738697 112
1647272456845 0.9369374745120622 113
1647272456972 0.9367161254717842 114
1647272457098 0.9364932036348917 115
1647272457231 0.9362687185506143 116
1647272457361 0.9360426798351459 117
1647272457486 0.9358150971712327 118
1647272457620 0.9355859803077585 119
1647272457709 0.9353553390593273 120
1647272462821 0.9351231833058425 121
1647272462978 0.9348895229920839 122
1647272463111 0.9346543681272818 123
1647272463239 0.9344177287846877 124
1647272463382 0.9341796151011436 125
1647272463508 0.9339400372766471 126
1647272463634 0.9336990055739148 127
1647272463763 0.9334565303179428 128
1647272463894 0.9332126218955641 129
1647272464021 0.9329672907550034 130
1647272464158 0.9327205474054305 131
1647272464292 0.9324724024165091 132
1647272464437 0.9322228664179448 133
1647272464566 0.9319719500990292 134
1647272464696 0.9317196642081822 135
1647272464822 0.9314660195524919 136
1647272464949 0.9312110269972509 137
1647272465081 0.9309546974654916 138
1647272465209 0.9306970419375182 139
1647272465339 0.930438071450436 140
1647272465466 0.9301777970976786 141
1647272465593 0.9299162300285329 142
1647272465723 0.9296533814476619 143
1647272465855 0.9293892626146236 144
1647272465984 0.92912388484339 145
1647272466120 0.9288572595018616 146
1647272466253 0.9285893980113806 147
1647272466400 0.9283203118462416 148
1647272466526 0.9280500125332005 149
1647272466658 0.92777851165098 150
1647272466784 0.9275058208297746 151
1647272466915 0.9272319517507513 152
1647272467042 0.92695691614555 153
1647272467166 0.9266807257957805 154
1647272467296 0.9264033925325184 155
1647272467423 0.9261249282357974 156
1647272467552 0.9258453448341013 157
1647272467679 0.9255646543038526 158
1647272467809 0.9252828686688992 159
1647272467887 0.9249999999999999 160
1647272468720 0.9247160604143072 161
1647272468857 0.9244310620748477 162
1647272468984 0.9241450171900019 163
1647272469114 0.9238579380129803 164
1647272469240 0.9235698368412999 165
1647272469372 0.9232807260162555 166
1647272469505 0.922990617922393 167
1647272469635 0.9226995249869773 168
1647272469762 0.9224074596794611 169
1647272469896 0.92211443451095 170
1647272470027 0.9218204620336671 171
1647272470159 0.9215255548404148 172
1647272470289 0.9212297255640356 173
1647272470419 0.9209329868768714 174
1647272470555 0.9206353514902197 175
1647272470697 0.9203368321537899 176
1647272470827 0.920037441655157 177
1647272470956 0.9197371928192133 178
1647272471089 0.9194360985076198 179
1647272471215 0.9191341716182544 180
1647272471346 0.9188314250846605 181
1647272471472 0.9185278718754918 182
1647272471605 0.9182235249939574 183
1647272471734 0.917918397477265 184
1647272471864 0.9176125023960616 185
1647272471993 0.9173058528538747 186
1647272472124 0.9169984619865497 187
1647272472262 0.9166903429616885 188
1647272472393 0.9163815089780847 189
1647272472545 0.9160719732651581 190
1647272472677 0.9157617490823885 191
1647272472809 0.9154508497187474 192
1647272472942 0.9151392884921287 193
1647272473071 0.9148270787487786 194
1647272473197 0.9145142338627231 195
1647272473323 0.9142007672351962 196
1647272473454 0.9138866922940646 197
1647272473584 0.9135720224932536 198
1647272473709 0.9132567713121704 199
1647272473786 0.912940952255126 200
1647272474623 0.9126245788507579 201
1647272474758 0.9123076646514496 202
1647272474887 0.9119902232327508 203
1647272475015 0.9116722681927952 204
1647272475160 0.9113538131517186 205
1647272475286 0.911034871751075 206
1647272475416 0.9107154576532525 207
1647272475545 0.910395584540888 208
1647272475679 0.9100752661162809 209
1647272475812 0.9097545161008064 210
1647272475944 0.9094333482343278 211
1647272476082 0.9091117762746074 212
1647272476211 0.9087898139967177 213
1647272476336 0.9084674751924512 214
1647272476466 0.9081447736697295 215
1647272476610 0.9078217232520115 216
1647272476740 0.9074983377777022 217
1647272476873 0.907174631099559 218
1647272477002 0.9068506170840984 219
1647272477150 0.9065263096110026 220
1647272477288 0.9062017225725243 221
1647272477426 0.9058768698728918 222
1647272477556 0.9055517654277139 223
1647272477692 0.9052264231633826 224
1647272477824 0.904900857016478 225
1647272477950 0.9045750809331701 226
1647272478080 0.9042491088686221 227
1647272478207 0.9039229547863922 228
1647272478335 0.903596632657836 229
1647272478469 0.9032701564615071 230
1647272478610 0.9029435401825594 231
1647272478739 0.9026167978121472 232
1647272478867 0.902289943346826 233
1647272479000 0.9019629907879534 234
1647272479133 0.9016359541410888 235
1647272479258 0.9013088474153936 236
1647272479385 0.9009816846230314 237
1647272479510 0.9006544797785672 238
1647272479638 0.9003272468983675 239
1647272479714 0.8999999999999999 240
1647272480545 0.8996727531016324 241
1647272480692 0.8993455202214328 242
1647272480820 0.8990183153769685 243
1647272480952 0.8986911525846063 244
1647272481082 0.8983640458589112 245
1647272481221 0.8980370092120465 246
1647272481351 0.8977100566531739 247
1647272481490 0.8973832021878527 248
1647272481627 0.8970564598174405 249
1647272481757 0.8967298435384928 250
1647272481888 0.896403367342164 251
1647272482020 0.8960770452136078 252
1647272482146 0.8957508911313778 253
1647272482272 0.8954249190668299 254
1647272482403 0.8950991429835219 255
1647272482544 0.8947735768366173 256
1647272482670 0.8944482345722861 257
1647272482797 0.8941231301271081 258
1647272482929 0.8937982774274758 259
1647272483059 0.8934736903889974 260
1647272483192 0.8931493829159016 261
1647272483322 0.8928253689004411 262
1647272483451 0.8925016622222977 263
1647272483583 0.8921782767479884 264
1647272483718 0.8918552263302706 265
1647272483849 0.8915325248075487 266
1647272483978 0.8912101860032823 267
1647272484106 0.8908882237253926 268
1647272484237 0.8905666517656722 269
1647272484371 0.8902454838991936 270
1647272484499 0.8899247338837191 271
1647272484626 0.8896044154591121 272
1647272484759 0.8892845423467475 273
1647272484886 0.8889651282489249 274
1647272485013 0.8886461868482813 275
1647272485144 0.8883277318072047 276
1647272485270 0.8880097767672491 277
1647272485398 0.8876923353485503 278
1647272485538 0.8873754211492421 279
1647272485616 0.8870590477448739 280
1647272490813 0.8867432286878296 281
1647272490966 0.8864279775067463 282
1647272491099 0.8861133077059353 283
1647272491228 0.8857992327648039 284
1647272491363 0.8854857661372768 285
1647272491490 0.8851729212512214 286
1647272491619 0.8848607115078713 287
1647272491757 0.8845491502812526 288
1647272491889 0.8842382509176115 289
1647272492017 0.8839280267348419 290
1647272492149 0.8836184910219153 291
1647272492285 0.8833096570383114 292
1647272492429 0.8830015380134503 293
1647272492559 0.8826941471461253 294
1647272492690 0.8823874976039383 295
1647272492824 0.8820816025227349 296
1647272492952 0.8817764750060425 297
1647272493086 0.8814721281245081 298
1647272493219 0.8811685749153394 299
1647272493349 0.8808658283817454 300
1647272493479 0.8805639014923802 301
1647272493615 0.8802628071807866 302
1647272493742 0.8799625583448429 303
1647272493880 0.87966316784621 304
1647272494019 0.8793646485097802 305
1647272494146 0.8790670131231286 306
1647272494290 0.8787702744359643 307
1647272494418 0.8784744451595852 308
1647272494545 0.8781795379663329 309
1647272494678 0.87788556548905 310
1647272494818 0.8775925403205389 311
1647272494945 0.8773004750130227 312
1647272495072 0.877009382077607 313
1647272495206 0.8767192739837444 314
1647272495332 0.8764301631587 315
1647272495458 0.8761420619870195 316
1647272495590 0.8758549828099981 317
1647272495716 0.8755689379251522 318
1647272495845 0.8752839395856927 319
1647272495927 0.875 320
1647272496781 0.8747171313311007 321
1647272496920 0.8744353456961473 322
1647272497049 0.8741546551658986 323
1647272497182 0.8738750717642025 324
1647272497316 0.8735966074674816 325
1647272497448 0.8733192742042194 326
1647272497578 0.87304308385445 327
1647272497718 0.8727680482492486 328
1647272497853 0.8724941791702253 329
1647272497986 0.8722214883490199 330
1647272498127 0.8719499874667995 331
1647272498258 0.8716796881537583 332
1647272498390 0.8714106019886194 333
1647272498527 0.8711427404981383 334
1647272498670 0.8708761151566099 335
1647272498801 0.8706107373853763 336
1647272498938 0.8703466185523381 337
1647272499067 0.870083769971467 338
1647272499204 0.8698222029023214 339
1647272499338 0.8695619285495639 340
1647272499469 0.8693029580624816 341
1647272499604 0.8690453025345083 342
1647272499734 0.868788973002749 343
1647272499864 0.8685339804475081 344
1647272500002 0.8682803357918177 345
1647272500137 0.8680280499009707 346
1647272500273 0.8677771335820551 347
1647272500409 0.8675275975834909 348
1647272500549 0.8672794525945695 349
1647272500682 0.8670327092449965 350
1647272500818 0.866787378104436 351
1647272500951 0.8665434696820571 352
1647272501078 0.8663009944260851 353
1647272501211 0.8660599627233528 354
1647272501338 0.8658203848988564 355
1647272501467 0.8655822712153123 356
1647272501594 0.8653456318727182 357
1647272501722 0.865110477007916 358
1647272501855 0.8648768166941574 359
1647272501939 0.8646446609406726 360
1647272507061 0.8644140196922414 361
1647272507203 0.8641849028287673 362
1647272507341 0.863957320164854 363
1647272507503 0.8637312814493856 364
1647272507639 0.8635067963651082 365
1647272507772 0.8632838745282158 366
1647272507904 0.8630625254879377 367
1647272508043 0.8628427587261303 368
1647272508179 0.8626245836568701 369
1647272508311 0.8624080096260511 370
1647272508442 0.8621930459109839 371
1647272508575 0.8619797017199984 372
1647272508704 0.86176798619205 373
1647272508831 0.861557908396327 374
1647272508963 0.8613494773318632 375
1647272509093 0.8611427019271515 376
1647272509223 0.8609375910397621 377
1647272509353 0.8607341534559627 378
1647272509510 0.8605323978903425 379
1647272509651 0.8603323329854382 380
1647272509786 0.8601339673113646 381
1647272509914 0.859937309365447 382
1647272510047 0.8597423675718571 383
1647272510188 0.8595491502812526 384
1647272510325 0.8593576657704192 385
1647272510454 0.8591679222419161 386
1647272510588 0.8589799278237243 387
1647272510717 0.8587936905688992 388
1647272510852 0.8586092184552249 389
1647272510989 0.8584265193848727 390
1647272511128 0.8582456011840628 391
1647272511256 0.8580664716027288 392
1647272511383 0.8578891383141857 393
1647272511519 0.8577136089148013 394
1647272511657 0.857539890923671 395
1647272511783 0.8573679917822954 396
1647272511910 0.8571979188542614 397
1647272512038 0.8570296794249274 398
1647272512169 0.8568632807011104 399
1647272512249 0.856698729810778 400
1647272513109 0.8565360338027428 401
1647272513253 0.8563751996463601 402
1647272513385 0.85621623423123 403
1647272513517 0.8560591443669017 404
1647272513647 0.8559039367825823 405
1647272513776 0.8557506181268479 406
1647272513923 0.8555991949673596 407
1647272514058 0.8554496737905816 408
1647272514189 0.8553020610015034 409
1647272514322 0.8551563629233656 410
1647272514453 0.8550125857973889 411
1647272514583 0.8548707357825069 412
1647272514716 0.8547308189551022 413
1647272514846 0.8545928413087459 414
1647272514977 0.8544568087539411 415
1647272515109 0.8543227271178699 416
1647272515258 0.8541906021441432 417
1647272515391 0.8540604394925551 418
1647272515521 0.8539322447388403 419
1647272515653 0.8538060233744357 420
1647272515785 0.853681780806244 421
1647272515915 0.8535595223564038 422
1647272516051 0.8534392532620598 423
1647272516182 0.8533209786751399 424
1647272516320 0.8532047036621337 425
1647272516449 0.8530904332038758 426
1647272516579 0.8529781721953322 427
1647272516707 0.852867925445391 428
1647272516841 0.852759697676656 429
1647272516972 0.8526534935252447 430
1647272517102 0.8525493175405893 431
1647272517229 0.8524471741852423 432
1647272517360 0.8523470678346852 433
1647272517485 0.8522490027771407 434
1647272517614 0.8521529832133895 435
1647272517745 0.8520590132565903 436
1647272517872 0.8519670969321033 437
1647272518014 0.8518772381773176 438
1647272518139 0.8517894408414836 439
1647272518219 0.8517037086855466 440
1647272519050 0.851620045381987 441
1647272519182 0.8515384545146623 442
1647272519311 0.8514589395786536 443
1647272519439 0.8513815039801161 444
1647272519566 0.8513061510361333 445
1647272519696 0.8512328839745743 446
1647272519832 0.8511617059339563 447
1647272519964 0.8510926199633096 448
1647272520090 0.8510256290220474 449
1647272520230 0.8509607359798385 450
1647272520372 0.8508979436164847 451
1647272520503 0.8508372546218023 452
1647272520631 0.8507786715955054 453
1647272520770 0.8507221970470961 454
1647272520899 0.850667833395756 455
1647272521026 0.8506155829702431 456
1647272521161 0.8505654480087916 457
1647272521291 0.8505174306590164 458
1647272521420 0.8504715329778211 459
1647272521554 0.8504277569313095 460
1647272521688 0.8503861043947016 461
1647272521818 0.8503465771522537 462
1647272521947 0.8503091768971811 463
1647272522085 0.8502739052315863 464
1647272522214 0.8502407636663901 465
1647272522359 0.8502097536212669 466
1647272522495 0.8501808764245837 467
1647272522621 0.8501541333133436 468
1647272522752 0.8501295254331324 469
1647272522885 0.8501070538380698 470
1647272523013 0.8500867194907642 471
1647272523141 0.8500685232622713 472
1647272523276 0.850052465932057 473
1647272523402 0.8500385481879639 474
1647272523528 0.8500267706261817 475
1647272523655 0.8500171337512221 476
1647272523791 0.8500096379758967 477
1647272523917 0.8500042836212996 478
1647272524042 0.8500010709167936 479
1647272524119 0.850000196699576 480
1647272529327 0.8500007867967567 481
1647272529470 0.850001770286899 482
1647272529610 0.850003147162265 483
1647272529738 0.8500049174120212 484
1647272529866 0.8500070810222395 485
1647272529993 0.8500096379758968 486
1647272530124 0.8500125882528746 487
1647272530252 0.8500159318299606 488
1647272530383 0.8500196686808473 489
1647272530518 0.8500237987761334 490
1647272530652 0.8500283220833234 491
1647272530781 0.8500332385668277 492
1647272530914 0.8500385481879639 493
1647272531044 0.8500442509049556 494
1647272531202 0.8500503466729342 495
1647272531337 0.8500568354439383 496
1647272531473 0.8500637171669142 497
1647272531606 0.8500709917877166 498
1647272531738 0.8500786592491092 499
1647272531865 0.8500867194907642 500
1647272531992 0.8500951724492639 501
1647272532123 0.8501040180581007 502
1647272532251 0.8501132562476772 503
1647272532383 0.8501228869453077 504
1647272532519 0.850132910075218 505
1647272532651 0.8501433255585462 506
1647272532782 0.8501541333133436 507
1647272532915 0.8501653332545749 508
1647272533042 0.850176925294119 509
1647272533173 0.8501889093407702 510
1647272533306 0.850201285300238 511
1647272533433 0.8502140530751487 512
1647272533564 0.8502272125650456 513
1647272533690 0.8502407636663901 514
1647272533818 0.8502547062725624 515
1647272533944 0.8502690402738622 516
1647272534070 0.8502837655575097 517
1647272534200 0.850298882007647 518
1647272534330 0.8503143895053379 519
1647272534410 0.8503302879285696 520
1647272535370 0.8503465771522537 521
1647272535512 0.8503632570482268 522
1647272535654 0.8503803274852517 523
1647272535786 0.8503977883290188 524
1647272535917 0.850415639442146 525
1647272536049 0.8504338806841815 526
1647272536175 0.8504525119116032 527
1647272536302 0.8504715329778211 528
1647272536436 0.8504909437331777 529
1647272536564 0.8505107440249495 530
1647272536693 0.8505309336973481 531
1647272536823 0.8505515125915216 532
1647272536953 0.8505724805455556 533
1647272537090 0.8505938373944746 534
1647272537219 0.8506155829702431 535
1647272537356 0.8506377171017675 536
1647272537488 0.8506602396148967 537
1647272537642 0.8506831503324239 538
1647272537772 0.8507064490740882 539
1647272537903 0.8507301356565753 540
1647272538032 0.8507542098935196 541
1647272538168 0.8507786715955054 542
1647272538297 0.8508035205700685 543
1647272538425 0.8508287566216975 544
1647272538559 0.8508543795518357 545
1647272538694 0.8508803891588823 546
1647272538825 0.8509067852381941 547
1647272538959 0.8509335675820872 548
1647272539089 0.8509607359798385 549
1647272539222 0.8509882902176876 550
1647272539348 0.8510162300788382 551
1647272539475 0.85104455534346 552
1647272539605 0.8510732657886902 553
1647272539744 0.8511023611886356 554
1647272539870 0.851131841314374 555
1647272539997 0.8511617059339563 556
1647272540127 0.8511919548124083 557
1647272540259 0.8512225877117321 558
1647272540387 0.8512536043909088 559
1647272540466 0.8512850046058995 560
1647272545653 0.8513167881096481 561
1647272545822 0.8513489546520822 562
1647272545963 0.8513815039801161 563
1647272546095 0.8514144358376524 564
1647272546227 0.8514477499655837 565
1647272546359 0.851481446101795 566
1647272546505 0.8515155239811656 567
1647272546635 0.8515499833355715 568
1647272546767 0.8515848238938869 569
1647272546901 0.851620045381987 570
1647272547030 0.8516556475227497 571
1647272547163 0.8516916300360579 572
1647272547294 0.8517279926388018 573
1647272547421 0.8517647350448811 574
1647272547561 0.8518018569652073 575
1647272547704 0.8518393581077056 576
1647272547835 0.8518772381773176 577
1647272547967 0.8519154968760037 578
1647272548105 0.851954133902745 579
1647272548234 0.851993148953546 580
1647272548368 0.8520325417214372 581
1647272548512 0.8520723118964767 582
1647272548644 0.8521124591657534 583
1647272548772 0.8521529832133895 584
1647272548903 0.8521938837205424 585
1647272549032 0.8522351603654075 586
1647272549164 0.852276812823221 587
1647272549299 0.8523188407662619 588
1647272549426 0.8523612438638551 589
1647272549554 0.852404021782374 590
1647272549684 0.8524471741852423 591
1647272549817 0.8524907007329379 592
1647272549944 0.8525346010829944 593
1647272550070 0.8525788748900048 594
1647272550203 0.8526235218056235 595
1647272550332 0.8526685414785693 596
1647272550464 0.8527139335546282 597
1647272550595 0.852759697676656 598
1647272550725 0.8528058334845816 599
1647272550806 0.852852340615409 600
1647272551644 0.852899218703221 601
1647272551787 0.8529464673791817 602
1647272551919 0.852994086271539 603
1647272552051 0.8530420750056286 604
1647272552183 0.8530904332038758 605
1647272552314 0.8531391604857991 606
1647272552454 0.8531882564680131 607
1647272552580 0.8532377207642315 608
1647272552712 0.85328755298527 609
1647272552858 0.8533377527390495 610
1647272552990 0.8533883196305992 611
1647272553120 0.8534392532620598 612
1647272553262 0.8534905532326862 613
1647272553391 0.8535422191388511 614
1647272553524 0.853594250574048 615
1647272553654 0.8536466471288946 616
1647272553781 0.8536994083911356 617
1647272553914 0.8537525339456462 618
1647272554044 0.8538060233744357 619
1647272554176 0.8538598762566498 620
1647272554305 0.8539140921685753 621
1647272554432 0.8539686706836421 622
1647272554563 0.8540236113724274 623
1647272554691 0.8540789138026589 624
1647272554833 0.854134577539218 625
1647272554967 0.8541906021441432 626
1647272555093 0.8542469871766339 627
1647272555220 0.8543037321930539 628
1647272555354 0.8543608367469341 629
1647272555481 0.8544183003889768 630
1647272555611 0.8544761226670592 631
1647272555736 0.8545343031262365 632
1647272555871 0.8545928413087459 633
1647272556001 0.85465173675401 634
1647272556130 0.8547109889986403 635
1647272556262 0.8547705975764412 636
1647272556391 0.8548305620184135 637
1647272556518 0.8548908818527579 638
1647272556645 0.854951556604879 639
1647272556722 0.8550125857973889 640
1647272557692 0.8550739689501109 641
1647272557826 0.8551357055800834 642
1647272557958 0.8551977952015637 643
1647272558092 0.8552602373260316 644
1647272558219 0.8553230314621937 645
1647272558351 0.8553861771159866 646
1647272558480 0.8554496737905816 647
1647272558609 0.8555135209863877 648
1647272558740 0.8555777182010563 649
1647272558866 0.855642264929485 650
1647272559002 0.855707160663821 651
1647272559138 0.8557724048934658 652
1647272559270 0.855837997105079 653
1647272559417 0.8559039367825823 654
1647272559550 0.8559702234071631 655
1647272559683 0.8560368564572796 656
1647272559816 0.856103835408664 657
1647272559946 0.8561711597343271 658
1647272560078 0.8562388289045623 659
1647272560214 0.8563068423869495 660
1647272560347 0.8563751996463601 661
1647272560479 0.8564439001449601 662
1647272560610 0.8565129433422152 663
1647272560738 0.8565823286948947 664
1647272560868 0.8566520556570758 665
1647272560997 0.856722123680148 666
1647272561126 0.8567925322128173 667
1647272561257 0.8568632807011104 668
1647272561409 0.8569343685883796 669
1647272561540 0.8570057953153064 670
1647272561666 0.8570775603199067 671
1647272561793 0.8571496630375346 672
1647272561920 0.8572221029008871 673
1647272562054 0.8572948793400086 674
1647272562182 0.8573679917822954 675
1647272562313 0.8574414396524999 676
1647272562440 0.8575152223727356 677
1647272562573 0.8575893393624813 678
1647272562699 0.8576637900385857 679
1647272562775 0.8577385738152723 680
1647272563622 0.8578136901041435 681
1647272563771 0.8578891383141857 682
1647272563903 0.8579649178517734 683
1647272564038 0.8580410281206748 684
1647272564167 0.8581174685220555 685
1647272564299 0.8581942384544837 686
1647272564432 0.8582713373139348 687
1647272564563 0.8583487644937964 688
1647272564691 0.8584265193848727 689
1647272564824 0.8585046013753895 690
1647272564953 0.8585830098509991 691
1647272565085 0.8586617441947849 692
1647272565212 0.8587408037872665 693
1647272565346 0.8588201880064043 694
1647272565478 0.8588998962276044 695
1647272565608 0.8589799278237243 696
1647272565756 0.8590602821650765 697
1647272565886 0.8591409586194343 698
1647272566021 0.8592219565520369 699
1647272566162 0.859303275325594 700
1647272566292 0.8593849143002907 701
1647272566422 0.8594668728337931 702
1647272566553 0.8595491502812526 703
1647272566683 0.8596317459953119 704
1647272566814 0.8597146593261091 705
1647272566950 0.8597978896212837 706
1647272567080 0.8598814362259811 707
1647272567209 0.859965298482858 708
1647272567341 0.8600494757320876 709
1647272567470 0.8601339673113646 710
1647272567602 0.860218772555911 711
1647272567740 0.8603038907984802 712
1647272567868 0.8603893213693636 713
1647272567997 0.8604750635963948 714
1647272568125 0.8605611168049554 715
1647272568257 0.8606474803179803 716
1647272568389 0.8607341534559627 717
1647272568518 0.8608211355369599 718
1647272568645 0.8609084258765984 719
1647272568723 0.8609960237880794 720
1647272569562 0.8610839285821836 721
1647272569699 0.861172139567278 722
1647272569831 0.8612606560493199 723
1647272569964 0.8613494773318632 724
1647272570102 0.8614386027160633 725
1647272570247 0.8615280315006835 726
1647272570384 0.8616177629820995 727
1647272570513 0.8617077964543054 728
1647272570646 0.8617981312089196 729
1647272570775 0.8618887665351896 730
1647272570909 0.8619797017199984 731
1647272571039 0.8620709360478693 732
1647272571176 0.8621624688009724 733
1647272571306 0.8622542992591292 734
1647272571439 0.8623464266998194 735
1647272571573 0.8624388503981859 736
1647272571707 0.8625315696270406 737
1647272571844 0.8626245836568701 738
1647272571977 0.8627178917558417 739
1647272572114 0.8628114931898088 740
1647272572268 0.8629053872223168 741
1647272572402 0.8629995731146092 742
1647272572532 0.8630940501256329 743
1647272572662 0.8631888175120445 744
1647272572796 0.8632838745282156 745
1647272572929 0.8633792204262395 746
1647272573063 0.8634748544559361 747
1647272573199 0.8635707758648584 748
1647272573334 0.8636669838982987 749
1647272573474 0.8637634777992934 750
1647272573610 0.8638602568086304 751
1647272573736 0.863957320164854 752
1647272573864 0.8640546671042715 753
1647272573992 0.8641522968609586 754
1647272574121 0.8642502086667662 755
1647272574266 0.8643484017513259 756
1647272574395 0.864446875342056 757
1647272574527 0.8645456286641681 758
1647272574655 0.8646446609406726 759
1647272574733 0.8647439713923853 760
1647272575690 0.8648435592379334 761
1647272575832 0.8649434236937613 762
1647272575966 0.8650435639741371 763
1647272576101 0.8651439792911588 764
1647272576236 0.8652446688547605 765
1647272576365 0.8653456318727182 766
1647272576497 0.8654468675506567 767
1647272576629 0.8655483750920555 768
1647272576764 0.8656501536982549 769
1647272576895 0.8657522025684625 770
1647272577026 0.8658545208997597 771
1647272577158 0.8659571078871073 772
1647272577290 0.8660599627233528 773
1647272577426 0.8661630845992363 774
1647272577558 0.8662664727033963 775
1647272577691 0.8663701262223771 776
1647272577824 0.8664740443406345 777
1647272577954 0.8665782262405425 778
1647272578086 0.8666826711023998 779
1647272578217 0.8667873781044358 780
1647272578360 0.8668923464228179 781
1647272578489 0.8669975752316569 782
1647272578619 0.8671030637030144 783
1647272578762 0.8672088110069087 784
1647272578897 0.8673148163113221 785
1647272579033 0.8674210787822066 786
1647272579166 0.8675275975834909 787
1647272579295 0.8676343718770866 788
1647272579427 0.8677414008228956 789
1647272579561 0.867848683578816 790
1647272579691 0.8679562193007487 791
1647272579819 0.8680640071426048 792
1647272579950 0.8681720462563111 793
1647272580083 0.8682803357918177 794
1647272580213 0.8683888748971045 795
1647272580340 0.8684976627181876 796
1647272580473 0.8686066983991263 797
1647272580604 0.8687159810820296 798
1647272580748 0.8688255099070633 799
1647272580831 0.8689352840124565 800
1647272585970 0.8690453025345083 801
1647272586128 0.8691555646075948 802
1647272586270 0.869266069364176 803
1647272586401 0.8693768159348024 804
1647272586530 0.8694878034481218 805
1647272586664 0.8695990310308862 806
1647272586796 0.869710497807959 807
1647272586926 0.8698222029023214 808
1647272587057 0.8699341454350797 809
1647272587189 0.8700463245254719 810
1647272587317 0.8701587392908747 811
1647272587457 0.870271388846811 812
1647272587596 0.8703842723069556 813
1647272587725 0.8704973887831435 814
1647272587855 0.8706107373853763 815
1647272587983 0.870724317221829 816
1647272588115 0.8708381273988574 817
1647272588244 0.8709521670210049 818
1647272588375 0.8710664351910097 819
1647272588509 0.8711809310098119 820
1647272588640 0.8712956535765601 821
1647272588767 0.8714106019886194 822
1647272588900 0.8715257753415774 823
1647272589035 0.8716411727292521 824
1647272589167 0.8717567932436991 825
1647272589301 0.8718726359752178 826
1647272589436 0.8719887000123598 827
1647272589585 0.8721049844419351 828
1647272589718 0.8722214883490198 829
1647272589847 0.8723382108169633 830
1647272589980 0.8724551509273948 831
1647272590112 0.8725723077602319 832
1647272590243 0.8726896803936864 833
1647272590375 0.8728072679042725 834
1647272590508 0.8729250693668137 835
1647272590638 0.87304308385445 836
1647272590767 0.8731613104386453 837
1647272590896 0.8732797481891952 838
1647272591023 0.8733983961742331 839
1647272591104 0.8735172534602389 840
1647272596192 0.8736363191120455 841
1647272596351 0.8737555921928462 842
1647272596480 0.8738750717642025 843
1647272596612 0.8739947568860512 844
1647272596749 0.8741146466167118 845
1647272596878 0.8742347400128939 846
1647272597006 0.8743550361297047 847
1647272597136 0.8744755340206563 848
1647272597266 0.8745962327376735 849
1647272597395 0.8747171313311007 850
1647272597529 0.87483822884971 851
1647272597667 0.874959524340708 852
1647272597801 0.8750810168497438 853
1647272597935 0.8752027054209166 854
1647272598070 0.8753245890967827 855
1647272598202 0.8754466669183633 856
1647272598336 0.8755689379251522 857
1647272598469 0.8756914011551233 858
1647272598603 0.875814055644738 859
1647272598739 0.8759369004289527 860
1647272598866 0.8760599345412268 861
1647272598993 0.8761831570135301 862
1647272599120 0.87630656687635 863
1647272599250 0.8764301631587 864
1647272599378 0.8765539448881268 865
1647272599508 0.8766779110907175 866
1647272599642 0.8768020607911082 867
1647272599768 0.8769263930124914 868
1647272599896 0.8770509067766231 869
1647272600026 0.8771756011038311 870
1647272600180 0.8773004750130227 871
1647272600308 0.8774255275216918 872
1647272600437 0.8775507576459277 873
1647272600565 0.8776761644004218 874
1647272600692 0.8778017467984759 875
1647272600819 0.8779275038520097 876
1647272600948 0.8780534345715689 877
1647272601077 0.8781795379663329 878
1647272601203 0.878305813044122 879
1647272601281 0.8784322588114064 880
1647272606422 0.8785588742733126 881
1647272606566 0.8786856584336326 882
1647272606702 0.8788126102948306 883
1647272606844 0.8789397288580514 884
1647272606987 0.8790670131231286 885
1647272607118 0.8791944620885915 886
1647272607246 0.8793220747516739 887
1647272607379 0.8794498501083217 888
1647272607513 0.8795777871532001 889
1647272607642 0.8797058848797031 890
1647272607771 0.8798341422799597 891
1647272607899 0.8799625583448429 892
1647272608027 0.8800911320639773 893
1647272608153 0.880219862425747 894
1647272608287 0.8803487484173038 895
1647272608418 0.8804777890245747 896
1647272608548 0.8806069832322707 897
1647272608682 0.8807363300238937 898
1647272608815 0.8808658283817454 899
1647272608955 0.8809954772869351 900
1647272609085 0.8811252757193871 901
1647272609218 0.8812552226578497 902
1647272609348 0.8813853170799028 903
1647272609475 0.8815155579619652 904
1647272609612 0.8816459442793042 905
1647272609745 0.8817764750060425 906
1647272609875 0.8819071491151663 907
1647272610007 0.8820379655785342 908
1647272610134 0.8821689233668843 909
1647272610265 0.882300021449843 910
1647272610396 0.8824312587959329 911
1647272610523 0.8825626343725805 912
1647272610649 0.8826941471461254 913
1647272610778 0.8828257960818269 914
1647272610920 0.8829575801438737 915
1647272611048 0.883089498295391 916
1647272611176 0.8832215494984489 917
1647272611311 0.8833537327140709 918
1647272611440 0.8834860469022416 919
1647272611519 0.8836184910219153 920
1647272612373 0.8837510640310239 921
1647272612509 0.883883764886485 922
1647272612641 0.8840165925442109 923
1647272612768 0.8841495459591155 924
1647272612899 0.8842826240851238 925
1647272613030 0.8844158258751793 926
1647272613161 0.8845491502812526 927
1647272613298 0.8846825962543494 928
1647272613431 0.8848161627445192 929
1647272613566 0.8849498487008631 930
1647272613697 0.8850836530715421 931
1647272613833 0.8852175748037859 932
1647272613966 0.8853516128439005 933
1647272614095 0.8854857661372768 934
1647272614230 0.8856200336283991 935
1647272614360 0.8857544142608529 936
1647272614488 0.8858889069773338 937
1647272614617 0.8860235107196553 938
1647272614753 0.8861582244287575 939
1647272614885 0.8862930470447151 940
1647272615016 0.8864279775067463 941
1647272615149 0.8865630147532202 942
1647272615288 0.8866981577216662 943
1647272615420 0.8868334053487817 944
1647272615554 0.8869687565704407 945
1647272615684 0.8871042103217021 946
1647272615816 0.8872397655368178 947
1647272615955 0.8873754211492421 948
1647272616082 0.8875111760916387 949
1647272616215 0.8876470292958899 950
1647272616351 0.8877829796931053 951
1647272616480 0.8879190262136292 952
1647272616611 0.8880551677870501 953
1647272616739 0.8881914033422083 954
1647272616869 0.8883277318072047 955
1647272617003 0.8884641521094093 956
1647272617138 0.8886006631754696 957
1647272617270 0.8887372639313187 958
1647272617400 0.8888739533021842 959
1647272617483 0.8890107302125965 960
1647272622648 0.8891475935863972 961
1647272622792 0.8892845423467475 962
1647272622928 0.8894215754161369 963
1647272623057 0.8895586917163915 964
1647272623192 0.8896958901686827 965
1647272623322 0.8898331696935353 966
1647272623451 0.8899705292108363 967
1647272623580 0.8901079676398435 968
1647272623712 0.8902454838991936 969
1647272623845 0.8903830769069109 970
1647272623976 0.890520745580416 971
1647272624129 0.8906584888365342 972
1647272624260 0.8907963055915039 973
1647272624391 0.890934194760985 974
1647272624519 0.8910721552600681 975
1647272624652 0.8912101860032823 976
1647272624782 0.8913482859046038 977
1647272624909 0.8914864538774652 978
1647272625040 0.8916246888347632 979
1647272625169 0.8917629896888672 980
1647272625300 0.891901355351629 981
1647272625427 0.8920397847343893 982
1647272625559 0.8921782767479884 983
1647272625688 0.8923168303027734 984
1647272625822 0.8924554443086073 985
1647272625955 0.8925941176748776 986
1647272626112 0.8927328493105043 987
1647272626240 0.8928716381239494 988
1647272626375 0.8930104830232249 989
1647272626507 0.8931493829159015 990
1647272626638 0.8932883367091172 991
1647272626765 0.8934273433095857 992
1647272626894 0.8935664016236058 993
1647272627025 0.8937055105570687 994
1647272627156 0.8938446690154678 995
1647272627284 0.8939838759039067 996
1647272627416 0.8941231301271081 997
1647272627545 0.8942624305894219 998
1647272627673 0.8944017761948346 999
1647272627751 0.8945411658469772 1000
1647272628726 0.8946805984491344 1001
1647272628862 0.8948200729042528 1002
1647272628991 0.8949595881149497 1003
1647272629123 0.8950991429835219 1004
1647272629256 0.8952387364119541 1005
1647272629384 0.8953783673019273 1006
1647272629518 0.8955180345548283 1007
1647272629648 0.8956577370717573 1008
1647272629785 0.8957974737535376 1009
1647272629924 0.895937243500723 1010
1647272630052 0.8960770452136078 1011
1647272630184 0.8962168777922341 1012
1647272630312 0.896356740136402 1013
1647272630444 0.8964966311456766 1014
1647272630590 0.896636549719398 1015
1647272630719 0.8967764947566892 1016
1647272630852 0.896916465156465 1017
1647272630983 0.8970564598174405 1018
1647272631117 0.8971964776381404 1019
1647272631253 0.8973365175169067 1020
1647272631392 0.897476578351908 1021
1647272631524 0.897616659041148 1022
1647272631654 0.8977567584824742 1023
1647272631783 0.8978968755735867 1024
1647272631911 0.8980370092120465 1025
1647272632044 0.8981771582952846 1026
1647272632181 0.8983173217206103 1027
1647272632313 0.8984574983852202 1028
1647272632452 0.8985976871862065 1029
1647272632596 0.8987378870205663 1030
1647272632726 0.8988780967852097 1031
1647272632857 0.8990183153769685 1032
1647272632985 0.8991585416926053 1033
1647272633114 0.8992987746288219 1034
1647272633245 0.8994390130822677 1035
1647272633375 0.899579255949549 1036
1647272633504 0.8997195021272375 1037
1647272633633 0.8998597505118784 1038
1647272633760 0.8999999999999999 1039
1647272633843 0.9001402494881215 1040
1647272634670 0.9002804978727624 1041
1647272634806 0.9004207440504509 1042
1647272634936 0.9005609869177322 1043
1647272635074 0.900701225371178 1044
1647272635205 0.9008414583073946 1045
1647272635340 0.9009816846230314 1046
1647272635477 0.9011219032147902 1047
1647272635607 0.9012621129794336 1048
1647272635738 0.9014023128137935 1049
1647272635870 0.9015425016147798 1050
1647272636005 0.9016826782793896 1051
1647272636137 0.9018228417047154 1052
1647272636278 0.9019629907879534 1053
1647272636412 0.9021031244264132 1054
1647272636544 0.9022432415175257 1055
1647272636680 0.902383340958852 1056
1647272636813 0.902523421648092 1057
1647272636942 0.9026634824830932 1058
1647272637094 0.9028035223618596 1059
1647272637230 0.9029435401825594 1060
1647272637362 0.9030835348435351 1061
1647272637497 0.9032235052433107 1062
1647272637630 0.9033634502806019 1063
1647272637759 0.9035033688543234 1064
1647272637892 0.903643259863598 1065
1647272638024 0.9037831222077658 1066
1647272638155 0.9039229547863922 1067
1647272638297 0.9040627564992769 1068
1647272638436 0.9042025262464624 1069
1647272638568 0.9043422629282425 1070
1647272638698 0.9044819654451717 1071
1647272638828 0.9046216326980726 1072
1647272638954 0.9047612635880459 1073
1647272639107 0.904900857016478 1074
1647272639235 0.9050404118850501 1075
1647272639362 0.9051799270957471 1076
1647272639496 0.9053194015508655 1077
1647272639623 0.9054588341530228 1078
1647272639751 0.9055982238051654 1079
1647272639828 0.905737569410578 1080
1647272640774 0.9058768698728918 1081
1647272640915 0.9060161240960931 1082
1647272641046 0.906155330984532 1083
1647272641179 0.9062944894429312 1084
1647272641315 0.9064335983763941 1085
1647272641446 0.9065726566904141 1086
1647272641590 0.9067116632908827 1087
1647272641727 0.9068506170840983 1088
1647272641860 0.9069895169767749 1089
1647272641992 0.9071283618760504 1090
1647272642128 0.9072671506894956 1091
1647272642259 0.9074058823251223 1092
1647272642402 0.9075445556913926 1093
1647272642537 0.9076831696972265 1094
1647272642665 0.9078217232520115 1095
1647272642795 0.9079602152656107 1096
1647272642935 0.908098644648371 1097
1647272643068 0.9082370103111326 1098
1647272643200 0.9083753111652367 1099
1647272643334 0.9085135461225348 1100
1647272643471 0.9086517140953961 1101
1647272643612 0.9087898139967177 1102
1647272643747 0.9089278447399318 1103
1647272643876 0.9090658052390149 1104
1647272644007 0.909203694408496 1105
1647272644141 0.9093415111634657 1106
1647272644274 0.9094792544195839 1107
1647272644406 0.9096169230930891 1108
1647272644543 0.9097545161008064 1109
1647272644679 0.9098920323601565 1110
1647272644807 0.9100294707891636 1111
1647272644943 0.9101668303064646 1112
1647272645071 0.9103041098313173 1113
1647272645199 0.9104413082836085 1114
1647272645326 0.9105784245838631 1115
1647272645461 0.9107154576532525 1116
1647272645589 0.9108524064136028 1117
1647272645722 0.9109892697874034 1118
1647272645852 0.9111260466978157 1119
1647272645930 0.9112627360686811 1120
1647272651043 0.9113993368245303 1121
1647272651204 0.9115358478905906 1122
1647272651334 0.9116722681927952 1123
1647272651466 0.9118085966577917 1124
1647272651595 0.9119448322129499 1125
1647272651727 0.9120809737863707 1126
1647272651859 0.9122170203068947 1127
1647272651993 0.91235297070411 1128
1647272652120 0.9124888239083613 1129
1647272652253 0.9126245788507579 1130
1647272652396 0.9127602344631821 1131
1647272652528 0.9128957896782979 1132
1647272652676 0.9130312434295592 1133
1647272652813 0.9131665946512182 1134
1647272652946 0.9133018422783337 1135
1647272653083 0.9134369852467797 1136
1647272653215 0.9135720224932536 1137
1647272653347 0.9137069529552848 1138
1647272653484 0.9138417755712425 1139
1647272653615 0.9139764892803446 1140
1647272653745 0.9141110930226661 1141
1647272653873 0.9142455857391469 1142
1647272654008 0.9143799663716008 1143
1647272654140 0.914514233862723 1144
1647272654274 0.9146483871560994 1145
1647272654408 0.914782425196214 1146
1647272654545 0.9149163469284578 1147
1647272654678 0.9150501512991368 1148
1647272654809 0.9151838372554807 1149
1647272654939 0.9153174037456505 1150
1647272655071 0.9154508497187474 1151
1647272655206 0.9155841741248205 1152
1647272655333 0.915717375914876 1153
1647272655468 0.9158504540408844 1154
1647272655605 0.915983407455789 1155
1647272655734 0.9161162351135148 1156
1647272655864 0.916248935968976 1157
1647272655996 0.9163815089780847 1158
1647272656124 0.9165139530977583 1159
1647272656201 0.916646267285929 1160
1647272657142 0.916778450501551 1161
1647272657278 0.916910501704609 1162
1647272657413 0.9170424198561262 1163
1647272657539 0.9171742039181731 1164
1647272657667 0.9173058528538747 1165
1647272657795 0.9174373656274194 1166
1647272657936 0.9175687412040671 1167
1647272658064 0.917699978550157 1168
1647272658195 0.9178310766331156 1169
1647272658330 0.9179620344214657 1170
1647272658464 0.9180928508848336 1171
1647272658594 0.9182235249939574 1172
1647272658726 0.9183540557206956 1173
1647272658871 0.9184844420380347 1174
1647272659015 0.9186146829200972 1175
1647272659147 0.9187447773421502 1176
1647272659277 0.9188747242806128 1177
1647272659413 0.9190045227130649 1178
1647272659544 0.9191341716182544 1179
1647272659686 0.9192636699761062 1180
1647272659823 0.9193930167677292 1181
1647272659953 0.9195222109754251 1182
1647272660086 0.9196512515826961 1183
1647272660219 0.9197801375742529 1184
1647272660349 0.9199088679360227 1185
1647272660479 0.920037441655157 1186
1647272660614 0.9201658577200402 1187
1647272660749 0.9202941151202968 1188
1647272660882 0.9204222128467998 1189
1647272661017 0.9205501498916783 1190
1647272661145 0.920677925248326 1191
1647272661275 0.9208055379114084 1192
1647272661406 0.9209329868768713 1193
1647272661536 0.9210602711419484 1194
1647272661680 0.9211873897051694 1195
1647272661809 0.9213143415663674 1196
1647272661946 0.9214411257266872 1197
1647272662074 0.9215677411885935 1198
1647272662201 0.9216941869558779 1199
1647272662279 0.9218204620336671 1200
1647272663130 0.921946565428431 1201
1647272663274 0.9220724961479903 1202
1647272663424 0.922198253201524 1203
1647272663561 0.9223238355995781 1204
1647272663694 0.9224492423540722 1205
1647272663827 0.922574472478308 1206
1647272663958 0.9226995249869773 1207
1647272664091 0.9228243988961689 1208
1647272664227 0.9229490932233768 1209
1647272664361 0.9230736069875085 1210
1647272664492 0.9231979392088917 1211
1647272664625 0.9233220889092825 1212
1647272664764 0.9234460551118732 1213
1647272664898 0.9235698368412999 1214
1647272665028 0.9236934331236499 1215
1647272665167 0.9238168429864698 1216
1647272665299 0.923940065458773 1217
1647272665436 0.9240630995710473 1218
1647272665577 0.9241859443552619 1219
1647272665706 0.9243085988448766 1220
1647272665840 0.9244310620748477 1221
1647272665971 0.9245533330816367 1222
1647272666105 0.9246754109032173 1223
1647272666238 0.9247972945790833 1224
1647272666373 0.9249189831502561 1225
1647272666507 0.9250404756592919 1226
1647272666637 0.92516177115029 1227
1647272666765 0.9252828686688992 1228
1647272666897 0.9254037672623264 1229
1647272667028 0.9255244659793436 1230
1647272667158 0.9256449638702953 1231
1647272667290 0.925765259987106 1232
1647272667437 0.9258853533832881 1233
1647272667569 0.9260052431139487 1234
1647272667701 0.9261249282357974 1235
1647272667838 0.9262444078071538 1236
1647272667971 0.9263636808879545 1237
1647272668101 0.926482746539761 1238
1647272668229 0.9266016038257667 1239
1647272668305 0.9267202518108048 1240
1647272673404 0.9268386895613545 1241
1647272673558 0.92695691614555 1242
1647272673689 0.9270749306331862 1243
1647272673824 0.9271927320957274 1244
1647272673951 0.9273103196063135 1245
1647272674095 0.9274276922397681 1246
1647272674230 0.927544849072605 1247
1647272674359 0.9276617891830367 1248
1647272674495 0.92777851165098 1249
1647272674627 0.9278950155580648 1250
1647272674762 0.9280112999876401 1251
1647272674894 0.928127364024782 1252
1647272675036 0.9282432067563008 1253
1647272675167 0.9283588272707477 1254
1647272675296 0.9284742246584226 1255
1647272675424 0.9285893980113805 1256
1647272675553 0.9287043464234398 1257
1647272675687 0.9288190689901881 1258
1647272675824 0.9289335648089903 1259
1647272675959 0.9290478329789951 1260
1647272676098 0.9291618726011426 1261
1647272676235 0.929275682778171 1262
1647272676364 0.9293892626146236 1263
1647272676500 0.9295026112168564 1264
1647272676632 0.9296157276930443 1265
1647272676765 0.9297286111531889 1266
1647272676898 0.9298412607091251 1267
1647272677032 0.9299536754745281 1268
1647272677163 0.9300658545649203 1269
1647272677292 0.9301777970976786 1270
1647272677425 0.930289502192041 1271
1647272677556 0.9304009689691137 1272
1647272677688 0.9305121965518781 1273
1647272677816 0.9306231840651975 1274
1647272677950 0.9307339306358238 1275
1647272678079 0.930844435392405 1276
1647272678221 0.9309546974654916 1277
1647272678350 0.9310647159875435 1278
1647272678478 0.9311744900929366 1279
1647272678556 0.9312840189179703 1280
1647272679384 0.9313933016008737 1281
1647272679521 0.9315023372818123 1282
1647272679657 0.9316111251028955 1283
1647272679789 0.9317196642081822 1284
1647272679918 0.9318279537436889 1285
1647272680057 0.9319359928573951 1286
1647272680189 0.9320437806992512 1287
1647272680321 0.932151316421184 1288
1647272680456 0.9322585991771043 1289
1647272680590 0.9323656281229133 1290
1647272680725 0.9324724024165092 1291
1647272680858 0.9325789212177933 1292
1647272680985 0.9326851836886777 1293
1647272681117 0.9327911889930912 1294
1647272681257 0.9328969362969856 1295
1647272681390 0.933002424768343 1296
1647272681521 0.9331076535771821 1297
1647272681654 0.933212621895564 1298
1647272681784 0.9333173288976001 1299
1647272681914 0.9334217737594575 1300
1647272682047 0.9335259556593655 1301
1647272682190 0.933629873777623 1302
1647272682323 0.9337335272966036 1303
1647272682453 0.9338369154007636 1304
1647272682595 0.9339400372766471 1305
1647272682726 0.9340428921128926 1306
1647272682859 0.9341454791002403 1307
1647272682997 0.9342477974315374 1308
1647272683132 0.934349846301745 1309
1647272683270 0.9344516249079444 1310
1647272683399 0.9345531324493432 1311
1647272683530 0.9346543681272818 1312
1647272683662 0.9347553311452395 1313
1647272683789 0.9348560207088411 1314
1647272683916 0.9349564360258629 1315
1647272684045 0.9350565763062386 1316
1647272684175 0.9351564407620665 1317
1647272684307 0.9352560286076146 1318
1647272684435 0.9353553390593273 1319
1647272684520 0.9354543713358319 1320
1647272689652 0.9355531246579439 1321
1647272689797 0.935651598248674 1322
1647272689931 0.9357497913332338 1323
1647272690064 0.9358477031390413 1324
1647272690204 0.9359453328957285 1325
1647272690334 0.9360426798351459 1326
1647272690463 0.9361397431913695 1327
1647272690595 0.9362365222007065 1328
1647272690731 0.9363330161017013 1329
1647272690860 0.9364292241351415 1330
1647272690987 0.9365251455440639 1331
1647272691115 0.9366207795737604 1332
1647272691248 0.9367161254717842 1333
1647272691389 0.9368111824879554 1334
1647272691525 0.936905949874367 1335
1647272691656 0.9370004268853908 1336
1647272691786 0.9370946127776831 1337
1647272691920 0.9371885068101912 1338
1647272692052 0.9372821082441583 1339
1647272692186 0.9373754163431298 1340
1647272692325 0.9374684303729593 1341
1647272692453 0.937561149601814 1342
1647272692585 0.9376535733001805 1343
1647272692718 0.9377457007408707 1344
1647272692846 0.9378375311990276 1345
1647272692979 0.9379290639521306 1346
1647272693107 0.9380202982800016 1347
1647272693234 0.9381112334648103 1348
1647272693396 0.9382018687910804 1349
1647272693535 0.9382922035456945 1350
1647272693664 0.9383822370179005 1351
1647272693793 0.9384719684993165 1352
1647272693927 0.9385613972839366 1353
1647272694059 0.9386505226681368 1354
1647272694188 0.93873934395068 1355
1647272694317 0.9388278604327219 1356
1647272694447 0.9389160714178163 1357
1647272694577 0.9390039762119206 1358
1647272694704 0.9390915741234015 1359
1647272694785 0.93917886446304 1360
1647272695632 0.9392658465440372 1361
1647272695784 0.9393525196820196 1362
1647272695916 0.9394388831950445 1363
1647272696054 0.9395249364036051 1364
1647272696188 0.9396106786306363 1365
1647272696322 0.9396961092015197 1366
1647272696457 0.939781227444089 1367
1647272696590 0.9398660326886353 1368
1647272696721 0.9399505242679124 1369
1647272696855 0.940034701517142 1370
1647272696990 0.9401185637740188 1371
1647272697123 0.9402021103787163 1372
1647272697253 0.9402853406738908 1373
1647272697381 0.940368254004688 1374
1647272697513 0.9404508497187474 1375
1647272697645 0.9405331271662069 1376
1647272697789 0.9406150856997092 1377
1647272697920 0.9406967246744059 1378
1647272698055 0.940778043447963 1379
1647272698187 0.9408590413805656 1380
1647272698319 0.9409397178349235 1381
1647272698465 0.9410200721762756 1382
1647272698595 0.9411001037723955 1383
1647272698726 0.9411798119935957 1384
1647272698859 0.9412591962127335 1385
1647272698993 0.941338255805215 1386
1647272699125 0.9414169901490008 1387
1647272699263 0.9414953986246104 1388
1647272699397 0.9415734806151272 1389
1647272699530 0.9416512355062036 1390
1647272699664 0.9417286626860651 1391
1647272699795 0.9418057615455162 1392
1647272699931 0.9418825314779444 1393
1647272700066 0.9419589718793251 1394
1647272700197 0.9420350821482265 1395
1647272700329 0.9421108616858143 1396
1647272700458 0.9421863098958564 1397
1647272700588 0.9422614261847276 1398
1647272700715 0.9423362099614142 1399
1647272700794 0.9424106606375187 1400
1647272701652 0.9424847776272643 1401
1647272701801 0.9425585603475001 1402
1647272701931 0.9426320082177045 1403
1647272702065 0.9427051206599913 1404
1647272702201 0.9427778970991129 1405
1647272702351 0.9428503369624653 1406
1647272702481 0.9429224396800933 1407
1647272702626 0.9429942046846935 1408
1647272702761 0.9430656314116204 1409
1647272702891 0.9431367192988895 1410
1647272703020 0.9432074677871827 1411
1647272703152 0.9432778763198519 1412
1647272703285 0.9433479443429241 1413
1647272703415 0.9434176713051052 1414
1647272703553 0.9434870566577848 1415
1647272703686 0.9435560998550399 1416
1647272703817 0.9436248003536398 1417
1647272703947 0.9436931576130504 1418
1647272704076 0.9437611710954377 1419
1647272704209 0.9438288402656728 1420
1647272704353 0.943896164591336 1421
1647272704491 0.9439631435427204 1422
1647272704627 0.9440297765928368 1423
1647272704757 0.9440960632174177 1424
1647272704891 0.9441620028949209 1425
1647272705023 0.9442275951065341 1426
1647272705156 0.9442928393361789 1427
1647272705284 0.9443577350705149 1428
1647272705418 0.9444222817989436 1429
1647272705548 0.9444864790136123 1430
1647272705680 0.9445503262094184 1431
1647272705808 0.9446138228840133 1432
1647272705939 0.9446769685378062 1433
1647272706071 0.9447397626739683 1434
1647272706199 0.9448022047984362 1435
1647272706346 0.9448642944199165 1436
1647272706477 0.944926031049889 1437
1647272706609 0.944987414202611 1438
1647272706740 0.945048443395121 1439
1647272706817 0.945109118147242 1440
1647272711929 0.9451694379815865 1441
1647272712068 0.9452294024235587 1442
1647272712200 0.9452890110013596 1443
1647272712329 0.94534826324599 1444
1647272712457 0.945407158691254 1445
1647272712588 0.9454656968737635 1446
1647272712723 0.9455238773329407 1447
1647272712853 0.9455816996110231 1448
1647272712982 0.9456391632530659 1449
1647272713126 0.945696267806946 1450
1647272713257 0.945753012823366 1451
1647272713388 0.9458093978558567 1452
1647272713519 0.945865422460782 1453
1647272713651 0.945921086197341 1454
1647272713783 0.9459763886275725 1455
1647272713915 0.9460313293163578 1456
1647272714047 0.9460859078314247 1457
1647272714182 0.9461401237433501 1458
1647272714313 0.9461939766255643 1459
1647272714440 0.9462474660543537 1460
1647272714569 0.9463005916088644 1461
1647272714704 0.9463533528711053 1462
1647272714835 0.9464057494259519 1463
1647272714969 0.9464577808611488 1464
1647272715112 0.9465094467673137 1465
1647272715243 0.9465607467379401 1466
1647272715387 0.9466116803694007 1467
1647272715518 0.9466622472609504 1468
1647272715653 0.9467124470147299 1469
1647272715787 0.9467622792357684 1470
1647272715921 0.9468117435319868 1471
1647272716049 0.9468608395142009 1472
1647272716182 0.9469095667961241 1473
1647272716311 0.9469579249943714 1474
1647272716437 0.9470059137284609 1475
1647272716565 0.9470535326208183 1476
1647272716695 0.9471007812967789 1477
1647272716823 0.9471476593845909 1478
1647272716953 0.9471941665154183 1479
1647272717045 0.9472403023233439 1480
1647272722155 0.9472860664453717 1481
1647272722318 0.9473314585214306 1482
1647272722459 0.9473764781943764 1483
1647272722599 0.9474211251099951 1484
1647272722733 0.9474653989170055 1485
1647272722866 0.9475092992670621 1486
1647272723009 0.9475528258147576 1487
1647272723142 0.947595978217626 1488
1647272723272 0.9476387561361448 1489
1647272723408 0.9476811592337381 1490
1647272723537 0.947723187176779 1491
1647272723665 0.9477648396345925 1492
1647272723811 0.9478061162794575 1493
1647272723943 0.9478470167866104 1494
1647272724076 0.9478875408342465 1495
1647272724205 0.9479276881035232 1496
1647272724332 0.9479674582785628 1497
1647272724466 0.9480068510464539 1498
1647272724597 0.9480458660972549 1499
1647272724735 0.9480845031239963 1500
1647272724866 0.9481227618226823 1501
1647272724997 0.9481606418922943 1502
1647272725130 0.9481981430347927 1503
1647272725261 0.9482352649551188 1504
1647272725391 0.9482720073611981 1505
1647272725526 0.9483083699639421 1506
1647272725658 0.9483443524772502 1507
1647272725805 0.9483799546180129 1508
1647272725937 0.948415176106113 1509
1647272726070 0.9484500166644284 1510
1647272726211 0.9484844760188343 1511
1647272726340 0.9485185538982049 1512
1647272726467 0.9485522500344162 1513
1647272726595 0.9485855641623475 1514
1647272726726 0.9486184960198838 1515
1647272726856 0.9486510453479178 1516
1647272726982 0.9486832118903519 1517
1647272727114 0.9487149953941004 1518
1647272727243 0.9487463956090911 1519
1647272727324 0.9487774122882678 1520
1647272732390 0.9488080451875917 1521
1647272732555 0.9488382940660436 1522
1647272732687 0.9488681586856259 1523
1647272732823 0.9488976388113644 1524
1647272732962 0.9489267342113097 1525
1647272733090 0.9489554446565399 1526
1647272733222 0.9489837699211617 1527
1647272733353 0.9490117097823123 1528
1647272733487 0.9490392640201615 1529
1647272733623 0.9490664324179128 1530
1647272733757 0.9490932147618059 1531
1647272733888 0.9491196108411176 1532
1647272734026 0.9491456204481642 1533
1647272734162 0.9491712433783024 1534
1647272734295 0.9491964794299315 1535
1647272734427 0.9492213284044946 1536
1647272734580 0.9492457901064804 1537
1647272734709 0.9492698643434246 1538
1647272734837 0.9492935509259117 1539
1647272734971 0.949316849667576 1540
1647272735100 0.9493397603851033 1541
1647272735233 0.9493622828982324 1542
1647272735369 0.9493844170297568 1543
1647272735503 0.9494061626055253 1544
1647272735636 0.9494275194544444 1545
1647272735770 0.9494484874084783 1546
1647272735898 0.9494690663026518 1547
1647272736032 0.9494892559750504 1548
1647272736163 0.9495090562668222 1549
1647272736294 0.9495284670221789 1550
1647272736424 0.9495474880883967 1551
1647272736555 0.9495661193158185 1552
1647272736684 0.9495843605578539 1553
1647272736812 0.9496022116709812 1554
1647272736941 0.9496196725147482 1555
1647272737080 0.9496367429517731 1556
1647272737211 0.9496534228477462 1557
1647272737343 0.9496697120714304 1558
1647272737471 0.949685610494662 1559
1647272737551 0.9497011179923529 1560
1647272742629 0.9497162344424902 1561
1647272742772 0.9497309597261379 1562
1647272742910 0.9497452937274375 1563
1647272743048 0.9497592363336098 1564
1647272743183 0.9497727874349543 1565
1647272743320 0.9497859469248512 1566
1647272743451 0.949798714699762 1567
1647272743586 0.9498110906592298 1568
1647272743719 0.9498230747058809 1569
1647272743849 0.9498346667454252 1570
1647272743983 0.9498458666866564 1571
1647272744116 0.9498566744414537 1572
1647272744248 0.949867089924782 1573
1647272744388 0.9498771130546922 1574
1647272744518 0.9498867437523227 1575
1647272744649 0.9498959819418993 1576
1647272744782 0.949904827550736 1577
1647272744915 0.9499132805092357 1578
1647272745046 0.9499213407508907 1579
1647272745191 0.9499290082122833 1580
1647272745326 0.9499362828330857 1581
1647272745456 0.9499431645560616 1582
1647272745587 0.9499496533270657 1583
1647272745720 0.9499557490950443 1584
1647272745852 0.9499614518120361 1585
1647272745984 0.9499667614331723 1586
1647272746120 0.9499716779166766 1587
1647272746252 0.9499762012238665 1588
1647272746381 0.9499803313191526 1589
1647272746518 0.9499840681700393 1590
1647272746646 0.9499874117471253 1591
1647272746774 0.9499903620241033 1592
1647272746901 0.9499929189777604 1593
1647272747032 0.9499950825879787 1594
1647272747174 0.9499968528377349 1595
1647272747302 0.9499982297131009 1596
1647272747435 0.9499992132032432 1597
1647272747563 0.9499998033004239 1598
1647272747693 0.95 1599
1647272747771 0.9499998033004239 1600
