1646496877296 0.5833333134651184 0
1646496878080 0.7083333134651184 1
1646496878654 0.7870370149612427 2
1646496879209 0.8287037014961243 3
1646496879704 0.8287037014961243 4
1646496880192 0.8981481194496155 5
1646496880691 0.9027777910232544 6
1646496881049 0.8888888955116272 7
1646496881418 0.9444444179534912 8
1646496881816 0.9398148059844971 9
1646496882338 0.9212962985038757 10
1646496882919 0.9537037014961243 11
1646496883327 0.9722222089767456 12
1646496883711 0.9537037014961243 13
1646496884013 0.9444444179534912 14
1646496884372 0.9814814925193787 15
1646496884712 0.9814814925193787 16
1646496885084 0.9814814925193787 17
1646496885428 0.9953703880310059 18
1646496885771 0.9907407164573669 19
1646496886181 0.9907407164573669 20
1646496886724 0.9907407164573669 21
1646496887162 1.0 22
1646496887574 0.9907407164573669 23
1646496887894 0.9953703880310059 24
1646496888262 1.0 25
1646496888549 1.0 26
1646496888891 1.0 27
1646496889199 0.9953703880310059 28
1646496889540 1.0 29
1646496889910 1.0 30
1646496890241 1.0 31
1646496890794 1.0 32
1646496891283 1.0 33
1646496891668 1.0 34
1646496891996 1.0 35
1646496892336 1.0 36
1646496892735 0.9907407164573669 37
1646496893101 0.9953703880310059 38
1646496893454 0.9907407164573669 39
1646496893814 0.9953703880310059 40
1646496894104 0.9953703880310059 41
1646496894543 0.9953703880310059 42
1646496895143 0.9953703880310059 43
1646496895639 0.9953703880310059 44
1646496896086 0.9907407164573669 45
1646496896451 1.0 46
1646496897281 1.0 47
1646496897811 1.0 48
1646496898183 1.0 49
1646496898534 1.0 50
1646496899386 0.9953703880310059 51
1646496899848 0.9953703880310059 52
1646496900198 1.0 53
1646496900573 1.0 54
1646496901030 1.0 55
1646496901404 1.0 56
1646496901753 1.0 57
1646496902048 1.0 58
1646496902383 1.0 59
1646496902681 1.0 60
1646496902987 1.0 61
1646496903273 1.0 62
1646496903552 0.9953703880310059 63
1646496903841 1.0 64
1646496904295 1.0 65
1646496904722 1.0 66
1646496905050 0.9861111044883728 67
1646496905387 0.9861111044883728 68
1646496905679 0.9768518805503845 69
1646496905969 0.9675925970077515 70
1646496906253 0.9583333134651184 71
1646496906536 0.9722222089767456 72
1646496906843 0.9953703880310059 73
1646496907223 0.9907407164573669 74
1646496907594 0.9907407164573669 75
1646496907969 0.9861111044883728 76
1646496908519 0.9768518805503845 77
1646496908961 0.9953703880310059 78
1646496909309 0.9953703880310059 79
1646496909668 1.0 80
1646496909962 1.0 81
1646496910269 1.0 82
1646496910608 1.0 83
1646496910970 1.0 84
1646496911297 1.0 85
1646496911655 0.9953703880310059 86
1646496911988 1.0 87
1646496912639 1.0 88
1646496913146 1.0 89
1646496913598 1.0 90
1646496913949 1.0 91
1646496914278 1.0 92
1646496915168 1.0 93
1646496915544 1.0 94
1646496915875 1.0 95
1646496916490 1.0 96
1646496916966 1.0 97
1646496917323 1.0 98
1646496917673 1.0 99
1646496917987 1.0 100
1646496918320 1.0 101
1646496918646 1.0 102
1646496919189 1.0 103
1646496919647 1.0 104
1646496920094 1.0 105
1646496920701 1.0 106
1646496921160 1.0 107
1646496921591 1.0 108
1646496922008 1.0 109
1646496922414 1.0 110
1646496922860 1.0 111
