1646496877296 1.0570162534713745 0
1646496878080 0.7378628849983215 1
1646496878654 0.6031240820884705 2
1646496879209 0.49469658732414246 3
1646496879704 0.4427548944950104 4
1646496880192 0.32473236322402954 5
1646496880691 0.2718490958213806 6
1646496881049 0.26796987652778625 7
1646496881418 0.18536759912967682 8
1646496881816 0.178390234708786 9
1646496882338 0.16476669907569885 10
1646496882919 0.12161001563072205 11
1646496883327 0.10250983387231827 12
1646496883711 0.09367836266756058 13
1646496884013 0.1127762645483017 14
1646496884372 0.07338646799325943 15
1646496884712 0.0617133192718029 16
1646496885084 0.04148617759346962 17
1646496885428 0.03331330418586731 18
1646496885771 0.029530491679906845 19
1646496886181 0.028221603482961655 20
1646496886724 0.023056313395500183 21
1646496887162 0.007463555783033371 22
1646496887574 0.020413532853126526 23
1646496887894 0.014093052595853806 24
1646496888262 0.01199105754494667 25
1646496888549 0.009713856503367424 26
1646496888891 0.0063739949837327 27
1646496889199 0.014752223156392574 28
1646496889540 0.006131535861641169 29
1646496889910 0.00840677134692669 30
1646496890241 0.007063827943056822 31
1646496890794 0.006585181225091219 32
1646496891283 0.005147906951606274 33
1646496891668 0.003990731667727232 34
1646496891996 0.003950029611587524 35
1646496892336 0.005682520102709532 36
1646496892735 0.027200903743505478 37
1646496893101 0.014879484660923481 38
1646496893454 0.026311269029974937 39
1646496893814 0.012694287113845348 40
1646496894104 0.015304957516491413 41
1646496894543 0.01654929481446743 42
1646496895143 0.024967636913061142 43
1646496895639 0.011441831476986408 44
1646496896086 0.01098578330129385 45
1646496896451 0.0019651639740914106 46
1646496897281 0.005674031097441912 47
1646496897811 0.0030908172484487295 48
1646496898183 0.002442173892632127 49
1646496898534 0.0019782830495387316 50
1646496899386 0.004343152977526188 51
1646496899848 0.007879401557147503 52
1646496900198 0.004152631387114525 53
1646496900573 0.0028078388422727585 54
1646496901030 0.0022554886527359486 55
1646496901404 0.002577440347522497 56
1646496901753 0.0015118332812562585 57
1646496902048 0.0004991375608369708 58
1646496902383 0.0016535850008949637 59
1646496902681 0.0010706662433221936 60
1646496902987 0.0008678406593389809 61
1646496903273 0.0014008426805958152 62
1646496903552 0.00506398594006896 63
1646496903841 0.003947412129491568 64
1646496904295 0.004678243305534124 65
1646496904722 0.0008162519661709666 66
1646496905050 0.07381577789783478 67
1646496905387 0.04773707315325737 68
1646496905679 0.055074866861104965 69
1646496905969 0.0643790140748024 70
1646496906253 0.1289968639612198 71
1646496906536 0.060965679585933685 72
1646496906843 0.033140964806079865 73
1646496907223 0.038732148706912994 74
1646496907594 0.023188145831227303 75
1646496907969 0.05835552513599396 76
1646496908519 0.04475189745426178 77
1646496908961 0.017802773043513298 78
1646496909309 0.020178206264972687 79
1646496909668 0.005414473824203014 80
1646496909962 0.0026309331879019737 81
1646496910269 0.003401988884434104 82
1646496910608 0.0007486946415156126 83
1646496910970 0.00362198194488883 84
1646496911297 0.00033836893271654844 85
1646496911655 0.004467857535928488 86
1646496911988 0.0006533012492582202 87
1646496912639 0.0008844421245157719 88
1646496913146 0.001992348348721862 89
1646496913598 0.0005769474082626402 90
1646496913949 0.00039754004683345556 91
1646496914278 0.0006146050873212516 92
1646496915168 0.0018653975566849113 93
1646496915544 0.0004629305039998144 94
1646496915875 0.0004042411455884576 95
1646496916490 0.000886622816324234 96
1646496916966 0.00033255896414630115 97
1646496917323 0.0002962706203106791 98
1646496917673 0.0006065566558390856 99
1646496917987 0.00035074533661827445 100
1646496918320 0.0011335944291204214 101
1646496918646 0.00014674567501060665 102
1646496919189 0.00015727031859569252 103
1646496919647 0.00020387543190736324 104
1646496920094 0.00013310156646184623 105
1646496920701 0.00047041059588082135 106
1646496921160 0.0005343508091755211 107
1646496921591 0.0001428776595275849 108
1646496922008 0.00035530165769159794 109
1646496922414 0.00017981792916543782 110
1646496922860 0.00026223566965200007 111
