1647274161038 0.5460317730903625 0
1647274175639 0.6539682745933533 1
1647274185761 0.6857143044471741 2
1647274191857 0.7365079522132874 3
1647274202011 0.7682539820671082 4
1647274207985 0.761904776096344 5
1647274213958 0.7396825551986694 6
1647274219911 0.7365079522132874 7
1647274225862 0.8285714387893677 8
1647274236121 0.7333333492279053 9
1647274242052 0.7650793790817261 10
1647274252401 0.8380952477455139 11
1647274262680 0.8476190567016602 12
1647274272853 0.8952381014823914 13
1647274283058 0.8666666746139526 14
1647274289004 0.8539682626724243 15
1647274299322 0.8920634984970093 16
1647274305391 0.920634925365448 17
1647274315708 0.920634925365448 18
1647274321637 0.8984127044677734 19
1647274327611 0.9333333373069763 20
1647274338133 0.9174603223800659 21
1647274344093 0.9301587343215942 22
1647274350125 0.920634925365448 23
1647274356224 0.9365079402923584 24
1647274366457 0.958730161190033 25
1647274376602 0.9301587343215942 26
1647274386911 0.9142857193946838 27
1647274392875 0.9523809552192688 28
1647274403171 0.9650793671607971 29
1647274409122 0.9460317492485046 30
1647274419483 0.9492063522338867 31
1647274429703 0.958730161190033 32
1647274435699 0.9555555582046509 33
1647274445986 0.9523809552192688 34
1647274456222 0.958730161190033 35
1647274462354 0.9650793671607971 36
1647274498421 0.9174603223800659 37
