1647274144616 0.002 0
1647274152709 0.002000514040060901 1
1647274152956 0.002002056138223837 2
1647274153088 0.0020046262284304436 3
1647274153229 0.0020082242005866335 4
1647274153361 0.002012849900567222 5
1647274153499 0.00201850313022265 6
1647274153626 0.002025183647387359 7
1647274153758 0.002032891165890234 8
1647274153890 0.0020416253555668173 9
1647274154027 0.0020513858422735176 10
1647274154177 0.0020621722079035565 11
1647274154313 0.002073983990404926 12
1647274154445 0.002086820683800193 13
1647274154583 0.0021006817382081197 14
1647274154712 0.002115566559867277 15
1647274154843 0.002131474511161441 16
1647274154975 0.0021484049106469255 17
1647274155110 0.002166357033081767 18
1647274155237 0.00218533010945679 19
1647274155370 0.002205323327028552 20
1647274155495 0.0022263358293541508 21
1647274155627 0.0022483667163279153 22
1647274155759 0.0022714150442199876 23
1647274155893 0.0022954798257166925 24
1647274156032 0.0023205600299629064 25
1647274156173 0.0023466545826061336 26
1647274156305 0.0023737623658426008 27
1647274156438 0.0024018822184650873 28
1647274156568 0.0024310129359127117 29
1647274156697 0.0024611532703224734 30
1647274156842 0.002492301930582773 31
1647274156973 0.002524457582388666 32
1647274157100 0.0025576188482990675 33
1647274157227 0.0025917843077956984 34
1647274157359 0.0026269524973439942 35
1647274157486 0.002663121910455764 36
1647274157619 0.002700290997753728 37
1647274157746 0.0027384581670378966 38
1647274157885 0.0027776217833537648 39
1647274158908 0.002817780169062367 40
1647274169808 0.002858931603912096 41
1647274169974 0.002901074325112468 42
1647274170103 0.0029442065274095583 43
1647274170233 0.002988326363163367 44
1647274170367 0.0030334319424269868 45
1647274170494 0.003079521333027517 46
1647274170623 0.003126592560648872 47
1647274170753 0.003174643608916311 48
1647274170883 0.003223672419482869 49
1647274171010 0.0032736768921174594 50
1647274171152 0.003324654884794928 51
1647274171289 0.003376604213787715 52
1647274171420 0.0034295226537594814 53
1647274171547 0.0034834079378603805 54
1647274171679 0.0035382577578241814 55
1647274171807 0.003594069764067162 56
1647274171940 0.0036508415657887164 57
1647274172082 0.003708570731073821 58
1647274172214 0.0037672547869971665 59
1647274172342 0.0038268912197291227 60
1647274172471 0.0038874774746433804 61
1647274172609 0.003949010956426441 62
1647274172742 0.004011489029188735 63
1647274172869 0.004074909016577581 64
1647274173015 0.004139268201891783 65
1647274173143 0.004204563828198046 66
1647274173276 0.004270793098449077 67
1647274173415 0.004337953175603343 68
1647274173548 0.004406041182746685 69
1647274173677 0.004475054203215485 70
1647274173809 0.004544989280721626 71
1647274173940 0.004615843419479175 72
1647274174064 0.004687613584332624 73
1647274174192 0.004760296700886998 74
1647274174324 0.004833889655639481 75
1647274174452 0.004908389296112835 76
1647274174584 0.004983792430990404 77
1647274174717 0.005060095830252867 78
1647274174845 0.00513729622531655 79
1647274174925 0.005215390309173472 80
1647274180065 0.005294374736532999 81
1647274180218 0.005374246123965136 82
1647274180360 0.005455001050045483 83
1647274180492 0.005536636055501788 84
1647274180628 0.0056191476433621115 85
1647274180757 0.0057025322791046384 86
1647274180888 0.005786786390809123 87
1647274181025 0.005871906369309822 88
1647274181154 0.005957888568350167 89
1647274181286 0.006044729304738913 90
1647274181438 0.00613242485850795 91
1647274181571 0.006220971473071629 92
1647274181697 0.006310365355387676 93
1647274181836 0.006400602676119707 94
1647274181971 0.006491679569801234 95
1647274182100 0.006583592135001266 96
1647274182235 0.006676336434491406 97
1647274182367 0.006769908495414548 98
1647274182499 0.006864304309455033 99
1647274182627 0.006959519833010359 100
1647274182757 0.007055550987364406 101
1647274182886 0.0071523936588621245 102
1647274183016 0.007250043699085794 103
1647274183146 0.007348496925032699 104
1647274183290 0.007447749119294314 105
1647274183419 0.007547796030236975 106
1647274183556 0.007648633372183994 107
1647274183685 0.00775025682559926 108
1647274183813 0.007852662037272258 109
1647274183946 0.007955844620504547 110
1647274184083 0.008059800155297676 111
1647274184211 0.008164524188542542 112
1647274184339 0.008270012234210096 113
1647274184467 0.008376259773543546 114
1647274184596 0.00848326225525195 115
1647274184724 0.008591015095705104 116
1647274184854 0.008699513679129953 117
1647274184981 0.008808753357808292 118
1647274185110 0.00891872945227589 119
1647274185190 0.009029437251522866 120
1647274186029 0.009140872013195557 121
1647274186170 0.009253028963799675 122
1647274186312 0.009365903298904736 123
1647274186441 0.009479490183349905 124
1647274186576 0.009593784751451097 125
1647274186704 0.009708782107209393 126
1647274186839 0.009824477324520853 127
1647274186970 0.009940865447387405 128
1647274187097 0.010057941490129237 129
1647274187230 0.01017570043759835 130
1647274187367 0.010294137245393353 131
1647274187501 0.0104132468400756 132
1647274187647 0.010533024119386461 133
1647274187780 0.010653463952465969 134
1647274187910 0.010774561180072507 135
1647274188038 0.010896310614803902 136
1647274188164 0.011018707041319575 137
1647274188303 0.011141745216563984 138
1647274188435 0.01126541986999121 139
1647274188576 0.01138972570379071 140
1647274188712 0.011514657393114289 141
1647274188840 0.011640209586304184 142
1647274188979 0.011766376905122312 143
1647274189110 0.011893153944980646 144
1647274189237 0.012020535275172745 145
1647274189375 0.012148515439106389 146
1647274189503 0.012277088954537309 147
1647274189647 0.012406250313804011 148
1647274189779 0.012535993984063763 149
1647274189915 0.01266631440752955 150
1647274190045 0.01279720600170816 151
1647274190172 0.01292866315963935 152
1647274190300 0.013060680250135993 153
1647274190432 0.013193251618025321 154
1647274190559 0.013326371584391171 155
1647274190684 0.013460034446817232 156
1647274190821 0.013594234479631345 157
1647274190951 0.013728965934150753 158
1647274191078 0.01386422303892837 159
1647274191155 0.013999999999999999 160
1647274196309 0.014136291001132534 161
1647274196478 0.01427309020407308 162
1647274196613 0.014410391748799108 163
1647274196745 0.014548189753769404 164
1647274196874 0.014686478316176053 165
1647274197015 0.01482525151219733 166
1647274197152 0.01496450339725136 167
1647274197286 0.015104228006250879 168
1647274197412 0.01524441935385866 169
1647274197544 0.01538507143474397 170
1647274197675 0.015526178223839796 171
1647274197801 0.015667733676600917 172
1647274197962 0.015809731729262887 173
1647274198092 0.015952166299101726 174
1647274198222 0.016095031284694528 175
1647274198359 0.01623832056618079 176
1647274198486 0.016382028005524622 177
1647274198617 0.016526147446777592 178
1647274198747 0.01667067271634251 179
1647274198880 0.016815597623237845 180
1647274199008 0.016960915959362943 181
1647274199144 0.017106621499763927 182
1647274199277 0.0172527080029004 183
1647274199402 0.0173991692109128 184
1647274199533 0.017545998849890394 185
1647274199665 0.017693190630140174 186
1647274199797 0.017840738246456142 187
1647274199941 0.017988635378389503 188
1647274200075 0.018136875690519354 189
1647274200206 0.018285452832724126 190
1647274200333 0.018434360440453525 191
1647274200460 0.018583592135001263 192
1647274200592 0.01873314152377821 193
1647274200724 0.0188830022005863 194
1647274200851 0.019033167745892907 195
1647274200984 0.019183631727105854 196
1647274201110 0.019334387698848987 197
1647274201238 0.01948542920323822 198
1647274201366 0.01963674977015821 199
1647274201451 0.019788342917539503 200
1647274202284 0.01994020215163621 201
1647274202422 0.020092320967304168 202
1647274202550 0.020244692848279604 203
1647274202686 0.02039731126745827 204
1647274202815 0.020550169687175046 205
1647274202941 0.020703261559483967 206
1647274203074 0.020856580326438785 207
1647274203209 0.02101011942037378 208
1647274203338 0.02116387226418519 209
1647274203467 0.02131783227161292 210
1647274203597 0.021471992847522676 211
1647274203728 0.021626347388188458 212
1647274203862 0.02178088928157549 213
1647274203988 0.021935611907623415 214
1647274204126 0.02209050863852987 215
1647274204269 0.022245572839034458 216
1647274204411 0.022400797866702925 217
1647274204545 0.022556177072211702 218
1647274204674 0.022711703799632766 219
1647274204810 0.02286737138671876 220
1647274204949 0.023023173165188354 221
1647274205085 0.023179102461011895 222
1647274205222 0.023335152594697338 223
1647274205351 0.023491316881576317 224
1647274205480 0.02364758863209054 225
1647274205610 0.02380396115207834 226
1647274205742 0.0239604277430614 227
1647274205877 0.024116981702531723 228
1647274206003 0.024273616324238734 229
1647274206141 0.024430324898476567 230
1647274206283 0.024587100712371468 231
1647274206420 0.02474393705016935 232
1647274206547 0.024900827193523503 233
1647274206682 0.025057764421782355 234
1647274206814 0.025214742012277372 235
1647274206946 0.025371753240611042 236
1647274207071 0.025528791380944927 237
1647274207199 0.025685849706287737 238
1647274207337 0.025842921488783557 239
1647274207413 0.026000000000000002 240
1647274208252 0.026157078511216444 241
1647274208389 0.026314150293712264 242
1647274208521 0.026471208619055078 243
1647274208658 0.026628246759388952 244
1647274208790 0.026785257987722626 245
1647274208927 0.026942235578217642 246
1647274209060 0.027099172806476494 247
1647274209192 0.027256062949830656 248
1647274209325 0.02741289928762854 249
1647274209459 0.027569675101523437 250
1647274209587 0.02772638367576127 251
1647274209724 0.027883018297468278 252
1647274209853 0.0280395722569386 253
1647274209988 0.02819603884792166 254
1647274210119 0.028352411367909457 255
1647274210256 0.02850868311842368 256
1647274210390 0.028664847405302663 257
1647274210521 0.028820897538988102 258
1647274210661 0.028976826834811644 259
1647274210811 0.029132628613281236 260
1647274210937 0.02928829620036723 261
1647274211069 0.029443822927788302 262
1647274211198 0.029599202133297087 263
1647274211335 0.029754427160965546 264
1647274211474 0.02990949136147013 265
1647274211607 0.030064388092376593 266
1647274211747 0.03021911071842451 267
1647274211882 0.030373652611811543 268
1647274212013 0.030528007152477325 269
1647274212144 0.03068216772838708 270
1647274212281 0.030836127735814813 271
1647274212409 0.030989880579626223 272
1647274212537 0.031143419673561216 273
1647274212666 0.031296738440516024 274
1647274212805 0.03144983031282496 275
1647274212932 0.031602688732541726 276
1647274213066 0.0317553071517204 277
1647274213194 0.03190767903269583 278
1647274213321 0.0320597978483638 279
1647274213398 0.0322116570824605 280
1647274214220 0.032363250229841795 281
1647274214361 0.03251457079676179 282
1647274214489 0.03266561230115102 283
1647274214623 0.03281636827289415 284
1647274214754 0.0329668322541071 285
1647274214883 0.033116997799413704 286
1647274215011 0.03326685847622179 287
1647274215157 0.033416407864998735 288
1647274215290 0.03356563955954647 289
1647274215422 0.03371454716727587 290
1647274215551 0.033863124309480644 291
1647274215685 0.0340113646216105 292
1647274215815 0.03415926175354386 293
1647274215949 0.03430680936985984 294
1647274216087 0.0344540011501096 295
1647274216216 0.03460083078908721 296
1647274216352 0.0347472919970996 297
1647274216479 0.03489337850023607 298
1647274216620 0.03503908404063706 299
1647274216764 0.03518440237676215 300
1647274216910 0.035329327283657494 301
1647274217037 0.03547385255322241 302
1647274217171 0.03561797199447538 303
1647274217301 0.03576167943381921 304
1647274217430 0.03590496871530548 305
1647274217561 0.03604783370089827 306
1647274217689 0.03619026827073711 307
1647274217821 0.03633226632339909 308
1647274217950 0.036473821776160216 309
1647274218077 0.03661492856525603 310
1647274218211 0.036755580646141345 311
1647274218337 0.036895771993749125 312
1647274218472 0.03703549660274864 313
1647274218602 0.03717474848780268 314
1647274218730 0.037313521683823944 315
1647274218857 0.03745181024623061 316
1647274218984 0.03758960825120089 317
1647274219132 0.03772690979592691 318
1647274219260 0.03786370899886747 319
1647274219343 0.038 320
1647274220184 0.03813577696107163 321
1647274220325 0.03827103406584925 322
1647274220457 0.03840576552036866 323
1647274220587 0.03853996555318277 324
1647274220722 0.038673628415608834 325
1647274220854 0.038806748381974676 326
1647274220986 0.03893931974986401 327
1647274221122 0.039071336840360654 328
1647274221250 0.039202793998291845 329
1647274221380 0.03933368559247045 330
1647274221511 0.039464006015936234 331
1647274221641 0.039593749686195986 332
1647274221771 0.039722911045462696 333
1647274221902 0.03985148456089361 334
1647274222039 0.03997946472482725 335
1647274222166 0.04010684605501935 336
1647274222299 0.04023362309487769 337
1647274222428 0.04035979041369582 338
1647274222573 0.040485342606885716 339
1647274222701 0.040610274296209295 340
1647274222838 0.0407345801300088 341
1647274222975 0.04085825478343602 342
1647274223101 0.04098129295868043 343
1647274223236 0.041103689385196096 344
1647274223368 0.04122543881992749 345
1647274223501 0.041346536047534035 346
1647274223650 0.04146697588061354 347
1647274223780 0.04158675315992441 348
1647274223913 0.04170586275460665 349
1647274224050 0.041824299562401655 350
1647274224177 0.041942058509870754 351
1647274224304 0.04205913455261259 352
1647274224430 0.04217552267547915 353
1647274224560 0.042291217892790604 354
1647274224690 0.042406215248548915 355
1647274224819 0.0425205098166501 356
1647274224956 0.04263409670109526 357
1647274225083 0.04274697103620032 358
1647274225209 0.04285912798680444 359
1647274225287 0.042970562748477145 360
1647274230458 0.043081270547724114 361
1647274230608 0.043191246642191705 362
1647274230738 0.04330048632087005 363
1647274230875 0.0434089849042949 364
1647274231003 0.043516737744748055 365
1647274231133 0.04362374022645645 366
1647274231261 0.04372998776578991 367
1647274231392 0.04383547581145747 368
1647274231520 0.04394019984470233 369
1647274231650 0.04404415537949546 370
1647274231777 0.044147337962727747 371
1647274231906 0.044249743174400745 372
1647274232035 0.04435136662781601 373
1647274232166 0.04445220396976303 374
1647274232331 0.04455225088070569 375
1647274232457 0.044651503074967305 376
1647274232593 0.044749956300914204 377
1647274232721 0.04484760634113787 378
1647274232850 0.0449444490126356 379
1647274232978 0.045040480166989645 380
1647274233117 0.04513569569054497 381
1647274233245 0.04523009150458546 382
1647274233379 0.0453236635655086 383
1647274233510 0.04541640786499874 384
1647274233639 0.04550832043019876 385
1647274233768 0.0455993973238803 386
1647274233898 0.04568963464461233 387
1647274234036 0.04577902852692838 388
1647274234172 0.045867575141492055 389
1647274234312 0.04595527069526109 390
1647274234447 0.04604211143164984 391
1647274234574 0.046128093630690176 392
1647274234700 0.046213213609190874 393
1647274234833 0.04629746772089536 394
1647274234961 0.04638085235663789 395
1647274235088 0.046463363944498216 396
1647274235224 0.046544998949954515 397
1647274235352 0.04662575387603487 398
1647274235481 0.046705625263467006 399
1647274235560 0.04678460969082653 400
1647274236390 0.046862703774683455 401
1647274236532 0.04693990416974714 402
1647274236660 0.047016207569009594 403
1647274236812 0.04709161070388717 404
1647274236948 0.04716611034436052 405
1647274237082 0.047239703299113006 406
1647274237233 0.04731238641566737 407
1647274237364 0.04738415658052083 408
1647274237496 0.04745501071927837 409
1647274237631 0.04752494579678452 410
1647274237761 0.04759395881725331 411
1647274237892 0.047662046824396655 412
1647274238025 0.04772920690155093 413
1647274238152 0.04779543617180196 414
1647274238285 0.04786073179810822 415
1647274238413 0.04792509098342242 416
1647274238546 0.04798851097081126 417
1647274238674 0.04805098904357356 418
1647274238819 0.048112522525356624 419
1647274238950 0.04817310878027088 420
1647274239078 0.04823274521300284 421
1647274239204 0.048291429268926184 422
1647274239336 0.04834915843421129 423
1647274239463 0.04840593023593284 424
1647274239590 0.048461742242175816 425
1647274239721 0.04851659206213962 426
1647274239857 0.048570477346240516 427
1647274239984 0.04862339578621228 428
1647274240114 0.048675345115205076 429
1647274240241 0.04872632310788254 430
1647274240377 0.048776327580517136 431
1647274240502 0.04882535639108369 432
1647274240629 0.04887340743935113 433
1647274240765 0.04892047866697248 434
1647274240893 0.04896656805757302 435
1647274241020 0.04901167363683664 436
1647274241148 0.049055793472590446 437
1647274241288 0.049098925674887536 438
1647274241415 0.04914106839608791 439
1647274241491 0.04918221983093764 440
1647274246675 0.04922237821664624 441
1647274246825 0.04926154183296211 442
1647274246976 0.04929970900224628 443
1647274247108 0.04933687808954424 444
1647274247236 0.04937304750265601 445
1647274247379 0.049408215692204306 446
1647274247521 0.04944238115170094 447
1647274247657 0.04947554241761134 448
1647274247799 0.04950769806941724 449
1647274247926 0.04953884672967753 450
1647274248053 0.04956898706408729 451
1647274248183 0.04959811778153491 452
1647274248318 0.049626237634157404 453
1647274248452 0.04965334541739387 454
1647274248585 0.0496794399700371 455
1647274248714 0.049704520174283305 456
1647274248843 0.04972858495578002 457
1647274248975 0.04975163328367209 458
1647274249106 0.049773664170645854 459
1647274249239 0.04979467667297145 460
1647274249370 0.049814669890543214 461
1647274249518 0.04983364296691823 462
1647274249649 0.04985159508935308 463
1647274249778 0.049868525488838564 464
1647274249908 0.04988443344013273 465
1647274250037 0.049899318261791885 466
1647274250168 0.04991317931619981 467
1647274250297 0.04992601600959507 468
1647274250435 0.04993782779209645 469
1647274250566 0.04994861415772649 470
1647274250696 0.04995837464443318 471
1647274250833 0.04996710883410978 472
1647274250961 0.049974816352612646 473
1647274251088 0.049981496869777355 474
1647274251223 0.04998715009943278 475
1647274251352 0.04999177579941338 476
1647274251480 0.04999537377156956 477
1647274251618 0.04999794386177617 478
1647274251746 0.049999485959939104 479
1647274251829 0.049999901650605354 480
1647274256893 0.04999960660319523 481
1647274257062 0.04999911486009105 482
1647274257198 0.04999842642516184 483
1647274257327 0.04999754130382421 484
1647274257467 0.049996459503042254 485
1647274257599 0.04999518103132757 486
1647274257734 0.04999370589873917 487
1647274257863 0.04999203411688336 488
1647274258000 0.04999016569891369 489
1647274258129 0.04998810065953084 490
1647274258283 0.049985839014982505 491
1647274258415 0.04998338078306327 492
1647274258561 0.049980725983114455 493
1647274258692 0.04997787463602398 494
1647274258827 0.04997482676422622 495
1647274258960 0.04997158239170175 496
1647274259090 0.04996814154397724 497
1647274259221 0.049964504248125235 498
1647274259352 0.049960670532763915 499
1647274259480 0.049956640428056885 500
1647274259611 0.049952413965712934 501
1647274259741 0.0499479911789858 502
1647274259876 0.0499433721026739 503
1647274260010 0.04993855677312004 504
1647274260151 0.04993354522821116 505
1647274260300 0.049928337507378004 506
1647274260433 0.04992293365159483 507
1647274260570 0.049917333703379085 508
1647274260702 0.049911537706791076 509
1647274260829 0.04990554570743358 510
1647274260960 0.049899357752451586 511
1647274261089 0.04989297389053178 512
1647274261217 0.0498863941719023 513
1647274261344 0.049879618648332257 514
1647274261476 0.04987264737313135 515
1647274261623 0.04986548040114947 516
1647274261761 0.04985811778877622 517
1647274261899 0.049850559593940504 518
1647274262027 0.049842805876110084 519
1647274262105 0.04983485669629106 520
1647274267127 0.049826712117027466 521
1647274267278 0.0498183722024007 522
1647274267408 0.04980983701802908 523
1647274267536 0.04980110663106728 524
1647274267662 0.04979218111020584 525
1647274267805 0.04978306052567061 526
1647274267940 0.049773744949222196 527
1647274268072 0.049764234454155384 528
1647274268201 0.04975452911529861 529
1647274268329 0.049744629009013296 530
1647274268457 0.049734534213193314 531
1647274268590 0.04972424480726435 532
1647274268734 0.04971376087218328 533
1647274268880 0.04970308249043751 534
1647274269017 0.04969220974604439 535
1647274269148 0.049681142724550466 536
1647274269287 0.049669881513030895 537
1647274269417 0.04965842620008869 538
1647274269554 0.049646776875854046 539
1647274269687 0.04963493363198367 540
1647274269829 0.04962289656165999 541
1647274269956 0.049610665759590486 542
1647274270089 0.04959824132200689 543
1647274270225 0.049585623346664456 544
1647274270355 0.04957281193284122 545
1647274270482 0.04955980718133716 546
1647274270618 0.04954660919447344 547
1647274270760 0.0495332180760916 548
1647274270904 0.049519633931552724 549
1647274271034 0.04950585686773663 550
1647274271165 0.04949188699304105 551
1647274271294 0.04947772441738069 552
1647274271427 0.049463369252186466 553
1647274271553 0.04944882161040457 554
1647274271682 0.049434081606495615 555
1647274271810 0.049419149356433684 556
1647274271948 0.04940402497770548 557
1647274272077 0.04938870858930935 558
1647274272203 0.04937320031175437 559
1647274272282 0.049357500267059436 560
1647274277371 0.0493416085787522 561
1647274277529 0.04932552537186822 562
1647274277667 0.04930925077294988 563
1647274277820 0.049292784910045455 564
1647274277950 0.04927612791270807 565
1647274278078 0.0492592799119947 566
1647274278211 0.04924224104046514 567
1647274278343 0.04922501143218092 568
1647274278471 0.04920759122270433 569
1647274278602 0.04918998054909726 570
1647274278729 0.04917217954992021 571
1647274278866 0.049154188365231125 572
1647274278995 0.04913600713658435 573
1647274279121 0.04911763600702949 574
1647274279254 0.04909907512111027 575
1647274279384 0.04908032462486342 576
1647274279521 0.04906138466581754 577
1647274279652 0.0490422553929919 578
1647274279783 0.0490229369568953 579
1647274279921 0.049003429509524854 580
1647274280054 0.04898373320436484 581
1647274280184 0.04896384819638546 582
1647274280313 0.048943774642041596 583
1647274280441 0.04892351269927165 584
1647274280575 0.04890306252749624 585
1647274280707 0.04888242428761697 586
1647274280837 0.04886159814201517 587
1647274280976 0.04884058425455059 588
1647274281106 0.04881938279056013 589
1647274281239 0.04879799391685658 590
1647274281371 0.048776417801727215 591
1647274281497 0.048754654614932544 592
1647274281639 0.04873270452770495 593
1647274281773 0.04871056771274736 594
1647274281901 0.048688244344231836 595
1647274282031 0.04866573459779828 596
1647274282159 0.04864303865055299 597
1647274282294 0.04862015668106731 598
1647274282420 0.04859708886937616 599
1647274282499 0.04857383539697671 600
1647274283317 0.048550396446826884 601
1647274283453 0.048526772203343935 602
1647274283585 0.04850296285240302 603
1647274283719 0.04847896858133571 604
1647274283851 0.048454789578928514 605
1647274283999 0.048430426035421414 606
1647274284126 0.04840587814250637 607
1647274284253 0.04838114609332577 608
1647274284383 0.04835623008247097 609
1647274284520 0.04833113030598072 610
1647274284648 0.04830584696133962 611
1647274284780 0.04828038024747661 612
1647274284911 0.048254730364763375 613
1647274285046 0.048228897515012734 614
1647274285177 0.048202881901477125 615
1647274285315 0.04817668372884695 616
1647274285445 0.04815030320324898 617
1647274285574 0.04812374053224475 618
1647274285701 0.04809699592482892 619
1647274285844 0.04807006959142759 620
1647274285997 0.04804296174389669 621
1647274286138 0.04801567259552031 622
1647274286265 0.047988202361009015 623
1647274286396 0.04796055125649813 624
1647274286525 0.04793271949954609 625
1647274286658 0.04790470730913269 626
1647274286791 0.04787651490565735 627
1647274286923 0.04784814251093744 628
1647274287052 0.047819590348206466 629
1647274287182 0.047790858642112376 630
1647274287311 0.04776194761871574 631
1647274287444 0.04773285750548799 632
1647274287571 0.047703588531309654 633
1647274287699 0.04767414092646852 634
1647274287827 0.04764451492265785 635
1647274287973 0.047614710752974534 636
1647274288101 0.04758472865191728 637
1647274288233 0.04755456885538474 638
1647274288362 0.04752423160067369 639
1647274288438 0.04749371712647713 640
1647274293594 0.04746302567288243 641
1647274293738 0.04743215748136943 642
1647274293872 0.047401112794808534 643
1647274294002 0.04736989185745881 644
1647274294142 0.04733849491496605 645
1647274294275 0.047306922214360884 646
1647274294402 0.04727517400405678 647
1647274294534 0.04724325053384811 648
1647274294663 0.047211152054908216 649
1647274294804 0.04717887881978736 650
1647274294935 0.047146431082410824 651
1647274295073 0.04711380909807686 652
1647274295207 0.04708101312345467 653
1647274295341 0.04704804341658244 654
1647274295473 0.04701490023686527 655
1647274295613 0.046981583845073116 656
1647274295744 0.046948094503338804 657
1647274295884 0.04691443247515589 658
1647274296015 0.046880598025376655 659
1647274296147 0.046846591420209964 660
1647274296283 0.04681241292721922 661
1647274296414 0.04677806281532022 662
1647274296546 0.046743541354779074 663
1647274296677 0.04670884881721003 664
1647274296820 0.046673985475573394 665
1647274296948 0.04663895160417335 666
1647274297080 0.046603747478655796 667
1647274297219 0.0465683733760062 668
1647274297349 0.04653282957454741 669
1647274297478 0.04649711635393743 670
1647274297613 0.04646123399516729 671
1647274297748 0.046425182780558794 672
1647274297880 0.04638896299376226 673
1647274298008 0.04635257491975437 674
1647274298138 0.04631601884483587 675
1647274298266 0.046279295056629345 676
1647274298403 0.046242403844076935 677
1647274298531 0.046205345497438065 678
1647274298660 0.04616812030828718 679
1647274298753 0.04613072856951145 680
1647274299595 0.046093170575308436 681
1647274299744 0.04605544662118379 682
1647274299880 0.04601755700394896 683
1647274300021 0.0459795020217188 684
1647274300157 0.04594128197390926 685
1647274300303 0.04590289716123505 686
1647274300433 0.045864347885707195 687
1647274300562 0.045825634450630766 688
1647274300690 0.045786757160602404 689
1647274300826 0.04574771632150797 690
1647274300956 0.04570851224052012 691
1647274301088 0.0456691452260959 692
1647274301229 0.04562961558797431 693
1647274301363 0.04558992363717389 694
1647274301492 0.04555006968599021 695
1647274301633 0.04551005404799349 696
1647274301762 0.0454698770380261 697
1647274301892 0.04542953897220007 698
1647274302029 0.04538904016789461 699
1647274302171 0.04534838094375364 700
1647274302301 0.04530756161968323 701
1647274302440 0.04526658251684914 702
1647274302568 0.04522544395767425 703
1647274302704 0.045184146265836056 704
1647274302844 0.04514268976626408 705
1647274302974 0.04510107478513738 706
1647274303106 0.0450593016498819 707
1647274303264 0.04501737068916798 708
1647274303395 0.0449752822329077 709
1647274303538 0.0449330366122523 710
1647274303670 0.04489063415958964 711
1647274303798 0.04484807520854148 712
1647274303925 0.04480536009396093 713
1647274304053 0.044762489151929784 714
1647274304180 0.044719462719755895 715
1647274304320 0.04467628113597048 716
1647274304448 0.04463294474032554 717
1647274304590 0.044589453873791075 718
1647274304717 0.0445458088785525 719
1647274304803 0.044502010098007895 720
1647274309857 0.044458057876765315 721
1647274310035 0.0444139525606401 722
1647274310174 0.04436969449665212 723
1647274310310 0.04432528403302309 724
1647274310443 0.04428072151917376 725
1647274310573 0.04423600730572126 726
1647274310706 0.04419114174447625 727
1647274310836 0.04414612518844019 728
1647274310968 0.04410095799180261 729
1647274311107 0.04405564050993822 730
1647274311234 0.04401017309940422 731
1647274311362 0.04396455611793741 732
1647274311490 0.04391878992445143 733
1647274311621 0.04387287487903392 734
1647274311753 0.04382681134294368 735
1647274311895 0.04378059967860782 736
1647274312024 0.04373424024961894 737
1647274312155 0.04368773342073224 738
1647274312287 0.04364107955786265 739
1647274312429 0.043594279028082 740
1647274312560 0.04354733219961603 741
1647274312689 0.04350023944184162 742
1647274312825 0.043453001125283774 743
1647274312951 0.04340561762161276 744
1647274313082 0.0433580893036412 745
1647274313218 0.04331041654532108 746
1647274313347 0.04326259972174085 747
1647274313486 0.04321463920912249 748
1647274313621 0.043166535384818475 749
1647274313749 0.0431182886273089 750
1647274313879 0.04306989931619841 751
1647274314031 0.0430213678322133 752
1647274314159 0.042972694557198474 753
1647274314286 0.042923879874114404 754
1647274314423 0.04287492416703422 755
1647274314551 0.042825827821140576 756
1647274314679 0.0427765912227227 757
1647274314806 0.04272721475917331 758
1647274314935 0.04267769881898557 759
1647274315013 0.04262804379175008 760
1647274315979 0.04257825006815174 761
1647274316116 0.04252831803996673 762
1647274316244 0.04247824810005939 763
1647274316378 0.042428040642379164 764
1647274316522 0.04237769606195748 765
1647274316660 0.04232721475490465 766
1647274316789 0.04227659711840672 767
1647274316916 0.04222584355072241 768
1647274317046 0.04217495445117994 769
1647274317174 0.04212393022017386 770
1647274317302 0.04207277125916198 771
1647274317438 0.04202147797066211 772
1647274317574 0.04197005075824899 773
1647274317707 0.041918490026551056 774
1647274317837 0.04186679618124727 775
1647274317968 0.041814969629063926 776
1647274318102 0.041763010777771455 777
1647274318234 0.04171092003618122 778
1647274318366 0.041658697814142304 779
1647274318508 0.04160634452253825 780
1647274318637 0.04155386057328388 781
1647274318766 0.04150124637932201 782
1647274318895 0.04144850235462023 783
1647274319025 0.04139562891416762 784
1647274319156 0.04134262647397153 785
1647274319288 0.041289495451054245 786
1647274319416 0.04123623626344976 787
1647274319544 0.041182849330200465 788
1647274319684 0.04112933507135384 789
1647274319816 0.04107569390795916 790
1647274319948 0.041021926262064204 791
1647274320077 0.04096803255671189 792
1647274320207 0.040914013215936976 793
1647274320333 0.040859868664762725 794
1647274320464 0.04080559932919754 795
1647274320607 0.040751205636231635 796
1647274320736 0.040696688013833665 797
1647274320863 0.04064204689094736 798
1647274320996 0.04058728269748815 799
1647274321073 0.040532395864339786 800
1647274321896 0.040477386823350926 801
1647274322035 0.04042225600733177 802
1647274322165 0.04036700385005066 803
1647274322303 0.04031163078623062 804
1647274322431 0.04025613725154599 805
1647274322563 0.04020052368261895 806
1647274322694 0.04014479051701612 807
1647274322826 0.04008893819324509 808
1647274322968 0.04003296715075102 809
1647274323098 0.039976877829913104 810
1647274323235 0.03992067067204118 811
1647274323371 0.0398643461193722 812
1647274323507 0.0398079046150668 813
1647274323640 0.03975134660320578 814
1647274323774 0.0396946725287866 815
1647274323904 0.03963788283771994 816
1647274324036 0.03958097797682611 817
1647274324166 0.03952395839383161 818
1647274324294 0.03946682453736553 819
1647274324430 0.03940957685695609 820
1647274324564 0.03935221580302708 821
1647274324695 0.03929474182689428 822
1647274324835 0.03923715538076199 823
1647274324982 0.03917945691771935 824
1647274325123 0.03912164689173693 825
1647274325254 0.03906372575766301 826
1647274325386 0.0390056939712201 827
1647274325514 0.03894755198900131 828
1647274325652 0.03888930026846676 829
1647274325784 0.038830939267940005 830
1647274325915 0.03877246944660442 831
1647274326042 0.038713891264499554 832
1647274326173 0.03865520518251756 833
1647274326299 0.03859641166239953 834
1647274326432 0.03853751116673188 835
1647274326559 0.038478504158942724 836
1647274326687 0.03841939110329818 837
1647274326815 0.03836017246489878 838
1647274326968 0.03830084870967577 839
1647274327045 0.03824142030438743 840
1647274332193 0.03818188771661547 841
1647274332345 0.03812225141476128 842
1647274332480 0.03806251186804225 843
1647274332611 0.038002669546488135 844
1647274332746 0.03794272492093732 845
1647274332880 0.037882678463033066 846
1647274333011 0.03782253064521992 847
1647274333141 0.03776228194073987 848
1647274333277 0.037701932823628714 849
1647274333405 0.037641483768712285 850
1647274333537 0.03758093525160271 851
1647274333678 0.037520287748694696 852
1647274333822 0.037459541737161775 853
1647274333955 0.03739869769495254 854
1647274334087 0.037337756100786865 855
1647274334217 0.0372767174341522 856
1647274334349 0.03721558217529973 857
1647274334484 0.03715435080524063 858
1647274334618 0.03709302380574229 859
1647274334746 0.03703160165932449 860
1647274334881 0.03697008484925565 861
1647274335012 0.03690847385954899 862
1647274335153 0.03684676917495872 863
1647274335285 0.03678497128097627 864
1647274335415 0.03672308066382639 865
1647274335545 0.036661097810463436 866
1647274335693 0.036599023208567436 867
1647274335822 0.03653685734654031 868
1647274335952 0.036474600713501996 869
1647274336083 0.03641225379928664 870
1647274336217 0.0363498170944387 871
1647274336346 0.03628729109020911 872
1647274336472 0.03622467627855141 873
1647274336600 0.036161973152117874 874
1647274336732 0.036099182204255655 875
1647274336866 0.03603630392900284 876
1647274336995 0.03597333882108465 877
1647274337125 0.03591028737590948 878
1647274337256 0.035847150089565044 879
1647274337333 0.03578392745881442 880
1647274338417 0.03572061998109221 881
1647274338552 0.03565722815450057 882
1647274338682 0.03559375247780531 883
1647274338814 0.03553019345043199 884
1647274338943 0.03546655157246195 885
1647274339077 0.03540282734462842 886
1647274339208 0.03533902126831252 887
1647274339351 0.0352751338455394 888
1647274339479 0.03521116557897422 889
1647274339622 0.03514711697191819 890
1647274339757 0.035082988528304694 891
1647274339887 0.03501878075269521 892
1647274340017 0.03495449415027546 893
1647274340153 0.03489012922685132 894
1647274340283 0.034825686488844924 895
1647274340427 0.03476116644329064 896
1647274340559 0.0346965695978311 897
1647274340688 0.034631896460713164 898
1647274340816 0.034567147540784014 899
1647274340958 0.03450232334748703 900
1647274341090 0.03443742439085786 901
1647274341218 0.034372451181520415 902
1647274341354 0.03430740423068279 903
1647274341485 0.034242284050133305 904
1647274341616 0.03417709115223642 905
1647274341746 0.03411182604992876 906
1647274341881 0.03404648925671504 907
1647274342015 0.033981081286664036 908
1647274342144 0.03391560265440456 909
1647274342272 0.033850053875121376 910
1647274342411 0.03378443546455116 911
1647274342541 0.033718747938978465 912
1647274342670 0.03365299181523162 913
1647274342799 0.03358716761067869 914
1647274342926 0.03352127584322341 915
1647274343063 0.033455317031301085 916
1647274343189 0.03338929169387453 917
1647274343317 0.033323200350429974 918
1647274343445 0.03325704352097299 919
1647274343525 0.03319082172602439 920
1647274344362 0.033124535486616126 921
1647274344499 0.033058185324287226 922
1647274344627 0.032991771761079626 923
1647274344787 0.03292529531953412 924
1647274344918 0.032858756522686224 925
1647274345051 0.03279215589406206 926
1647274345183 0.03272549395767425 927
1647274345313 0.032658771238017775 928
1647274345444 0.03259198826006586 929
1647274345583 0.032525145549265846 930
1647274345719 0.032458243631535044 931
1647274345858 0.03239128303325662 932
1647274345989 0.03232426428127542 933
1647274346120 0.032257187902893836 934
1647274346251 0.03219005442586769 935
1647274346381 0.03212286437840204 936
1647274346510 0.032055618289147034 937
1647274346637 0.03198831668719376 938
1647274346790 0.031920960102070094 939
1647274346918 0.0318535490637365 940
1647274347058 0.03178608410258187 941
1647274347195 0.0317185657494194 942
1647274347325 0.03165099453548232 943
1647274347456 0.03158337099241981 944
1647274347594 0.03151569565229278 945
1647274347730 0.03144796904756962 946
1647274347868 0.03138019171112214 947
1647274347997 0.03131236417622125 948
1647274348127 0.031244486976532856 949
1647274348260 0.03117656064611361 950
1647274348401 0.031108585719406737 951
1647274348529 0.031040562731237804 952
1647274348658 0.030972492216810518 953
1647274348789 0.03090437471170255 954
1647274348921 0.030836210751861253 955
1647274349048 0.030768000873599526 956
1647274349178 0.030699745613591525 957
1647274349317 0.030631445508868486 958
1647274349445 0.030563101096814465 959
1647274349528 0.030494712915162148 960
1647274350404 0.03042628150198858 961
1647274350539 0.03035780739571096 962
1647274350672 0.030289291135082407 963
1647274350811 0.03022073325918768 964
1647274350943 0.030152134307439 965
1647274351075 0.03008349481957174 966
1647274351205 0.030014815335640245 967
1647274351360 0.029946096396013516 968
1647274351492 0.02987733854137101 969
1647274351627 0.02980854231269836 970
1647274351757 0.029739708251283126 971
1647274351889 0.02967083689871054 972
1647274352022 0.029601928796859227 973
1647274352166 0.029532984487896985 974
1647274352301 0.02946400451427644 975
1647274352434 0.029394989418730873 976
1647274352570 0.029325939744269877 977
1647274352704 0.02925685603417513 978
1647274352832 0.02918773883199608 979
1647274352961 0.02911858868154571 980
1647274353093 0.029049406126896226 981
1647274353226 0.0289801917123748 982
1647274353381 0.02891094598255927 983
1647274353511 0.028841669482273857 984
1647274353653 0.028772362756584905 985
1647274353782 0.02870302635079654 986
1647274353911 0.02863366081044644 987
1647274354038 0.028564266681301496 988
1647274354170 0.028494844509353537 989
1647274354301 0.02842539484081504 990
1647274354434 0.028355918222114807 991
1647274354560 0.028286415199893715 992
1647274354687 0.028216886321000344 993
1647274354820 0.02814733213248675 994
1647274354951 0.028077753181604107 995
1647274355079 0.02800815001579841 996
1647274355212 0.0279385231827062 997
1647274355350 0.027868873230150203 998
1647274355478 0.027799200706135088 999
1647274355557 0.02772950615884307 1000
1647274360665 0.027659790136629683 1001
1647274360840 0.027590053188019395 1002
1647274360975 0.027520295861701342 1003
1647274361105 0.02745051870652499 1004
1647274361234 0.027380722271495794 1005
1647274361376 0.027310907105770936 1006
1647274361506 0.02724107375865495 1007
1647274361635 0.027171222779595435 1008
1647274361768 0.027101354718178698 1009
1647274361900 0.027031470124125472 1010
1647274362046 0.026961569547286554 1011
1647274362179 0.0268916535376385 1012
1647274362318 0.02682172264527928 1013
1647274362453 0.026751777420423974 1014
1647274362583 0.026681818413400435 1015
1647274362714 0.026611846174644925 1016
1647274362846 0.02654186125469785 1017
1647274362979 0.02647186420419936 1018
1647274363123 0.026401855573885073 1019
1647274363256 0.026331835914581693 1020
1647274363392 0.026261805777202725 1021
1647274363526 0.0261917657127441 1022
1647274363657 0.02612171627227984 1023
1647274363794 0.02605165800695778 1024
1647274363927 0.02598159146799514 1025
1647274364083 0.025911517206674284 1026
1647274364213 0.025841435774338294 1027
1647274364349 0.0257713477223867 1028
1647274364483 0.025701253602271098 1029
1647274364618 0.02563115396549085 1030
1647274364747 0.0255610493635887 1031
1647274364882 0.02549094034814646 1032
1647274365011 0.025420827470780692 1033
1647274365147 0.025350711283138316 1034
1647274365277 0.025280592336892314 1035
1647274365417 0.025210471183737357 1036
1647274365545 0.025140348375385497 1037
1647274365674 0.02507022446356179 1038
1647274365803 0.0250001 1039
1647274365883 0.024929975536438213 1040
1647274370907 0.024859851624614508 1041
1647274371053 0.024789728816262648 1042
1647274371186 0.02471960766310769 1043
1647274371323 0.02464948871686169 1044
1647274371461 0.02457937252921931 1045
1647274371595 0.024509259651853542 1046
1647274371730 0.02443915063641131 1047
1647274371861 0.02436904603450916 1048
1647274371991 0.024298946397728907 1049
1647274372134 0.02422885227761331 1050
1647274372261 0.024158764225661718 1051
1647274372394 0.024088682793325728 1052
1647274372528 0.024018608532004868 1053
1647274372659 0.023948541993042232 1054
1647274372790 0.02387848372772017 1055
1647274372933 0.023808434287255913 1056
1647274373060 0.023738394222797273 1057
1647274373192 0.023668364085418305 1058
1647274373322 0.02359834442611493 1059
1647274373454 0.023528335795800638 1060
1647274373584 0.02345833874530215 1061
1647274373712 0.023388353825355073 1062
1647274373851 0.02331838158659957 1063
1647274373979 0.023248422579576024 1064
1647274374110 0.023178477354720728 1065
1647274374243 0.023108546462361507 1066
1647274374369 0.023038630452713454 1067
1647274374510 0.02296872987587453 1068
1647274374650 0.022898845281821307 1069
1647274374794 0.02282897722040457 1070
1647274374924 0.022759126241345056 1071
1647274375059 0.02268929289422907 1072
1647274375188 0.022619477728504214 1073
1647274375316 0.022549681293475017 1074
1647274375446 0.02247990413829866 1075
1647274375582 0.02241014681198061 1076
1647274375710 0.022340409863370318 1077
1647274375840 0.02227069384115693 1078
1647274375968 0.022200999293864914 1079
1647274376045 0.0221313267698498 1080
1647274381139 0.022061676817293808 1081
1647274381299 0.0219920499842016 1082
1647274381451 0.0219224468183959 1083
1647274381594 0.021852867867513257 1084
1647274381724 0.021783313678999657 1085
1647274381856 0.021713784800106297 1086
1647274381987 0.021644281777885202 1087
1647274382124 0.021574805159184973 1088
1647274382255 0.021505355490646475 1089
1647274382394 0.021435933318698513 1090
1647274382524 0.021366539189553568 1091
1647274382669 0.02129717364920346 1092
1647274382803 0.021227837243415097 1093
1647274382933 0.021158530517726138 1094
1647274383074 0.021089254017440728 1095
1647274383202 0.021020008287625198 1096
1647274383331 0.02095079387310377 1097
1647274383478 0.020881611318454292 1098
1647274383613 0.020812461168003924 1099
1647274383743 0.020743343965824872 1100
1647274383877 0.020674260255730124 1101
1647274384015 0.02060521058126913 1102
1647274384148 0.020536195485723566 1103
1647274384274 0.020467215512103024 1104
1647274384406 0.020398271203140774 1105
1647274384535 0.020329363101289463 1106
1647274384663 0.02026049174871688 1107
1647274384798 0.020191657687301644 1108
1647274384930 0.020122861458628998 1109
1647274385064 0.020054103603986493 1110
1647274385193 0.01998538466435976 1111
1647274385321 0.019916705180428266 1112
1647274385461 0.019848065692561007 1113
1647274385594 0.019779466740812324 1114
1647274385736 0.0197109088649176 1115
1647274385863 0.01964239260428904 1116
1647274385994 0.019573918498011423 1117
1647274386121 0.019505487084837857 1118
1647274386250 0.019437098903185537 1119
1647274386327 0.019368754491131523 1120
1647274387178 0.019300454386408483 1121
1647274387323 0.019232199126400482 1122
1647274387451 0.01916398924813876 1123
1647274387580 0.019095825288297463 1124
1647274387711 0.01902770778318949 1125
1647274387853 0.018959637268762205 1126
1647274387987 0.018891614280593258 1127
1647274388126 0.018823639353886385 1128
1647274388256 0.01875571302346714 1129
1647274388389 0.01868783582377875 1130
1647274388521 0.018620008288877863 1131
1647274388656 0.018552230952430374 1132
1647274388799 0.018484504347707226 1133
1647274388931 0.018416829007580182 1134
1647274389060 0.01834920546451768 1135
1647274389188 0.018281634250580606 1136
1647274389315 0.018214115897418132 1137
1647274389447 0.018146650936263505 1138
1647274389580 0.01807923989792991 1139
1647274389708 0.01801188331280624 1140
1647274389841 0.017944581710852975 1141
1647274389990 0.017877335621597965 1142
1647274390122 0.017810145574132314 1143
1647274390253 0.017743012097106173 1144
1647274390384 0.01767593571872459 1145
1647274390513 0.01760891696674339 1146
1647274390643 0.017541956368464957 1147
1647274390791 0.017475054450734162 1148
1647274390920 0.01740821173993414 1149
1647274391055 0.017341428761982233 1150
1647274391185 0.017274706042325755 1151
1647274391313 0.017208044105937945 1152
1647274391441 0.017141443477313778 1153
1647274391567 0.017074904680465883 1154
1647274391696 0.01700842823892038 1155
1647274391831 0.01694201467571278 1156
1647274391975 0.016875664513383883 1157
1647274392104 0.016809378273975623 1158
1647274392230 0.016743156479027025 1159
1647274392308 0.016676999649570038 1160
1647274397441 0.016610908306125487 1161
1647274397609 0.016544882968698917 1162
1647274397740 0.016478924156776587 1163
1647274397871 0.016413032389321305 1164
1647274398005 0.01634720818476838 1165
1647274398135 0.01628145206102154 1166
1647274398270 0.01621576453544884 1167
1647274398401 0.016150146124878625 1168
1647274398533 0.01608459734559544 1169
1647274398668 0.016019118713335966 1170
1647274398802 0.01595371074328497 1171
1647274398949 0.015888373950071245 1172
1647274399078 0.015823108847763587 1173
1647274399213 0.015757915949866703 1174
1647274399347 0.01569279576931721 1175
1647274399483 0.015627748818479587 1176
1647274399613 0.015562775609142147 1177
1647274399740 0.015497876652512978 1178
1647274399874 0.015433052459215994 1179
1647274400018 0.015368303539286839 1180
1647274400154 0.01530363040216891 1181
1647274400282 0.015239033556709365 1182
1647274400413 0.015174513511155079 1183
1647274400542 0.015110070773148684 1184
1647274400689 0.015045705849724545 1185
1647274400825 0.014981419247304792 1186
1647274400957 0.014917211471695318 1187
1647274401093 0.01485308302808182 1188
1647274401222 0.014789034421025794 1189
1647274401358 0.014725066154460606 1190
1647274401490 0.014661178731687487 1191
1647274401620 0.014597372655371595 1192
1647274401749 0.01453364842753806 1193
1647274401877 0.014470006549568025 1194
1647274402013 0.014406447522194695 1195
1647274402141 0.014342971845499443 1196
1647274402269 0.014279580018907792 1197
1647274402396 0.014216272541185583 1198
1647274402523 0.014153049910434961 1199
1647274402606 0.014089912624090511 1200
1647274403437 0.01402686117891535 1201
1647274403575 0.013963896070997161 1202
1647274403703 0.013901017795744356 1203
1647274403842 0.013838226847882131 1204
1647274403973 0.013775523721448591 1205
1647274404103 0.013712908909790895 1206
1647274404234 0.013650382905561307 1207
1647274404362 0.013587946200713368 1208
1647274404490 0.013525599286498002 1209
1647274404627 0.013463342653459696 1210
1647274404757 0.01340117679143257 1211
1647274404887 0.013339102189536572 1212
1647274405018 0.01327711933617361 1213
1647274405177 0.013215228719023742 1214
1647274405306 0.013153430825041282 1215
1647274405444 0.013091726140451019 1216
1647274405571 0.013030115150744355 1217
1647274405705 0.012968598340675512 1218
1647274405837 0.012907176194257717 1219
1647274405979 0.01284584919475938 1220
1647274406118 0.012784617824700285 1221
1647274406247 0.012723482565847806 1222
1647274406375 0.012662443899213137 1223
1647274406504 0.012601502305047474 1224
1647274406632 0.012540658262838233 1225
1647274406770 0.012479912251305318 1226
1647274406901 0.012419264748397302 1227
1647274407030 0.012358716231287729 1228
1647274407170 0.012298267176371296 1229
1647274407304 0.012237918059260142 1230
1647274407432 0.01217766935478009 1231
1647274407566 0.012117521536966932 1232
1647274407694 0.01205747507906269 1233
1647274407824 0.011997530453511863 1234
1647274407954 0.011937688131957754 1235
1647274408082 0.01187794858523872 1236
1647274408213 0.011818312283384525 1237
1647274408343 0.011758779695612568 1238
1647274408473 0.011699351290324242 1239
1647274408556 0.011640027535101228 1240
1647274413710 0.011580808896701824 1241
1647274413881 0.011521695841057285 1242
1647274414017 0.011462688833268127 1243
1647274414149 0.011403788337600482 1244
1647274414285 0.011344994817482442 1245
1647274414416 0.011286308735500445 1246
1647274414548 0.011227730553395586 1247
1647274414679 0.011169260732060001 1248
1647274414810 0.011110899731533255 1249
1647274414941 0.0110526480109987 1250
1647274415073 0.010994506028779908 1251
1647274415204 0.010936474242336996 1252
1647274415335 0.010878553108263078 1253
1647274415465 0.010820743082280647 1254
1647274415595 0.01076304461923802 1255
1647274415731 0.01070545817310572 1256
1647274415871 0.01064798419697293 1257
1647274416011 0.010590623143043912 1258
1647274416143 0.010533375462634477 1259
1647274416275 0.010476241606168403 1260
1647274416404 0.010419222023173894 1261
1647274416532 0.010362317162280072 1262
1647274416666 0.010305527471213405 1263
1647274416796 0.010248853396794235 1264
1647274416929 0.01019229538493321 1265
1647274417059 0.010135853880627814 1266
1647274417202 0.01007952932795883 1267
1647274417338 0.010023322170086894 1268
1647274417469 0.009967232849248983 1269
1647274417607 0.00991126180675491 1270
1647274417742 0.00985540948298389 1271
1647274417884 0.00979967631738105 1272
1647274418019 0.00974406274845401 1273
1647274418149 0.009688569213769378 1274
1647274418288 0.009633196149949343 1275
1647274418417 0.009577943992668236 1276
1647274418553 0.00952281317664908 1277
1647274418680 0.00946780413566022 1278
1647274418815 0.00941291730251185 1279
1647274418892 0.009358153109052641 1280
1647274423939 0.009303511986166333 1281
1647274424111 0.009248994363768368 1282
1647274424244 0.009194600670802466 1283
1647274424377 0.009140331335237284 1284
1647274424528 0.009086186784063031 1285
1647274424662 0.009032167443288113 1286
1647274424795 0.008978273737935796 1287
1647274424923 0.008924506092040842 1288
1647274425051 0.008870864928646171 1289
1647274425188 0.00881735066979954 1290
1647274425321 0.008763963736550246 1291
1647274425455 0.008710704548945765 1292
1647274425588 0.008657573526028488 1293
1647274425719 0.008604571085832386 1294
1647274425857 0.008551697645379781 1295
1647274425987 0.008498953620677997 1296
1647274426120 0.008446339426716128 1297
1647274426256 0.008393855477461756 1298
1647274426394 0.008341502185857698 1299
1647274426543 0.008289279963818784 1300
1647274426683 0.008237189222228554 1301
1647274426813 0.008185230370936079 1302
1647274426941 0.008133403818752737 1303
1647274427075 0.00808170997344894 1304
1647274427210 0.00803014924175101 1305
1647274427340 0.007978722029337892 1306
1647274427477 0.00792742874083803 1307
1647274427613 0.007876269779826141 1308
1647274427745 0.007825245548820062 1309
1647274427873 0.007774356449277585 1310
1647274428001 0.007723602881593283 1311
1647274428128 0.007672985245095361 1312
1647274428256 0.00762250393804252 1313
1647274428383 0.007572159357620837 1314
1647274428524 0.0075219518999406175 1315
1647274428651 0.007471881960033282 1316
1647274428794 0.0074219499318482615 1317
1647274428921 0.007372156208249922 1318
1647274429049 0.007322501181014432 1319
1647274429127 0.0072729852408267015 1320
1647274429964 0.00722360877727731 1321
1647274430107 0.007174372178859426 1322
1647274430238 0.0071252758329657835 1323
1647274430381 0.0070763201258855985 1324
1647274430512 0.007027505442801539 1325
1647274430652 0.0069788321677867 1326
1647274430794 0.006930300683801597 1327
1647274430930 0.006881911372691115 1328
1647274431062 0.006833664615181532 1329
1647274431195 0.006785560790877514 1330
1647274431329 0.006737600278259151 1331
1647274431459 0.006689783454678929 1332
1647274431590 0.006642110696358811 1333
1647274431723 0.006594582378387248 1334
1647274431858 0.006547198874716235 1335
1647274431989 0.006499960558158389 1336
1647274432131 0.006452867800383967 1337
1647274432267 0.006405920971918009 1338
1647274432408 0.006359120442137349 1339
1647274432540 0.006312466579267763 1340
1647274432670 0.0062659597503810635 1341
1647274432804 0.006219600321392185 1342
1647274432939 0.006173388657056329 1343
1647274433081 0.006127325120966086 1344
1647274433210 0.00608141007554857 1345
1647274433348 0.006035643882062597 1346
1647274433482 0.005990026900595787 1347
1647274433623 0.005944559490061785 1348
1647274433753 0.005899242008197396 1349
1647274433881 0.00585407481155981 1350
1647274434013 0.005809058255523758 1351
1647274434139 0.0057641926942787435 1352
1647274434265 0.005719478480826232 1353
1647274434394 0.005674915966976912 1354
1647274434521 0.005630505503347879 1355
1647274434650 0.005586247439359904 1356
1647274434776 0.0055421421232346915 1357
1647274434904 0.005498189901992111 1358
1647274435048 0.005454391121447502 1359
1647274435127 0.005410746126208931 1360
1647274440243 0.00536725525967447 1361
1647274440398 0.005323918864029518 1362
1647274440534 0.005280737280244115 1363
1647274440671 0.005237710848070222 1364
1647274440806 0.005194839906039079 1365
1647274440939 0.00515212479145853 1366
1647274441069 0.005109565840410365 1367
1647274441201 0.005067163387747702 1368
1647274441334 0.005024917767092315 1369
1647274441474 0.0049828293108320305 1370
1647274441606 0.0049408983501181 1371
1647274441746 0.004899125214862619 1372
1647274441880 0.004857510233735917 1373
1647274442010 0.004816053734163949 1374
1647274442139 0.004774756042325754 1375
1647274442268 0.00473361748315086 1376
1647274442400 0.004692638380316774 1377
1647274442537 0.004651819056246367 1378
1647274442675 0.004611159832105392 1379
1647274442802 0.004570661027799938 1380
1647274442936 0.0045303229619739005 1381
1647274443075 0.004490145952006513 1382
1647274443210 0.004450130314009799 1383
1647274443343 0.004410276362826121 1384
1647274443472 0.004370584412025686 1385
1647274443608 0.004331054773904104 1386
1647274443754 0.004291687759479888 1387
1647274443896 0.00425248367849204 1388
1647274444024 0.004213442839397597 1389
1647274444157 0.004174565549369235 1390
1647274444291 0.004135852114292806 1391
1647274444418 0.00409730283876496 1392
1647274444546 0.004058918026090744 1393
1647274444674 0.0040206979782812045 1394
1647274444808 0.003982642996051044 1395
1647274444937 0.003944753378816211 1396
1647274445068 0.0039070294246915695 1397
1647274445198 0.0038694714304885495 1398
1647274445326 0.0038320796917128202 1399
1647274445404 0.0037948545025619424 1400
1647274450478 0.0037577961559230786 1401
1647274450650 0.003720904943370664 1402
1647274450784 0.0036841811551641315 1403
1647274450930 0.003647625080245636 1404
1647274451059 0.003611237006237749 1405
1647274451191 0.003575017219441219 1406
1647274451323 0.003538966004832708 1407
1647274451454 0.0035030836460625703 1408
1647274451588 0.0034673704254526 1409
1647274451719 0.003431826623993802 1410
1647274451855 0.00339645252134421 1411
1647274451984 0.0033612483958266547 1412
1647274452121 0.0033262145244266086 1413
1647274452251 0.003291351182789975 1414
1647274452382 0.003256658645220932 1415
1647274452519 0.003222137184679781 1416
1647274452654 0.0031877870727807785 1417
1647274452782 0.0031536085797900354 1418
1647274452916 0.003119601974623349 1419
1647274453052 0.0030857675248441136 1420
1647274453178 0.003052105496661199 1421
1647274453312 0.003018616154926885 1422
1647274453440 0.002985299763134736 1423
1647274453575 0.0029521565834175617 1424
1647274453709 0.0029191868765453353 1425
1647274453851 0.0028863909019231464 1426
1647274453984 0.0028537689175891774 1427
1647274454118 0.0028213211802126455 1428
1647274454252 0.002789047945091794 1429
1647274454381 0.002756949466151888 1430
1647274454526 0.0027250259959432244 1431
1647274454662 0.002693277785639119 1432
1647274454790 0.0026617050850339537 1433
1647274454920 0.0026303081425411968 1434
1647274455048 0.0025990872051914688 1435
1647274455177 0.0025680425186305703 1436
1647274455312 0.0025371743271175706 1437
1647274455439 0.0025064828735228734 1438
1647274455570 0.0024759683993263145 1439
1647274455647 0.0024456311446152644 1440
1647274456487 0.002415471348082729 1441
1647274456627 0.0023854892470254662 1442
1647274456763 0.002355685077342152 1443
1647274456908 0.0023260590735314783 1444
1647274457038 0.0022966114686903487 1445
1647274457174 0.002267342494512014 1446
1647274457310 0.00223825238128427 1447
1647274457446 0.0022093413578876298 1448
1647274457576 0.0021806096517935337 1449
1647274457709 0.002152057489062564 1450
1647274457841 0.002123685094342652 1451
1647274457974 0.0020954926908673156 1452
1647274458107 0.0020674805004539045 1453
1647274458236 0.0020396487435018675 1454
1647274458371 0.002011997638990991 1455
1647274458501 0.0019845274044796943 1456
1647274458634 0.001957238256103316 1457
1647274458768 0.0019301304085724185 1458
1647274458914 0.0019032040751710828 1459
1647274459047 0.001876459467755246 1460
1647274459180 0.0018498967967510234 1461
1647274459312 0.0018235162711530552 1462
1647274459448 0.0017973180985228808 1463
1647274459582 0.0017713024849872693 1464
1647274459715 0.0017454696352366319 1465
1647274459848 0.0017198197525233867 1466
1647274459986 0.001694353038660384 1467
1647274460118 0.0016690696940192908 1468
1647274460254 0.0016439699175290368 1469
1647274460393 0.0016190539066742297 1470
1647274460525 0.001594321857493634 1471
1647274460656 0.0015697739645785854 1472
1647274460785 0.0015454104210714911 1473
1647274460920 0.0015212314186642984 1474
1647274461052 0.001497237147596981 1475
1647274461180 0.0014734277966560693 1476
1647274461310 0.0014498035531731192 1477
1647274461439 0.001426364603023291 1478
1647274461565 0.0014031111306238415 1479
1647274461653 0.0013800433189326954 1480
