1647274161038 1.1054633855819702 0
1647274175639 0.9022190570831299 1
1647274185761 0.8741865754127502 2
1647274191857 0.7180896997451782 3
1647274202011 0.6571745276451111 4
1647274207985 0.87348872423172 5
1647274213958 1.208899736404419 6
1647274219911 1.0525362491607666 7
1647274225862 0.5676910281181335 8
1647274236121 0.8815677762031555 9
1647274242052 0.6313881278038025 10
1647274252401 0.5577754378318787 11
1647274262680 0.4727068245410919 12
1647274272853 0.37529468536376953 13
1647274283058 0.41391193866729736 14
1647274289004 0.43372008204460144 15
1647274299322 0.34873655438423157 16
1647274305391 0.2563198208808899 17
1647274315708 0.2594532370567322 18
1647274321637 0.3002513647079468 19
1647274327611 0.22218579053878784 20
1647274338133 0.24864143133163452 21
1647274344093 0.20113641023635864 22
1647274350125 0.27472785115242004 23
1647274356224 0.2282695472240448 24
1647274366457 0.14375150203704834 25
1647274376602 0.2354811429977417 26
1647274386911 0.1966376006603241 27
1647274392875 0.15924838185310364 28
1647274403171 0.12433270364999771 29
1647274409122 0.1619170606136322 30
1647274419483 0.15509849786758423 31
1647274429703 0.12999825179576874 32
1647274435699 0.1381424367427826 33
1647274445986 0.1360912173986435 34
1647274456222 0.13465255498886108 35
1647274462354 0.11362067610025406 36
1647274498421 0.24864143133163452 37
