1647274144633 0.95 0
1647274152726 0.9499989290832064 1
1647274152971 0.9499957163787003 2
1647274153109 0.9499903620241033 3
1647274153245 0.9499828662487778 4
1647274153376 0.9499732293738182 5
1647274153514 0.9499614518120361 6
1647274153640 0.949947534067943 7
1647274153774 0.9499314767377286 8
1647274153911 0.9499132805092357 9
1647274154058 0.9498929461619301 10
1647274154191 0.9498704745668676 11
1647274154329 0.9498458666866564 12
1647274154461 0.9498191235754162 13
1647274154597 0.949790246378733 14
1647274154728 0.9497592363336098 15
1647274154856 0.9497260947684136 16
1647274154989 0.9496908231028188 17
1647274155125 0.9496534228477462 18
1647274155252 0.9496138956052983 19
1647274155383 0.9495722430686905 20
1647274155510 0.9495284670221789 21
1647274155642 0.9494825693409835 22
1647274155775 0.9494345519912083 23
1647274155907 0.9493844170297568 24
1647274156049 0.9493321666042439 25
1647274156188 0.9492778029529039 26
1647274156320 0.9492213284044946 27
1647274156454 0.9491627453781977 28
1647274156583 0.9491020563835152 29
1647274156712 0.9490392640201615 30
1647274156860 0.9489743709779526 31
1647274156987 0.9489073800366903 32
1647274157114 0.9488382940660436 33
1647274157246 0.9487671160254256 34
1647274157373 0.9486938489638667 35
1647274157502 0.9486184960198838 36
1647274157634 0.9485410604213463 37
1647274157772 0.9484615454853377 38
1647274157898 0.9483799546180129 39
1647274158924 0.9482962913144534 40
1647274169824 0.9482105591585164 41
1647274169989 0.9481227618226823 42
1647274170118 0.9480329030678967 43
1647274170250 0.9479409867434097 44
1647274170382 0.9478470167866104 45
1647274170507 0.9477509972228593 46
1647274170638 0.9476529321653148 47
1647274170768 0.9475528258147576 48
1647274170898 0.9474506824594107 49
1647274171025 0.9473465064747553 50
1647274171170 0.9472403023233439 51
1647274171302 0.9471320745546089 52
1647274171433 0.9470218278046677 53
1647274171564 0.9469095667961241 54
1647274171694 0.9467952963378663 55
1647274171825 0.94667902132486 56
1647274171958 0.9465607467379401 57
1647274172097 0.9464404776435962 58
1647274172228 0.9463182191937558 59
1647274172358 0.9461939766255643 60
1647274172496 0.9460677552611596 61
1647274172623 0.9459395605074449 62
1647274172757 0.9458093978558567 63
1647274172885 0.94567727288213 64
1647274173030 0.9455431912460588 65
1647274173158 0.945407158691254 66
1647274173297 0.9452691810448978 67
1647274173431 0.945129264217493 68
1647274173561 0.944987414202611 69
1647274173693 0.9448436370766343 70
1647274173824 0.9446979389984965 71
1647274173953 0.9445503262094184 72
1647274174079 0.9444008050326403 73
1647274174208 0.9442493818731521 74
1647274174340 0.9440960632174177 75
1647274174466 0.9439408556330983 76
1647274174604 0.94378376576877 77
1647274174732 0.9436248003536398 78
1647274174860 0.9434639661972571 79
1647274174939 0.9433012701892219 80
1647274180080 0.9431367192988895 81
1647274180234 0.9429703205750726 82
1647274180375 0.9428020811457385 83
1647274180515 0.9426320082177045 84
1647274180642 0.9424601090763289 85
1647274180772 0.9422863910851986 86
1647274180903 0.9421108616858143 87
1647274181039 0.9419335283972712 88
1647274181171 0.9417543988159371 89
1647274181319 0.9415734806151272 90
1647274181453 0.9413907815447751 91
1647274181585 0.9412063094311007 92
1647274181712 0.9410200721762756 93
1647274181855 0.9408320777580839 94
1647274181985 0.9406423342295808 95
1647274182114 0.9404508497187474 96
1647274182254 0.9402576324281429 97
1647274182381 0.9400626906345529 98
1647274182513 0.9398660326886353 99
1647274182640 0.9396676670145617 100
1647274182772 0.9394676021096574 101
1647274182900 0.9392658465440372 102
1647274183030 0.9390624089602378 103
1647274183166 0.9388572980728485 104
1647274183306 0.9386505226681368 105
1647274183433 0.938442091603673 106
1647274183571 0.93823201380795 107
1647274183700 0.9380202982800016 108
1647274183828 0.937806954089016 109
1647274183971 0.9375919903739488 110
1647274184099 0.9373754163431298 111
1647274184227 0.9371572412738697 112
1647274184354 0.9369374745120622 113
1647274184481 0.9367161254717842 114
1647274184612 0.9364932036348917 115
1647274184739 0.9362687185506143 116
1647274184869 0.9360426798351459 117
1647274184995 0.9358150971712327 118
1647274185123 0.9355859803077585 119
1647274185209 0.9353553390593273 120
1647274186044 0.9351231833058425 121
1647274186185 0.9348895229920839 122
1647274186326 0.9346543681272818 123
1647274186455 0.9344177287846877 124
1647274186591 0.9341796151011436 125
1647274186721 0.9339400372766471 126
1647274186854 0.9336990055739148 127
1647274186983 0.9334565303179428 128
1647274187113 0.9332126218955641 129
1647274187250 0.9329672907550034 130
1647274187388 0.9327205474054305 131
1647274187515 0.9324724024165091 132
1647274187661 0.9322228664179448 133
1647274187795 0.9319719500990292 134
1647274187925 0.9317196642081822 135
1647274188052 0.9314660195524919 136
1647274188184 0.9312110269972509 137
1647274188318 0.9309546974654916 138
1647274188451 0.9306970419375182 139
1647274188598 0.930438071450436 140
1647274188727 0.9301777970976786 141
1647274188856 0.9299162300285329 142
1647274188994 0.9296533814476619 143
1647274189123 0.9293892626146236 144
1647274189252 0.92912388484339 145
1647274189389 0.9288572595018616 146
1647274189517 0.9285893980113806 147
1647274189663 0.9283203118462416 148
1647274189796 0.9280500125332005 149
1647274189930 0.92777851165098 150
1647274190059 0.9275058208297746 151
1647274190186 0.9272319517507513 152
1647274190318 0.92695691614555 153
1647274190447 0.9266807257957805 154
1647274190573 0.9264033925325184 155
1647274190698 0.9261249282357974 156
1647274190836 0.9258453448341013 157
1647274190965 0.9255646543038526 158
1647274191092 0.9252828686688992 159
1647274191168 0.9249999999999999 160
1647274196324 0.9247160604143072 161
1647274196495 0.9244310620748477 162
1647274196628 0.9241450171900019 163
1647274196759 0.9238579380129803 164
1647274196896 0.9235698368412999 165
1647274197031 0.9232807260162555 166
1647274197171 0.922990617922393 167
1647274197299 0.9226995249869773 168
1647274197425 0.9224074596794611 169
1647274197559 0.92211443451095 170
1647274197688 0.9218204620336671 171
1647274197844 0.9215255548404148 172
1647274197977 0.9212297255640356 173
1647274198105 0.9209329868768714 174
1647274198239 0.9206353514902197 175
1647274198372 0.9203368321537899 176
1647274198503 0.920037441655157 177
1647274198631 0.9197371928192133 178
1647274198769 0.9194360985076198 179
1647274198894 0.9191341716182544 180
1647274199023 0.9188314250846605 181
1647274199159 0.9185278718754918 182
1647274199291 0.9182235249939574 183
1647274199417 0.917918397477265 184
1647274199547 0.9176125023960616 185
1647274199681 0.9173058528538747 186
1647274199825 0.9169984619865497 187
1647274199956 0.9166903429616885 188
1647274200090 0.9163815089780847 189
1647274200220 0.9160719732651581 190
1647274200347 0.9157617490823885 191
1647274200478 0.9154508497187474 192
1647274200606 0.9151392884921287 193
1647274200738 0.9148270787487786 194
1647274200864 0.9145142338627231 195
1647274200998 0.9142007672351962 196
1647274201125 0.9138866922940646 197
1647274201253 0.9135720224932536 198
1647274201388 0.9132567713121704 199
1647274201465 0.912940952255126 200
1647274202302 0.9126245788507579 201
1647274202437 0.9123076646514496 202
1647274202564 0.9119902232327508 203
1647274202701 0.9116722681927952 204
1647274202829 0.9113538131517186 205
1647274202956 0.911034871751075 206
1647274203089 0.9107154576532525 207
1647274203223 0.910395584540888 208
1647274203352 0.9100752661162809 209
1647274203480 0.9097545161008064 210
1647274203612 0.9094333482343278 211
1647274203742 0.9091117762746074 212
1647274203876 0.9087898139967177 213
1647274204010 0.9084674751924512 214
1647274204141 0.9081447736697295 215
1647274204284 0.9078217232520115 216
1647274204425 0.9074983377777022 217
1647274204560 0.907174631099559 218
1647274204689 0.9068506170840984 219
1647274204830 0.9065263096110026 220
1647274204966 0.9062017225725243 221
1647274205100 0.9058768698728918 222
1647274205238 0.9055517654277139 223
1647274205364 0.9052264231633826 224
1647274205496 0.904900857016478 225
1647274205628 0.9045750809331701 226
1647274205756 0.9042491088686221 227
1647274205891 0.9039229547863922 228
1647274206025 0.903596632657836 229
1647274206156 0.9032701564615071 230
1647274206298 0.9029435401825594 231
1647274206435 0.9026167978121472 232
1647274206561 0.902289943346826 233
1647274206699 0.9019629907879534 234
1647274206832 0.9016359541410888 235
1647274206959 0.9013088474153936 236
1647274207086 0.9009816846230314 237
1647274207213 0.9006544797785672 238
1647274207351 0.9003272468983675 239
1647274207427 0.8999999999999999 240
1647274208268 0.8996727531016324 241
1647274208404 0.8993455202214328 242
1647274208542 0.8990183153769685 243
1647274208674 0.8986911525846063 244
1647274208804 0.8983640458589112 245
1647274208941 0.8980370092120465 246
1647274209075 0.8977100566531739 247
1647274209206 0.8973832021878527 248
1647274209343 0.8970564598174405 249
1647274209473 0.8967298435384928 250
1647274209601 0.896403367342164 251
1647274209740 0.8960770452136078 252
1647274209867 0.8957508911313778 253
1647274210002 0.8954249190668299 254
1647274210133 0.8950991429835219 255
1647274210274 0.8947735768366173 256
1647274210404 0.8944482345722861 257
1647274210537 0.8941231301271081 258
1647274210694 0.8937982774274758 259
1647274210825 0.8934736903889974 260
1647274210951 0.8931493829159016 261
1647274211084 0.8928253689004411 262
1647274211214 0.8925016622222977 263
1647274211356 0.8921782767479884 264
1647274211487 0.8918552263302706 265
1647274211622 0.8915325248075487 266
1647274211763 0.8912101860032823 267
1647274211897 0.8908882237253926 268
1647274212030 0.8905666517656722 269
1647274212166 0.8902454838991936 270
1647274212297 0.8899247338837191 271
1647274212424 0.8896044154591121 272
1647274212551 0.8892845423467475 273
1647274212683 0.8889651282489249 274
1647274212820 0.8886461868482813 275
1647274212946 0.8883277318072047 276
1647274213081 0.8880097767672491 277
1647274213208 0.8876923353485503 278
1647274213335 0.8873754211492421 279
1647274213411 0.8870590477448739 280
1647274214235 0.8867432286878296 281
1647274214376 0.8864279775067463 282
1647274214506 0.8861133077059353 283
1647274214636 0.8857992327648039 284
1647274214769 0.8854857661372768 285
1647274214897 0.8851729212512214 286
1647274215025 0.8848607115078713 287
1647274215172 0.8845491502812526 288
1647274215305 0.8842382509176115 289
1647274215437 0.8839280267348419 290
1647274215564 0.8836184910219153 291
1647274215700 0.8833096570383114 292
1647274215832 0.8830015380134503 293
1647274215964 0.8826941471461253 294
1647274216102 0.8823874976039383 295
1647274216230 0.8820816025227349 296
1647274216366 0.8817764750060425 297
1647274216502 0.8814721281245081 298
1647274216636 0.8811685749153394 299
1647274216785 0.8808658283817454 300
1647274216924 0.8805639014923802 301
1647274217051 0.8802628071807866 302
1647274217187 0.8799625583448429 303
1647274217317 0.87966316784621 304
1647274217444 0.8793646485097802 305
1647274217575 0.8790670131231286 306
1647274217705 0.8787702744359643 307
1647274217836 0.8784744451595852 308
1647274217963 0.8781795379663329 309
1647274218091 0.87788556548905 310
1647274218225 0.8775925403205389 311
1647274218352 0.8773004750130227 312
1647274218486 0.877009382077607 313
1647274218615 0.8767192739837444 314
1647274218743 0.8764301631587 315
1647274218871 0.8761420619870195 316
1647274218999 0.8758549828099981 317
1647274219146 0.8755689379251522 318
1647274219275 0.8752839395856927 319
1647274219357 0.875 320
1647274220198 0.8747171313311007 321
1647274220341 0.8744353456961473 322
1647274220472 0.8741546551658986 323
1647274220601 0.8738750717642025 324
1647274220737 0.8735966074674816 325
1647274220869 0.8733192742042194 326
1647274220999 0.87304308385445 327
1647274221136 0.8727680482492486 328
1647274221264 0.8724941791702253 329
1647274221395 0.8722214883490199 330
1647274221528 0.8719499874667995 331
1647274221656 0.8716796881537583 332
1647274221785 0.8714106019886194 333
1647274221917 0.8711427404981383 334
1647274222053 0.8708761151566099 335
1647274222180 0.8706107373853763 336
1647274222313 0.8703466185523381 337
1647274222457 0.870083769971467 338
1647274222588 0.8698222029023214 339
1647274222714 0.8695619285495639 340
1647274222856 0.8693029580624816 341
1647274222988 0.8690453025345083 342
1647274223116 0.868788973002749 343
1647274223250 0.8685339804475081 344
1647274223384 0.8682803357918177 345
1647274223529 0.8680280499009707 346
1647274223663 0.8677771335820551 347
1647274223794 0.8675275975834909 348
1647274223928 0.8672794525945695 349
1647274224063 0.8670327092449965 350
1647274224191 0.866787378104436 351
1647274224317 0.8665434696820571 352
1647274224446 0.8663009944260851 353
1647274224577 0.8660599627233528 354
1647274224704 0.8658203848988564 355
1647274224835 0.8655822712153123 356
1647274224971 0.8653456318727182 357
1647274225097 0.865110477007916 358
1647274225223 0.8648768166941574 359
1647274225303 0.8646446609406726 360
1647274230477 0.8644140196922414 361
1647274230621 0.8641849028287673 362
1647274230753 0.863957320164854 363
1647274230890 0.8637312814493856 364
1647274231018 0.8635067963651082 365
1647274231147 0.8632838745282158 366
1647274231278 0.8630625254879377 367
1647274231406 0.8628427587261303 368
1647274231534 0.8626245836568701 369
1647274231663 0.8624080096260511 370
1647274231792 0.8621930459109839 371
1647274231921 0.8619797017199984 372
1647274232049 0.86176798619205 373
1647274232193 0.861557908396327 374
1647274232344 0.8613494773318632 375
1647274232471 0.8611427019271515 376
1647274232607 0.8609375910397621 377
1647274232736 0.8607341534559627 378
1647274232865 0.8605323978903425 379
1647274233002 0.8603323329854382 380
1647274233131 0.8601339673113646 381
1647274233260 0.859937309365447 382
1647274233393 0.8597423675718571 383
1647274233525 0.8595491502812526 384
1647274233653 0.8593576657704192 385
1647274233782 0.8591679222419161 386
1647274233916 0.8589799278237243 387
1647274234056 0.8587936905688992 388
1647274234186 0.8586092184552249 389
1647274234329 0.8584265193848727 390
1647274234461 0.8582456011840628 391
1647274234589 0.8580664716027288 392
1647274234716 0.8578891383141857 393
1647274234847 0.8577136089148013 394
1647274234976 0.857539890923671 395
1647274235102 0.8573679917822954 396
1647274235239 0.8571979188542614 397
1647274235366 0.8570296794249274 398
1647274235498 0.8568632807011104 399
1647274235574 0.856698729810778 400
1647274236405 0.8565360338027428 401
1647274236547 0.8563751996463601 402
1647274236690 0.85621623423123 403
1647274236828 0.8560591443669017 404
1647274236964 0.8559039367825823 405
1647274237104 0.8557506181268479 406
1647274237248 0.8555991949673596 407
1647274237378 0.8554496737905816 408
1647274237513 0.8553020610015034 409
1647274237647 0.8551563629233656 410
1647274237776 0.8550125857973889 411
1647274237906 0.8548707357825069 412
1647274238039 0.8547308189551022 413
1647274238166 0.8545928413087459 414
1647274238299 0.8544568087539411 415
1647274238426 0.8543227271178699 416
1647274238560 0.8541906021441432 417
1647274238703 0.8540604394925551 418
1647274238836 0.8539322447388403 419
1647274238964 0.8538060233744357 420
1647274239091 0.853681780806244 421
1647274239219 0.8535595223564038 422
1647274239350 0.8534392532620598 423
1647274239476 0.8533209786751399 424
1647274239604 0.8532047036621337 425
1647274239737 0.8530904332038758 426
1647274239871 0.8529781721953322 427
1647274239998 0.852867925445391 428
1647274240127 0.852759697676656 429
1647274240263 0.8526534935252447 430
1647274240390 0.8525493175405893 431
1647274240516 0.8524471741852423 432
1647274240647 0.8523470678346852 433
1647274240781 0.8522490027771407 434
1647274240907 0.8521529832133895 435
1647274241034 0.8520590132565903 436
1647274241169 0.8519670969321033 437
1647274241302 0.8518772381773176 438
1647274241429 0.8517894408414836 439
1647274241506 0.8517037086855466 440
1647274246691 0.851620045381987 441
1647274246840 0.8515384545146623 442
1647274246993 0.8514589395786536 443
1647274247121 0.8513815039801161 444
1647274247253 0.8513061510361333 445
1647274247393 0.8512328839745743 446
1647274247536 0.8511617059339563 447
1647274247673 0.8510926199633096 448
1647274247813 0.8510256290220474 449
1647274247940 0.8509607359798385 450
1647274248069 0.8508979436164847 451
1647274248201 0.8508372546218023 452
1647274248333 0.8507786715955054 453
1647274248466 0.8507221970470961 454
1647274248599 0.850667833395756 455
1647274248728 0.8506155829702431 456
1647274248857 0.8505654480087916 457
1647274248988 0.8505174306590164 458
1647274249124 0.8504715329778211 459
1647274249252 0.8504277569313095 460
1647274249385 0.8503861043947016 461
1647274249533 0.8503465771522537 462
1647274249664 0.8503091768971811 463
1647274249793 0.8502739052315863 464
1647274249922 0.8502407636663901 465
1647274250051 0.8502097536212669 466
1647274250183 0.8501808764245837 467
1647274250313 0.8501541333133436 468
1647274250449 0.8501295254331324 469
1647274250580 0.8501070538380698 470
1647274250720 0.8500867194907642 471
1647274250847 0.8500685232622713 472
1647274250974 0.850052465932057 473
1647274251102 0.8500385481879639 474
1647274251237 0.8500267706261817 475
1647274251366 0.8500171337512221 476
1647274251499 0.8500096379758967 477
1647274251633 0.8500042836212996 478
1647274251761 0.8500010709167936 479
1647274251842 0.850000196699576 480
1647274256909 0.8500007867967567 481
1647274257076 0.850001770286899 482
1647274257213 0.850003147162265 483
1647274257350 0.8500049174120212 484
1647274257483 0.8500070810222395 485
1647274257614 0.8500096379758968 486
1647274257748 0.8500125882528746 487
1647274257878 0.8500159318299606 488
1647274258016 0.8500196686808473 489
1647274258165 0.8500237987761334 490
1647274258297 0.8500283220833234 491
1647274258429 0.8500332385668277 492
1647274258575 0.8500385481879639 493
1647274258709 0.8500442509049556 494
1647274258842 0.8500503466729342 495
1647274258976 0.8500568354439383 496
1647274259104 0.8500637171669142 497
1647274259235 0.8500709917877166 498
1647274259366 0.8500786592491092 499
1647274259497 0.8500867194907642 500
1647274259625 0.8500951724492639 501
1647274259755 0.8501040180581007 502
1647274259891 0.8501132562476772 503
1647274260026 0.8501228869453077 504
1647274260181 0.850132910075218 505
1647274260315 0.8501433255585462 506
1647274260446 0.8501541333133436 507
1647274260585 0.8501653332545749 508
1647274260715 0.850176925294119 509
1647274260842 0.8501889093407702 510
1647274260974 0.850201285300238 511
1647274261103 0.8502140530751487 512
1647274261231 0.8502272125650456 513
1647274261358 0.8502407636663901 514
1647274261496 0.8502547062725624 515
1647274261647 0.8502690402738622 516
1647274261776 0.8502837655575097 517
1647274261913 0.850298882007647 518
1647274262042 0.8503143895053379 519
1647274262119 0.8503302879285696 520
1647274267141 0.8503465771522537 521
1647274267292 0.8503632570482268 522
1647274267422 0.8503803274852517 523
1647274267550 0.8503977883290188 524
1647274267679 0.850415639442146 525
1647274267821 0.8504338806841815 526
1647274267955 0.8504525119116032 527
1647274268087 0.8504715329778211 528
1647274268215 0.8504909437331777 529
1647274268342 0.8505107440249495 530
1647274268471 0.8505309336973481 531
1647274268604 0.8505515125915216 532
1647274268749 0.8505724805455556 533
1647274268895 0.8505938373944746 534
1647274269033 0.8506155829702431 535
1647274269163 0.8506377171017675 536
1647274269302 0.8506602396148967 537
1647274269433 0.8506831503324239 538
1647274269571 0.8507064490740882 539
1647274269702 0.8507301356565753 540
1647274269843 0.8507542098935196 541
1647274269971 0.8507786715955054 542
1647274270104 0.8508035205700685 543
1647274270242 0.8508287566216975 544
1647274270369 0.8508543795518357 545
1647274270500 0.8508803891588823 546
1647274270632 0.8509067852381941 547
1647274270775 0.8509335675820872 548
1647274270918 0.8509607359798385 549
1647274271049 0.8509882902176876 550
1647274271179 0.8510162300788382 551
1647274271308 0.85104455534346 552
1647274271440 0.8510732657886902 553
1647274271566 0.8511023611886356 554
1647274271697 0.851131841314374 555
1647274271832 0.8511617059339563 556
1647274271963 0.8511919548124083 557
1647274272091 0.8512225877117321 558
1647274272217 0.8512536043909088 559
1647274272297 0.8512850046058995 560
1647274277387 0.8513167881096481 561
1647274277545 0.8513489546520822 562
1647274277682 0.8513815039801161 563
1647274277835 0.8514144358376524 564
1647274277964 0.8514477499655837 565
1647274278093 0.851481446101795 566
1647274278226 0.8515155239811656 567
1647274278357 0.8515499833355715 568
1647274278485 0.8515848238938869 569
1647274278616 0.851620045381987 570
1647274278744 0.8516556475227497 571
1647274278882 0.8516916300360579 572
1647274279008 0.8517279926388018 573
1647274279135 0.8517647350448811 574
1647274279268 0.8518018569652073 575
1647274279401 0.8518393581077056 576
1647274279537 0.8518772381773176 577
1647274279668 0.8519154968760037 578
1647274279806 0.851954133902745 579
1647274279936 0.851993148953546 580
1647274280069 0.8520325417214372 581
1647274280199 0.8520723118964767 582
1647274280326 0.8521124591657534 583
1647274280456 0.8521529832133895 584
1647274280589 0.8521938837205424 585
1647274280721 0.8522351603654075 586
1647274280851 0.852276812823221 587
1647274280991 0.8523188407662619 588
1647274281123 0.8523612438638551 589
1647274281253 0.852404021782374 590
1647274281385 0.8524471741852423 591
1647274281526 0.8524907007329379 592
1647274281654 0.8525346010829944 593
1647274281788 0.8525788748900048 594
1647274281916 0.8526235218056235 595
1647274282046 0.8526685414785693 596
1647274282174 0.8527139335546282 597
1647274282308 0.852759697676656 598
1647274282435 0.8528058334845816 599
1647274282512 0.852852340615409 600
1647274283332 0.852899218703221 601
1647274283467 0.8529464673791817 602
1647274283605 0.852994086271539 603
1647274283733 0.8530420750056286 604
1647274283870 0.8530904332038758 605
1647274284013 0.8531391604857991 606
1647274284140 0.8531882564680131 607
1647274284269 0.8532377207642315 608
1647274284397 0.85328755298527 609
1647274284534 0.8533377527390495 610
1647274284662 0.8533883196305992 611
1647274284794 0.8534392532620598 612
1647274284927 0.8534905532326862 613
1647274285060 0.8535422191388511 614
1647274285191 0.853594250574048 615
1647274285328 0.8536466471288946 616
1647274285460 0.8536994083911356 617
1647274285588 0.8537525339456462 618
1647274285725 0.8538060233744357 619
1647274285859 0.8538598762566498 620
1647274286019 0.8539140921685753 621
1647274286152 0.8539686706836421 622
1647274286279 0.8540236113724274 623
1647274286410 0.8540789138026589 624
1647274286543 0.854134577539218 625
1647274286673 0.8541906021441432 626
1647274286804 0.8542469871766339 627
1647274286938 0.8543037321930539 628
1647274287067 0.8543608367469341 629
1647274287197 0.8544183003889768 630
1647274287325 0.8544761226670592 631
1647274287458 0.8545343031262365 632
1647274287585 0.8545928413087459 633
1647274287713 0.85465173675401 634
1647274287845 0.8547109889986403 635
1647274287988 0.8547705975764412 636
1647274288114 0.8548305620184135 637
1647274288247 0.8548908818527579 638
1647274288376 0.854951556604879 639
1647274288452 0.8550125857973889 640
1647274293609 0.8550739689501109 641
1647274293753 0.8551357055800834 642
1647274293887 0.8551977952015637 643
1647274294030 0.8552602373260316 644
1647274294155 0.8553230314621937 645
1647274294290 0.8553861771159866 646
1647274294417 0.8554496737905816 647
1647274294548 0.8555135209863877 648
1647274294686 0.8555777182010563 649
1647274294818 0.855642264929485 650
1647274294950 0.855707160663821 651
1647274295090 0.8557724048934658 652
1647274295220 0.855837997105079 653
1647274295355 0.8559039367825823 654
1647274295495 0.8559702234071631 655
1647274295628 0.8560368564572796 656
1647274295759 0.856103835408664 657
1647274295899 0.8561711597343271 658
1647274296030 0.8562388289045623 659
1647274296161 0.8563068423869495 660
1647274296298 0.8563751996463601 661
1647274296428 0.8564439001449601 662
1647274296560 0.8565129433422152 663
1647274296706 0.8565823286948947 664
1647274296834 0.8566520556570758 665
1647274296962 0.856722123680148 666
1647274297101 0.8567925322128173 667
1647274297233 0.8568632807011104 668
1647274297364 0.8569343685883796 669
1647274297495 0.8570057953153064 670
1647274297632 0.8570775603199067 671
1647274297765 0.8571496630375346 672
1647274297894 0.8572221029008871 673
1647274298025 0.8572948793400086 674
1647274298152 0.8573679917822954 675
1647274298280 0.8574414396524999 676
1647274298417 0.8575152223727356 677
1647274298545 0.8575893393624813 678
1647274298688 0.8576637900385857 679
1647274298768 0.8577385738152723 680
1647274299620 0.8578136901041435 681
1647274299760 0.8578891383141857 682
1647274299896 0.8579649178517734 683
1647274300036 0.8580410281206748 684
1647274300174 0.8581174685220555 685
1647274300318 0.8581942384544837 686
1647274300447 0.8582713373139348 687
1647274300576 0.8583487644937964 688
1647274300705 0.8584265193848727 689
1647274300840 0.8585046013753895 690
1647274300970 0.8585830098509991 691
1647274301104 0.8586617441947849 692
1647274301246 0.8587408037872665 693
1647274301376 0.8588201880064043 694
1647274301508 0.8588998962276044 695
1647274301647 0.8589799278237243 696
1647274301776 0.8590602821650765 697
1647274301909 0.8591409586194343 698
1647274302048 0.8592219565520369 699
1647274302187 0.859303275325594 700
1647274302317 0.8593849143002907 701
1647274302455 0.8594668728337931 702
1647274302584 0.8595491502812526 703
1647274302721 0.8596317459953119 704
1647274302860 0.8597146593261091 705
1647274302988 0.8597978896212837 706
1647274303121 0.8598814362259811 707
1647274303281 0.859965298482858 708
1647274303410 0.8600494757320876 709
1647274303554 0.8601339673113646 710
1647274303684 0.860218772555911 711
1647274303813 0.8603038907984802 712
1647274303940 0.8603893213693636 713
1647274304067 0.8604750635963948 714
1647274304194 0.8605611168049554 715
1647274304334 0.8606474803179803 716
1647274304469 0.8607341534559627 717
1647274304604 0.8608211355369599 718
1647274304733 0.8609084258765984 719
1647274304817 0.8609960237880794 720
1647274309878 0.8610839285821836 721
1647274310049 0.861172139567278 722
1647274310191 0.8612606560493199 723
1647274310325 0.8613494773318632 724
1647274310457 0.8614386027160633 725
1647274310588 0.8615280315006835 726
1647274310721 0.8616177629820995 727
1647274310851 0.8617077964543054 728
1647274310990 0.8617981312089196 729
1647274311121 0.8618887665351896 730
1647274311248 0.8619797017199984 731
1647274311376 0.8620709360478693 732
1647274311508 0.8621624688009724 733
1647274311636 0.8622542992591292 734
1647274311767 0.8623464266998194 735
1647274311911 0.8624388503981859 736
1647274312038 0.8625315696270406 737
1647274312169 0.8626245836568701 738
1647274312301 0.8627178917558417 739
1647274312443 0.8628114931898088 740
1647274312574 0.8629053872223168 741
1647274312707 0.8629995731146092 742
1647274312839 0.8630940501256329 743
1647274312965 0.8631888175120445 744
1647274313098 0.8632838745282156 745
1647274313232 0.8633792204262395 746
1647274313367 0.8634748544559361 747
1647274313501 0.8635707758648584 748
1647274313636 0.8636669838982987 749
1647274313763 0.8637634777992934 750
1647274313911 0.8638602568086304 751
1647274314045 0.863957320164854 752
1647274314172 0.8640546671042715 753
1647274314304 0.8641522968609586 754
1647274314437 0.8642502086667662 755
1647274314566 0.8643484017513259 756
1647274314693 0.864446875342056 757
1647274314819 0.8645456286641681 758
1647274314950 0.8646446609406726 759
1647274315026 0.8647439713923853 760
1647274315994 0.8648435592379334 761
1647274316130 0.8649434236937613 762
1647274316263 0.8650435639741371 763
1647274316395 0.8651439792911588 764
1647274316536 0.8652446688547605 765
1647274316675 0.8653456318727182 766
1647274316803 0.8654468675506567 767
1647274316930 0.8655483750920555 768
1647274317060 0.8656501536982549 769
1647274317188 0.8657522025684625 770
1647274317316 0.8658545208997597 771
1647274317456 0.8659571078871073 772
1647274317589 0.8660599627233528 773
1647274317720 0.8661630845992363 774
1647274317851 0.8662664727033963 775
1647274317982 0.8663701262223771 776
1647274318117 0.8664740443406345 777
1647274318248 0.8665782262405425 778
1647274318379 0.8666826711023998 779
1647274318523 0.8667873781044358 780
1647274318652 0.8668923464228179 781
1647274318780 0.8669975752316569 782
1647274318910 0.8671030637030144 783
1647274319039 0.8672088110069087 784
1647274319171 0.8673148163113221 785
1647274319302 0.8674210787822066 786
1647274319431 0.8675275975834909 787
1647274319559 0.8676343718770866 788
1647274319701 0.8677414008228956 789
1647274319831 0.867848683578816 790
1647274319962 0.8679562193007487 791
1647274320094 0.8680640071426048 792
1647274320220 0.8681720462563111 793
1647274320347 0.8682803357918177 794
1647274320483 0.8683888748971045 795
1647274320622 0.8684976627181876 796
1647274320750 0.8686066983991263 797
1647274320883 0.8687159810820296 798
1647274321010 0.8688255099070633 799
1647274321086 0.8689352840124565 800
1647274321912 0.8690453025345083 801
1647274322049 0.8691555646075948 802
1647274322185 0.869266069364176 803
1647274322317 0.8693768159348024 804
1647274322445 0.8694878034481218 805
1647274322578 0.8695990310308862 806
1647274322709 0.869710497807959 807
1647274322852 0.8698222029023214 808
1647274322983 0.8699341454350797 809
1647274323122 0.8700463245254719 810
1647274323249 0.8701587392908747 811
1647274323385 0.870271388846811 812
1647274323521 0.8703842723069556 813
1647274323654 0.8704973887831435 814
1647274323789 0.8706107373853763 815
1647274323919 0.870724317221829 816
1647274324051 0.8708381273988574 817
1647274324181 0.8709521670210049 818
1647274324310 0.8710664351910097 819
1647274324446 0.8711809310098119 820
1647274324581 0.8712956535765601 821
1647274324714 0.8714106019886194 822
1647274324858 0.8715257753415774 823
1647274324998 0.8716411727292521 824
1647274325137 0.8717567932436991 825
1647274325268 0.8718726359752178 826
1647274325400 0.8719887000123598 827
1647274325534 0.8721049844419351 828
1647274325667 0.8722214883490198 829
1647274325800 0.8723382108169633 830
1647274325929 0.8724551509273948 831
1647274326059 0.8725723077602319 832
1647274326187 0.8726896803936864 833
1647274326313 0.8728072679042725 834
1647274326446 0.8729250693668137 835
1647274326573 0.87304308385445 836
1647274326701 0.8731613104386453 837
1647274326831 0.8732797481891952 838
1647274326982 0.8733983961742331 839
1647274327058 0.8735172534602389 840
1647274332209 0.8736363191120455 841
1647274332363 0.8737555921928462 842
1647274332497 0.8738750717642025 843
1647274332626 0.8739947568860512 844
1647274332761 0.8741146466167118 845
1647274332895 0.8742347400128939 846
1647274333026 0.8743550361297047 847
1647274333155 0.8744755340206563 848
1647274333291 0.8745962327376735 849
1647274333419 0.8747171313311007 850
1647274333552 0.87483822884971 851
1647274333701 0.874959524340708 852
1647274333837 0.8750810168497438 853
1647274333969 0.8752027054209166 854
1647274334104 0.8753245890967827 855
1647274334231 0.8754466669183633 856
1647274334364 0.8755689379251522 857
1647274334501 0.8756914011551233 858
1647274334632 0.875814055644738 859
1647274334761 0.8759369004289527 860
1647274334896 0.8760599345412268 861
1647274335033 0.8761831570135301 862
1647274335167 0.87630656687635 863
1647274335299 0.8764301631587 864
1647274335430 0.8765539448881268 865
1647274335559 0.8766779110907175 866
1647274335708 0.8768020607911082 867
1647274335837 0.8769263930124914 868
1647274335967 0.8770509067766231 869
1647274336100 0.8771756011038311 870
1647274336230 0.8773004750130227 871
1647274336359 0.8774255275216918 872
1647274336485 0.8775507576459277 873
1647274336619 0.8776761644004218 874
1647274336745 0.8778017467984759 875
1647274336881 0.8779275038520097 876
1647274337011 0.8780534345715689 877
1647274337140 0.8781795379663329 878
1647274337270 0.878305813044122 879
1647274337348 0.8784322588114064 880
1647274338433 0.8785588742733126 881
1647274338567 0.8786856584336326 882
1647274338696 0.8788126102948306 883
1647274338828 0.8789397288580514 884
1647274338957 0.8790670131231286 885
1647274339093 0.8791944620885915 886
1647274339233 0.8793220747516739 887
1647274339365 0.8794498501083217 888
1647274339495 0.8795777871532001 889
1647274339638 0.8797058848797031 890
1647274339771 0.8798341422799597 891
1647274339901 0.8799625583448429 892
1647274340039 0.8800911320639773 893
1647274340170 0.880219862425747 894
1647274340310 0.8803487484173038 895
1647274340445 0.8804777890245747 896
1647274340572 0.8806069832322707 897
1647274340702 0.8807363300238937 898
1647274340837 0.8808658283817454 899
1647274340973 0.8809954772869351 900
1647274341104 0.8811252757193871 901
1647274341233 0.8812552226578497 902
1647274341368 0.8813853170799028 903
1647274341500 0.8815155579619652 904
1647274341630 0.8816459442793042 905
1647274341761 0.8817764750060425 906
1647274341902 0.8819071491151663 907
1647274342030 0.8820379655785342 908
1647274342159 0.8821689233668843 909
1647274342287 0.882300021449843 910
1647274342427 0.8824312587959329 911
1647274342557 0.8825626343725805 912
1647274342684 0.8826941471461254 913
1647274342813 0.8828257960818269 914
1647274342941 0.8829575801438737 915
1647274343077 0.883089498295391 916
1647274343203 0.8832215494984489 917
1647274343331 0.8833537327140709 918
1647274343461 0.8834860469022416 919
1647274343545 0.8836184910219153 920
1647274344378 0.8837510640310239 921
1647274344513 0.883883764886485 922
1647274344645 0.8840165925442109 923
1647274344801 0.8841495459591155 924
1647274344933 0.8842826240851238 925
1647274345066 0.8844158258751793 926
1647274345199 0.8845491502812526 927
1647274345327 0.8846825962543494 928
1647274345465 0.8848161627445192 929
1647274345598 0.8849498487008631 930
1647274345733 0.8850836530715421 931
1647274345875 0.8852175748037859 932
1647274346004 0.8853516128439005 933
1647274346134 0.8854857661372768 934
1647274346265 0.8856200336283991 935
1647274346395 0.8857544142608529 936
1647274346524 0.8858889069773338 937
1647274346651 0.8860235107196553 938
1647274346805 0.8861582244287575 939
1647274346936 0.8862930470447151 940
1647274347076 0.8864279775067463 941
1647274347209 0.8865630147532202 942
1647274347338 0.8866981577216662 943
1647274347471 0.8868334053487817 944
1647274347610 0.8869687565704407 945
1647274347745 0.8871042103217021 946
1647274347883 0.8872397655368178 947
1647274348011 0.8873754211492421 948
1647274348141 0.8875111760916387 949
1647274348277 0.8876470292958899 950
1647274348415 0.8877829796931053 951
1647274348543 0.8879190262136292 952
1647274348672 0.8880551677870501 953
1647274348807 0.8881914033422083 954
1647274348935 0.8883277318072047 955
1647274349063 0.8884641521094093 956
1647274349203 0.8886006631754696 957
1647274349330 0.8887372639313187 958
1647274349459 0.8888739533021842 959
1647274349545 0.8890107302125965 960
1647274350420 0.8891475935863972 961
1647274350553 0.8892845423467475 962
1647274350686 0.8894215754161369 963
1647274350825 0.8895586917163915 964
1647274350957 0.8896958901686827 965
1647274351090 0.8898331696935353 966
1647274351241 0.8899705292108363 967
1647274351374 0.8901079676398435 968
1647274351506 0.8902454838991936 969
1647274351641 0.8903830769069109 970
1647274351771 0.890520745580416 971
1647274351904 0.8906584888365342 972
1647274352050 0.8907963055915039 973
1647274352181 0.890934194760985 974
1647274352320 0.8910721552600681 975
1647274352448 0.8912101860032823 976
1647274352590 0.8913482859046038 977
1647274352718 0.8914864538774652 978
1647274352846 0.8916246888347632 979
1647274352975 0.8917629896888672 980
1647274353108 0.891901355351629 981
1647274353260 0.8920397847343893 982
1647274353396 0.8921782767479884 983
1647274353536 0.8923168303027734 984
1647274353667 0.8924554443086073 985
1647274353796 0.8925941176748776 986
1647274353924 0.8927328493105043 987
1647274354052 0.8928716381239494 988
1647274354185 0.8930104830232249 989
1647274354315 0.8931493829159015 990
1647274354448 0.8932883367091172 991
1647274354574 0.8934273433095857 992
1647274354702 0.8935664016236058 993
1647274354836 0.8937055105570687 994
1647274354965 0.8938446690154678 995
1647274355096 0.8939838759039067 996
1647274355227 0.8941231301271081 997
1647274355364 0.8942624305894219 998
1647274355493 0.8944017761948346 999
1647274355570 0.8945411658469772 1000
1647274360681 0.8946805984491344 1001
1647274360859 0.8948200729042528 1002
1647274360989 0.8949595881149497 1003
1647274361119 0.8950991429835219 1004
1647274361250 0.8952387364119541 1005
1647274361391 0.8953783673019273 1006
1647274361520 0.8955180345548283 1007
1647274361650 0.8956577370717573 1008
1647274361782 0.8957974737535376 1009
1647274361916 0.895937243500723 1010
1647274362063 0.8960770452136078 1011
1647274362197 0.8962168777922341 1012
1647274362333 0.896356740136402 1013
1647274362469 0.8964966311456766 1014
1647274362599 0.896636549719398 1015
1647274362729 0.8967764947566892 1016
1647274362860 0.896916465156465 1017
1647274362997 0.8970564598174405 1018
1647274363139 0.8971964776381404 1019
1647274363272 0.8973365175169067 1020
1647274363407 0.897476578351908 1021
1647274363542 0.897616659041148 1022
1647274363671 0.8977567584824742 1023
1647274363809 0.8978968755735867 1024
1647274363942 0.8980370092120465 1025
1647274364099 0.8981771582952846 1026
1647274364230 0.8983173217206103 1027
1647274364364 0.8984574983852202 1028
1647274364501 0.8985976871862065 1029
1647274364632 0.8987378870205663 1030
1647274364762 0.8988780967852097 1031
1647274364897 0.8990183153769685 1032
1647274365026 0.8991585416926053 1033
1647274365162 0.8992987746288219 1034
1647274365301 0.8994390130822677 1035
1647274365432 0.899579255949549 1036
1647274365559 0.8997195021272375 1037
1647274365688 0.8998597505118784 1038
1647274365818 0.8999999999999999 1039
1647274365898 0.9001402494881215 1040
1647274370923 0.9002804978727624 1041
1647274371068 0.9004207440504509 1042
1647274371202 0.9005609869177322 1043
1647274371337 0.900701225371178 1044
1647274371476 0.9008414583073946 1045
1647274371610 0.9009816846230314 1046
1647274371745 0.9011219032147902 1047
1647274371875 0.9012621129794336 1048
1647274372005 0.9014023128137935 1049
1647274372147 0.9015425016147798 1050
1647274372275 0.9016826782793896 1051
1647274372409 0.9018228417047154 1052
1647274372543 0.9019629907879534 1053
1647274372676 0.9021031244264132 1054
1647274372805 0.9022432415175257 1055
1647274372947 0.902383340958852 1056
1647274373074 0.902523421648092 1057
1647274373207 0.9026634824830932 1058
1647274373336 0.9028035223618596 1059
1647274373470 0.9029435401825594 1060
1647274373598 0.9030835348435351 1061
1647274373728 0.9032235052433107 1062
1647274373865 0.9033634502806019 1063
1647274373994 0.9035033688543234 1064
1647274374124 0.903643259863598 1065
1647274374257 0.9037831222077658 1066
1647274374384 0.9039229547863922 1067
1647274374527 0.9040627564992769 1068
1647274374678 0.9042025262464624 1069
1647274374808 0.9043422629282425 1070
1647274374945 0.9044819654451717 1071
1647274375073 0.9046216326980726 1072
1647274375203 0.9047612635880459 1073
1647274375330 0.904900857016478 1074
1647274375467 0.9050404118850501 1075
1647274375595 0.9051799270957471 1076
1647274375724 0.9053194015508655 1077
1647274375854 0.9054588341530228 1078
1647274375982 0.9055982238051654 1079
1647274376058 0.905737569410578 1080
1647274381154 0.9058768698728918 1081
1647274381327 0.9060161240960931 1082
1647274381475 0.906155330984532 1083
1647274381609 0.9062944894429312 1084
1647274381739 0.9064335983763941 1085
1647274381870 0.9065726566904141 1086
1647274382004 0.9067116632908827 1087
1647274382138 0.9068506170840983 1088
1647274382276 0.9069895169767749 1089
1647274382407 0.9071283618760504 1090
1647274382546 0.9072671506894956 1091
1647274382684 0.9074058823251223 1092
1647274382817 0.9075445556913926 1093
1647274382947 0.9076831696972265 1094
1647274383089 0.9078217232520115 1095
1647274383216 0.9079602152656107 1096
1647274383346 0.908098644648371 1097
1647274383495 0.9082370103111326 1098
1647274383628 0.9083753111652367 1099
1647274383758 0.9085135461225348 1100
1647274383899 0.9086517140953961 1101
1647274384029 0.9087898139967177 1102
1647274384162 0.9089278447399318 1103
1647274384288 0.9090658052390149 1104
1647274384421 0.909203694408496 1105
1647274384550 0.9093415111634657 1106
1647274384679 0.9094792544195839 1107
1647274384814 0.9096169230930891 1108
1647274384945 0.9097545161008064 1109
1647274385079 0.9098920323601565 1110
1647274385207 0.9100294707891636 1111
1647274385335 0.9101668303064646 1112
1647274385475 0.9103041098313173 1113
1647274385622 0.9104413082836085 1114
1647274385750 0.9105784245838631 1115
1647274385878 0.9107154576532525 1116
1647274386007 0.9108524064136028 1117
1647274386136 0.9109892697874034 1118
1647274386264 0.9111260466978157 1119
1647274386340 0.9112627360686811 1120
1647274387193 0.9113993368245303 1121
1647274387337 0.9115358478905906 1122
1647274387465 0.9116722681927952 1123
1647274387594 0.9118085966577917 1124
1647274387730 0.9119448322129499 1125
1647274387870 0.9120809737863707 1126
1647274388000 0.9122170203068947 1127
1647274388140 0.91235297070411 1128
1647274388272 0.9124888239083613 1129
1647274388402 0.9126245788507579 1130
1647274388542 0.9127602344631821 1131
1647274388680 0.9128957896782979 1132
1647274388812 0.9130312434295592 1133
1647274388946 0.9131665946512182 1134
1647274389074 0.9133018422783337 1135
1647274389202 0.9134369852467797 1136
1647274389330 0.9135720224932536 1137
1647274389462 0.9137069529552848 1138
1647274389594 0.9138417755712425 1139
1647274389723 0.9139764892803446 1140
1647274389876 0.9141110930226661 1141
1647274390004 0.9142455857391469 1142
1647274390138 0.9143799663716008 1143
1647274390268 0.914514233862723 1144
1647274390398 0.9146483871560994 1145
1647274390527 0.914782425196214 1146
1647274390667 0.9149163469284578 1147
1647274390806 0.9150501512991368 1148
1647274390934 0.9151838372554807 1149
1647274391069 0.9153174037456505 1150
1647274391199 0.9154508497187474 1151
1647274391327 0.9155841741248205 1152
1647274391455 0.915717375914876 1153
1647274391582 0.9158504540408844 1154
1647274391712 0.915983407455789 1155
1647274391859 0.9161162351135148 1156
1647274391989 0.916248935968976 1157
1647274392117 0.9163815089780847 1158
1647274392244 0.9165139530977583 1159
1647274392321 0.916646267285929 1160
1647274397455 0.916778450501551 1161
1647274397623 0.916910501704609 1162
1647274397755 0.9170424198561262 1163
1647274397892 0.9171742039181731 1164
1647274398019 0.9173058528538747 1165
1647274398149 0.9174373656274194 1166
1647274398284 0.9175687412040671 1167
1647274398415 0.917699978550157 1168
1647274398549 0.9178310766331156 1169
1647274398684 0.9179620344214657 1170
1647274398819 0.9180928508848336 1171
1647274398963 0.9182235249939574 1172
1647274399099 0.9183540557206956 1173
1647274399228 0.9184844420380347 1174
1647274399362 0.9186146829200972 1175
1647274399500 0.9187447773421502 1176
1647274399627 0.9188747242806128 1177
1647274399756 0.9190045227130649 1178
1647274399891 0.9191341716182544 1179
1647274400032 0.9192636699761062 1180
1647274400168 0.9193930167677292 1181
1647274400299 0.9195222109754251 1182
1647274400428 0.9196512515826961 1183
1647274400555 0.9197801375742529 1184
1647274400710 0.9199088679360227 1185
1647274400840 0.920037441655157 1186
1647274400972 0.9201658577200402 1187
1647274401108 0.9202941151202968 1188
1647274401242 0.9204222128467998 1189
1647274401372 0.9205501498916783 1190
1647274401507 0.920677925248326 1191
1647274401635 0.9208055379114084 1192
1647274401764 0.9209329868768713 1193
1647274401891 0.9210602711419484 1194
1647274402028 0.9211873897051694 1195
1647274402154 0.9213143415663674 1196
1647274402283 0.9214411257266872 1197
1647274402410 0.9215677411885935 1198
1647274402540 0.9216941869558779 1199
1647274402622 0.9218204620336671 1200
1647274403452 0.921946565428431 1201
1647274403588 0.9220724961479903 1202
1647274403718 0.922198253201524 1203
1647274403859 0.9223238355995781 1204
1647274403987 0.9224492423540722 1205
1647274404117 0.922574472478308 1206
1647274404248 0.9226995249869773 1207
1647274404376 0.9228243988961689 1208
1647274404507 0.9229490932233768 1209
1647274404641 0.9230736069875085 1210
1647274404772 0.9231979392088917 1211
1647274404901 0.9233220889092825 1212
1647274405054 0.9234460551118732 1213
1647274405191 0.9235698368412999 1214
1647274405323 0.9236934331236499 1215
1647274405458 0.9238168429864698 1216
1647274405585 0.923940065458773 1217
1647274405720 0.9240630995710473 1218
1647274405856 0.9241859443552619 1219
1647274405997 0.9243085988448766 1220
1647274406133 0.9244310620748477 1221
1647274406261 0.9245533330816367 1222
1647274406389 0.9246754109032173 1223
1647274406518 0.9247972945790833 1224
1647274406655 0.9249189831502561 1225
1647274406784 0.9250404756592919 1226
1647274406916 0.92516177115029 1227
1647274407046 0.9252828686688992 1228
1647274407186 0.9254037672623264 1229
1647274407318 0.9255244659793436 1230
1647274407453 0.9256449638702953 1231
1647274407580 0.925765259987106 1232
1647274407709 0.9258853533832881 1233
1647274407839 0.9260052431139487 1234
1647274407969 0.9261249282357974 1235
1647274408096 0.9262444078071538 1236
1647274408228 0.9263636808879545 1237
1647274408357 0.926482746539761 1238
1647274408491 0.9266016038257667 1239
1647274408570 0.9267202518108048 1240
1647274413741 0.9268386895613545 1241
1647274413895 0.92695691614555 1242
1647274414032 0.9270749306331862 1243
1647274414164 0.9271927320957274 1244
1647274414303 0.9273103196063135 1245
1647274414430 0.9274276922397681 1246
1647274414561 0.927544849072605 1247
1647274414693 0.9276617891830367 1248
1647274414824 0.92777851165098 1249
1647274414955 0.9278950155580648 1250
1647274415087 0.9280112999876401 1251
1647274415219 0.928127364024782 1252
1647274415349 0.9282432067563008 1253
1647274415479 0.9283588272707477 1254
1647274415612 0.9284742246584226 1255
1647274415749 0.9285893980113805 1256
1647274415885 0.9287043464234398 1257
1647274416026 0.9288190689901881 1258
1647274416158 0.9289335648089903 1259
1647274416289 0.9290478329789951 1260
1647274416418 0.9291618726011426 1261
1647274416547 0.929275682778171 1262
1647274416680 0.9293892626146236 1263
1647274416811 0.9295026112168564 1264
1647274416945 0.9296157276930443 1265
1647274417074 0.9297286111531889 1266
1647274417221 0.9298412607091251 1267
1647274417352 0.9299536754745281 1268
1647274417484 0.9300658545649203 1269
1647274417622 0.9301777970976786 1270
1647274417756 0.930289502192041 1271
1647274417898 0.9304009689691137 1272
1647274418035 0.9305121965518781 1273
1647274418164 0.9306231840651975 1274
1647274418303 0.9307339306358238 1275
1647274418432 0.930844435392405 1276
1647274418567 0.9309546974654916 1277
1647274418694 0.9310647159875435 1278
1647274418829 0.9311744900929366 1279
1647274418905 0.9312840189179703 1280
1647274423955 0.9313933016008737 1281
1647274424126 0.9315023372818123 1282
1647274424258 0.9316111251028955 1283
1647274424408 0.9317196642081822 1284
1647274424549 0.9318279537436889 1285
1647274424677 0.9319359928573951 1286
1647274424809 0.9320437806992512 1287
1647274424937 0.932151316421184 1288
1647274425065 0.9322585991771043 1289
1647274425203 0.9323656281229133 1290
1647274425337 0.9324724024165092 1291
1647274425473 0.9325789212177933 1292
1647274425601 0.9326851836886777 1293
1647274425736 0.9327911889930912 1294
1647274425872 0.9328969362969856 1295
1647274426002 0.933002424768343 1296
1647274426134 0.9331076535771821 1297
1647274426273 0.933212621895564 1298
1647274426409 0.9333173288976001 1299
1647274426568 0.9334217737594575 1300
1647274426698 0.9335259556593655 1301
1647274426826 0.933629873777623 1302
1647274426956 0.9337335272966036 1303
1647274427091 0.9338369154007636 1304
1647274427224 0.9339400372766471 1305
1647274427354 0.9340428921128926 1306
1647274427492 0.9341454791002403 1307
1647274427627 0.9342477974315374 1308
1647274427759 0.934349846301745 1309
1647274427889 0.9344516249079444 1310
1647274428014 0.9345531324493432 1311
1647274428143 0.9346543681272818 1312
1647274428270 0.9347553311452395 1313
1647274428397 0.9348560207088411 1314
1647274428538 0.9349564360258629 1315
1647274428666 0.9350565763062386 1316
1647274428808 0.9351564407620665 1317
1647274428934 0.9352560286076146 1318
1647274429063 0.9353553390593273 1319
1647274429141 0.9354543713358319 1320
1647274429986 0.9355531246579439 1321
1647274430122 0.935651598248674 1322
1647274430255 0.9357497913332338 1323
1647274430397 0.9358477031390413 1324
1647274430529 0.9359453328957285 1325
1647274430667 0.9360426798351459 1326
1647274430809 0.9361397431913695 1327
1647274430947 0.9362365222007065 1328
1647274431077 0.9363330161017013 1329
1647274431210 0.9364292241351415 1330
1647274431344 0.9365251455440639 1331
1647274431474 0.9366207795737604 1332
1647274431604 0.9367161254717842 1333
1647274431739 0.9368111824879554 1334
1647274431873 0.936905949874367 1335
1647274432010 0.9370004268853908 1336
1647274432146 0.9370946127776831 1337
1647274432281 0.9371885068101912 1338
1647274432425 0.9372821082441583 1339
1647274432554 0.9373754163431298 1340
1647274432686 0.9374684303729593 1341
1647274432821 0.937561149601814 1342
1647274432965 0.9376535733001805 1343
1647274433095 0.9377457007408707 1344
1647274433230 0.9378375311990276 1345
1647274433363 0.9379290639521306 1346
1647274433499 0.9380202982800016 1347
1647274433639 0.9381112334648103 1348
1647274433768 0.9382018687910804 1349
1647274433897 0.9382922035456945 1350
1647274434027 0.9383822370179005 1351
1647274434152 0.9384719684993165 1352
1647274434279 0.9385613972839366 1353
1647274434409 0.9386505226681368 1354
1647274434537 0.93873934395068 1355
1647274434663 0.9388278604327219 1356
1647274434790 0.9389160714178163 1357
1647274434920 0.9390039762119206 1358
1647274435062 0.9390915741234015 1359
1647274435141 0.93917886446304 1360
1647274440263 0.9392658465440372 1361
1647274440412 0.9393525196820196 1362
1647274440553 0.9394388831950445 1363
1647274440686 0.9395249364036051 1364
1647274440825 0.9396106786306363 1365
1647274440953 0.9396961092015197 1366
1647274441083 0.939781227444089 1367
1647274441215 0.9398660326886353 1368
1647274441357 0.9399505242679124 1369
1647274441488 0.940034701517142 1370
1647274441621 0.9401185637740188 1371
1647274441761 0.9402021103787163 1372
1647274441895 0.9402853406738908 1373
1647274442024 0.940368254004688 1374
1647274442153 0.9404508497187474 1375
1647274442283 0.9405331271662069 1376
1647274442415 0.9406150856997092 1377
1647274442552 0.9406967246744059 1378
1647274442690 0.940778043447963 1379
1647274442817 0.9408590413805656 1380
1647274442950 0.9409397178349235 1381
1647274443091 0.9410200721762756 1382
1647274443223 0.9411001037723955 1383
1647274443358 0.9411798119935957 1384
1647274443486 0.9412591962127335 1385
1647274443628 0.941338255805215 1386
1647274443769 0.9414169901490008 1387
1647274443910 0.9414953986246104 1388
1647274444039 0.9415734806151272 1389
1647274444171 0.9416512355062036 1390
1647274444304 0.9417286626860651 1391
1647274444432 0.9418057615455162 1392
1647274444560 0.9418825314779444 1393
1647274444693 0.9419589718793251 1394
1647274444824 0.9420350821482265 1395
1647274444951 0.9421108616858143 1396
1647274445082 0.9421863098958564 1397
1647274445212 0.9422614261847276 1398
1647274445341 0.9423362099614142 1399
1647274445418 0.9424106606375187 1400
1647274450495 0.9424847776272643 1401
1647274450665 0.9425585603475001 1402
1647274450802 0.9426320082177045 1403
1647274450945 0.9427051206599913 1404
1647274451073 0.9427778970991129 1405
1647274451206 0.9428503369624653 1406
1647274451339 0.9429224396800933 1407
1647274451468 0.9429942046846935 1408
1647274451602 0.9430656314116204 1409
1647274451737 0.9431367192988895 1410
1647274451870 0.9432074677871827 1411
1647274451999 0.9432778763198519 1412
1647274452135 0.9433479443429241 1413
1647274452264 0.9434176713051052 1414
1647274452399 0.9434870566577848 1415
1647274452535 0.9435560998550399 1416
1647274452668 0.9436248003536398 1417
1647274452797 0.9436931576130504 1418
1647274452932 0.9437611710954377 1419
1647274453065 0.9438288402656728 1420
1647274453192 0.943896164591336 1421
1647274453326 0.9439631435427204 1422
1647274453455 0.9440297765928368 1423
1647274453590 0.9440960632174177 1424
1647274453726 0.9441620028949209 1425
1647274453866 0.9442275951065341 1426
1647274453998 0.9442928393361789 1427
1647274454132 0.9443577350705149 1428
1647274454266 0.9444222817989436 1429
1647274454409 0.9444864790136123 1430
1647274454548 0.9445503262094184 1431
1647274454676 0.9446138228840133 1432
1647274454807 0.9446769685378062 1433
1647274454934 0.9447397626739683 1434
1647274455063 0.9448022047984362 1435
1647274455192 0.9448642944199165 1436
1647274455326 0.944926031049889 1437
1647274455453 0.944987414202611 1438
1647274455585 0.945048443395121 1439
1647274455661 0.945109118147242 1440
1647274456503 0.9451694379815865 1441
1647274456641 0.9452294024235587 1442
1647274456779 0.9452890110013596 1443
1647274456923 0.94534826324599 1444
1647274457052 0.945407158691254 1445
1647274457190 0.9454656968737635 1446
1647274457326 0.9455238773329407 1447
1647274457461 0.9455816996110231 1448
1647274457591 0.9456391632530659 1449
1647274457723 0.945696267806946 1450
1647274457858 0.945753012823366 1451
1647274457989 0.9458093978558567 1452
1647274458121 0.945865422460782 1453
1647274458249 0.945921086197341 1454
1647274458386 0.9459763886275725 1455
1647274458515 0.9460313293163578 1456
1647274458649 0.9460859078314247 1457
1647274458784 0.9461401237433501 1458
1647274458929 0.9461939766255643 1459
1647274459062 0.9462474660543537 1460
1647274459194 0.9463005916088644 1461
1647274459326 0.9463533528711053 1462
1647274459463 0.9464057494259519 1463
1647274459598 0.9464577808611488 1464
1647274459730 0.9465094467673137 1465
1647274459864 0.9465607467379401 1466
1647274460003 0.9466116803694007 1467
1647274460136 0.9466622472609504 1468
1647274460270 0.9467124470147299 1469
1647274460409 0.9467622792357684 1470
1647274460539 0.9468117435319868 1471
1647274460672 0.9468608395142009 1472
1647274460802 0.9469095667961241 1473
1647274460938 0.9469579249943714 1474
1647274461066 0.9470059137284609 1475
1647274461198 0.9470535326208183 1476
1647274461324 0.9471007812967789 1477
1647274461453 0.9471476593845909 1478
1647274461579 0.9471941665154183 1479
1647274461667 0.9472403023233439 1480
