1646475631949 0.2361111044883728 0
1646475632261 0.23148147761821747 1
1646475632578 0.19907407462596893 2
1646475632925 0.23148147761821747 3
1646475633510 0.21296297013759613 4
1646475633897 0.2361111044883728 5
1646475634287 0.19907407462596893 6
1646475634696 0.17129629850387573 7
1646475635025 0.27314814925193787 8
1646475635327 0.21759259700775146 9
1646475635647 0.22685185074806213 10
1646475635960 0.25925925374031067 11
1646475636261 0.23148147761821747 12
1646475636577 0.24537037312984467 13
1646475637096 0.2916666567325592 14
1646475637479 0.32870370149612427 15
1646475637846 0.32407405972480774 16
1646475638275 0.27314814925193787 17
1646475638578 0.3472222089767456 18
1646475638895 0.3194444477558136 19
1646475639211 0.35185185074806213 20
1646475639505 0.40740740299224854 21
1646475639826 0.36574074625968933 22
1646475640142 0.44907405972480774 23
1646475640442 0.4444444477558136 24
1646475640937 0.43981480598449707 25
1646475641313 0.4861111044883728 26
1646475641676 0.5185185074806213 27
1646475642139 0.4861111044883728 28
1646475642441 0.5555555820465088 29
1646475642759 0.5324074029922485 30
1646475643061 0.49537035822868347 31
1646475643367 0.49537035822868347 32
1646475643667 0.5879629850387573 33
1646475643977 0.49074074625968933 34
1646475644361 0.5 35
1646475644828 0.5555555820465088 36
1646475645194 0.5462962985038757 37
1646475645595 0.6111111044883728 38
1646475645977 0.6203703880310059 39
1646475646293 0.5277777910232544 40
1646475646592 0.5879629850387573 41
1646475646914 0.5972222089767456 42
1646475647238 0.6296296119689941 43
1646475647544 0.5694444179534912 44
1646475647857 0.6157407164573669 45
1646475648364 0.6481481194496155 46
1646475648749 0.6203703880310059 47
1646475649095 0.5462962985038757 48
1646475649525 0.5925925970077515 49
1646475649851 0.5833333134651184 50
1646475650152 0.625 51
1646475650475 0.6388888955116272 52
1646475650792 0.6296296119689941 53
1646475651097 0.6435185074806213 54
1646475651394 0.6574074029922485 55
1646475651804 0.6111111044883728 56
1646475652291 0.6666666865348816 57
1646475652691 0.6944444179534912 58
1646475653043 0.6435185074806213 59
1646475653471 0.6481481194496155 60
1646475653793 0.6990740895271301 61
1646475654075 0.6851851940155029 62
1646475654375 0.6157407164573669 63
1646475654702 0.6944444179534912 64
1646475655024 0.6851851940155029 65
1646475655327 0.6990740895271301 66
1646475655808 0.6574074029922485 67
1646475656211 0.6851851940155029 68
1646475656578 0.7175925970077515 69
1646475657042 0.6944444179534912 70
1646475657352 0.7361111044883728 71
1646475657660 0.6990740895271301 72
1646475657959 0.6712962985038757 73
1646475658276 0.7129629850387573 74
1646475658576 0.6898148059844971 75
1646475658925 0.7222222089767456 76
1646475659257 0.7268518805503845 77
1646475659760 0.7268518805503845 78
1646475660161 0.7453703880310059 79
1646475660508 0.7870370149612427 80
1646475660994 0.7731481194496155 81
1646475661343 0.7361111044883728 82
1646475661715 0.75 83
1646475662080 0.7546296119689941 84
1646475662443 0.7546296119689941 85
1646475662798 0.7685185074806213 86
1646475663334 0.8009259104728699 87
1646475663725 0.7916666865348816 88
1646475664081 0.7453703880310059 89
1646475664522 0.7546296119689941 90
1646475664840 0.8148148059844971 91
1646475665167 0.7685185074806213 92
1646475665475 0.7638888955116272 93
1646475665808 0.8101851940155029 94
1646475666126 0.7685185074806213 95
1646475666457 0.8333333134651184 96
1646475666906 0.7870370149612427 97
1646475667328 0.8518518805503845 98
1646475667691 0.8055555820465088 99
1646475668101 0.8240740895271301 100
1646475668457 0.8101851940155029 101
1646475668792 0.8148148059844971 102
1646475669111 0.7962962985038757 103
1646475669427 0.8425925970077515 104
1646475669741 0.8657407164573669 105
1646475670058 0.8472222089767456 106
1646475670379 0.8055555820465088 107
1646475670883 0.8148148059844971 108
1646475671275 0.8472222089767456 109
1646475671624 0.8518518805503845 110
1646475672094 0.8425925970077515 111
1646475672391 0.8657407164573669 112
1646475672817 0.8101851940155029 113
1646475673126 0.8240740895271301 114
1646475673439 0.8564814925193787 115
1646475673756 0.8333333134651184 116
1646475674074 0.8518518805503845 117
1646475674551 0.8518518805503845 118
1646475674959 0.8425925970077515 119
1646475675337 0.8333333134651184 120
1646475675800 0.8611111044883728 121
1646475676092 0.8796296119689941 122
1646475676414 0.8657407164573669 123
1646475676725 0.8194444179534912 124
1646475677041 0.8657407164573669 125
1646475677359 0.8472222089767456 126
1646475677692 0.8240740895271301 127
1646475678025 0.8842592835426331 128
1646475678527 0.875 129
1646475678912 0.8518518805503845 130
1646475679272 0.8842592835426331 131
1646475679735 0.8287037014961243 132
1646475680057 0.8935185074806213 133
1646475680361 0.8333333134651184 134
1646475680668 0.8935185074806213 135
1646475680976 0.8981481194496155 136
1646475681291 0.8472222089767456 137
1646475681609 0.8472222089767456 138
1646475682123 0.8657407164573669 139
1646475682542 0.8518518805503845 140
1646475682909 0.8564814925193787 141
1646475683376 0.8703703880310059 142
1646475683676 0.8935185074806213 143
1646475683992 0.8981481194496155 144
1646475684290 0.8611111044883728 145
1646475684609 0.8425925970077515 146
1646475684940 0.8842592835426331 147
1646475685256 0.9027777910232544 148
1646475685700 0.8842592835426331 149
1646475686128 0.8842592835426331 150
1646475686488 0.9259259104728699 151
1646475686957 0.9027777910232544 152
1646475687272 0.8611111044883728 153
1646475687585 0.8796296119689941 154
1646475687904 0.875 155
1646475688208 0.8888888955116272 156
1646475688523 0.8703703880310059 157
1646475688847 0.8657407164573669 158
1646475689175 0.9259259104728699 159
1646475689706 0.8703703880310059 160
1646475690059 0.8564814925193787 161
1646475690409 0.9212962985038757 162
1646475690856 0.9166666865348816 163
1646475691174 0.8703703880310059 164
1646475691473 0.9166666865348816 165
1646475691805 0.8935185074806213 166
1646475692107 0.8796296119689941 167
1646475692494 0.9027777910232544 168
1646475692825 0.8935185074806213 169
1646475693324 0.9212962985038757 170
1646475693723 0.8425925970077515 171
1646475694088 0.9166666865348816 172
1646475694536 0.8981481194496155 173
1646475694863 0.9120370149612427 174
1646475695164 0.9074074029922485 175
1646475695472 0.9305555820465088 176
1646475695808 0.9074074029922485 177
1646475696107 0.9490740895271301 178
1646475696422 0.9212962985038757 179
1646475696784 0.9027777910232544 180
1646475697280 0.9120370149612427 181
1646475697621 0.9074074029922485 182
1646475697981 0.9074074029922485 183
1646475698420 0.9444444179534912 184
1646475698739 0.9351851940155029 185
1646475699038 0.9398148059844971 186
1646475699359 0.9259259104728699 187
1646475699657 0.9444444179534912 188
1646475699989 0.8981481194496155 189
1646475700290 0.9166666865348816 190
1646475700742 0.9166666865348816 191
1646475701140 0.9351851940155029 192
1646475701489 0.9490740895271301 193
1646475701909 0.9305555820465088 194
1646475702295 0.9120370149612427 195
1646475702608 0.9305555820465088 196
1646475702938 0.9212962985038757 197
1646475703239 0.9398148059844971 198
1646475703555 0.9074074029922485 199
1646475703943 0.9166666865348816 200
1646475704403 0.9259259104728699 201
1646475704914 0.9490740895271301 202
1646475705307 0.9537037014961243 203
1646475705754 0.9444444179534912 204
1646475706168 0.9444444179534912 205
1646475706539 0.9166666865348816 206
1646475706855 0.9490740895271301 207
1646475707187 0.9212962985038757 208
1646475707504 0.9444444179534912 209
1646475707839 0.9166666865348816 210
1646475708294 0.9537037014961243 211
1646475708722 0.9074074029922485 212
1646475709086 0.9398148059844971 213
1646475709521 0.9444444179534912 214
1646475709873 0.9537037014961243 215
1646475710171 0.9259259104728699 216
1646475710472 0.9490740895271301 217
1646475710805 0.9212962985038757 218
1646475711109 0.9537037014961243 219
1646475711440 0.9305555820465088 220
1646475711787 0.9398148059844971 221
1646475712307 0.9490740895271301 222
1646475712771 0.9305555820465088 223
1646475713139 0.9398148059844971 224
1646475713557 0.9305555820465088 225
1646475713876 0.9537037014961243 226
1646475714176 0.9537037014961243 227
1646475714488 0.9120370149612427 228
1646475714806 0.9212962985038757 229
1646475715133 0.9305555820465088 230
1646475715453 0.9305555820465088 231
1646475715958 0.9583333134651184 232
1646475716355 0.9675925970077515 233
1646475716703 0.9444444179534912 234
1646475717137 0.9444444179534912 235
1646475717455 0.9259259104728699 236
1646475717782 0.9398148059844971 237
1646475718083 0.9444444179534912 238
1646475718384 0.9583333134651184 239
1646475718723 0.9351851940155029 240
1646475719021 0.9120370149612427 241
1646475719417 0.9212962985038757 242
1646475719870 0.9629629850387573 243
1646475720257 0.9398148059844971 244
1646475720638 0.9490740895271301 245
1646475721030 0.9166666865348816 246
1646475721338 0.9398148059844971 247
1646475721656 0.9398148059844971 248
1646475721977 0.9166666865348816 249
1646475722289 0.9398148059844971 250
1646475722604 0.9027777910232544 251
1646475722955 0.9537037014961243 252
1646475723451 0.9629629850387573 253
1646475723840 0.9259259104728699 254
1646475724203 0.9537037014961243 255
1646475724640 0.9444444179534912 256
1646475724957 0.9166666865348816 257
1646475725257 0.9259259104728699 258
1646475725560 0.9444444179534912 259
1646475725888 0.9398148059844971 260
1646475726204 0.9490740895271301 261
1646475726519 0.9675925970077515 262
1646475727042 0.9490740895271301 263
1646475727437 0.9305555820465088 264
1646475727816 0.9305555820465088 265
1646475728237 0.9074074029922485 266
1646475728535 0.9351851940155029 267
1646475728870 0.9675925970077515 268
1646475729171 0.9351851940155029 269
1646475729487 0.9722222089767456 270
1646475729811 0.9583333134651184 271
1646475730138 0.9490740895271301 272
1646475730590 0.9398148059844971 273
1646475731020 0.9675925970077515 274
1646475731384 0.9629629850387573 275
1646475731802 0.9675925970077515 276
1646475732155 0.9675925970077515 277
1646475732524 0.9537037014961243 278
1646475732852 0.9259259104728699 279
1646475733137 0.9212962985038757 280
1646475733453 0.9444444179534912 281
1646475733785 0.9490740895271301 282
1646475734113 0.9490740895271301 283
1646475734594 0.9537037014961243 284
1646475734988 0.9351851940155029 285
1646475735338 0.9305555820465088 286
1646475735802 0.9351851940155029 287
1646475736107 0.9259259104728699 288
1646475736396 0.9166666865348816 289
1646475736719 0.9444444179534912 290
1646475737036 0.9305555820465088 291
1646475737370 0.9583333134651184 292
1646475737687 0.9398148059844971 293
1646475738017 0.9074074029922485 294
1646475738522 0.9722222089767456 295
1646475738906 0.9444444179534912 296
1646475739249 0.9629629850387573 297
1646475739719 0.9537037014961243 298
1646475740019 0.9398148059844971 299
