1646475631949 1.6212735176086426 0
1646475632261 1.620685338973999 1
1646475632578 1.616891622543335 2
1646475632925 1.6037970781326294 3
1646475633510 1.6028953790664673 4
1646475633897 1.5964523553848267 5
1646475634287 1.60364830493927 6
1646475634696 1.6077522039413452 7
1646475635025 1.5804595947265625 8
1646475635327 1.5822906494140625 9
1646475635647 1.5954389572143555 10
1646475635960 1.569696068763733 11
1646475636261 1.5671025514602661 12
1646475636577 1.571089744567871 13
1646475637096 1.5427535772323608 14
1646475637479 1.540339469909668 15
1646475637846 1.5058733224868774 16
1646475638275 1.5065550804138184 17
1646475638578 1.4898970127105713 18
1646475638895 1.4678764343261719 19
1646475639211 1.4549379348754883 20
1646475639505 1.3742904663085938 21
1646475639826 1.334380865097046 22
1646475640142 1.2974954843521118 23
1646475640442 1.267913579940796 24
1646475640937 1.2291803359985352 25
1646475641313 1.2175320386886597 26
1646475641676 1.1649161577224731 27
1646475642139 1.1643410921096802 28
1646475642441 1.0702269077301025 29
1646475642759 1.0782939195632935 30
1646475643061 1.0874239206314087 31
1646475643367 1.069682240486145 32
1646475643667 0.9824515581130981 33
1646475643977 1.0438246726989746 34
1646475644361 1.037123441696167 35
1646475644828 0.9801947474479675 36
1646475645194 0.9504134058952332 37
1646475645595 0.8937548995018005 38
1646475645977 0.8937596082687378 39
1646475646293 1.0233956575393677 40
1646475646592 0.8702071905136108 41
1646475646914 0.8787359595298767 42
1646475647238 0.8962486982345581 43
1646475647544 0.8792114853858948 44
1646475647857 0.8649160861968994 45
1646475648364 0.8305279612541199 46
1646475648749 0.8657394051551819 47
1646475649095 0.8712568879127502 48
1646475649525 0.84237140417099 49
1646475649851 0.8920595645904541 50
1646475650152 0.8436015248298645 51
1646475650475 0.8727365136146545 52
1646475650792 0.8613068461418152 53
1646475651097 0.8030457496643066 54
1646475651394 0.7398304343223572 55
1646475651804 0.8343323469161987 56
1646475652291 0.796695351600647 57
1646475652691 0.6894176602363586 58
1646475653043 0.7781660556793213 59
1646475653471 0.7684656977653503 60
1646475653793 0.6703872680664062 61
1646475654075 0.7919601202011108 62
1646475654375 0.8881722688674927 63
1646475654702 0.7584917545318604 64
1646475655024 0.7122334837913513 65
1646475655327 0.7114741206169128 66
1646475655808 0.748005211353302 67
1646475656211 0.7173213362693787 68
1646475656578 0.7053595185279846 69
1646475657042 0.7104312181472778 70
1646475657352 0.601985514163971 71
1646475657660 0.6616553664207458 72
1646475657959 0.7093638777732849 73
1646475658276 0.7195998430252075 74
1646475658576 0.6654189229011536 75
1646475658925 0.6107001900672913 76
1646475659257 0.6563891768455505 77
1646475659760 0.6180943250656128 78
1646475660161 0.6073986887931824 79
1646475660508 0.5207123756408691 80
1646475660994 0.5446569919586182 81
1646475661343 0.5787055492401123 82
1646475661715 0.6144278049468994 83
1646475662080 0.6484106779098511 84
1646475662443 0.6053111553192139 85
1646475662798 0.5270664691925049 86
1646475663334 0.5222750306129456 87
1646475663725 0.5285797715187073 88
1646475664081 0.55757075548172 89
1646475664522 0.5274342894554138 90
1646475664840 0.4559142589569092 91
1646475665167 0.5745881199836731 92
1646475665475 0.4941553771495819 93
1646475665808 0.4914003014564514 94
1646475666126 0.5623224973678589 95
1646475666457 0.45814788341522217 96
1646475666906 0.4768984019756317 97
1646475667328 0.3992652893066406 98
1646475667691 0.41252246499061584 99
1646475668101 0.4493221044540405 100
1646475668457 0.44699230790138245 101
1646475668792 0.42016252875328064 102
1646475669111 0.4511132538318634 103
1646475669427 0.3732410669326782 104
1646475669741 0.36687543988227844 105
1646475670058 0.3892797529697418 106
1646475670379 0.4132280647754669 107
1646475670883 0.4488377273082733 108
1646475671275 0.37291258573532104 109
1646475671624 0.3389325439929962 110
1646475672094 0.3629034459590912 111
1646475672391 0.33778107166290283 112
1646475672817 0.42875802516937256 113
1646475673126 0.4383130967617035 114
1646475673439 0.35269054770469666 115
1646475673756 0.35546329617500305 116
1646475674074 0.32858163118362427 117
1646475674551 0.3578270375728607 118
1646475674959 0.3653615713119507 119
1646475675337 0.39403513073921204 120
1646475675800 0.34769248962402344 121
1646475676092 0.2679862678050995 122
1646475676414 0.27399900555610657 123
1646475676725 0.4062522351741791 124
1646475677041 0.3307325541973114 125
1646475677359 0.35357263684272766 126
1646475677692 0.4778967499732971 127
1646475678025 0.30707794427871704 128
1646475678527 0.30310940742492676 129
1646475678912 0.36076271533966064 130
1646475679272 0.3306966722011566 131
1646475679735 0.45392414927482605 132
1646475680057 0.3008791208267212 133
1646475680361 0.3389767110347748 134
1646475680668 0.27516353130340576 135
1646475680976 0.3052682876586914 136
1646475681291 0.6875708699226379 137
1646475681609 0.36484265327453613 138
1646475682123 0.33109742403030396 139
1646475682542 0.3322905898094177 140
1646475682909 0.3279520571231842 141
1646475683376 0.3287535309791565 142
1646475683676 0.23398646712303162 143
1646475683992 0.24558494985103607 144
1646475684290 0.34626105427742004 145
1646475684609 0.3458768129348755 146
1646475684940 0.28522416949272156 147
1646475685256 0.23077066242694855 148
1646475685700 0.29809775948524475 149
1646475686128 0.2595047950744629 150
1646475686488 0.18632252514362335 151
1646475686957 0.22043877840042114 152
1646475687272 0.2640960216522217 153
1646475687585 0.2930341958999634 154
1646475687904 0.27226999402046204 155
1646475688208 0.24575109779834747 156
1646475688523 0.323756605386734 157
1646475688847 0.3307095170021057 158
1646475689175 0.1816825121641159 159
1646475689706 0.2695855498313904 160
1646475690059 0.3102838099002838 161
1646475690409 0.18486608564853668 162
1646475690856 0.22926081717014313 163
1646475691174 0.26741620898246765 164
1646475691473 0.21614286303520203 165
1646475691805 0.2628290355205536 166
1646475692107 0.27665048837661743 167
1646475692494 0.2397116720676422 168
1646475692825 0.24172388017177582 169
1646475693324 0.21421174705028534 170
1646475693723 0.3246000409126282 171
1646475694088 0.205912247300148 172
1646475694536 0.19261977076530457 173
1646475694863 0.22844456136226654 174
1646475695164 0.22969846427440643 175
1646475695472 0.17808876931667328 176
1646475695808 0.2272309511899948 177
1646475696107 0.15758416056632996 178
1646475696422 0.20010197162628174 179
1646475696784 0.2446039915084839 180
1646475697280 0.21868859231472015 181
1646475697621 0.19208727777004242 182
1646475697981 0.20458652079105377 183
1646475698420 0.14806479215621948 184
1646475698739 0.19246961176395416 185
1646475699038 0.15080063045024872 186
1646475699359 0.20026277005672455 187
1646475699657 0.15982525050640106 188
1646475699989 0.23147360980510712 189
1646475700290 0.22343383729457855 190
1646475700742 0.18426133692264557 191
1646475701140 0.19681482017040253 192
1646475701489 0.17661789059638977 193
1646475701909 0.1984437257051468 194
1646475702295 0.22364483773708344 195
1646475702608 0.17473317682743073 196
1646475702938 0.16032050549983978 197
1646475703239 0.15164291858673096 198
1646475703555 0.19684284925460815 199
1646475703943 0.18511420488357544 200
1646475704403 0.19983737170696259 201
1646475704914 0.13046324253082275 202
1646475705307 0.14270943403244019 203
1646475705754 0.12910045683383942 204
1646475706168 0.1389499306678772 205
1646475706539 0.1778581589460373 206
1646475706855 0.14439044892787933 207
1646475707187 0.15399226546287537 208
1646475707504 0.17362907528877258 209
1646475707839 0.21340014040470123 210
1646475708294 0.15965722501277924 211
1646475708722 0.18940985202789307 212
1646475709086 0.14789129793643951 213
1646475709521 0.16881200671195984 214
1646475709873 0.1635054498910904 215
1646475710171 0.1759895533323288 216
1646475710472 0.15929381549358368 217
1646475710805 0.18268202245235443 218
1646475711109 0.1345396637916565 219
1646475711440 0.18378028273582458 220
1646475711787 0.18933890759944916 221
1646475712307 0.1343424767255783 222
1646475712771 0.26118290424346924 223
1646475713139 0.17526328563690186 224
1646475713557 0.14814437925815582 225
1646475713876 0.1454612761735916 226
1646475714176 0.144905224442482 227
1646475714488 0.22368881106376648 228
1646475714806 0.1679064929485321 229
1646475715133 0.1511022001504898 230
1646475715453 0.1600547730922699 231
1646475715958 0.17447452247142792 232
1646475716355 0.12760882079601288 233
1646475716703 0.12665525078773499 234
1646475717137 0.12919771671295166 235
1646475717455 0.20337344706058502 236
1646475717782 0.17954637110233307 237
1646475718083 0.15109393000602722 238
1646475718384 0.11105955392122269 239
1646475718723 0.18098150193691254 240
1646475719021 0.21481551229953766 241
1646475719417 0.20081700384616852 242
1646475719870 0.11025100201368332 243
1646475720257 0.14106111228466034 244
1646475720638 0.14364415407180786 245
1646475721030 0.18663984537124634 246
1646475721338 0.15188130736351013 247
1646475721656 0.1657235026359558 248
1646475721977 0.15510636568069458 249
1646475722289 0.1502087414264679 250
1646475722604 0.2004290223121643 251
1646475722955 0.12683771550655365 252
1646475723451 0.11759864538908005 253
1646475723840 0.18279239535331726 254
1646475724203 0.09707728028297424 255
1646475724640 0.12257809937000275 256
1646475724957 0.15577173233032227 257
1646475725257 0.18106548488140106 258
1646475725560 0.127915620803833 259
1646475725888 0.12148856371641159 260
1646475726204 0.1343078911304474 261
1646475726519 0.10571419447660446 262
1646475727042 0.1343713402748108 263
1646475727437 0.15556594729423523 264
1646475727816 0.15325061976909637 265
1646475728237 0.2029634267091751 266
1646475728535 0.14306752383708954 267
1646475728870 0.11552749574184418 268
1646475729171 0.17057931423187256 269
1646475729487 0.1058562695980072 270
1646475729811 0.11634259670972824 271
1646475730138 0.11269494891166687 272
1646475730590 0.1686859130859375 273
1646475731020 0.10163348913192749 274
1646475731384 0.08978681266307831 275
1646475731802 0.12570975720882416 276
1646475732155 0.10798224061727524 277
1646475732524 0.11545825749635696 278
1646475732852 0.13856056332588196 279
1646475733137 0.1866965889930725 280
1646475733453 0.14504384994506836 281
1646475733785 0.11171550303697586 282
1646475734113 0.14129626750946045 283
1646475734594 0.12209483981132507 284
1646475734988 0.14660118520259857 285
1646475735338 0.1564447432756424 286
1646475735802 0.1286552995443344 287
1646475736107 0.1674513816833496 288
1646475736396 0.17976418137550354 289
1646475736719 0.1208714097738266 290
1646475737036 0.1644284874200821 291
1646475737370 0.10161115229129791 292
1646475737687 0.14168186485767365 293
1646475738017 0.1996503472328186 294
1646475738522 0.13620445132255554 295
1646475738906 0.13281850516796112 296
1646475739249 0.13208730518817902 297
1646475739719 0.14172857999801636 298
1646475740019 0.14994046092033386 299
