1646514748250 0.26851850748062134 0
1646514748596 0.28240740299224854 1
1646514748949 0.3194444477558136 2
1646514749463 0.4166666567325592 3
1646514749832 0.46296295523643494 4
1646514750245 0.49074074625968933 5
1646514750636 0.46759259700775146 6
1646514750952 0.5972222089767456 7
1646514751271 0.6018518805503845 8
1646514751561 0.625 9
1646514751869 0.6111111044883728 10
1646514752189 0.6435185074806213 11
1646514752506 0.6898148059844971 12
1646514753071 0.6898148059844971 13
1646514753499 0.6898148059844971 14
1646514753894 0.7638888955116272 15
1646514754480 0.7453703880310059 16
1646514754876 0.7222222089767456 17
1646514755195 0.75 18
1646514755524 0.7361111044883728 19
1646514755840 0.7824074029922485 20
1646514756162 0.75 21
1646514756613 0.75 22
1646514757053 0.7638888955116272 23
1646514757746 0.7638888955116272 24
1646514758299 0.8055555820465088 25
1646514758632 0.8055555820465088 26
1646514758968 0.8194444179534912 27
1646514759434 0.8333333134651184 28
1646514759873 0.8425925970077515 29
1646514760389 0.8194444179534912 30
1646514760772 0.8148148059844971 31
1646514761184 0.8194444179534912 32
1646514761704 0.8287037014961243 33
1646514762100 0.8287037014961243 34
1646514762497 0.8564814925193787 35
1646514762855 0.8703703880310059 36
1646514763219 0.8564814925193787 37
1646514763605 0.8425925970077515 38
1646514764191 0.8518518805503845 39
1646514764756 0.875 40
1646514765259 0.8240740895271301 41
1646514765839 0.8657407164573669 42
1646514766186 0.8564814925193787 43
1646514766568 0.8657407164573669 44
1646514766919 0.8703703880310059 45
1646514767253 0.8935185074806213 46
1646514767600 0.875 47
1646514768280 0.875 48
1646514768727 0.8796296119689941 49
1646514769364 0.9166666865348816 50
1646514770210 0.8796296119689941 51
1646514770560 0.8935185074806213 52
1646514770956 0.8935185074806213 53
1646514771666 0.8657407164573669 54
1646514772295 0.9212962985038757 55
1646514772678 0.8935185074806213 56
1646514773299 0.8935185074806213 57
1646514773615 0.9120370149612427 58
1646514773934 0.9027777910232544 59
1646514774247 0.9212962985038757 60
1646514774563 0.9398148059844971 61
1646514774888 0.9398148059844971 62
1646514775206 0.9398148059844971 63
1646514775721 0.9166666865348816 64
1646514776089 0.9166666865348816 65
1646514776453 0.9212962985038757 66
1646514776905 0.9027777910232544 67
1646514777224 0.9444444179534912 68
1646514777521 0.9120370149612427 69
1646514777822 0.9166666865348816 70
1646514778135 0.8842592835426331 71
1646514778460 0.9444444179534912 72
1646514778760 0.8935185074806213 73
1646514779306 0.9212962985038757 74
1646514779675 0.9537037014961243 75
1646514780046 0.9259259104728699 76
1646514780552 0.9305555820465088 77
1646514780859 0.9398148059844971 78
1646514781172 0.9398148059844971 79
1646514781469 0.9120370149612427 80
1646514781773 0.9259259104728699 81
1646514782086 0.9120370149612427 82
1646514782422 0.9490740895271301 83
1646514782883 0.9768518805503845 84
1646514783303 0.9305555820465088 85
1646514783686 0.9398148059844971 86
1646514784167 0.9629629850387573 87
1646514784508 0.9583333134651184 88
1646514784811 0.9537037014961243 89
1646514785201 0.9768518805503845 90
1646514785570 0.9629629850387573 91
1646514785954 0.9768518805503845 92
1646514786324 0.9583333134651184 93
1646514786901 0.9490740895271301 94
1646514787271 0.9675925970077515 95
1646514787656 0.9537037014961243 96
1646514788102 0.9768518805503845 97
1646514788415 0.9907407164573669 98
1646514788732 0.9768518805503845 99
1646514789040 0.9537037014961243 100
1646514789347 0.9814814925193787 101
1646514789669 0.9675925970077515 102
1646514789977 0.9675925970077515 103
1646514790508 0.9629629850387573 104
1646514790865 0.9583333134651184 105
1646514791219 0.9722222089767456 106
1646514791702 0.9629629850387573 107
1646514791997 0.9398148059844971 108
1646514792317 0.9675925970077515 109
1646514792621 0.9768518805503845 110
1646514792923 0.9953703880310059 111
1646514793271 0.9814814925193787 112
1646514793592 0.9722222089767456 113
1646514794078 0.9490740895271301 114
1646514794494 0.9907407164573669 115
1646514794854 0.9953703880310059 116
1646514795355 0.9675925970077515 117
1646514795667 0.9814814925193787 118
1646514795968 0.9722222089767456 119
1646514796269 0.9814814925193787 120
1646514796584 0.9583333134651184 121
1646514796885 0.9583333134651184 122
1646514797219 0.9629629850387573 123
1646514797645 0.9953703880310059 124
1646514798060 0.9861111044883728 125
1646514798443 0.9814814925193787 126
1646514798965 0.9675925970077515 127
1646514799275 0.9583333134651184 128
1646514799627 0.9907407164573669 129
1646514799966 0.9907407164573669 130
1646514800328 0.9861111044883728 131
1646514800696 0.9907407164573669 132
1646514801076 0.9814814925193787 133
1646514801747 0.9953703880310059 134
1646514802279 0.9907407164573669 135
1646514802618 0.9814814925193787 136
1646514803048 0.9675925970077515 137
1646514803415 0.9768518805503845 138
1646514803883 0.9722222089767456 139
1646514804205 0.9953703880310059 140
1646514804505 0.9953703880310059 141
1646514804826 0.9907407164573669 142
1646514805162 1.0 143
1646514805478 0.9861111044883728 144
1646514805796 0.9675925970077515 145
1646514806301 0.9768518805503845 146
1646514806682 0.9722222089767456 147
1646514807044 0.9675925970077515 148
1646514807525 0.9907407164573669 149
1646514807827 0.9907407164573669 150
1646514808140 0.9953703880310059 151
1646514808425 0.9814814925193787 152
1646514808741 0.9907407164573669 153
1646514809051 1.0 154
1646514809395 0.9861111044883728 155
1646514809985 0.9953703880310059 156
1646514810417 0.9490740895271301 157
1646514810834 0.9907407164573669 158
1646514811150 0.9953703880310059 159
1646514811505 0.9953703880310059 160
1646514811903 0.9953703880310059 161
1646514812318 0.9861111044883728 162
1646514812742 0.9814814925193787 163
1646514813124 0.9953703880310059 164
1646514813603 0.9953703880310059 165
1646514814006 0.9953703880310059 166
1646514814448 0.9768518805503845 167
1646514814864 0.9722222089767456 168
1646514815269 0.9861111044883728 169
1646514815597 0.9953703880310059 170
1646514815901 0.9907407164573669 171
1646514816223 0.9861111044883728 172
1646514816533 0.9953703880310059 173
1646514816870 0.9907407164573669 174
1646514817300 0.9907407164573669 175
1646514817861 0.9861111044883728 176
1646514818304 0.9907407164573669 177
1646514818794 0.9907407164573669 178
1646514819216 0.9861111044883728 179
1646514819519 0.9675925970077515 180
1646514819833 0.9907407164573669 181
1646514820132 1.0 182
1646514820461 1.0 183
1646514820769 0.9907407164573669 184
1646514821283 0.9861111044883728 185
1646514821663 0.9861111044883728 186
1646514822019 1.0 187
1646514822499 1.0 188
1646514822796 0.9907407164573669 189
1646514823100 0.9953703880310059 190
1646514823409 0.9907407164573669 191
1646514823715 1.0 192
1646514824026 1.0 193
1646514824355 0.9953703880310059 194
1646514824754 0.9953703880310059 195
1646514825200 0.9953703880310059 196
1646514825565 1.0 197
1646514825984 0.9953703880310059 198
1646514826386 0.9861111044883728 199
1646514826686 0.9907407164573669 200
1646514826987 0.9907407164573669 201
1646514827322 0.9861111044883728 202
1646514827603 1.0 203
1646514827935 1.0 204
1646514828252 0.9953703880310059 205
1646514828753 0.9907407164573669 206
1646514829181 0.9953703880310059 207
1646514829538 0.9907407164573669 208
1646514830006 0.9814814925193787 209
1646514830325 0.9907407164573669 210
1646514830643 1.0 211
1646514830938 0.9907407164573669 212
1646514831260 1.0 213
1646514831561 0.9907407164573669 214
1646514831877 0.9953703880310059 215
1646514832324 0.9953703880310059 216
1646514832793 0.9953703880310059 217
1646514833272 0.9861111044883728 218
1646514833789 0.9953703880310059 219
1646514834353 0.9953703880310059 220
1646514834773 0.9907407164573669 221
1646514835181 0.9953703880310059 222
1646514835545 1.0 223
1646514835905 0.9907407164573669 224
1646514836548 0.9814814925193787 225
1646514836945 1.0 226
1646514837451 0.9907407164573669 227
1646514837873 0.9953703880310059 228
1646514838208 0.9907407164573669 229
1646514838516 0.9953703880310059 230
1646514838824 0.9907407164573669 231
1646514839134 0.9953703880310059 232
1646514839446 0.9953703880310059 233
1646514839912 0.9907407164573669 234
1646514840337 1.0 235
1646514840721 1.0 236
1646514841245 1.0 237
1646514841545 0.9953703880310059 238
1646514841848 0.9953703880310059 239
1646514842152 1.0 240
1646514842500 1.0 241
1646514842831 1.0 242
1646514843211 0.9953703880310059 243
1646514843752 1.0 244
1646514844197 1.0 245
1646514844638 1.0 246
1646514845106 1.0 247
1646514845427 0.9953703880310059 248
1646514845731 0.9953703880310059 249
1646514846039 0.9814814925193787 250
1646514846376 1.0 251
1646514846694 1.0 252
1646514847011 1.0 253
1646514847541 0.9953703880310059 254
1646514847924 1.0 255
1646514848308 1.0 256
1646514848784 1.0 257
1646514849169 0.9953703880310059 258
1646514849566 1.0 259
1646514849938 0.9953703880310059 260
1646514850297 0.9907407164573669 261
1646514850655 1.0 262
1646514851093 1.0 263
1646514851520 1.0 264
1646514851906 0.9907407164573669 265
1646514852407 0.9953703880310059 266
1646514852727 0.9953703880310059 267
1646514853039 1.0 268
1646514853365 1.0 269
1646514853673 0.9953703880310059 270
1646514853971 1.0 271
1646514854309 1.0 272
1646514854730 0.9861111044883728 273
1646514855172 0.9907407164573669 274
1646514855550 0.9861111044883728 275
1646514856019 1.0 276
1646514856350 0.9861111044883728 277
1646514856663 0.9953703880310059 278
1646514856959 0.9953703880310059 279
1646514857274 1.0 280
1646514857581 1.0 281
1646514857892 0.9953703880310059 282
1646514858221 1.0 283
1646514858773 0.9907407164573669 284
1646514859158 0.9907407164573669 285
1646514859569 0.9953703880310059 286
1646514859963 0.9953703880310059 287
1646514860263 0.9953703880310059 288
1646514860563 1.0 289
1646514860848 0.9953703880310059 290
1646514861164 1.0 291
1646514861480 1.0 292
1646514861794 1.0 293
1646514862328 0.9861111044883728 294
1646514862691 1.0 295
1646514863125 0.9722222089767456 296
1646514863606 0.9861111044883728 297
1646514863977 0.9953703880310059 298
1646514864291 1.0 299
