1646514746280 0.004 0
1646514747695 0.004000596800238801 1
1646514747747 0.004002387186114745 2
1646514747778 0.004005371113106879 3
1646514747817 0.004009548507014876 4
1646514747848 0.004014919263960817 5
1646514747877 0.004021483250391852 6
1646514747917 0.004029240303083395 7
1646514748277 0.004038190229143396 8
1646514748318 0.004048332806016894 9
1646514748350 0.004059667781491735 10
1646514748386 0.004072194873704721 11
1646514748434 0.004085913771148725 12
1646514748464 0.004100824132680342 13
1646514748499 0.004116925587528436 14
1646514748640 0.004134217735303369 15
1646514748666 0.004152700146006827 16
1646514748713 0.004172372360042753 17
1646514748742 0.004193233888228523 18
1646514748789 0.00421528421180728 19
1646514748819 0.00423852278246073 20
1646514748850 0.004262949022322882 21
1646514749034 0.004288562323994313 22
1646514749106 0.004315362050557339 23
1646514749165 0.004343347535591804 24
1646514749243 0.004372518083191737 25
1646514749293 0.004402872967982557 26
1646514749331 0.004434411435139132 27
1646514749375 0.004467132700404622 28
1646514749500 0.004501035950109908 29
1646514749547 0.004536120341193842 30
1646514749594 0.004572385001224186 31
1646514749631 0.0046098290284194154 32
1646514749677 0.00464845149167098 33
1646514749708 0.004688251430566573 34
1646514749742 0.00472922785541402 35
1646514749864 0.004771379747265783 36
1646514749907 0.004814706057944401 37
1646514749947 0.004859205710068537 38
1646514749973 0.004904877597079721 39
1646514750005 0.004951720583269897 40
1646514750050 0.004999733503809695 41
1646514750097 0.005048915164777332 42
1646514750305 0.005099264343188359 43
1646514750386 0.005150779787026036 44
1646514750428 0.0052034602152724735 45
1646514750460 0.0052573043179405116 46
1646514750505 0.005312310756106234 47
1646514750536 0.005368478161942372 48
1646514750563 0.005425805138752182 49
1646514750674 0.005484290261004263 50
1646514750711 0.005543932074367999 51
1646514750743 0.005604729095749744 52
1646514750778 0.005666679813329564 53
1646514750805 0.005729782686599044 54
1646514750837 0.005794036146399437 55
1646514750868 0.0058594385949607 56
1646514750976 0.005925988405941329 57
1646514751005 0.005993683924468696 58
1646514751039 0.006062523467180211 59
1646514751077 0.006132505322265253 60
1646514751125 0.00620362774950764 61
1646514751156 0.006275888980328992 62
1646514751186 0.006349287217832622 63
1646514751309 0.006423820636848349 64
1646514751336 0.006499487383977681 65
1646514751368 0.006576285577640131 66
1646514751393 0.006654213308119827 67
1646514751421 0.006733268637613102 68
1646514751458 0.006813449600276647 69
1646514751489 0.006894754202276393 70
1646514751605 0.006977180421837106 71
1646514751643 0.007060726209292614 72
1646514751675 0.007145389487136861 73
1646514751705 0.007231168150075476 74
1646514751737 0.007318060065078194 75
1646514751758 0.007406063071431879 76
1646514751789 0.007495174980794203 77
1646514751905 0.007585393577248162 78
1646514751943 0.007676716617357068 79
1646514751974 0.007769141830220441 80
1646514752006 0.007862666917530362 81
1646514752037 0.007957289553628788 82
1646514752064 0.008053007385565164 83
1646514752106 0.008149818033155162 84
1646514752220 0.008247719089039693 85
1646514752259 0.00834670811874487 86
1646514752290 0.008446782660742488 87
1646514752317 0.008547940226511286 88
1646514752349 0.008650178300598804 89
1646514752382 0.008753494340683884 90
1646514752421 0.00885788577763999 91
1646514752529 0.008963350015599003 92
1646514752576 0.009069884432015826 93
1646514752621 0.009177486377733593 94
1646514752672 0.009286153177049505 95
1646514752753 0.009395882127781405 96
1646514752818 0.009506670501334968 97
1646514752879 0.009618515542771502 98
1646514753113 0.009731414470876582 99
1646514753163 0.009845364478229035 100
1646514753222 0.009960362731270891 101
1646514753264 0.01007640637037778 102
1646514753316 0.010193492509930055 103
1646514753356 0.010311618238384529 104
1646514753395 0.010430780618346944 105
1646514753548 0.010550976686644925 106
1646514753590 0.010672203454401688 107
1646514753620 0.010794457907110436 108
1646514753669 0.010917737004709188 109
1646514753710 0.011042037681656541 110
1646514753760 0.011167356847007703 111
1646514753791 0.011293691384491558 112
1646514753940 0.011421038152587992 113
1646514753985 0.011549393984606124 114
1646514754034 0.011678755688762962 115
1646514754128 0.011809120048262886 116
1646514754189 0.011940483821377482 117
1646514754229 0.012072843741526285 118
1646514754361 0.012206196517358006 119
1646514754502 0.012340538832832246 120
1646514754544 0.01247586734730212 121
1646514754591 0.012612178695597207 122
1646514754635 0.012749469488107304 123
1646514754676 0.012887736310866635 124
1646514754719 0.013026975725638892 125
1646514754760 0.013167184270002533 126
1646514754897 0.013308358457437025 127
1646514754936 0.013450494777409519 128
1646514754960 0.013593589695462094 129
1646514754993 0.01373763965329973 130
1646514755024 0.013882641068878668 131
1646514755060 0.014028590336495617 132
1646514755091 0.01417548382687736 133
1646514755237 0.014323317887270925 134
1646514755261 0.014472088841534572 135
1646514755293 0.014621792990229088 136
1646514755323 0.014772426610709821 137
1646514755361 0.014923985957219221 138
1646514755385 0.015076467260980053 139
1646514755417 0.01522986673028906 140
1646514755547 0.01538418055061122 141
1646514755586 0.01553940488467466 142
1646514755617 0.015695535872566085 143
1646514755647 0.01585256963182667 144
1646514755677 0.016010502257548756 145
1646514755711 0.016169329822472794 146
1646514755742 0.016329048377085084 147
1646514755870 0.016489653949715966 148
1646514755908 0.016651142546638617 149
1646514755939 0.01681351015216835 150
1646514755971 0.016976752728762368 151
1646514756002 0.01714086621712034 152
1646514756035 0.01730584653628521 153
1646514756062 0.017471689583744746 154
1646514756182 0.017638391235533513 155
1646514756221 0.017805947346335463 156
1646514756253 0.017974353749586933 157
1646514756279 0.01814360625758038 158
1646514756342 0.018313700661568413 159
1646514756412 0.01848463273186851 160
1646514756462 0.018656398217968134 161
1646514756680 0.018828992848630502 162
1646514756723 0.019002412332000743 163
1646514756770 0.019176652355712642 164
1646514756824 0.019351708586995878 165
1646514756869 0.01952757667278375 166
1646514756900 0.019704252239821474 167
1646514756941 0.01988173089477481 168
1646514757097 0.020060008224339468 169
1646514757152 0.02023907979535075 170
1646514757205 0.020418941154893788 171
1646514757255 0.02059958783041435 172
1646514757285 0.02078101532982994 173
1646514757355 0.020963219141641634 174
1646514757455 0.021146194735046114 175
1646514757789 0.02132993756004853 176
1646514757828 0.021514443047575424 177
1646514757916 0.02169970660958853 178
1646514758000 0.02188572363919876 179
1646514758051 0.022072489510780793 180
1646514758172 0.02225999958008809 181
1646514758221 0.022448249184368413 182
1646514758321 0.0226372336424797 183
1646514758364 0.022826948255006557 184
1646514758396 0.023017388304377093 185
1646514758423 0.02320854905498014 186
1646514758454 0.023400425753283174 187
1646514758488 0.023593013627950354 188
1646514758521 0.023786307889961292 189
1646514758689 0.02398030373273008 190
1646514758738 0.02417499633222485 191
1646514758754 0.024370380847087675 192
1646514758790 0.024566452418755005 193
1646514758821 0.024763206171578483 194
1646514758855 0.024960637212946155 195
1646514758886 0.02515874063340416 196
1646514758988 0.0253575115067788 197
1646514759028 0.025556944890299083 198
1646514759060 0.025757035824719512 199
1646514759091 0.025957779334443556 200
1646514759137 0.026159170427647246 201
1646514759169 0.026361204096403426 202
1646514759216 0.026563875316806165 203
1646514759487 0.026767179049095785 204
1646514759560 0.026971110237784104 205
1646514759605 0.0271756638117802 206
1646514759637 0.027380834684516506 207
1646514759690 0.027586617754075282 208
1646514759733 0.027793007903315486 209
1646514759784 0.027999999999999997 210
1646514759902 0.02820758889692332 211
1646514759944 0.028415769432039453 212
1646514759985 0.028624536428590378 213
1646514760024 0.02883388469523468 214
1646514760108 0.02904380902617673 215
1646514760185 0.029254304201296072 216
1646514760232 0.029465364986277248 217
1646514760436 0.029676986132739974 218
1646514760473 0.029889162378369652 219
1646514760522 0.030101888447048183 220
1646514760568 0.0303151590489852 221
1646514760599 0.030528968880849647 222
1646514760632 0.030743312625901534 223
1646514760674 0.030958184954124293 224
1646514760807 0.03117358052235722 225
1646514760854 0.03138949397442836 226
1646514760899 0.03160591994128775 227
1646514760942 0.03182285304114085 228
1646514760984 0.03204028787958242 229
1646514761025 0.03225821904973064 230
1646514761068 0.03247664113236158 231
1646514761215 0.03269554869604396 232
1646514761259 0.03291493629727417 233
1646514761299 0.03313479848061167 234
1646514761392 0.03335512977881465 235
1646514761454 0.03357592471297598 236
1646514761501 0.033797177792659436 237
1646514761552 0.034018883516036214 238
1646514761731 0.03424103637002181 239
1646514761796 0.034463630830413025 240
1646514761836 0.03468666136202542 241
1646514761872 0.034910122418830875 242
1646514761903 0.035134008444095546 243
1646514761948 0.03535831387051806 244
1646514761995 0.035583033120367896 245
1646514762126 0.035808160605624154 246
1646514762170 0.036033690728114465 247
1646514762220 0.03625961787965419 248
1646514762269 0.03648593644218592 249
1646514762301 0.03671264078791915 250
1646514762347 0.03693972527947022 251
1646514762379 0.037167184270002526 252
1646514762542 0.03739501210336689 253
1646514762590 0.037623203114242276 254
1646514762622 0.0378517516282766 255
1646514762658 0.03808065196222787 256
1646514762689 0.038309898424105496 257
1646514762729 0.038539485313311875 258
1646514762761 0.038769406920784046 259
1646514762890 0.038999657529135756 260
1646514762936 0.039230231412799604 261
1646514762967 0.03946112283816936 262
1646514763000 0.03969232606374264 263
1646514763038 0.03992383534026359 264
1646514763063 0.040155644910865915 265
1646514763094 0.04038774901121596 266
1646514763264 0.04062014186965612 267
1646514763294 0.04085281770734836 268
1646514763338 0.041085770738417855 269
1646514763376 0.04131899517009691 270
1646514763422 0.04155248520286901 271
1646514763467 0.041786235030613024 272
1646514763514 0.04202023884074756 273
1646514763633 0.04225449081437555 274
1646514763679 0.042488985126428916 275
1646514763710 0.042723715945813444 276
1646514763757 0.04295867743555375 277
1646514763804 0.04319386375293845 278
1646514763901 0.043429269049665445 279
1646514763996 0.04366488747198734 280
1646514764240 0.04390071316085705 281
1646514764291 0.0441367402520734 282
1646514764360 0.044372962876427044 283
1646514764413 0.0446093751598464 284
1646514764494 0.04484597122354363 285
1646514764575 0.04508274518416096 286
1646514764636 0.04531969115391687 287
1646514764830 0.04555680324075254 288
1646514764887 0.045794075548478405 289
1646514764934 0.04603150217692071 290
1646514764988 0.046269077222068286 291
1646514765039 0.046506794776219273 292
1646514765090 0.04674464892812815 293
1646514765146 0.046982633763152634 294
1646514765307 0.0472207433634008 295
1646514765354 0.04745897180787822 296
1646514765467 0.047697313172635196 297
1646514765521 0.047935761530914084 298
1646514765576 0.048174310953296676 299
1646514765637 0.048412955507851636 300
1646514765720 0.048651689260281995 301
1646514765881 0.04889050627407272 302
1646514765921 0.04912940061063836 303
1646514765951 0.04936836632947072 304
1646514765984 0.04960739748828654 305
1646514766015 0.049846488143175285 306
1646514766051 0.05008563234874696 307
1646514766082 0.05032482415827995 308
1646514766225 0.050564057623868876 309
1646514766273 0.050803326796572505 310
1646514766320 0.051042625726561694 311
1646514766354 0.05128194846326735 312
1646514766385 0.05152128905552836 313
1646514766426 0.051760641551739615 314
1646514766468 0.052000000000000005 315
1646514766596 0.05223935844826039 316
1646514766639 0.052478710944471645 317
1646514766678 0.052718051536732646 318
1646514766709 0.0529573742734383 319
1646514766752 0.0531966732034275 320
1646514766799 0.05343594237613112 321
1646514766825 0.05367517584172004 322
1646514766972 0.05391436765125303 323
1646514767000 0.0541535118568247 324
1646514767031 0.054392602511713475 325
1646514767066 0.05463163367052929 326
1646514767113 0.054870599389361646 327
1646514767153 0.0551094937259273 328
1646514767184 0.05534831073971802 329
1646514767289 0.055587044492148366 330
1646514767332 0.05582568904670332 331
1646514767353 0.05606423846908592 332
1646514767390 0.056302686827364806 333
1646514767421 0.056541028192121784 334
1646514767455 0.0567792566365992 335
1646514767486 0.05701736623684736 336
1646514767665 0.05725535107187185 337
1646514767719 0.05749320522378073 338
1646514767839 0.05773092277793172 339
1646514767954 0.05796849782307928 340
1646514768017 0.05820592445152159 341
1646514768088 0.05844319675924745 342
1646514768128 0.058680308846083135 343
1646514768325 0.05891725481583904 344
1646514768362 0.05915402877645638 345
1646514768423 0.05939062484015362 346
1646514768473 0.059627037123572965 347
1646514768523 0.05986325974792661 348
1646514768566 0.060099286839142965 349
1646514768617 0.06033511252801266 350
1646514768792 0.06057073095033456 351
1646514768843 0.060806136247061555 352
1646514768905 0.06104132256444625 353
1646514768970 0.06127628405418655 354
1646514769031 0.06151101487357108 355
1646514769092 0.06174550918562445 356
1646514769153 0.061979761159252446 357
1646514769407 0.06221376496938698 358
1646514769458 0.06244751479713099 359
1646514769539 0.0626810048299031 360
1646514769812 0.06291422926158215 361
1646514769922 0.06314718229265165 362
1646514769995 0.06337985813034389 363
1646514770077 0.06361225098878405 364
1646514770240 0.06384435508913411 365
1646514770279 0.06407616465973642 366
1646514770320 0.06430767393625736 367
1646514770357 0.06453887716183064 368
1646514770389 0.0647697685872004 369
1646514770427 0.06500034247086425 370
1646514770458 0.06523059307921597 371
1646514770611 0.06546051468668813 372
1646514770650 0.0656901015758945 373
1646514770689 0.06591934803777214 374
1646514770740 0.06614824837172341 375
1646514770789 0.06637679688575773 376
1646514770820 0.0666049878966331 377
1646514770862 0.06683281572999747 378
1646514771011 0.06706027472052978 379
1646514771037 0.06728735921208084 380
1646514771084 0.06751406355781409 381
1646514771125 0.0677403821203458 382
1646514771163 0.06796630927188553 383
1646514771205 0.06819183939437584 384
1646514771252 0.0684169668796321 385
1646514771737 0.06864168612948196 386
1646514771808 0.06886599155590446 387
1646514771910 0.06908987758116913 388
1646514771981 0.06931333863797458 389
1646514772047 0.06953636916958697 390
1646514772109 0.06975896362997819 391
1646514772155 0.06998111648396378 392
1646514772331 0.07020282220734056 393
1646514772371 0.07042407528702402 394
1646514772410 0.07064487022118535 395
1646514772459 0.07086520151938834 396
1646514772495 0.07108506370272583 397
1646514772534 0.07130445130395605 398
1646514772574 0.07152335886763841 399
1646514772729 0.07174178095026935 400
1646514772778 0.07195971212041757 401
1646514772911 0.07217714695885914 402
1646514772973 0.07239408005871224 403
1646514773038 0.07261050602557165 404
1646514773099 0.07282641947764279 405
1646514773198 0.07304181504587573 406
1646514773343 0.07325668737409848 407
1646514773372 0.07347103111915038 408
1646514773415 0.0736848409510148 409
1646514773442 0.07389811155295183 410
1646514773474 0.07411083762163034 411
1646514773507 0.07432301386726002 412
1646514773538 0.07453463501372275 413
1646514773649 0.07474569579870394 414
1646514773689 0.07495619097382326 415
1646514773731 0.07516611530476532 416
1646514773755 0.07537546357140963 417
1646514773786 0.07558423056796054 418
1646514773821 0.07579241110307669 419
1646514773852 0.076 420
1646514773963 0.07620699209668452 421
1646514774005 0.07641338224592471 422
1646514774036 0.07661916531548349 423
1646514774061 0.07682433618821982 424
1646514774100 0.0770288897622159 425
1646514774135 0.07723282095090424 426
1646514774173 0.07743612468319383 427
1646514774275 0.07763879590359658 428
1646514774320 0.07784082957235275 429
1646514774352 0.07804222066555645 430
1646514774382 0.0782429641752805 431
1646514774416 0.07844305510970093 432
1646514774450 0.0786424884932212 433
1646514774481 0.07884125936659585 434
1646514774601 0.07903936278705387 435
1646514774640 0.07923679382842153 436
1646514774672 0.079433547581245 437
1646514774705 0.07962961915291233 438
1646514774736 0.07982500366777515 439
1646514774775 0.0800196962672699 440
1646514774801 0.0802136921100387 441
1646514774913 0.08040698637204964 442
1646514774954 0.08059957424671685 443
1646514774986 0.08079145094501985 444
1646514775010 0.08098261169562293 445
1646514775042 0.08117305174499345 446
1646514775075 0.08136276635752032 447
1646514775117 0.0815517508156316 448
1646514775292 0.08174000041991192 449
1646514775364 0.08192751048921922 450
1646514775424 0.08211427636080125 451
1646514775485 0.08230029339041146 452
1646514775534 0.08248555695242459 453
1646514775588 0.08267006243995148 454
1646514775621 0.0828538052649539 455
1646514775766 0.08303678085835839 456
1646514775805 0.08321898467017007 457
1646514775837 0.08340041216958566 458
1646514775878 0.08358105884510621 459
1646514775921 0.08376092020464924 460
1646514775952 0.08393999177566053 461
1646514775999 0.08411826910522519 462
1646514776135 0.08429574776017855 463
1646514776161 0.08447242332721626 464
1646514776192 0.08464829141300415 465
1646514776231 0.08482334764428737 466
1646514776262 0.08499758766799928 467
1646514776306 0.08517100715136951 468
1646514776353 0.08534360178203187 469
1646514776538 0.0855153672681315 470
1646514776570 0.0856862993384316 471
1646514776638 0.08585639374241963 472
1646514776729 0.08602564625041308 473
1646514776770 0.08619405265366455 474
1646514776802 0.0863616087644665 475
1646514776832 0.08652831041625525 476
1646514776948 0.0866941534637148 477
1646514776973 0.08685913378287967 478
1646514777004 0.08702324727123764 479
1646514777042 0.08718648984783166 480
1646514777074 0.08734885745336138 481
1646514777106 0.08751034605028403 482
1646514777137 0.08767095162291494 483
1646514777259 0.08783067017752721 484
1646514777278 0.08798949774245125 485
1646514777312 0.08814743036817332 486
1646514777348 0.08830446412743394 487
1646514777390 0.08846059511532535 488
1646514777411 0.0886158194493888 489
1646514777442 0.08877013326971095 490
1646514777559 0.08892353273901994 491
1646514777578 0.08907601404278077 492
1646514777612 0.08922757338929019 493
1646514777646 0.08937820700977092 494
1646514777674 0.08952791115846542 495
1646514777709 0.08967668211272907 496
1646514777740 0.08982451617312266 497
1646514777863 0.08997140966350438 498
1646514777882 0.09011735893112133 499
1646514777914 0.09026236034670027 500
1646514777959 0.0904064103045379 501
1646514777991 0.09054950522259048 502
1646514778020 0.09069164154256298 503
1646514778059 0.09083281572999748 504
1646514778170 0.09097302427436112 505
1646514778212 0.09111226368913336 506
1646514778243 0.0912505305118927 507
1646514778272 0.09138782130440279 508
1646514778303 0.09152413265269789 509
1646514778344 0.09165946116716775 510
1646514778375 0.091793803482642 511
1646514778491 0.09192715625847371 512
1646514778534 0.09205951617862253 513
1646514778560 0.09219087995173712 514
1646514778585 0.09232124431123703 515
1646514778616 0.09245060601539389 516
1646514778660 0.092578961847412 517
1646514778691 0.09270630861550845 518
1646514778798 0.0928326431529923 519
1646514778842 0.09295796231834347 520
1646514778875 0.09308226299529081 521
1646514778960 0.09320554209288957 522
1646514779022 0.09332779654559832 523
1646514779093 0.09344902331335508 524
1646514779154 0.09356921938165307 525
1646514779337 0.09368838176161547 526
1646514779379 0.09380650749006995 527
1646514779410 0.09392359362962223 528
1646514779446 0.09403963726872912 529
1646514779489 0.09415463552177097 530
1646514779540 0.09426858552912343 531
1646514779577 0.0943814844572285 532
1646514779727 0.09449332949866504 533
1646514779756 0.0946041178722186 534
1646514779788 0.09471384682295049 535
1646514779826 0.0948225136222664 536
1646514779866 0.09493011556798417 537
1646514779913 0.095036649984401 538
1646514779948 0.09514211422236002 539
1646514780089 0.09524650565931612 540
1646514780132 0.0953498216994012 541
1646514780179 0.09545205977348871 542
1646514780288 0.09555321733925752 543
1646514780346 0.09565329188125515 544
1646514780389 0.09575228091096032 545
1646514780439 0.09585018196684485 546
1646514780578 0.09594699261443485 547
1646514780618 0.09604271044637124 548
1646514780650 0.09613733308246963 549
1646514780682 0.09623085816977958 550
1646514780714 0.09632328338264294 551
1646514780743 0.09641460642275185 552
1646514780775 0.09650482501920579 553
1646514780884 0.09659393692856813 554
1646514780923 0.0966819399349218 555
1646514780954 0.09676883184992453 556
1646514780983 0.09685461051286315 557
1646514781014 0.0969392737907074 558
1646514781044 0.0970228195781629 559
1646514781075 0.0971052457977236 560
1646514781199 0.09718655039972335 561
1646514781239 0.09726673136238691 562
1646514781270 0.0973457866918802 563
1646514781299 0.09742371442235989 564
1646514781330 0.09750051261602233 565
1646514781360 0.09757617936315167 566
1646514781399 0.09765071278216737 567
1646514781500 0.09772411101967103 568
1646514781544 0.09779637225049237 569
1646514781576 0.09786749467773476 570
1646514781599 0.0979374765328198 571
1646514781630 0.09800631607553131 572
1646514781665 0.09807401159405868 573
1646514781699 0.09814056140503931 574
1646514781803 0.09820596385360059 575
1646514781840 0.09827021731340096 576
1646514781872 0.09833332018667043 577
1646514781908 0.09839527090425026 578
1646514781939 0.098456067925632 579
1646514781972 0.09851570973899575 580
1646514782015 0.09857419486124784 581
1646514782119 0.09863152183805765 582
1646514782158 0.09868768924389378 583
1646514782200 0.09874269568205951 584
1646514782226 0.09879653978472754 585
1646514782257 0.09884922021297397 586
1646514782300 0.09890073565681165 587
1646514782331 0.09895108483522268 588
1646514782443 0.09900026649619031 589
1646514782483 0.09904827941673011 590
1646514782517 0.09909512240292029 591
1646514782543 0.09914079428993147 592
1646514782590 0.0991852939420556 593
1646514782648 0.09922862025273423 594
1646514782701 0.09927077214458599 595
1646514782934 0.09931174856943342 596
1646514782985 0.09935154850832903 597
1646514783019 0.0993901709715806 598
1646514783074 0.09942761499877581 599
1646514783124 0.09946387965880618 600
1646514783167 0.0994989640498901 601
1646514783203 0.09953286729959539 602
1646514783333 0.09956558856486088 603
1646514783378 0.09959712703201745 604
1646514783419 0.09962748191680826 605
1646514783455 0.0996566524644082 606
1646514783505 0.09968463794944267 607
1646514783536 0.0997114376760057 608
1646514783576 0.09973705097767713 609
1646514783712 0.09976147721753928 610
1646514783759 0.09978471578819273 611
1646514783791 0.09980676611177149 612
1646514783825 0.09982762763995724 613
1646514783888 0.09984729985399317 614
1646514783966 0.09986578226469665 615
1646514784006 0.09988307441247157 616
1646514784191 0.09989917586731967 617
1646514784236 0.0999140862288513 618
1646514784252 0.09992780512629529 619
1646514784290 0.09994033221850827 620
1646514784321 0.0999516671939831 621
1646514784352 0.09996180977085661 622
1646514784399 0.0999707596969166 623
1646514784538 0.09997851674960817 624
1646514784578 0.09998508073603919 625
1646514784595 0.09999045149298513 626
1646514784638 0.09999462888689313 627
1646514784669 0.09999761281388526 628
1646514784699 0.09999940319976121 629
1646514784738 0.09999988581654443 630
1646514784842 0.09999954326669921 631
1646514784881 0.09999897235202891 632
1646514784938 0.0999981730751411 633
1646514784969 0.09999714543968634 634
1646514785008 0.09999588945035823 635
1646514785038 0.09999440511289331 636
1646514785081 0.09999269243407109 637
1646514785238 0.09999075142171397 638
1646514785275 0.09998858208468725 639
1646514785307 0.09998618443289907 640
1646514785354 0.09998355847730035 641
1646514785385 0.09998070422988478 642
1646514785422 0.09997762170368871 643
1646514785469 0.09997431091279116 644
1646514785595 0.09997077187231367 645
1646514785638 0.0999670045984203 646
1646514785670 0.09996300910831754 647
1646514785704 0.09995878542025423 648
1646514785754 0.09995433355352143 649
1646514785801 0.09994965352845243 650
1646514785834 0.09994474536642255 651
1646514785985 0.09993960908984914 652
1646514786030 0.09993424472219138 653
1646514786054 0.09992865228795028 654
1646514786099 0.09992283181266845 655
1646514786138 0.0999167833229301 656
1646514786186 0.09991050684636081 657
1646514786228 0.09990400241162752 658
1646514786402 0.09989727004843828 659
1646514786486 0.0998903097875422 660
1646514786559 0.09988312166072927 661
1646514786630 0.09987570570083022 662
1646514786681 0.0998680619417164 663
1646514786730 0.09986019041829958 664
1646514786771 0.09985209116653179 665
1646514786923 0.09984376422340524 666
1646514786965 0.09983520962695201 667
1646514787012 0.09982642741624403 668
1646514787050 0.09981741763139274 669
1646514787081 0.09980818031354909 670
1646514787140 0.09979871550490317 671
1646514787171 0.09978902324868413 672
1646514787305 0.09977910358915996 673
1646514787353 0.09976895657163733 674
1646514787385 0.09975858224246123 675
1646514787419 0.09974798064901494 676
1646514787461 0.09973715183971972 677
1646514787508 0.0997260958640346 678
1646514787551 0.09971481277245615 679
1646514787724 0.0997033026165183 680
1646514787791 0.09969156544879201 681
1646514787882 0.09967960132288511 682
1646514787929 0.09966741029344206 683
1646514787955 0.09965499241614359 684
1646514787998 0.09964234774770661 685
1646514788019 0.0996294763458838 686
1646514788130 0.09961637826946346 687
1646514788172 0.09960305357826917 688
1646514788199 0.09958950233315954 689
1646514788233 0.09957572459602795 690
1646514788280 0.09956172042980223 691
1646514788306 0.09954748989844439 692
1646514788337 0.09953303306695035 693
1646514788448 0.0995183500013496 694
1646514788488 0.09950344076870497 695
1646514788520 0.0994883054371122 696
1646514788547 0.09947294407569977 697
1646514788584 0.09945735675462848 698
1646514788620 0.09944154354509119 699
1646514788651 0.09942550451931245 700
1646514788754 0.09940923975054825 701
1646514788784 0.09939274931308553 702
1646514788834 0.09937603328224204 703
1646514788865 0.09935909173436584 704
1646514788899 0.099341924746835 705
1646514788924 0.09932453239805729 706
1646514788955 0.09930691476746976 707
1646514789063 0.09928907193553844 708
1646514789108 0.09927100398375785 709
1646514789145 0.09925271099465081 710
1646514789184 0.09923419305176792 711
1646514789206 0.09921545023968721 712
1646514789237 0.09919648264401378 713
1646514789284 0.0991772903513794 714
1646514789384 0.09915787344944213 715
1646514789423 0.09913823202688588 716
1646514789454 0.09911836617342003 717
1646514789487 0.099098275979779 718
1646514789518 0.09907796153772187 719
1646514789554 0.09905742294003195 720
1646514789584 0.09903666028051634 721
1646514789692 0.0990156736540055 722
1646514789736 0.09899446315635282 723
1646514789752 0.09897302888443424 724
1646514789787 0.09895137093614768 725
1646514789818 0.09892948941041274 726
1646514789854 0.09890738440717015 727
1646514789885 0.09888505602738132 728
1646514790023 0.0988625043730279 729
1646514790061 0.09883972954711141 730
1646514790136 0.09881673165365253 731
1646514790193 0.09879351079769086 732
1646514790250 0.09877006708528434 733
1646514790320 0.09874640062350874 734
1646514790378 0.09872251152045726 735
1646514790553 0.09869839988523992 736
1646514790594 0.09867406582798315 737
1646514790618 0.09864950945982928 738
1646514790649 0.098624730892936 739
1646514790696 0.09859973024047584 740
1646514790736 0.0985745076166357 741
1646514790782 0.09854906313661634 742
1646514790886 0.0985233969166317 743
1646514790924 0.0984975090739086 744
1646514790955 0.09847139972668602 745
1646514790990 0.09844506899421467 746
1646514791034 0.0984185169967564 747
1646514791069 0.09839174385558365 748
1646514791120 0.09836474969297887 749
1646514791297 0.09833753463223405 750
1646514791366 0.09831009879765007 751
1646514791432 0.09828244231453617 752
1646514791536 0.09825456530920935 753
1646514791568 0.09822646790899386 754
1646514791594 0.09819815024222053 755
1646514791621 0.09816961243822624 756
1646514791725 0.0981408546273533 757
1646514791766 0.09811187694094889 758
1646514791797 0.09808267951136446 759
1646514791824 0.09805326247195503 760
1646514791855 0.09802362595707877 761
1646514791889 0.09799377010209614 762
1646514791922 0.09796369504336953 763
1646514792021 0.09793340091826243 764
1646514792065 0.09790288786513891 765
1646514792103 0.09787215602336295 766
1646514792137 0.09784120553329785 767
1646514792172 0.09781003653630553 768
1646514792203 0.0977786491747459 769
1646514792236 0.09774704359197621 770
1646514792342 0.09771521993235047 771
1646514792382 0.09768317834121862 772
1646514792413 0.09765091896492609 773
1646514792440 0.09761844195081291 774
1646514792471 0.09758574744721321 775
1646514792500 0.09755283560345443 776
1646514792537 0.09751970656985669 777
1646514792644 0.09748636049773209 778
1646514792683 0.09745279753938403 779
1646514792721 0.09741901784810654 780
1646514792748 0.09738502157818346 781
1646514792780 0.09735080888488792 782
1646514792821 0.09731637992448146 783
1646514792853 0.09728173485421342 784
1646514792963 0.09724687383232018 785
1646514792987 0.09721179701802449 786
1646514793021 0.09717650457153462 787
1646514793057 0.09714099665404377 788
1646514793089 0.09710527342772927 789
1646514793131 0.09706933505575184 790
1646514793178 0.09703318170225479 791
1646514793306 0.09699681353236342 792
1646514793346 0.09696023071218408 793
1646514793377 0.0969234334088036 794
1646514793406 0.09688642179028838 795
1646514793437 0.09684919602568365 796
1646514793472 0.09681175628501273 797
1646514793504 0.09677410273927631 798
1646514793621 0.09673623556045154 799
1646514793666 0.09669815492149131 800
1646514793697 0.09665986099632348 801
1646514793766 0.09662135395985007 802
1646514793821 0.09658263398794643 803
1646514793884 0.09654370125746049 804
1646514793944 0.09650455594621189 805
1646514794129 0.09646519823299123 806
1646514794179 0.09642562829755921 807
1646514794218 0.09638584632064587 808
1646514794270 0.09634585248394963 809
1646514794303 0.09630564697013662 810
1646514794350 0.09626522996283975 811
1646514794381 0.0962246016466579 812
1646514794518 0.09618376220715508 813
1646514794562 0.09614271183085958 814
1646514794594 0.09610145070526309 815
1646514794634 0.09605997901881987 816
1646514794686 0.09601829696094591 817
1646514794716 0.09597640472201803 818
1646514794768 0.095934302493373 819
1646514794874 0.09589199046730673 820
1646514794918 0.09584946883707332 821
1646514794954 0.09580673779688421 822
1646514795032 0.0957637975419073 823
1646514795102 0.09572064826826603 824
1646514795148 0.09567729017303851 825
1646514795250 0.09563372345425666 826
1646514795385 0.09558994831090517 827
1646514795425 0.09554596494292075 828
1646514795456 0.0955017735511911 829
1646514795484 0.09545737433755408 830
1646514795530 0.09541276750479673 831
1646514795551 0.09536795325665434 832
1646514795583 0.09532293179780955 833
1646514795689 0.09527770333389145 834
1646514795735 0.09523226807147452 835
1646514795767 0.09518662621807782 836
1646514795794 0.09514077798216396 837
1646514795825 0.09509472357313818 838
1646514795855 0.09504846320134738 839
1646514795883 0.09500199707807919 840
1646514795996 0.09495532541556093 841
1646514796037 0.09490844842695872 842
1646514796068 0.0948613663263765 843
1646514796099 0.094814079328855 844
1646514796146 0.0947665876503708 845
1646514796171 0.09471889150783531 846
1646514796202 0.09467099111909384 847
1646514796308 0.09462288670292453 848
1646514796342 0.09457457847903737 849
1646514796384 0.09452606666807328 850
1646514796410 0.094477351491603 851
1646514796442 0.09442843317212607 852
1646514796481 0.09437931193306992 853
1646514796514 0.09432998799878874 854
1646514796620 0.09428046159456253 855
1646514796661 0.09423073294659605 856
1646514796685 0.09418080228201775 857
1646514796716 0.09413066982887877 858
1646514796748 0.0940803358161519 859
1646514796780 0.09402980047373054 860
1646514796812 0.09397906403242758 861
1646514796919 0.09392812672397445 862
1646514796958 0.09387698878102001 863
1646514797001 0.09382565043712943 864
1646514797024 0.09377411192678328 865
1646514797055 0.09372237348537629 866
1646514797095 0.09367043534921637 867
1646514797142 0.0936182977555235 868
1646514797245 0.09356596094242865 869
1646514797289 0.0935134251489727 870
1646514797320 0.09346069061510538 871
1646514797346 0.09340775758168408 872
1646514797385 0.09335462629047282 873
1646514797415 0.09330129698414119 874
1646514797470 0.09324776990626309 875
1646514797703 0.09319404530131581 876
1646514797764 0.09314012341467875 877
1646514797805 0.09308600449263241 878
1646514797852 0.09303168878235718 879
1646514797895 0.09297717653193228 880
1646514797926 0.09292246799033459 881
1646514797976 0.09286756340743753 882
1646514798103 0.09281246303400989 883
1646514798151 0.09275716712171472 884
1646514798201 0.09270167592310816 885
1646514798248 0.09264598969163833 886
1646514798287 0.09259010868164405 887
1646514798323 0.09253403314835384 888
1646514798354 0.09247776334788467 889
1646514798473 0.09242129953724074 890
1646514798515 0.09236464197431243 891
1646514798562 0.092307790917875 892
1646514798595 0.09225074662758755 893
1646514798642 0.09219350936399162 894
1646514798692 0.09213607938851023 895
1646514798770 0.09207845696344655 896
1646514798994 0.09202064235198275 897
1646514799038 0.09196263581817875 898
1646514799054 0.09190443762697105 899
1646514799095 0.09184604804417158 900
1646514799134 0.09178746733646638 901
1646514799175 0.09172869577141439 902
1646514799198 0.09166973361744632 903
1646514799298 0.09161058114386335 904
1646514799332 0.0915512386208359 905
1646514799391 0.09149170631940244 906
1646514799432 0.09143198451146821 907
1646514799478 0.091372073469804 908
1646514799509 0.09131197346804489 909
1646514799541 0.091251684780689 910
1646514799657 0.0911912076830963 911
1646514799699 0.09113054245148722 912
1646514799730 0.09106968936294149 913
1646514799777 0.09100864869539688 914
1646514799823 0.09094742072764787 915
1646514799849 0.09088600573934444 916
1646514799891 0.0908244040109907 917
1646514799995 0.09076261582394374 918
1646514800040 0.09070064146041219 919
1646514800075 0.0906384812034551 920
1646514800112 0.09057613533698053 921
1646514800157 0.09051360414574423 922
1646514800191 0.0904508879153485 923
1646514800232 0.09038798693224069 924
1646514800348 0.09032490148371201 925
1646514800394 0.0902616318578962 926
1646514800426 0.09019817834376821 927
1646514800462 0.09013454123114283 928
1646514800512 0.09007072081067347 929
1646514800544 0.09000671737385073 930
1646514800588 0.0899425312130011 931
1646514800726 0.0898781626212857 932
1646514800776 0.0898136118926988 933
1646514800823 0.08974887932206663 934
1646514800866 0.08968396520504587 935
1646514800908 0.08961886983812245 936
1646514800955 0.08955359351861014 937
1646514800989 0.08948813654464913 938
1646514801119 0.08942249921520477 939
1646514801179 0.08935668183006615 940
1646514801240 0.08929068468984472 941
1646514801361 0.08922450809597293 942
1646514801412 0.08915815235070293 943
1646514801493 0.089091617757105 944
1646514801595 0.08902490461906638 945
1646514801808 0.08895801324128978 946
1646514801869 0.0888909439292919 947
1646514801980 0.08882369698940226 948
1646514802072 0.08875627272876158 949
1646514802122 0.0886886714553205 950
1646514802161 0.08862089347783814 951
1646514802188 0.08855293910588066 952
1646514802304 0.08848480864981995 953
1646514802338 0.08841650242083204 954
1646514802376 0.08834802073089587 955
1646514802413 0.0882793638927917 956
1646514802445 0.08821053222009981 957
1646514802488 0.08814152602719895 958
1646514802520 0.08807234562926505 959
1646514802675 0.08800299134226963 960
1646514802716 0.08793346348297842 961
1646514802747 0.08786376236894998 962
1646514802801 0.08779388831853412 963
1646514802843 0.08772384165087055 964
1646514802877 0.08765362268588736 965
1646514802923 0.08758323174429958 966
1646514803070 0.08751266914760779 967
1646514803106 0.08744193521809647 968
1646514803148 0.08737103027883272 969
1646514803191 0.08729995465366468 970
1646514803223 0.08722870866722003 971
1646514803268 0.08715729264490463 972
1646514803310 0.08708570691290088 973
1646514803495 0.08701395179816636 974
1646514803549 0.08694202762843227 975
1646514803596 0.0868699347322019 976
1646514803707 0.08679767343874924 977
1646514803740 0.08672524407811735 978
1646514803776 0.08665264698111695 979
1646514803807 0.08657988247932488 980
1646514803905 0.08650695090508254 981
1646514803951 0.08643385259149444 982
1646514803982 0.0863605878724266 983
1646514804005 0.08628715708250519 984
1646514804041 0.08621356055711472 985
1646514804073 0.08613979863239682 986
1646514804120 0.08606587164524845 987
1646514804229 0.08599177993332055 988
1646514804271 0.08591752383501637 989
1646514804303 0.08584310368948996 990
1646514804330 0.0857685198366447 991
1646514804361 0.08569377261713158 992
1646514804400 0.08561886237234785 993
1646514804426 0.08554378944443528 994
1646514804542 0.08546855417627869 995
1646514804584 0.08539315691150438 996
1646514804615 0.08531759799447851 997
1646514804644 0.08524187777030565 998
1646514804675 0.08516599658482699 999
1646514804714 0.085089954784619 1000
1646514804742 0.08501375271699167 1001
1646514804860 0.084937390729987 1002
1646514804898 0.08486086917237745 1003
1646514804926 0.08478418839366421 1004
1646514804961 0.08470734874407575 1005
1646514804993 0.08463035057456612 1006
1646514805032 0.08455319423681344 1007
1646514805063 0.0844758800832182 1008
1646514805197 0.08439840846690169 1009
1646514805226 0.08432077974170443 1010
1646514805261 0.08424299426218444 1011
1646514805300 0.08416505238361578 1012
1646514805342 0.08408695446198675 1013
1646514805366 0.08400870085399842 1014
1646514805397 0.08393029191706292 1015
1646514805500 0.08385172800930181 1016
1646514805544 0.08377300948954447 1017
1646514805577 0.08369413671732644 1018
1646514805606 0.0836151100528878 1019
1646514805643 0.08353592985717145 1020
1646514805684 0.08345659649182165 1021
1646514805715 0.08337711031918209 1022
1646514805843 0.0832974717022945 1023
1646514805903 0.0832176810048968 1024
1646514805959 0.08313773859142158 1025
1646514806006 0.08305764482699435 1026
1646514806061 0.08297740007743183 1027
1646514806132 0.08289700470924045 1028
1646514806182 0.08281645908961449 1029
1646514806332 0.08273576358643453 1030
1646514806382 0.08265491856826568 1031
1646514806413 0.08257392440435597 1032
1646514806457 0.08249278146463462 1033
1646514806501 0.08241149011971037 1034
1646514806535 0.08233005074086974 1035
1646514806573 0.08224846370007544 1036
1646514806712 0.08216672936996457 1037
1646514806753 0.08208484812384692 1038
1646514806782 0.08200282033570337 1039
1646514806826 0.08192064638018404 1040
1646514806873 0.08183832663260669 1041
1646514806912 0.08175586146895497 1042
1646514806943 0.08167325126587667 1043
1646514807129 0.08159049640068203 1044
1646514807196 0.08150759725134202 1045
1646514807269 0.0814245541964866 1046
1646514807355 0.08134136761540303 1047
1646514807393 0.08125803788803408 1048
1646514807425 0.0811745653949763 1049
1646514807451 0.08109095051747836 1050
1646514807566 0.08100719363743916 1051
1646514807593 0.08092329513740626 1052
1646514807625 0.08083925540057403 1053
1646514807653 0.08075507481078188 1054
1646514807684 0.0806707537525126 1055
1646514807716 0.0805862926108905 1056
1646514807747 0.08050169177167975 1057
1646514807852 0.08041695162128251 1058
1646514807894 0.08033207254673727 1059
1646514807926 0.08024705493571704 1060
1646514807948 0.08016189917652754 1061
1646514807993 0.08007660565810545 1062
1646514808016 0.07999117477001676 1063
1646514808047 0.0799056069024547 1064
1646514808162 0.07981990244623828 1065
1646514808198 0.07973406179281028 1066
1646514808229 0.07964808533423559 1067
1646514808264 0.07956197346319932 1068
1646514808294 0.0794757265730051 1069
1646514808326 0.0793893450575732 1070
1646514808357 0.07930282931143882 1071
1646514808458 0.07921617972975023 1072
1646514808506 0.07912939670826691 1073
1646514808537 0.07904248064335789 1074
1646514808569 0.07895543193199983 1075
1646514808594 0.0788682509717752 1076
1646514808627 0.07878093816087055 1077
1646514808659 0.07869349389807459 1078
1646514808767 0.07860591858277646 1079
1646514808813 0.07851821261496385 1080
1646514808845 0.07843037639522116 1081
1646514808875 0.07834241032472773 1082
1646514808910 0.07825431480525596 1083
1646514808944 0.07816609023916948 1084
1646514808975 0.07807773702942139 1085
1646514809076 0.07798925557955222 1086
1646514809117 0.07790064629368836 1087
1646514809164 0.07781190957653995 1088
1646514809195 0.07772304583339924 1089
1646514809226 0.07763405547013864 1090
1646514809255 0.07754493889320883 1091
1646514809295 0.07745569650963702 1092
1646514809419 0.07736632872702497 1093
1646514809470 0.07727683595354719 1094
1646514809511 0.07718721859794911 1095
1646514809570 0.07709747706954512 1096
1646514809627 0.07700761177821679 1097
1646514809698 0.0769176231344109 1098
1646514809779 0.07682751154913771 1099
1646514810032 0.07673727743396895 1100
1646514810086 0.07664692120103597 1101
1646514810140 0.07655644326302792 1102
1646514810186 0.07646584403318979 1103
1646514810223 0.07637512392532053 1104
1646514810277 0.07628428335377127 1105
1646514810308 0.07619332273344324 1106
1646514810464 0.07610224247978606 1107
1646514810514 0.07601104300879569 1108
1646514810561 0.07591972473701261 1109
1646514810614 0.07582828808151994 1110
1646514810654 0.07573673345994147 1111
1646514810703 0.07564506129043984 1112
1646514810750 0.07555327199171448 1113
1646514810860 0.07546136598299985 1114
1646514810903 0.07536934368406346 1115
1646514810934 0.07527720551520398 1116
1646514810962 0.07518495189724923 1117
1646514811002 0.07509258325155439 1118
1646514811035 0.0750001 1119
1646514811066 0.07490750256499003 1120
1646514811186 0.07481479136945 1121
1646514811246 0.07472196683682494 1122
1646514811295 0.07462902939107763 1123
1646514811327 0.0745359794566865 1124
1646514811358 0.07444281745864377 1125
1646514811390 0.07434954382245348 1126
1646514811419 0.07425615897412961 1127
1646514811546 0.07416266334019404 1128
1646514811569 0.07406905734767466 1129
1646514811603 0.0739753414241034 1130
1646514811641 0.07388151599751429 1131
1646514811687 0.07378758149644153 1132
1646514811731 0.07369353834991745 1133
1646514811786 0.07359938698747061 1134
1646514811949 0.07350512783912388 1135
1646514811997 0.07341076133539239 1136
1646514812025 0.07331628790728158 1137
1646514812072 0.07322170798628527 1138
1646514812119 0.07312702200438372 1139
1646514812166 0.07303223039404153 1140
1646514812206 0.0729373335882058 1141
1646514812358 0.07284233202030403 1142
1646514812407 0.07274722612424228 1143
1646514812464 0.07265201633440309 1144
1646514812509 0.07255670308564348 1145
1646514812562 0.07246128681329309 1146
1646514812612 0.07236576795315197 1147
1646514812653 0.07227014694148887 1148
1646514812776 0.07217442421503903 1149
1646514812820 0.07207860021100225 1150
1646514812857 0.07198267536704092 1151
1646514812905 0.07188665012127801 1152
1646514812942 0.07179052491229503 1153
1646514812994 0.07169430017913009 1154
1646514813042 0.07159797636127585 1155
1646514813167 0.07150155389867752 1156
1646514813195 0.07140503323173088 1157
1646514813227 0.07130841480128018 1158
1646514813268 0.07121169904861628 1159
1646514813314 0.0711148864154745 1160
1646514813342 0.07101797734403262 1161
1646514813422 0.07092097227690894 1162
1646514813650 0.07082387165716014 1163
1646514813700 0.07072667592827944 1164
1646514813734 0.07062938553419432 1165
1646514813777 0.07053200091926472 1166
1646514813824 0.07043452252828089 1167
1646514813865 0.0703369508064614 1168
1646514813912 0.07023928619945106 1169
1646514814055 0.07014152915331899 1170
1646514814087 0.07004368011455644 1171
1646514814134 0.06994573953007484 1172
1646514814201 0.06984770784720377 1173
1646514814257 0.06974958551368889 1174
1646514814298 0.06965137297768985 1175
1646514814338 0.06955307068777833 1176
1646514814478 0.06945467909293594 1177
1646514814518 0.06935619864255214 1178
1646514814564 0.06925762978642228 1179
1646514814598 0.06915897297474545 1180
1646514814648 0.06906022865812249 1181
1646514814685 0.0689613972875539 1182
1646514814716 0.06886247931443776 1183
1646514814911 0.06876347519056775 1184
1646514814989 0.06866438536813095 1185
1646514815050 0.06856521029970594 1186
1646514815081 0.06846595043826062 1187
1646514815126 0.06836660623715013 1188
1646514815165 0.06826717815011489 1189
1646514815187 0.06816766663127838 1190
1646514815307 0.0680680721351452 1191
1646514815350 0.06796839511659894 1192
1646514815381 0.06786863603090004 1193
1646514815411 0.06776879533368381 1194
1646514815450 0.06766887348095833 1195
1646514815479 0.06756887092910233 1196
1646514815511 0.06746878813486307 1197
1646514815616 0.0673686255553544 1198
1646514815655 0.0672683836480545 1199
1646514815687 0.06716806287080392 1200
1646514815714 0.06706766368180335 1201
1646514815750 0.06696718653961176 1202
1646514815794 0.06686663190314403 1203
1646514815825 0.06676600023166905 1204
1646514815929 0.06666529198480751 1205
1646514815972 0.06656450762252991 1206
1646514816003 0.06646364760515434 1207
1646514816031 0.06636271239334447 1208
1646514816066 0.06626170244810739 1209
1646514816098 0.06616061823079152 1210
1646514816144 0.06605946020308452 1211
1646514816251 0.06595822882701116 1212
1646514816292 0.06585692456493124 1213
1646514816324 0.06575554787953744 1214
1646514816352 0.0656540992338532 1215
1646514816383 0.06555257909123066 1216
1646514816422 0.0654509879153485 1217
1646514816451 0.06534932617020985 1218
1646514816572 0.06524759432014013 1219
1646514816611 0.06514579282978496 1220
1646514816652 0.06504392216410806 1221
1646514816686 0.06494198278838906 1222
1646514816717 0.06483997516822142 1223
1646514816752 0.06473789976951033 1224
1646514816783 0.06463575705847052 1225
1646514816895 0.06453354750162416 1226
1646514816939 0.06443127156579871 1227
1646514816968 0.06432892971812486 1228
1646514817006 0.0642265224260343 1229
1646514817052 0.06412405015725764 1230
1646514817090 0.06402151337982227 1231
1646514817152 0.06391891256205022 1232
1646514817355 0.06381624817255596 1233
1646514817426 0.06371352068024438 1234
1646514817518 0.06361073055430858 1235
1646514817570 0.06350787826422767 1236
1646514817633 0.06340496427976475 1237
1646514817689 0.06330198907096464 1238
1646514817741 0.06319895310815188 1239
1646514817914 0.06309585686192841 1240
1646514817966 0.06299270080317156 1241
1646514818008 0.06288948540303181 1242
1646514818058 0.06278621113293069 1243
1646514818105 0.06268287846455858 1244
1646514818158 0.06257948786987269 1245
1646514818189 0.06247603982109465 1246
1646514818341 0.0623725347907086 1247
1646514818390 0.062268973251458935 1248
1646514818421 0.06216535567634809 1249
1646514818466 0.062061682538634484 1250
1646514818519 0.06195795431183031 1251
1646514818558 0.061854171469699334 1252
1646514818605 0.06175033448625481 1253
1646514818835 0.06164644383575726 1254
1646514818926 0.06154249999271228 1255
1646514818984 0.06143850343186853 1256
1646514819031 0.061334454628215324 1257
1646514819060 0.06123035405698065 1258
1646514819100 0.06112620219362893 1259
1646514819143 0.06102199951385886 1260
1646514819253 0.060917746493601224 1261
1646514819293 0.06081344360901673 1262
1646514819309 0.06070909133649383 1263
1646514819348 0.060604690152646565 1264
1646514819385 0.06050024053431233 1265
1646514819410 0.0603957429585498 1266
1646514819442 0.060291197902636665 1267
1646514819546 0.060186605844067424 1268
1646514819588 0.06008196726055132 1269
1646514819619 0.059977282630010065 1270
1646514819653 0.059872552430575675 1271
1646514819686 0.05976777714058832 1272
1646514819716 0.059662957238594105 1273
1646514819747 0.059558093203342884 1274
1646514819852 0.05945318551378608 1275
1646514819890 0.0593482346490745 1276
1646514819922 0.0592432410885562 1277
1646514819955 0.05913820531177416 1278
1646514819986 0.05903312779846423 1279
1646514820016 0.05892800902855288 1280
1646514820048 0.05882284948215499 1281
1646514820165 0.05871764963957172 1282
1646514820201 0.05861240998128823 1283
1646514820233 0.05850713098797158 1284
1646514820273 0.05840181314046844 1285
1646514820317 0.05829645691980298 1286
1646514820346 0.05819106280717461 1287
1646514820386 0.058085631283955816 1288
1646514820486 0.057980162831689955 1289
1646514820528 0.057874657932089055 1290
1646514820560 0.05776911706703158 1291
1646514820586 0.05766354071856031 1292
1646514820618 0.057557929368880045 1293
1646514820650 0.057452283500355486 1294
1646514820687 0.05734660359550898 1295
1646514820803 0.0572408901370183 1296
1646514820850 0.05713514360771452 1297
1646514820887 0.057029364490579715 1298
1646514820949 0.056923553268744854 1299
1646514821018 0.056817710425487486 1300
1646514821097 0.05671183644422961 1301
1646514821140 0.05660593180853546 1302
1646514821335 0.056499997002109226 1303
1646514821363 0.05639403250879297 1304
1646514821394 0.05628803881256428 1305
1646514821437 0.05618201639753418 1306
1646514821478 0.05607596574794482 1307
1646514821514 0.0559698873481673 1308
1646514821545 0.05586378168269955 1309
1646514821687 0.055757649236163914 1310
1646514821728 0.05565149049330513 1311
1646514821779 0.05554530593898801 1312
1646514821808 0.055439096058195296 1313
1646514821863 0.055332861336025344 1314
1646514821898 0.05522660225769002 1315
1646514821929 0.05512031930851241 1316
1646514822065 0.05501401297392465 1317
1646514822088 0.05490768373946564 1318
1646514822135 0.054801332090778906 1319
1646514822211 0.054694958513610364 1320
1646514822276 0.054588563493806024 1321
1646514822327 0.0544821475173099 1322
1646514822408 0.05437571107016168 1323
1646514822519 0.054269254638494566 1324
1646514822561 0.05416277870853303 1325
1646514822592 0.05405628376659061 1326
1646514822622 0.053949770299067674 1327
1646514822652 0.053843238792449184 1328
1646514822686 0.0537366897333025 1329
1646514822718 0.053630123608275175 1330
1646514822821 0.053523540904092705 1331
1646514822861 0.05341694210755628 1332
1646514822892 0.053310327705540596 1333
1646514822926 0.05320369818499166 1334
1646514822968 0.05309705403292447 1335
1646514822993 0.05299039573642093 1336
1646514823024 0.05288372378262746 1337
1646514823137 0.05277703865875294 1338
1646514823174 0.05267034085206632 1339
1646514823206 0.052563630849894544 1340
1646514823237 0.052456909139620256 1341
1646514823268 0.052350176208679516 1342
1646514823300 0.05224343254455968 1343
1646514823337 0.052136678634797116 1344
1646514823441 0.05202991496697501 1345
1646514823481 0.05192314202872104 1346
1646514823512 0.05181636030770532 1347
1646514823545 0.051709570291638036 1348
1646514823576 0.051602772468267256 1349
1646514823605 0.051495967325376694 1350
1646514823637 0.05138915535078352 1351
1646514823743 0.05128233703233613 1352
1646514823785 0.05117551285791184 1353
1646514823817 0.05106868331541472 1354
1646514823845 0.0509618488927734 1355
1646514823876 0.05085501007793878 1356
1646514823908 0.05074816735888178 1357
1646514823937 0.05064132122359121 1358
1646514824059 0.05053447216007148 1359
1646514824100 0.05042762065634031 1360
1646514824137 0.05032076720042663 1361
1646514824166 0.05021391228036826 1362
1646514824197 0.05010705638420974 1363
1646514824238 0.0500002 1364
1646514824269 0.049893343615790266 1365
1646514824378 0.04978648771963174 1366
1646514824420 0.049679632799573374 1367
1646514824453 0.04957277934365971 1368
1646514824476 0.04946592783992853 1369
1646514824508 0.049359078776408785 1370
1646514824550 0.049252232641118235 1371
1646514824581 0.049145389922061224 1372
1646514824816 0.0490385511072266 1373
1646514824881 0.048931716684585284 1374
1646514824930 0.048824887142088165 1375
1646514824981 0.04871806296766387 1376
1646514825012 0.04861124464921647 1377
1646514825059 0.04850443267462332 1378
1646514825097 0.048397627531732754 1379
1646514825230 0.04829082970836198 1380
1646514825281 0.048184039692294685 1381
1646514825312 0.04807725797127896 1382
1646514825365 0.047970485033025013 1383
1646514825413 0.047863721365202894 1384
1646514825440 0.04775696745544034 1385
1646514825471 0.047650223791320494 1386
1646514825595 0.047543490860379754 1387
1646514825635 0.04743676915010546 1388
1646514825682 0.04733005914793368 1389
1646514825713 0.047223361341247085 1390
1646514825749 0.047116676217372554 1391
1646514825782 0.047010004263579076 1392
1646514825820 0.04690334596707554 1393
1646514826045 0.046796701815008356 1394
1646514826137 0.04669007229445942 1395
1646514826185 0.04658345789244373 1396
1646514826217 0.04647685909590729 1397
1646514826243 0.046370276391724835 1398
1646514826275 0.046263710266697504 1399
1646514826311 0.04615716120755084 1400
1646514826423 0.046050629700932336 1401
1646514826446 0.04594411623340938 1402
1646514826486 0.04583762129146698 1403
1646514826515 0.04573114536150543 1404
1646514826546 0.04562468892983833 1405
1646514826586 0.04551825248269011 1406
1646514826617 0.04541183650619397 1407
1646514826722 0.04530544148638965 1408
1646514826759 0.0451990679092211 1409
1646514826786 0.04509271626053438 1410
1646514826819 0.04498638702607535 1411
1646514826850 0.04488008069148759 1412
1646514826887 0.04477379774230999 1413
1646514826919 0.04466753866397466 1414
1646514827022 0.044561303941804714 1415
1646514827062 0.044455094061012 1416
1646514827087 0.0443489095066949 1417
1646514827127 0.0442427507638361 1418
1646514827174 0.04413661831730046 1419
1646514827209 0.0440305126518327 1420
1646514827240 0.04392443425205519 1421
1646514827345 0.04381838360246583 1422
1646514827387 0.043712361187435725 1423
1646514827418 0.04360636749120703 1424
1646514827444 0.04350040299789078 1425
1646514827475 0.04339446819146456 1426
1646514827506 0.043288563555770404 1427
1646514827537 0.04318268957451252 1428
1646514827638 0.04307684673125514 1429
1646514827678 0.042971035509420295 1430
1646514827703 0.042865256392285486 1431
1646514827745 0.042759509862981715 1432
1646514827788 0.04265379640449103 1433
1646514827820 0.04254811649964451 1434
1646514827852 0.04244247063111996 1435
1646514827955 0.04233685928143969 1436
1646514827993 0.04223128293296843 1437
1646514828024 0.042125742067910955 1438
1646514828058 0.042020237168310055 1439
1646514828088 0.04191476871604419 1440
1646514828127 0.041809337192825397 1441
1646514828167 0.041703943080197044 1442
1646514828283 0.041598586859531564 1443
1646514828313 0.04149326901202844 1444
1646514828360 0.04138799001871178 1445
1646514828407 0.041282750360428284 1446
1646514828470 0.04117755051784502 1447
1646514828530 0.04107239097144713 1448
1646514828591 0.04096727220153579 1449
1646514828804 0.04086219468822585 1450
1646514828845 0.040757158911443804 1451
1646514828896 0.04065216535092551 1452
1646514828936 0.04054721448621393 1453
1646514828987 0.04044230679665713 1454
1646514829038 0.040337442761405905 1455
1646514829076 0.04023262285941167 1456
1646514829207 0.04012784756942433 1457
1646514829251 0.04002311736998995 1458
1646514829283 0.0399184327394487 1459
1646514829317 0.039813794155932586 1460
1646514829348 0.03970920209736335 1461
1646514829397 0.039604657041450206 1462
1646514829444 0.03950015946568767 1463
1646514829564 0.03939570984735346 1464
1646514829610 0.03929130866350617 1465
1646514829641 0.039186956390983275 1466
1646514829721 0.039082653506398786 1467
1646514829788 0.03897840048614113 1468
1646514829880 0.03887419780637107 1469
1646514829939 0.03877004594301936 1470
1646514830041 0.0386659453717847 1471
1646514830080 0.03856189656813148 1472
1646514830112 0.03845790000728771 1473
1646514830149 0.03835395616424277 1474
1646514830191 0.03825006551374519 1475
1646514830214 0.038146228530300676 1476
1646514830245 0.0380424456881697 1477
1646514830360 0.03793871746136551 1478
1646514830402 0.037835044323651916 1479
1646514830433 0.037731426748541075 1480
1646514830464 0.037627865209291414 1481
1646514830502 0.03752436017890536 1482
1646514830528 0.037420912130127326 1483
1646514830560 0.03731752153544142 1484
1646514830666 0.03721418886706933 1485
1646514830709 0.03711091459696821 1486
1646514830740 0.037007699196828454 1487
1646514830762 0.03690454313807158 1488
1646514830793 0.036801446891848125 1489
1646514830824 0.03669841092903536 1490
1646514830861 0.036595435720235284 1491
1646514830966 0.036492521735772346 1492
1646514831010 0.036389669445691435 1493
1646514831041 0.036286879319755626 1494
1646514831074 0.03618415182744404 1495
1646514831106 0.0360814874379498 1496
1646514831141 0.03597888662017773 1497
1646514831181 0.03587634984274237 1498
1646514831282 0.035773877573965704 1499
1646514831320 0.03567147028187514 1500
1646514831351 0.035569128434201305 1501
1646514831378 0.03546685249837586 1502
1646514831410 0.0353646429415295 1503
1646514831445 0.03526250023048967 1504
1646514831477 0.03516042483177858 1505
1646514831591 0.03505841721161096 1506
1646514831632 0.034956477835891946 1507
1646514831661 0.034854607170215046 1508
1646514831695 0.03475280567985989 1509
1646514831726 0.03465107382979015 1510
1646514831766 0.03454941208465151 1511
1646514831798 0.03444782090876935 1512
1646514831912 0.03434630076614682 1513
1646514831952 0.03424485212046257 1514
1646514831977 0.03414347543506876 1515
1646514832021 0.03404217117298885 1516
1646514832062 0.03394093979691549 1517
1646514832096 0.0338397817692085 1518
1646514832158 0.03373869755189263 1519
1646514832385 0.03363768760665553 1520
1646514832450 0.033536752394845666 1521
1646514832506 0.033435892377470106 1522
1646514832540 0.0333351080151925 1523
1646514832596 0.033234399768330966 1524
1646514832633 0.03313376809685598 1525
1646514832680 0.03303321346038826 1526
1646514832853 0.03293273631819665 1527
1646514832899 0.032832337129196115 1528
1646514832941 0.03273201635194551 1529
1646514833003 0.03263177444464562 1530
1646514833056 0.03253161186513693 1531
1646514833103 0.03243152907089768 1532
1646514833156 0.03233152651904167 1533
1646514833313 0.032231604666316194 1534
1646514833341 0.03213176396909999 1535
1646514833393 0.03203200488340108 1536
1646514833457 0.031932327864854795 1537
1646514833487 0.03183273336872164 1538
1646514833550 0.03173322184988512 1539
1646514833605 0.031633793762849874 1540
1646514833829 0.0315344495617394 1541
1646514833879 0.031435189700294054 1542
1646514834012 0.03133601463186906 1543
1646514834092 0.031236924809432277 1544
1646514834154 0.031137920685562263 1545
1646514834202 0.03103900271244612 1546
1646514834245 0.03094017134187751 1547
1646514834384 0.030841427025254563 1548
1646514834436 0.030742770213577728 1549
1646514834467 0.030644201357447873 1550
1646514834524 0.030545720907064082 1551
1646514834561 0.030447329312221667 1552
1646514834626 0.030349027022310158 1553
1646514834657 0.030250814486311124 1554
1646514834798 0.030152692152796243 1555
1646514834850 0.030054660469925172 1556
1646514834881 0.02995671988544359 1557
1646514834933 0.02985887084668103 1558
1646514834983 0.029761113800548935 1559
1646514835026 0.02966344919353861 1560
1646514835057 0.029565877471719113 1561
1646514835226 0.029468399080735296 1562
1646514835247 0.02937101446580569 1563
1646514835297 0.029273724071720568 1564
1646514835326 0.02917652834283987 1565
1646514835373 0.02907942772309107 1566
1646514835426 0.0289824226559674 1567
1646514835457 0.02888551358452552 1568
1646514835573 0.028788700951383705 1569
1646514835616 0.028691985198719825 1570
1646514835658 0.028595366768269147 1571
1646514835713 0.02849884610132249 1572
1646514835742 0.028402423638724167 1573
1646514835777 0.028306099820869922 1574
1646514835814 0.028209875087704988 1575
1646514835985 0.02811374987872201 1576
1646514836047 0.028017724632959092 1577
1646514836113 0.027921799788997764 1578
1646514836211 0.02782597578496098 1579
1646514836262 0.02773025305851113 1580
1646514836351 0.027634632046848028 1581
1646514836405 0.027539113186706952 1582
1646514836606 0.027443696914356514 1583
1646514836657 0.02734838366559692 1584
1646514836688 0.027253173875757743 1585
1646514836726 0.027158067979695975 1586
1646514836777 0.027063066411794238 1587
1646514836819 0.02696816960595849 1588
1646514836857 0.026873377995616298 1589
1646514836982 0.026778692013714737 1590
1646514837023 0.026684112092718447 1591
1646514837057 0.026589638664607635 1592
1646514837093 0.02649527216087613 1593
1646514837157 0.02640101301252939 1594
1646514837188 0.026306861650082565 1595
1646514837230 0.026212818503558485 1596
1646514837540 0.02611888400248571 1597
1646514837564 0.026025058575896615 1598
1646514837611 0.02593134265232537 1599
1646514837638 0.02583773665980597 1600
1646514837689 0.025744241025870387 1601
1646514837722 0.02565085617754652 1602
1646514837767 0.02555758254135624 1603
1646514837914 0.025464420543313528 1604
1646514837943 0.025371370608922368 1605
1646514837995 0.025278433163175056 1606
1646514838026 0.025185608630550027 1607
1646514838058 0.02509289743500996 1608
1646514838089 0.025000300000000013 1609
1646514838118 0.024907816748445624 1610
1646514838239 0.024815448102750767 1611
1646514838279 0.02472319448479604 1612
1646514838310 0.024631056315936546 1613
1646514838339 0.02453903401700016 1614
1646514838374 0.024447128008285544 1615
1646514838405 0.024355338709560182 1616
1646514838436 0.024263666540058532 1617
1646514838558 0.02417211191848008 1618
1646514838576 0.024080675262987412 1619
1646514838611 0.023989356991204337 1620
1646514838658 0.023898157520213972 1621
1646514838674 0.023807077266556752 1622
1646514838709 0.023716116646228726 1623
1646514838747 0.023625276074679475 1624
1646514838844 0.023534555966810214 1625
1646514838882 0.0234439567369721 1626
1646514838913 0.02335347879896404 1627
1646514838948 0.02326312256603105 1628
1646514838990 0.023172888450862305 1629
1646514839018 0.023082776865589114 1630
1646514839050 0.02299278822178324 1631
1646514839159 0.022902922930454896 1632
1646514839205 0.022813181402050887 1633
1646514839237 0.022723564046452822 1634
1646514839271 0.022634071272975044 1635
1646514839302 0.02254470349036299 1636
1646514839333 0.022455461106791173 1637
1646514839359 0.02236634452986137 1638
1646514839481 0.02227735416660076 1639
1646514839519 0.022188490423460064 1640
1646514839559 0.02209975370631166 1641
1646514839588 0.022011144420447784 1642
1646514839635 0.021922662970578623 1643
1646514839686 0.021834309760830513 1644
1646514839739 0.02174608519474405 1645
1646514839973 0.0216579896752723 1646
1646514840017 0.02157002360477885 1647
1646514840068 0.02148218738503618 1648
1646514840101 0.021394481417223554 1649
1646514840173 0.02130690610192541 1650
1646514840202 0.02121946183912947 1651
1646514840245 0.021132149028224818 1652
1646514840367 0.02104496806800019 1653
1646514840412 0.020957919356642124 1654
1646514840459 0.020871003291733102 1655
1646514840502 0.020784220270249794 1656
1646514840549 0.020697570688561186 1657
1646514840582 0.02061105494242681 1658
1646514840617 0.02052467342699492 1659
1646514840754 0.020438426536800693 1660
1646514840802 0.02035231466576442 1661
1646514840849 0.020266338207189722 1662
1646514840880 0.02018049755376174 1663
1646514840926 0.0200947930975453 1664
1646514841019 0.020009225229983257 1665
1646514841065 0.01992379434189454 1666
1646514841277 0.019838500823472473 1667
1646514841304 0.019753345064282987 1668
1646514841330 0.019668327453262732 1669
1646514841364 0.019583448378717498 1670
1646514841396 0.019498708228320283 1671
1646514841427 0.0194141073891095 1672
1646514841459 0.01932964624748742 1673
1646514841565 0.019245325189218135 1674
1646514841606 0.01916114459942599 1675
1646514841630 0.01907710486259375 1676
1646514841672 0.018993206362560855 1677
1646514841704 0.018909449482521663 1678
1646514841734 0.0188258346050237 1679
1646514841765 0.018742362111965925 1680
1646514841871 0.018659032384596968 1681
1646514841914 0.0185758458035134 1682
1646514841946 0.018492802748657992 1683
1646514841971 0.018409903599317986 1684
1646514842002 0.01832714873412336 1685
1646514842035 0.018244538531045032 1686
1646514842066 0.018162073367393308 1687
1646514842191 0.01807975361981598 1688
1646514842237 0.017997579664296638 1689
1646514842269 0.017915551876153096 1690
1646514842315 0.017833670630035454 1691
1646514842346 0.017751936299924557 1692
1646514842381 0.01767034925913027 1693
1646514842415 0.017588909880289653 1694
1646514842534 0.01750761853536539 1695
1646514842578 0.017426475595644038 1696
1646514842609 0.017345481431734314 1697
1646514842639 0.01726463641356548 1698
1646514842670 0.01718394091038552 1699
1646514842715 0.017103395290759566 1700
1646514842746 0.017022999922568182 1701
1646514842867 0.016942755173005676 1702
1646514842908 0.016862661408578426 1703
1646514842947 0.0167827189951032 1704
1646514842988 0.016702928297705515 1705
1646514843031 0.01662328968081792 1706
1646514843073 0.01654380350817838 1707
1646514843104 0.016464470142828543 1708
1646514843234 0.016385289947112216 1709
1646514843281 0.016306263282673573 1710
1646514843313 0.016227390510455526 1711
1646514843358 0.016148671990698204 1712
1646514843404 0.016070108082937094 1713
1646514843463 0.015991699146001584 1714
1646514843559 0.01591344553801327 1715
1646514843781 0.015835347616384245 1716
1646514843841 0.01575740573781557 1717
1646514843899 0.015679620258295588 1718
1646514843951 0.015601991533098313 1719
1646514843981 0.015524519916781809 1720
1646514844025 0.015447205763186572 1721
1646514844072 0.01537004942543389 1722
1646514844241 0.015293051255924268 1723
1646514844313 0.015216211606335801 1724
1646514844344 0.015139530827622559 1725
1646514844396 0.015063009270012992 1726
1646514844443 0.014986647283008355 1727
1646514844485 0.01491044521538101 1728
1646514844519 0.01483440341517301 1729
1646514844683 0.014758522229694374 1730
1646514844763 0.01468280200552148 1731
1646514844814 0.014607243088495642 1732
1646514844861 0.014531845823721313 1733
1646514844975 0.014456610555564738 1734
1646514845006 0.01438153762765216 1735
1646514845032 0.014306627382868404 1736
1646514845148 0.01423188016335532 1737
1646514845192 0.014157296310510046 1738
1646514845225 0.014082876164983646 1739
1646514845250 0.014008620066679458 1740
1646514845290 0.013934528354751551 1741
1646514845316 0.013860601367603195 1742
1646514845347 0.01378683944288528 1743
1646514845451 0.013713242917494827 1744
1646514845492 0.01363981212757339 1745
1646514845526 0.013566547408505575 1746
1646514845558 0.013493449094917467 1747
1646514845591 0.013420517520675126 1748
1646514845617 0.013347753018883066 1749
1646514845648 0.013275155921882654 1750
1646514845758 0.01320272656125077 1751
1646514845800 0.013130465267798111 1752
1646514845831 0.013058372371567737 1753
1646514845860 0.012986448201833646 1754
1646514845891 0.012914693087099135 1755
1646514845928 0.012843107355095378 1756
1646514845959 0.012771691332779984 1757
1646514846076 0.012700445346335344 1758
1646514846117 0.012629369721167285 1759
1646514846148 0.01255846478190354 1760
1646514846186 0.012487730852392225 1761
1646514846217 0.012417168255700415 1762
1646514846256 0.012346777314112658 1763
1646514846292 0.012276558349129467 1764
1646514846410 0.012206511681465887 1765
1646514846454 0.012136637631050039 1766
1646514846476 0.012066936517021579 1767
1646514846510 0.011997408657730383 1768
1646514846542 0.011928054370734954 1769
1646514846576 0.011858873972801047 1770
1646514846608 0.011789867779900215 1771
1646514846722 0.011721036107208302 1772
1646514846761 0.011652379269104136 1773
1646514846792 0.011583897579167966 1774
1646514846831 0.011515591350180054 1775
1646514846863 0.01144746089411934 1776
1646514846893 0.01137950652216188 1777
1646514846924 0.011311728544679496 1778
1646514847043 0.01124412727123843 1779
1646514847086 0.011176703010597746 1780
1646514847133 0.011109456070708103 1781
1646514847203 0.011042386758710243 1782
1646514847279 0.010975495380933621 1783
1646514847339 0.010908782242895008 1784
1646514847400 0.010842247649297088 1785
1646514847585 0.010775891904027068 1786
1646514847613 0.010709715310155294 1787
1646514847656 0.010643718169933855 1788
1646514847706 0.010577900784795232 1789
1646514847737 0.010512263455350872 1790
1646514847769 0.010446806481389882 1791
1646514847800 0.010381530161877548 1792
1646514847949 0.010316434794954152 1793
1646514847993 0.010251520677933394 1794
1646514848040 0.010186788107301193 1795
1646514848081 0.010122237378714316 1796
1646514848113 0.010057868786998908 1797
1646514848166 0.009993682626149294 1798
1646514848213 0.009929679189326548 1799
1646514848341 0.009865858768857165 1800
1646514848438 0.009802221656231812 1801
1646514848488 0.00973876814210381 1802
1646514848541 0.009675498516288003 1803
1646514848584 0.009612413067759323 1804
1646514848671 0.009549512084651508 1805
1646514848702 0.009486795854255768 1806
1646514848829 0.009424264663019481 1807
1646514848857 0.009361918796544893 1808
1646514848904 0.009299758539587808 1809
1646514848942 0.009237784176056271 1810
1646514848985 0.009175995989009299 1811
1646514849015 0.009114394260655564 1812
1646514849054 0.009052979272352138 1813
1646514849204 0.008991751304603121 1814
1646514849254 0.008930710637058518 1815
1646514849285 0.008869857548512808 1816
1646514849320 0.008809192316903707 1817
1646514849360 0.008748715219311002 1818
1646514849407 0.008688426531955128 1819
1646514849454 0.008628326530196014 1820
1646514849615 0.008568415488531796 1821
1646514849658 0.00850869368059757 1822
1646514849696 0.008449161379164107 1823
1646514849749 0.008389818856136658 1824
1646514849787 0.008330666382553682 1825
1646514849828 0.008271704228585617 1826
1646514849860 0.008212932663533628 1827
1646514849973 0.008154351955828412 1828
1646514850016 0.008095962373028948 1829
1646514850050 0.00803776418182128 1830
1646514850086 0.00797975764801726 1831
1646514850119 0.007921943036553452 1832
1646514850170 0.007864320611489771 1833
1646514850219 0.007806890636008386 1834
1646514850331 0.0077496533724124754 1835
1646514850371 0.007692609082124989 1836
1646514850420 0.007635758025687573 1837
1646514850457 0.007579100462759275 1838
1646514850488 0.00752263665211534 1839
1646514850533 0.007466366851646166 1840
1646514850565 0.007410291318355963 1841
1646514850679 0.00735441030836168 1842
1646514850723 0.00729872407689185 1843
1646514850754 0.007243232878285297 1844
1646514850778 0.007187936965990127 1845
1646514850820 0.007132836592562487 1846
1646514850882 0.007077932009665416 1847
1646514850927 0.007023223468067726 1848
1646514851154 0.006968711217642824 1849
1646514851196 0.006914395507367594 1850
1646514851246 0.006860276585321247 1851
1646514851284 0.006806354698684202 1852
1646514851331 0.006752630093736909 1853
1646514851395 0.006699103015858823 1854
1646514851427 0.006645773709527192 1855
1646514851552 0.006592642418315927 1856
1646514851590 0.006539709384894633 1857
1646514851637 0.006486974851027303 1858
1646514851685 0.006434439057571355 1859
1646514851719 0.006382102244476517 1860
1646514851750 0.006329964650783642 1861
1646514851792 0.0062780265146237186 1862
1646514851931 0.0062262880732167295 1863
1646514851985 0.006174749562870569 1864
1646514852016 0.006123411218980016 1865
1646514852047 0.006072273276025566 1866
1646514852085 0.006021335967572434 1867
1646514852128 0.005970599526269472 1868
1646514852223 0.005920064183848099 1869
1646514852443 0.005869730171121236 1870
1646514852483 0.005819597717982258 1871
1646514852507 0.005769667053403953 1872
1646514852543 0.005719938405437472 1873
1646514852575 0.00567041200121127 1874
1646514852612 0.005621088066930097 1875
1646514852643 0.00557196682787394 1876
1646514852759 0.00552304850839702 1877
1646514852798 0.005474333331926713 1878
1646514852823 0.005425821520962636 1879
1646514852864 0.005377513297075492 1880
1646514852908 0.005329408880906164 1881
1646514852929 0.0052815084921647 1882
1646514852960 0.005233812349629216 1883
1646514853089 0.005186320671145013 1884
1646514853117 0.005139033673623512 1885
1646514853164 0.0050919515730412914 1886
1646514853187 0.005045074584439097 1887
1646514853224 0.004998402921920835 1888
1646514853253 0.004951936798652629 1889
1646514853285 0.004905676426861829 1890
1646514853410 0.004859622017836047 1891
1646514853427 0.004813773781922187 1892
1646514853473 0.0047681319285254875 1893
1646514853498 0.004722696666108572 1894
1646514853524 0.004677468202190451 1895
1646514853558 0.00463244674334567 1896
1646514853589 0.004587632495203288 1897
1646514853708 0.004543025662445922 1898
1646514853745 0.004498626448808909 1899
1646514853761 0.004454435057079256 1900
1646514853792 0.004410451689094834 1901
1646514853832 0.004366676545743354 1902
1646514853863 0.0043231098269614805 1903
1646514853892 0.004279751731733984 1904
1646514854010 0.004236602458092715 1905
1646514854050 0.0041936622031157915 1906
1646514854081 0.004150931162926686 1907
1646514854111 0.004108409532693276 1908
1646514854158 0.0040660975066270045 1909
1646514854195 0.004023995277981982 1910
1646514854224 0.003982103039054096 1911
1646514854331 0.003940420981180137 1912
1646514854372 0.0038989492947369194 1913
1646514854403 0.003857688169140423 1914
1646514854430 0.003816637792844913 1915
1646514854461 0.00377579835334211 1916
1646514854509 0.00373517003716026 1917
1646514854556 0.0036947530298633907 1918
1646514854783 0.0036545475160503875 1919
1646514854833 0.0036145536793541415 1920
1646514854884 0.003574771702440786 1921
1646514854930 0.003535201767008779 1922
1646514854983 0.00349584405378811 1923
1646514855030 0.0034566987425395223 1924
1646514855072 0.0034177660120535704 1925
1646514855201 0.0033790460401499356 1926
1646514855245 0.003340539003676524 1927
1646514855287 0.0033022450785087005 1928
1646514855323 0.00326416443954847 1929
1646514855372 0.003226297260723691 1930
1646514855419 0.003188643714987268 1931
1646514855455 0.0031512039743163667 1932
1646514855579 0.0031139782097116277 1933
1646514855626 0.003076966591196388 1934
1646514855658 0.0030401692878159097 1935
1646514855691 0.0030035864676365917 1936
1646514855734 0.0029672182977452154 1937
1646514855785 0.0029310649442481776 1938
1646514855817 0.0028951265722707256 1939
1646514856066 0.0028594033459562232 1940
1646514856117 0.0028238954284653906 1941
1646514856154 0.0027886029819755172 1942
1646514856186 0.0027535261676798223 1943
1646514856218 0.002718665145786594 1944
1646514856249 0.002684020075518547 1945
1646514856282 0.0026495911151120937 1946
1646514856379 0.0026153784218165463 1947
1646514856424 0.002581382151893477 1948
1646514856455 0.0025476024606159702 1949
1646514856482 0.0025140395022679213 1950
1646514856519 0.0024806934301433276 1951
1646514856549 0.0024475643965455826 1952
1646514856581 0.002414652552786793 1953
1646514856688 0.0023819580491870867 1954
1646514856727 0.002349481035073915 1955
1646514856759 0.00231722165878138 1956
1646514856782 0.0022851800676495487 1957
1646514856820 0.0022533564080238037 1958
1646514856846 0.002221750825254118 1959
1646514856877 0.0021903634636944807 1960
1646514856980 0.0021591944667021562 1961
1646514857025 0.0021282439766370474 1962
1646514857057 0.0020975121348611055 1963
1646514857082 0.0020669990817375784 1964
1646514857120 0.0020367049566304674 1965
1646514857165 0.0020066298979038613 1966
1646514857205 0.0019767740429212414 1967
1646514857305 0.0019471375280449726 1968
1646514857341 0.0019177204886355577 1969
1646514857373 0.0018885230590511169 1970
1646514857405 0.0018595453726467156 1971
1646514857436 0.0018307875617737757 1972
1646514857466 0.0018022497577794773 1973
1646514857505 0.0017739320910061408 1974
1646514857605 0.001745834690790645 1975
1646514857644 0.0017179576854638337 1976
1646514857676 0.0016903012023499315 1977
1646514857709 0.0016628653677659558 1978
1646514857740 0.0016356503070211353 1979
1646514857781 0.0016086561444163695 1980
1646514857821 0.0015818830032436025 1981
1646514857916 0.0015553310057853343 1982
1646514857957 0.0015290002733139942 1983
1646514857989 0.001502890926091412 1984
1646514858014 0.0014770030833683087 1985
1646514858045 0.001451336863383674 1986
1646514858086 0.0014258923833642832 1987
1646514858121 0.0014006697595241656 1988
1646514858278 0.0013756691070640143 1989
1646514858313 0.001350890540170732 1990
1646514858392 0.0013263341720168647 1991
1646514858452 0.001302000114760097 1992
1646514858510 0.0012778884795427512 1993
1646514858557 0.0012539993764912555 1994
1646514858641 0.0012303329147156609 1995
1646514858810 0.0012068892023091413 1996
1646514858858 0.0011836683463474773 1997
1646514858889 0.0011606704528886013 1998
1646514858932 0.0011378956269720922 1999
1646514858973 0.001115343972618703 2000
1646514859019 0.0010930155928298624 2001
1646514859058 0.0010709105895872686 2002
1646514859188 0.0010490290638523229 2003
1646514859230 0.0010273711155657703 2004
1646514859267 0.0010059368436471814 2005
1646514859314 0.0009847263459945043 2006
1646514859342 0.000963739719483664 2007
1646514859389 0.0009429770599680519 2008
1646514859422 0.0009224384622781263 2009
1646514859621 0.0009021240202210126 2010
1646514859713 0.0008820338265799817 2011
1646514859758 0.0008621679731141276 2012
1646514859789 0.0008425265505578737 2013
1646514859819 0.0008231096486206064 2014
1646514859862 0.0008039173559862364 2015
1646514859884 0.0007849497603128103 2016
1646514859989 0.0007662069482320886 2017
1646514860032 0.000747689005349185 2018
1646514860063 0.0007293960162421442 2019
1646514860085 0.0007113280644615651 2020
1646514860132 0.0006934852325302335 2021
1646514860163 0.0006758676019427177 2022
1646514860195 0.0006584752531650071 2023
1646514860298 0.0006413082656341742 2024
1646514860341 0.000624366717757974 2025
1646514860372 0.0006076506869144732 2026
1646514860393 0.0005911602494517659 2027
1646514860432 0.0005748954806875473 2028
1646514860455 0.0005588564549088189 2029
1646514860486 0.0005430432453715275 2030
1646514860584 0.000527455924300238 2031
1646514860622 0.0005120945628878062 2032
1646514860648 0.0004969592312950392 2033
1646514860681 0.00048204999865039655 2034
1646514860712 0.00046736693304965705 2035
1646514860742 0.0004529101015556186 2036
1646514860773 0.00043867957019777656 2037
1646514860880 0.0004246754039720515 2038
1646514860922 0.00041089766684046205 2039
1646514860948 0.00039734642173083583 2040
1646514860983 0.00038402173053654333 2041
1646514861014 0.0003709236541162035 2042
1646514861044 0.00035805225229340067 2043
1646514861075 0.00034540758385641823 2044
1646514861189 0.0003329897065579498 2045
1646514861233 0.0003207986771148884 2046
1646514861264 0.000308834551207999 2047
1646514861296 0.0002970973834817017 2048
1646514861333 0.00028558722754385015 2049
1646514861362 0.0002743041359654092 2050
1646514861393 0.000263248160280283 2051
1646514861509 0.0002524193509850653 2052
1646514861556 0.00024181775753877825 2053
1646514861571 0.00023144342836267835 2054
1646514861611 0.00022129641084003433 2055
1646514861648 0.00021137675131588292 2056
1646514861676 0.00020168449509684564 2057
1646514861707 0.00019221968645092346 2058
1646514861833 0.00018298236860725802 2059
1646514861872 0.00017397258375597622 2060
1646514861952 0.00016519037304798495 2061
1646514862015 0.00015663577659475998 2062
1646514862085 0.00014830883346820726 2063
1646514862138 0.0001402095817004298 2064
1646514862209 0.00013233805828360547 2065
1646514862360 0.0001246942991697873 2066
1646514862408 0.00011727833927074226 2067
1646514862440 0.00011009021245781277 2068
1646514862488 0.00010312995156173331 2069
1646514862524 9.639758837249167e-05 2070
1646514862559 8.989315363919581e-05 2071
1646514862609 8.361667706991835e-05 2072
1646514862721 7.756818733155786e-05 2073
1646514862762 7.174771204972772e-05 2074
1646514862809 6.61552778086175e-05 2075
1646514862856 6.0790910150865196e-05 2076
1646514862898 5.565463357745169e-05 2077
1646514862951 5.07464715475788e-05 2078
1646514863002 4.606644647856922e-05 2079
1646514863165 4.161457974577774e-05 2080
1646514863256 3.7390891682458074e-05 2081
1646514863307 3.339540157970169e-05 2082
1646514863368 2.9628127686337992e-05 2083
1646514863459 2.6089087208845458e-05 2084
1646514863492 2.2778296311290572e-05 2085
1646514863524 1.9695770115227916e-05 2086
1646514863628 1.6841522699655765e-05 2087
1646514863670 1.4215567100938363e-05 2088
1646514863719 1.181791531276152e-05 2089
1646514863750 9.64857828603824e-06 2090
1646514863796 7.707565928919825e-06 2091
1646514863843 5.9948871066904034e-06 2092
1646514863889 4.51054964177248e-06 2093
1646514863999 3.2545603136603254e-06 2094
1646514864028 2.226924858908874e-06 2095
1646514864062 1.427647971089312e-06 2096
1646514864094 8.567333007890797e-07 2097
1646514864130 5.141834555785649e-07 2098
1646514864178 4.0000000000000003e-07 2099
1646514864209 5.141834555785649e-07 2100
