1646514748250 1.414488434791565 0
1646514748596 1.395554542541504 1
1646514748949 1.3646159172058105 2
1646514749463 1.3402533531188965 3
1646514749832 1.294751763343811 4
1646514750245 1.2561568021774292 5
1646514750636 1.2403753995895386 6
1646514750952 1.177566409111023 7
1646514751271 1.158423900604248 8
1646514751561 1.1305532455444336 9
1646514751869 1.1036781072616577 10
1646514752189 1.0392374992370605 11
1646514752506 0.9900627732276917 12
1646514753071 0.9274498224258423 13
1646514753499 0.883764386177063 14
1646514753894 0.8026244640350342 15
1646514754480 0.7650460004806519 16
1646514754876 0.7325870394706726 17
1646514755195 0.74041748046875 18
1646514755524 0.693818986415863 19
1646514755840 0.6464006900787354 20
1646514756162 0.6695960760116577 21
1646514756613 0.5951153635978699 22
1646514757053 0.5518675446510315 23
1646514757746 0.6049991846084595 24
1646514758299 0.5578415393829346 25
1646514758632 0.5381703972816467 26
1646514758968 0.528821587562561 27
1646514759434 0.4843083918094635 28
1646514759873 0.4874765872955322 29
1646514760389 0.5154250860214233 30
1646514760772 0.48678380250930786 31
1646514761184 0.4357255697250366 32
1646514761704 0.4574607312679291 33
1646514762100 0.47649914026260376 34
1646514762497 0.388959139585495 35
1646514762855 0.37179774045944214 36
1646514763219 0.41862112283706665 37
1646514763605 0.39438363909721375 38
1646514764191 0.36536094546318054 39
1646514764756 0.38559794425964355 40
1646514765259 0.4215020537376404 41
1646514765839 0.3858392536640167 42
1646514766186 0.4068518280982971 43
1646514766568 0.330788254737854 44
1646514766919 0.36388126015663147 45
1646514767253 0.3331615626811981 46
1646514767600 0.3141365349292755 47
1646514768280 0.32780900597572327 48
1646514768727 0.2832576036453247 49
1646514769364 0.2852478325366974 50
1646514770210 0.3104137182235718 51
1646514770560 0.2966470420360565 52
1646514770956 0.2602469027042389 53
1646514771666 0.32855740189552307 54
1646514772295 0.28327909111976624 55
1646514772678 0.27652326226234436 56
1646514773299 0.31057190895080566 57
1646514773615 0.2523416578769684 58
1646514773934 0.24185121059417725 59
1646514774247 0.22186556458473206 60
1646514774563 0.21474915742874146 61
1646514774888 0.18464413285255432 62
1646514775206 0.1998164802789688 63
1646514775721 0.19484880566596985 64
1646514776089 0.22487375140190125 65
1646514776453 0.19752156734466553 66
1646514776905 0.22967647016048431 67
1646514777224 0.15254312753677368 68
1646514777521 0.22885052859783173 69
1646514777822 0.22499942779541016 70
1646514778135 0.2845863103866577 71
1646514778460 0.15349730849266052 72
1646514778760 0.23646463453769684 73
1646514779306 0.2489231675863266 74
1646514779675 0.13725167512893677 75
1646514780046 0.2070777714252472 76
1646514780552 0.2195650190114975 77
1646514780859 0.16963240504264832 78
1646514781172 0.1452244073152542 79
1646514781469 0.20035918056964874 80
1646514781773 0.13787825405597687 81
1646514782086 0.1883605569601059 82
1646514782422 0.12517528235912323 83
1646514782883 0.09319046884775162 84
1646514783303 0.14895527064800262 85
1646514783686 0.15614959597587585 86
1646514784167 0.09735865145921707 87
1646514784508 0.11041959375143051 88
1646514784811 0.11728093028068542 89
1646514785201 0.09350886940956116 90
1646514785570 0.13247622549533844 91
1646514785954 0.07512682676315308 92
1646514786324 0.08283979445695877 93
1646514786901 0.1145651713013649 94
1646514787271 0.07526372373104095 95
1646514787656 0.13952592015266418 96
1646514788102 0.046357255429029465 97
1646514788415 0.05727120116353035 98
1646514788732 0.09130818396806717 99
1646514789040 0.12103086709976196 100
1646514789347 0.07810588926076889 101
1646514789669 0.07864960283041 102
1646514789977 0.07388754189014435 103
1646514790508 0.08756984770298004 104
1646514790865 0.13338537514209747 105
1646514791219 0.11313782632350922 106
1646514791702 0.12608788907527924 107
1646514791997 0.15633085370063782 108
1646514792317 0.0745742917060852 109
1646514792621 0.06062064319849014 110
1646514792923 0.03617100045084953 111
1646514793271 0.07023010402917862 112
1646514793592 0.06743088364601135 113
1646514794078 0.12438531965017319 114
1646514794494 0.04098551347851753 115
1646514794854 0.041922811418771744 116
1646514795355 0.09083420783281326 117
1646514795667 0.08848868310451508 118
1646514795968 0.057490427047014236 119
1646514796269 0.05121183767914772 120
1646514796584 0.07690682262182236 121
1646514796885 0.08874842524528503 122
1646514797219 0.099576435983181 123
1646514797645 0.019987046718597412 124
1646514798060 0.05750718340277672 125
1646514798443 0.036528151482343674 126
1646514798965 0.12167488038539886 127
1646514799275 0.08768291771411896 128
1646514799627 0.032020047307014465 129
1646514799966 0.031677085906267166 130
1646514800328 0.045230474323034286 131
1646514800696 0.02886846475303173 132
1646514801076 0.05445527285337448 133
1646514801747 0.019739225506782532 134
1646514802279 0.04797730594873428 135
1646514802618 0.037445299327373505 136
1646514803048 0.07448204606771469 137
1646514803415 0.06359124183654785 138
1646514803883 0.06916571408510208 139
1646514804205 0.02432352304458618 140
1646514804505 0.022729067131876945 141
1646514804826 0.021421659737825394 142
1646514805162 0.01304809283465147 143
1646514805478 0.03277866542339325 144
1646514805796 0.06323225051164627 145
1646514806301 0.055834632366895676 146
1646514806682 0.10843035578727722 147
1646514807044 0.05504439398646355 148
1646514807525 0.04000336676836014 149
1646514807827 0.03194649890065193 150
1646514808140 0.024936780333518982 151
1646514808425 0.060349613428115845 152
1646514808741 0.0381130613386631 153
1646514809051 0.01288395095616579 154
1646514809395 0.0444168858230114 155
1646514809985 0.019100917503237724 156
1646514810417 0.12577228248119354 157
1646514810834 0.028871716931462288 158
1646514811150 0.013550462201237679 159
1646514811505 0.020851491019129753 160
1646514811903 0.015467185527086258 161
1646514812318 0.03468780964612961 162
1646514812742 0.03380212187767029 163
1646514813124 0.02210047096014023 164
1646514813603 0.018118945881724358 165
1646514814006 0.012131011113524437 166
1646514814448 0.05820111557841301 167
1646514814864 0.08315674215555191 168
1646514815269 0.04584212228655815 169
1646514815597 0.016038045287132263 170
1646514815901 0.04196532070636749 171
1646514816223 0.02626294270157814 172
1646514816533 0.01711221970617771 173
1646514816870 0.024506768211722374 174
1646514817300 0.023335149511694908 175
1646514817861 0.0338943675160408 176
1646514818304 0.024199604988098145 177
1646514818794 0.021705977618694305 178
1646514819216 0.02612488530576229 179
1646514819519 0.05767163634300232 180
1646514819833 0.02826697751879692 181
1646514820132 0.0073914299719035625 182
1646514820461 0.0064049530774354935 183
1646514820769 0.017398783937096596 184
1646514821283 0.027295514941215515 185
1646514821663 0.019278764724731445 186
1646514822019 0.008996855467557907 187
1646514822499 0.007237451151013374 188
1646514822796 0.02344786748290062 189
1646514823100 0.018040385097265244 190
1646514823409 0.021182825788855553 191
1646514823715 0.011931224726140499 192
1646514824026 0.010005800053477287 193
1646514824355 0.019384268671274185 194
1646514824754 0.013458461500704288 195
1646514825200 0.007596266455948353 196
1646514825565 0.004450223408639431 197
1646514825984 0.03432552516460419 198
1646514826386 0.022915182635188103 199
1646514826686 0.014097440987825394 200
1646514826987 0.023909687995910645 201
1646514827322 0.032964203506708145 202
1646514827603 0.006150171626359224 203
1646514827935 0.00663107680156827 204
1646514828252 0.011899949982762337 205
1646514828753 0.019392654299736023 206
1646514829181 0.010385988280177116 207
1646514829538 0.017291007563471794 208
1646514830006 0.023033248260617256 209
1646514830325 0.02046823501586914 210
1646514830643 0.006962301209568977 211
1646514830938 0.02773403748869896 212
1646514831260 0.004630723502486944 213
1646514831561 0.01569950580596924 214
1646514831877 0.011425995267927647 215
1646514832324 0.015164794400334358 216
1646514832793 0.015592590905725956 217
1646514833272 0.02412562444806099 218
1646514833789 0.01020690705627203 219
1646514834353 0.02237553708255291 220
1646514834773 0.04447121545672417 221
1646514835181 0.01204137597233057 222
1646514835545 0.006194790359586477 223
1646514835905 0.011698194779455662 224
1646514836548 0.030760549008846283 225
1646514836945 0.007641285192221403 226
1646514837451 0.021221205592155457 227
1646514837873 0.011096181347966194 228
1646514838208 0.010458891279995441 229
1646514838516 0.011637038551270962 230
1646514838824 0.02049761824309826 231
1646514839134 0.012064461596310139 232
1646514839446 0.008297950029373169 233
1646514839912 0.02188827656209469 234
1646514840337 0.005396353080868721 235
1646514840721 0.008738233707845211 236
1646514841245 0.00389950186945498 237
1646514841545 0.0074958414770662785 238
1646514841848 0.011553971096873283 239
1646514842152 0.006910310126841068 240
1646514842500 0.0066956402733922005 241
1646514842831 0.007060232572257519 242
1646514843211 0.006401958409696817 243
1646514843752 0.010016798973083496 244
1646514844197 0.004616560880094767 245
1646514844638 0.005864889360964298 246
1646514845106 0.007625841069966555 247
1646514845427 0.019182203337550163 248
1646514845731 0.009766542352735996 249
1646514846039 0.03596198931336403 250
1646514846376 0.010038997046649456 251
1646514846694 0.0063050431199371815 252
1646514847011 0.011407232843339443 253
1646514847541 0.009275454096496105 254
1646514847924 0.013368666172027588 255
1646514848308 0.006535534281283617 256
1646514848784 0.0054802000522613525 257
1646514849169 0.014074758626520634 258
1646514849566 0.00792263075709343 259
1646514849938 0.026864301413297653 260
1646514850297 0.01957552134990692 261
1646514850655 0.004028770141303539 262
1646514851093 0.0065241167321801186 263
1646514851520 0.0035670658107846975 264
1646514851906 0.011985726654529572 265
1646514852407 0.013219899497926235 266
1646514852727 0.010668301954865456 267
1646514853039 0.009750253520905972 268
1646514853365 0.004608871415257454 269
1646514853673 0.01284609641879797 270
1646514853971 0.005080652888864279 271
1646514854309 0.004218179266899824 272
1646514854730 0.01814771257340908 273
1646514855172 0.020887471735477448 274
1646514855550 0.03523397073149681 275
1646514856019 0.005523995030671358 276
1646514856350 0.03388381749391556 277
1646514856663 0.008252092637121677 278
1646514856959 0.008795243687927723 279
1646514857274 0.00856360699981451 280
1646514857581 0.007103719282895327 281
1646514857892 0.007244340609759092 282
1646514858221 0.005549211520701647 283
1646514858773 0.016940712928771973 284
1646514859158 0.019991369917988777 285
1646514859569 0.019975634291768074 286
1646514859963 0.014687204733490944 287
1646514860263 0.01000202726572752 288
1646514860563 0.004113025963306427 289
1646514860848 0.00946763250976801 290
1646514861164 0.0057503837160766125 291
1646514861480 0.010794217698276043 292
1646514861794 0.0055463435128331184 293
1646514862328 0.027770277112722397 294
1646514862691 0.0076259346678853035 295
1646514863125 0.0571896992623806 296
1646514863606 0.02281385287642479 297
1646514863977 0.010385598056018353 298
1646514864291 0.006935156416147947 299
