1646514746296 0.95 0
1646514747710 0.9499993783330846 1
1646514747762 0.9499975133477971 2
1646514747794 0.9499944050905136 3
1646514747817 0.9499900536385262 4
1646514747848 0.9499844591000408 5
1646514747893 0.9499776216141751 6
1646514747933 0.9499695413509548 7
1646514748296 0.949960218511309 8
1646514748334 0.9499496533270657 9
1646514748365 0.9499378460609461 10
1646514748402 0.9499247970065575 11
1646514748434 0.9499105064883867 12
1646514748480 0.9498949748617913 13
1646514748514 0.9498782025129912 14
1646514748643 0.949860189859059 15
1646514748681 0.9498409373479095 16
1646514748719 0.9498204454582888 17
1646514748758 0.949798714699762 18
1646514748789 0.9497757456127007 19
1646514748819 0.94975153876827 20
1646514748866 0.9497260947684136 21
1646514749059 0.9496994142458393 22
1646514749123 0.9496714978640027 23
1646514749190 0.9496423463170918 24
1646514749252 0.9496119603300086 25
1646514749303 0.9495803406583515 26
1646514749347 0.9495474880883967 27
1646514749391 0.9495134034370785 28
1646514749519 0.9494780875519688 29
1646514749563 0.9494415413112564 30
1646514749594 0.9494037656237247 31
1646514749647 0.9493647614287297 32
1646514749692 0.949324529696176 33
1646514749723 0.9492830714264932 34
1646514749758 0.9492403876506104 35
1646514749883 0.9491964794299315 36
1646514749923 0.9491513478563078 37
1646514749947 0.9491049940520119 38
1646514749989 0.9490574191697085 39
1646514750032 0.9490086243924272 40
1646514750065 0.9489586109335315 41
1646514750112 0.9489073800366903 42
1646514750354 0.9488549329758454 43
1646514750404 0.9488012710551812 44
1646514750444 0.9487463956090911 45
1646514750475 0.9486903080021453 46
1646514750505 0.948633009629056 47
1646514750536 0.9485745019146433 48
1646514750579 0.9485147863137998 49
1646514750692 0.9484538643114538 50
1646514750727 0.9483917374225332 51
1646514750758 0.9483284071919273 52
1646514750794 0.9482638751944483 53
1646514750820 0.9481981430347927 54
1646514750853 0.9481312123475005 55
1646514750884 0.9480630847969159 56
1646514750994 0.9479937620771444 57
1646514751023 0.9479232459120117 58
1646514751055 0.9478515380550205 59
1646514751093 0.947778640289307 60
1646514751125 0.9477045544275962 61
1646514751172 0.9476292823121573 62
1646514751202 0.9475528258147576 63
1646514751309 0.9474751868366162 64
1646514751336 0.9473963673083565 65
1646514751368 0.9473163691899582 66
1646514751405 0.9472351944707085 67
1646514751436 0.947152845169153 68
1646514751474 0.9470693233330452 69
1646514751489 0.9469846310392954 70
1646514751605 0.9468987703939197 71
1646514751643 0.9468117435319868 72
1646514751675 0.9467235526175657 73
1646514751705 0.9466341998436714 74
1646514751737 0.9465436874322102 75
1646514751774 0.9464520176339251 76
1646514751805 0.9463591927283393 77
1646514751905 0.9462652150236998 78
1646514751943 0.9461700868569197 79
1646514751974 0.9460738105935204 80
1646514752006 0.9459763886275725 81
1646514752037 0.9458778233816366 82
1646514752080 0.9457781173067029 83
1646514752121 0.94567727288213 84
1646514752238 0.9455752926155836 85
1646514752259 0.9454721790429741 86
1646514752290 0.9453679347283932 87
1646514752333 0.9452625622640507 88
1646514752364 0.9451560642702095 89
1646514752397 0.945048443395121 90
1646514752421 0.9449397023149583 91
1646514752548 0.944829843733751 92
1646514752592 0.9447188703833168 93
1646514752637 0.9446067850231942 94
1646514752706 0.9444935904405733 95
1646514752768 0.9443792894502276 96
1646514752828 0.9442638848944427 97
1646514752940 0.9441473796429463 98
1646514753134 0.9440297765928368 99
1646514753183 0.9439110786685114 100
1646514753234 0.9437912888215928 101
1646514753283 0.9436704100308564 102
1646514753326 0.9435484453021562 103
1646514753375 0.9434253976683494 104
1646514753407 0.9433012701892219 105
1646514753560 0.9431760659514115 106
1646514753598 0.9430497880683315 107
1646514753639 0.9429224396800933 108
1646514753679 0.9427940239534279 109
1646514753730 0.9426645440816077 110
1646514753762 0.942534003284367 111
1646514753791 0.9424024048078212 112
1646514753955 0.9422697519243874 113
1646514753993 0.9421360479327019 114
1646514754046 0.9420012961575386 115
1646514754146 0.9418654999497261 116
1646514754199 0.941728662686065 117
1646514754260 0.9415907877692434 118
1646514754381 0.941451878627752 119
1646514754521 0.9413119387157997 120
1646514754560 0.9411709715132269 121
1646514754607 0.9410289805254195 122
1646514754651 0.9408859692832215 123
1646514754676 0.9407419413428472 124
1646514754735 0.9405969002857928 125
1646514754760 0.9404508497187474 126
1646514754915 0.9403037932735031 127
1646514754936 0.9401557346068651 128
1646514754976 0.9400066774005603 129
1646514755009 0.9398566253611461 130
1646514755040 0.9397055822199181 131
1646514755060 0.9395535517328171 132
1646514755091 0.939400537680336 133
1646514755237 0.9392465438674261 134
1646514755277 0.9390915741234015 135
1646514755308 0.9389356323018446 136
1646514755338 0.9387787222805106 137
1646514755361 0.9386208479612299 138
1646514755401 0.9384620132698124 139
1646514755432 0.9383022221559488 140
1646514755564 0.9381414785931133 141
1646514755586 0.9379797865784638 142
1646514755633 0.9378171501327436 143
1646514755661 0.9376535733001805 144
1646514755693 0.9374890601483866 145
1646514755727 0.9373236147682574 146
1646514755761 0.9371572412738697 147
1646514755888 0.9369899438023792 148
1646514755908 0.936821726513918 149
1646514755955 0.9366525935914912 150
1646514755987 0.9364825492408725 151
1646514756018 0.9363115976904997 152
1646514756051 0.9361397431913695 153
1646514756077 0.9359669900169325 154
1646514756200 0.9357933424629858 155
1646514756221 0.9356188048475672 156
1646514756262 0.9354433815108469 157
1646514756310 0.9352670768150204 158
1646514756362 0.9350898951441995 159
1646514756428 0.9349118409043036 160
1646514756478 0.9347329185229498 161
1646514756683 0.9345531324493432 162
1646514756723 0.9343724871541659 163
1646514756786 0.9341909871294659 164
1646514756839 0.934008636888546 165
1646514756869 0.9338254409658502 166
1646514756915 0.9336414039168526 167
1646514756957 0.9334565303179428 168
1646514757112 0.9332708247663131 169
1646514757167 0.933084291879843 170
1646514757221 0.9328969362969856 171
1646514757265 0.9327087626766517 172
1646514757306 0.9325197756980937 173
1646514757386 0.9323299800607899 174
1646514757514 0.9321393804843269 175
1646514757799 0.9319479817082827 176
1646514757838 0.9317557884921089 177
1646514757931 0.9315628056150119 178
1646514758016 0.9313690378758346 179
1646514758071 0.9311744900929366 180
1646514758183 0.9309791671040749 181
1646514758221 0.9307830737662829 182
1646514758337 0.9305862149557502 183
1646514758365 0.9303885955677015 184
1646514758396 0.9301902205162739 185
1646514758439 0.9299910947343957 186
1646514758470 0.9297912231736634 187
1646514758507 0.9295906108042183 188
1646514758537 0.9293892626146236 189
1646514758689 0.9291871836117395 190
1646514758738 0.9289843788205991 191
1646514758769 0.9287808532842836 192
1646514758806 0.9285766120637968 193
1646514758837 0.928371660237939 194
1646514758870 0.9281660029031811 195
1646514758902 0.9279596451735372 196
1646514759006 0.9277525921804387 197
1646514759028 0.927544849072605 198
1646514759075 0.9273364210159172 199
1646514759107 0.9271273131932879 200
1646514759137 0.9269175308045341 201
1646514759185 0.9267070790662464 202
1646514759222 0.9264959632116602 203
1646514759499 0.9262841884905252 204
1646514759565 0.9260717601689749 205
1646514759621 0.9258586835293956 206
1646514759653 0.9256449638702953 207
1646514759706 0.9254306065061715 208
1646514759753 0.9252156167673797 209
1646514759784 0.9249999999999999 210
1646514759920 0.9247837615657049 211
1646514759953 0.9245669068416256 212
1646514759985 0.9243494412202183 213
1646514760040 0.9241313701091305 214
1646514760124 0.9239126989310659 215
1646514760201 0.9236934331236499 216
1646514760256 0.9234735781392945 217
1646514760449 0.9232531394450625 218
1646514760488 0.9230321225225315 219
1646514760538 0.9228105328676581 220
1646514760568 0.9225883759906404 221
1646514760599 0.9223656574157816 222
1646514760648 0.9221423826813525 223
1646514760690 0.9219185573394538 224
1646514760827 0.9216941869558779 225
1646514760868 0.9214692771099704 226
1646514760915 0.9212438333944919 227
1646514760958 0.9210178614154783 228
1646514760999 0.9207913667921016 229
1646514761040 0.9205643551565306 230
1646514761068 0.9203368321537899 231
1646514761234 0.9201088034416208 232
1646514761268 0.9198802746903394 233
1646514761315 0.9196512515826961 234
1646514761423 0.9194217398137348 235
1646514761471 0.9191917450906499 236
1646514761519 0.9189612731326464 237
1646514761572 0.9187303296707956 238
1646514761750 0.9184989204478939 239
1646514761796 0.9182670512183198 240
1646514761836 0.9180347277478902 241
1646514761888 0.9178019558137178 242
1646514761921 0.9175687412040671 243
1646514761963 0.9173350897182103 244
1646514762010 0.9171010071662834 245
1646514762145 0.9168664993691414 246
1646514762191 0.9166315721582141 247
1646514762224 0.9163962313753602 248
1646514762269 0.916160482872723 249
1646514762321 0.9159243325125842 250
1646514762363 0.9156877861672185 251
1646514762394 0.9154508497187474 252
1646514762551 0.9152135290589928 253
1646514762590 0.9149758300893309 254
1646514762637 0.9147377587205452 255
1646514762674 0.9144993208726793 256
1646514762705 0.9142605224748901 257
1646514762745 0.9140213694653001 258
1646514762776 0.9137818677908499 259
1646514762908 0.9135420234071502 260
1646514762952 0.9133018422783337 261
1646514762983 0.9130613303769068 262
1646514763015 0.9128204936836014 263
1646514763038 0.9125793381872254 264
1646514763079 0.9123378698845146 265
1646514763122 0.9120960947799833 266
1646514763265 0.9118540188857749 267
1646514763309 0.9116116482215121 268
1646514763353 0.9113689888141481 269
1646514763392 0.9111260466978157 270
1646514763438 0.910882827913678 271
1646514763483 0.9106393385097781 272
1646514763522 0.910395584540888 273
1646514763652 0.9101515720683587 274
1646514763679 0.9099073071599698 275
1646514763722 0.9096627958897776 276
1646514763757 0.9094180443379648 277
1646514763822 0.9091730585906891 278
1646514763935 0.9089278447399318 279
1646514764014 0.9086824088833465 280
1646514764260 0.9084367571241072 281
1646514764319 0.9081908955707568 282
1646514764372 0.9079448303370551 283
1646514764433 0.9076985675418267 284
1646514764512 0.9074521133088087 285
1646514764593 0.907205473766499 286
1646514764655 0.9069586550480032 287
1646514764837 0.9067116632908827 288
1646514764903 0.9064645046370017 289
1646514764956 0.9062171852323743 290
1646514765007 0.9059697112270122 291
1646514765057 0.9057220887747716 292
1646514765100 0.9054743240331998 293
1646514765161 0.9052264231633826 294
1646514765320 0.9049783923297908 295
1646514765400 0.9047302377001268 296
1646514765483 0.9044819654451717 297
1646514765537 0.9042335817386311 298
1646514765590 0.9039850927569826 299
1646514765651 0.9037365046793212 300
1646514765733 0.9034878236872063 301
1646514765894 0.9032390559645076 302
1646514765933 0.9029902076972517 303
1646514765951 0.902741285073468 304
1646514765984 0.9024922942830348 305
1646514766015 0.9022432415175257 306
1646514766051 0.9019941329700553 307
1646514766082 0.9017449748351251 308
1646514766251 0.9014957733084699 309
1646514766288 0.9012465345869036 310
1646514766320 0.9009972648681649 311
1646514766369 0.9007479703507631 312
1646514766400 0.9004986572338246 313
1646514766442 0.9002493317169379 314
1646514766468 0.8999999999999999 315
1646514766615 0.899750668283062 316
1646514766652 0.8995013427661753 317
1646514766693 0.8992520296492368 318
1646514766725 0.899002735131835 319
1646514766768 0.8987534654130963 320
1646514766799 0.8985042266915301 321
1646514766840 0.8982550251648749 322
1646514766974 0.8980058670299448 323
1646514767015 0.8977567584824743 324
1646514767053 0.8975077057169651 325
1646514767082 0.897258714926532 326
1646514767128 0.8970097923027482 327
1646514767153 0.8967609440354923 328
1646514767184 0.8965121763127937 329
1646514767308 0.8962634953206787 330
1646514767333 0.8960149072430174 331
1646514767369 0.8957664182613688 332
1646514767405 0.8955180345548283 333
1646514767436 0.8952697622998731 334
1646514767471 0.8950216076702091 335
1646514767502 0.8947735768366173 336
1646514767682 0.8945256759668001 337
1646514767739 0.8942779112252284 338
1646514767874 0.8940302887729877 339
1646514767975 0.8937828147676257 340
1646514768027 0.8935354953629984 341
1646514768098 0.8932883367091172 342
1646514768149 0.8930413449519967 343
1646514768331 0.892794526233501 344
1646514768380 0.8925478866911912 345
1646514768434 0.8923014324581733 346
1646514768485 0.8920551696629448 347
1646514768536 0.8918091044292431 348
1646514768585 0.8915632428758927 349
1646514768635 0.8913175911166534 350
1646514768792 0.8910721552600681 351
1646514768859 0.8908269414093108 352
1646514768928 0.8905819556620351 353
1646514768981 0.8903372041102223 354
1646514769052 0.8900926928400301 355
1646514769111 0.8898484279316412 356
1646514769174 0.8896044154591121 357
1646514769427 0.8893606614902219 358
1646514769478 0.8891171720863219 359
1646514769630 0.8888739533021842 360
1646514769839 0.8886310111858519 361
1646514769934 0.8883883517784879 362
1646514770016 0.8881459811142252 363
1646514770087 0.8879039052200166 364
1646514770261 0.8876621301154852 365
1646514770289 0.8874206618127746 366
1646514770336 0.8871795063163985 367
1646514770372 0.8869386696230931 368
1646514770405 0.8866981577216662 369
1646514770442 0.8864579765928498 370
1646514770474 0.88621813220915 371
1646514770612 0.8859786305346998 372
1646514770650 0.8857394775251098 373
1646514770705 0.8855006791273207 374
1646514770756 0.8852622412794547 375
1646514770789 0.885024169910669 376
1646514770836 0.8847864709410072 377
1646514770878 0.8845491502812526 378
1646514771011 0.8843122138327815 379
1646514771053 0.8840756674874157 380
1646514771089 0.8838395171272769 381
1646514771140 0.8836037686246397 382
1646514771178 0.8833684278417859 383
1646514771221 0.8831335006308585 384
1646514771283 0.8828989928337165 385
1646514771757 0.8826649102817896 386
1646514771829 0.8824312587959329 387
1646514771948 0.8821980441862821 388
1646514772001 0.8819652722521097 389
1646514772069 0.8817329487816802 390
1646514772122 0.881501079552106 391
1646514772175 0.8812696703292043 392
1646514772351 0.8810387268673535 393
1646514772387 0.88080825490935 394
1646514772426 0.8805782601862653 395
1646514772475 0.8803487484173038 396
1646514772514 0.8801197253096605 397
1646514772549 0.8798911965583791 398
1646514772590 0.87966316784621 399
1646514772744 0.8794356448434694 400
1646514772795 0.8792086332078983 401
1646514772926 0.8789821385845217 402
1646514772997 0.878756166605508 403
1646514773059 0.8785307228900295 404
1646514773119 0.878305813044122 405
1646514773208 0.8780814426605461 406
1646514773344 0.8778576173186474 407
1646514773387 0.8776343425842184 408
1646514773415 0.8774116240093596 409
1646514773458 0.8771894671323418 410
1646514773489 0.8769678774774684 411
1646514773523 0.8767468605549374 412
1646514773554 0.8765264218607054 413
1646514773667 0.87630656687635 414
1646514773700 0.8760873010689341 415
1646514773731 0.8758686298908694 416
1646514773771 0.8756505587797816 417
1646514773800 0.8754330931583744 418
1646514773836 0.8752162384342951 419
1646514773868 0.875 420
1646514773982 0.8747843832326203 421
1646514774005 0.8745693934938285 422
1646514774036 0.8743550361297047 423
1646514774076 0.8741413164706043 424
1646514774116 0.8739282398310251 425
1646514774151 0.8737158115094747 426
1646514774189 0.8735040367883398 427
1646514774294 0.8732929209337535 428
1646514774320 0.8730824691954658 429
1646514774352 0.872872686806712 430
1646514774400 0.8726635789840828 431
1646514774432 0.8724551509273949 432
1646514774465 0.8722474078195612 433
1646514774498 0.8720403548264626 434
1646514774601 0.8718339970968189 435
1646514774640 0.8716283397620609 436
1646514774687 0.8714233879362031 437
1646514774720 0.8712191467157163 438
1646514774751 0.8710156211794009 439
1646514774790 0.8708128163882605 440
1646514774817 0.8706107373853763 441
1646514774931 0.8704093891957816 442
1646514774954 0.8702087768263366 443
1646514774986 0.8700089052656043 444
1646514775026 0.8698097794837261 445
1646514775057 0.8696114044322985 446
1646514775091 0.8694137850442496 447
1646514775133 0.869216926233717 448
1646514775317 0.869020832895925 449
1646514775380 0.8688255099070633 450
1646514775445 0.8686309621241654 451
1646514775496 0.868437194384988 452
1646514775546 0.868244211507891 453
1646514775596 0.8680520182917172 454
1646514775637 0.8678606195156731 455
1646514775769 0.86767001993921 456
1646514775821 0.8674802243019062 457
1646514775852 0.8672912373233482 458
1646514775894 0.8671030637030144 459
1646514775921 0.8669157081201571 460
1646514775968 0.866729175233687 461
1646514776006 0.8665434696820571 462
1646514776135 0.8663585960831474 463
1646514776177 0.8661745590341497 464
1646514776206 0.865991363111454 465
1646514776247 0.865809012870534 466
1646514776278 0.8656275128458341 467
1646514776322 0.8654468675506567 468
1646514776369 0.8652670814770501 469
1646514776539 0.8650881590956964 470
1646514776586 0.8649101048558004 471
1646514776654 0.8647329231849795 472
1646514776748 0.864556618489153 473
1646514776786 0.8643811951524327 474
1646514776817 0.8642066575370141 475
1646514776848 0.8640330099830674 476
1646514776948 0.8638602568086304 477
1646514776988 0.8636884023095003 478
1646514777019 0.8635174507591274 479
1646514777058 0.8633474064085087 480
1646514777074 0.8631782734860819 481
1646514777122 0.8630100561976208 482
1646514777158 0.8628427587261303 483
1646514777259 0.8626763852317425 484
1646514777296 0.8625109398516133 485
1646514777328 0.8623464266998194 486
1646514777359 0.8621828498672562 487
1646514777390 0.8620202134215361 488
1646514777426 0.8618585214068867 489
1646514777459 0.8616977778440511 490
1646514777559 0.8615379867301876 491
1646514777597 0.86137915203877 492
1646514777628 0.8612212777194893 493
1646514777659 0.8610643676981553 494
1646514777690 0.8609084258765984 495
1646514777724 0.8607534561325738 496
1646514777755 0.8605994623196639 497
1646514777863 0.860446448267183 498
1646514777898 0.860294417780082 499
1646514777929 0.8601433746388538 500
1646514777975 0.8599933225994396 501
1646514778006 0.8598442653931349 502
1646514778036 0.8596962067264968 503
1646514778059 0.8595491502812526 504
1646514778189 0.8594030997142071 505
1646514778212 0.8592580586571528 506
1646514778243 0.8591140307167784 507
1646514778288 0.8589710194745804 508
1646514778319 0.858829028486773 509
1646514778344 0.8586880612842003 510
1646514778375 0.8585481213722479 511
1646514778511 0.8584092122307565 512
1646514778534 0.8582713373139349 513
1646514778560 0.8581345000502738 514
1646514778600 0.8579987038424614 515
1646514778631 0.857863952067298 516
1646514778660 0.8577302480756125 517
1646514778691 0.8575975951921787 518
1646514778816 0.857465996715633 519
1646514778843 0.8573354559183922 520
1646514778891 0.857205976046572 521
1646514778975 0.8570775603199067 522
1646514779038 0.8569502119316684 523
1646514779113 0.8568239340485885 524
1646514779174 0.856698729810778 525
1646514779356 0.8565746023316505 526
1646514779379 0.8564515546978437 527
1646514779424 0.8563295899691435 528
1646514779461 0.8562087111784071 529
1646514779505 0.8560889213314885 530
1646514779556 0.8559702234071631 531
1646514779592 0.8558526203570537 532
1646514779728 0.8557361151055572 533
1646514779772 0.8556207105497723 534
1646514779803 0.8555064095594266 535
1646514779841 0.8553932149768058 536
1646514779882 0.8552811296166831 537
1646514779925 0.8551701562662489 538
1646514779963 0.8550602976850417 539
1646514780108 0.854951556604879 540
1646514780147 0.8548439357297904 541
1646514780194 0.8547374377359492 542
1646514780304 0.8546320652716067 543
1646514780358 0.8545278209570258 544
1646514780407 0.8544247073844163 545
1646514780483 0.8543227271178699 546
1646514780598 0.854221882693297 547
1646514780618 0.8541221766183633 548
1646514780665 0.8540236113724274 549
1646514780698 0.8539261894064796 550
1646514780730 0.8538299131430802 551
1646514780759 0.8537347849763002 552
1646514780790 0.8536408072716606 553
1646514780902 0.8535479823660749 554
1646514780938 0.8534563125677898 555
1646514780969 0.8533658001563286 556
1646514780999 0.8532764473824342 557
1646514781030 0.8531882564680131 558
1646514781060 0.8531012296060803 559
1646514781075 0.8530153689607045 560
1646514781217 0.8529306766669548 561
1646514781239 0.8528471548308469 562
1646514781270 0.8527648055292915 563
1646514781315 0.8526836308100417 564
1646514781346 0.8526036326916434 565
1646514781376 0.8525248131633837 566
1646514781399 0.8524471741852423 567
1646514781516 0.8523707176878427 568
1646514781545 0.8522954455724038 569
1646514781576 0.8522213597106929 570
1646514781615 0.8521484619449794 571
1646514781646 0.8520767540879882 572
1646514781681 0.8520062379228556 573
1646514781699 0.851936915203084 574
1646514781821 0.8518687876524994 575
1646514781856 0.8518018569652073 576
1646514781887 0.8517361248055516 577
1646514781924 0.8516715928080726 578
1646514781955 0.8516082625774667 579
1646514781987 0.8515461356885461 580
1646514782015 0.8514852136862001 581
1646514782138 0.8514254980853566 582
1646514782173 0.851366990370944 583
1646514782200 0.8513096919978547 584
1646514782241 0.8512536043909088 585
1646514782272 0.8511987289448187 586
1646514782300 0.8511450670241545 587
1646514782347 0.8510926199633096 588
1646514782462 0.8510413890664684 589
1646514782483 0.8509913756075728 590
1646514782517 0.8509425808302914 591
1646514782558 0.8508950059479881 592
1646514782601 0.8508486521436921 593
1646514782663 0.8508035205700685 594
1646514782731 0.8507596123493896 595
1646514782952 0.8507169285735068 596
1646514782993 0.850675470303824 597
1646514783034 0.8506352385712702 598
1646514783090 0.8505962343762752 599
1646514783139 0.8505584586887436 600
1646514783182 0.8505219124480311 601
1646514783219 0.8504865965629215 602
1646514783351 0.8504525119116032 603
1646514783394 0.8504196593416484 604
1646514783434 0.8503880396699913 605
1646514783470 0.850357653682908 606
1646514783520 0.8503285021359972 607
1646514783552 0.8503005857541607 608
1646514783591 0.8502739052315863 609
1646514783728 0.8502484612317299 610
1646514783759 0.8502242543872992 611
1646514783804 0.850201285300238 612
1646514783841 0.8501795545417112 613
1646514783920 0.8501590626520904 614
1646514783966 0.850139810140941 615
1646514784027 0.8501217974870088 616
1646514784210 0.8501050251382086 617
1646514784236 0.8500894935116132 618
1646514784268 0.8500752029934424 619
1646514784305 0.8500621539390538 620
1646514784321 0.8500503466729342 621
1646514784368 0.850039781488691 622
1646514784415 0.8500304586490451 623
1646514784538 0.8500223783858248 624
1646514784579 0.8500155408999591 625
1646514784610 0.8500099463614738 626
1646514784638 0.8500055949094864 627
1646514784669 0.8500024866522028 628
1646514784715 0.8500006216669154 629
1646514784738 0.8500001141839123 630
1646514784861 0.8500004567351277 631
1646514784897 0.8500010276520816 632
1646514784938 0.8500018269321666 633
1646514784985 0.850002854571732 634
1646514785023 0.850004110566084 635
1646514785054 0.8500055949094864 636
1646514785096 0.8500073075951593 637
1646514785238 0.8500092486152805 638
1646514785275 0.8500114179609846 639
1646514785322 0.8500138156223634 640
1646514785369 0.850016441588466 641
1646514785400 0.8500192958472986 642
1646514785438 0.8500223783858248 643
1646514785485 0.8500256891899656 644
1646514785614 0.8500292282445993 645
1646514785638 0.8500329955335618 646
1646514785685 0.8500369910396466 647
1646514785720 0.8500412147446047 648
1646514785770 0.850045666629145 649
1646514785817 0.8500503466729342 650
1646514785854 0.8500552548545969 651
1646514786004 0.8500603911517155 652
1646514786030 0.8500657555408307 653
1646514786070 0.8500713479974417 654
1646514786115 0.8500771684960056 655
1646514786154 0.8500832170099379 656
1646514786201 0.8500894935116132 657
1646514786244 0.8500959979723643 658
1646514786433 0.8501027303624832 659
1646514786509 0.8501096906512204 660
1646514786579 0.850116878806786 661
1646514786640 0.850124294796349 662
1646514786701 0.850131938586038 663
1646514786740 0.850139810140941 664
1646514786787 0.8501479094251059 665
1646514786943 0.8501562364015404 666
1646514786981 0.8501647910322121 667
1646514787028 0.8501735732780491 668
1646514787066 0.8501825830989397 669
1646514787097 0.8501918204537328 670
1646514787156 0.850201285300238 671
1646514787187 0.8502109775952262 672
1646514787324 0.8502208972944292 673
1646514787354 0.85023104435254 674
1646514787401 0.8502414187232137 675
1646514787440 0.8502520203590664 676
1646514787476 0.850262849211677 677
1646514787523 0.8502739052315863 678
1646514787566 0.8502851883682973 679
1646514787742 0.850296698570276 680
1646514787843 0.8503084357849511 681
1646514787898 0.8503203999587147 682
1646514787929 0.850332591036922 683
1646514787971 0.8503450089638922 684
1646514787998 0.850357653682908 685
1646514788034 0.8503705251362167 686
1646514788149 0.8503836232650296 687
1646514788183 0.8503969480095228 688
1646514788214 0.8504104993088377 689
1646514788248 0.8504242771010805 690
1646514788283 0.850438281323323 691
1646514788322 0.8504525119116032 692
1646514788353 0.8504669688009249 693
1646514788466 0.850481651925258 694
1646514788488 0.8504965612175399 695
1646514788520 0.8505116966096742 696
1646514788563 0.8505270580325324 697
1646514788599 0.8505426454159531 698
1646514788635 0.8505584586887436 699
1646514788666 0.8505744977786787 700
1646514788773 0.8505907626125022 701
1646514788803 0.8506072531159269 702
1646514788834 0.8506239692136348 703
1646514788865 0.8506409108292775 704
1646514788899 0.8506580778854765 705
1646514788940 0.850675470303824 706
1646514788971 0.8506930880048822 707
1646514789088 0.8507109309081852 708
1646514789124 0.8507289989322379 709
1646514789160 0.8507472919945172 710
1646514789184 0.8507658100114721 711
1646514789221 0.8507845528985244 712
1646514789253 0.8508035205700685 713
1646514789284 0.8508227129394723 714
1646514789402 0.8508421299190775 715
1646514789423 0.8508617714201998 716
1646514789470 0.8508816373531294 717
1646514789503 0.8509017276271315 718
1646514789534 0.8509220421504468 719
1646514789570 0.8509425808302914 720
1646514789603 0.850963343572858 721
1646514789710 0.8509843302833157 722
1646514789737 0.8510055408658106 723
1646514789768 0.8510269752234666 724
1646514789802 0.8510486332583853 725
1646514789833 0.8510705148716468 726
1646514789869 0.8510926199633096 727
1646514789900 0.8511149484324124 728
1646514790024 0.8511375001769728 729
1646514790085 0.851160275093989 730
1646514790153 0.8511832730794398 731
1646514790210 0.8512064940282852 732
1646514790271 0.851229937834467 733
1646514790342 0.8512536043909088 734
1646514790389 0.8512774935895171 735
1646514790557 0.8513016053211814 736
1646514790594 0.8513259394757747 737
1646514790633 0.8513504959421545 738
1646514790665 0.8513752746081624 739
1646514790712 0.8514002753606256 740
1646514790751 0.8514254980853566 741
1646514790798 0.8514509426671544 742
1646514790906 0.8514766089898043 743
1646514790939 0.8515024969360792 744
1646514790971 0.8515286063877395 745
1646514791005 0.8515549372255342 746
1646514791034 0.8515814893292009 747
1646514791085 0.8516082625774667 748
1646514791136 0.8516352568480485 749
1646514791319 0.851662472017654 750
1646514791382 0.8516899079619817 751
1646514791470 0.851717564555722 752
1646514791536 0.8517454416725573 753
1646514791568 0.8517735391851629 754
1646514791609 0.8518018569652073 755
1646514791637 0.8518303948833533 756
1646514791743 0.851859152809258 757
1646514791766 0.8518881306115735 758
1646514791797 0.8519173281579482 759
1646514791839 0.8519467453150262 760
1646514791871 0.851976381948449 761
1646514791904 0.8520062379228556 762
1646514791922 0.8520363131018829 763
1646514792040 0.852066607348167 764
1646514792081 0.8520971205233432 765
1646514792122 0.852127852488047 766
1646514792153 0.8521588031019145 767
1646514792188 0.8521899722235834 768
1646514792222 0.8522213597106929 769
1646514792236 0.8522529654198855 770
1646514792359 0.8522847892068064 771
1646514792382 0.8523168309261051 772
1646514792422 0.8523490904314356 773
1646514792456 0.8523815675754574 774
1646514792487 0.8524142622098356 775
1646514792522 0.8524471741852423 776
1646514792537 0.8524803033513567 777
1646514792662 0.8525136495568661 778
1646514792699 0.8525472126494665 779
1646514792721 0.8525809924758634 780
1646514792764 0.852614988881772 781
1646514792795 0.8526492017119189 782
1646514792821 0.8526836308100417 783
1646514792853 0.8527182760188906 784
1646514792966 0.8527531371802285 785
1646514793002 0.8527882141348321 786
1646514793037 0.8528235067224923 787
1646514793073 0.8528590147820153 788
1646514793104 0.8528947381512233 789
1646514793147 0.8529306766669548 790
1646514793178 0.8529668301650658 791
1646514793324 0.8530031984804305 792
1646514793346 0.8530397814469417 793
1646514793377 0.853076578897512 794
1646514793421 0.8531135906640742 795
1646514793453 0.8531508165775826 796
1646514793488 0.8531882564680131 797
1646514793521 0.8532259101643643 798
1646514793637 0.8532637774946584 799
1646514793666 0.8533018582859418 800
1646514793721 0.853340152364286 801
1646514793781 0.8533786595547881 802
1646514793837 0.8534173796815723 803
1646514793900 0.8534563125677898 804
1646514793964 0.8534954580356202 805
1646514794144 0.8535348159062723 806
1646514794194 0.8535743859999848 807
1646514794233 0.8536141681360266 808
1646514794285 0.8536541621326988 809
1646514794319 0.8536943678073345 810
1646514794354 0.8537347849763002 811
1646514794397 0.8537754134549959 812
1646514794537 0.8538162530578571 813
1646514794562 0.8538573035983548 814
1646514794609 0.8538985648889964 815
1646514794655 0.8539400367413271 816
1646514794686 0.8539817189659299 817
1646514794732 0.8540236113724274 818
1646514794784 0.854065713769482 819
1646514794893 0.8541080259647971 820
1646514794933 0.8541505477651177 821
1646514794970 0.8541932789762317 822
1646514795055 0.8542362194029703 823
1646514795117 0.8542793688492094 824
1646514795216 0.8543227271178699 825
1646514795266 0.8543662940109193 826
1646514795403 0.8544100693293721 827
1646514795425 0.8544540528732907 828
1646514795467 0.8544982444417867 829
1646514795499 0.8545426438330213 830
1646514795530 0.8545872508442066 831
1646514795567 0.8546320652716067 832
1646514795598 0.8546770869105381 833
1646514795707 0.8547223155553707 834
1646514795737 0.8547677509995295 835
1646514795767 0.8548133930354943 836
1646514795809 0.8548592414548019 837
1646514795841 0.854905296048046 838
1646514795868 0.854951556604879 839
1646514795899 0.8549980229140125 840
1646514796014 0.8550446947632181 841
1646514796037 0.855091571939329 842
1646514796068 0.8551386542282404 843
1646514796115 0.8551859414149107 844
1646514796146 0.8552334332833623 845
1646514796186 0.8552811296166831 846
1646514796217 0.8553290301970269 847
1646514796327 0.8553771348056147 848
1646514796358 0.8554254432227355 849
1646514796384 0.8554739552277476 850
1646514796426 0.8555226705990794 851
1646514796457 0.8555715891142304 852
1646514796497 0.8556207105497723 853
1646514796514 0.85567003468135 854
1646514796638 0.8557195612836825 855
1646514796669 0.8557692901305645 856
1646514796700 0.8558192209948662 857
1646514796732 0.8558693536485358 858
1646514796763 0.8559196878625995 859
1646514796796 0.8559702234071631 860
1646514796827 0.8560209600514126 861
1646514796937 0.8560718975636158 862
1646514796969 0.8561230357111228 863
1646514797001 0.8561743742603676 864
1646514797039 0.8562259129768686 865
1646514797069 0.8562776516252302 866
1646514797111 0.8563295899691434 867
1646514797158 0.8563817277713875 868
1646514797263 0.8564340647938306 869
1646514797289 0.8564866007974304 870
1646514797320 0.8565393355422368 871
1646514797362 0.856592268787391 872
1646514797385 0.8566454002911283 873
1646514797430 0.856698729810778 874
1646514797486 0.8567522571027653 875
1646514797723 0.8568059819226118 876
1646514797774 0.8568599040249373 877
1646514797820 0.8569140231634602 878
1646514797867 0.8569683390909991 879
1646514797910 0.857022851559474 880
1646514797942 0.8570775603199067 881
1646514797976 0.8571324651224229 882
1646514798123 0.857187565716253 883
1646514798166 0.8572428618497326 884
1646514798217 0.8572983532703049 885
1646514798264 0.8573540397245205 886
1646514798292 0.8574099209580398 887
1646514798323 0.857465996715633 888
1646514798370 0.8575222667411823 889
1646514798492 0.8575787307776823 890
1646514798531 0.8576353885672419 891
1646514798578 0.8576922398510843 892
1646514798611 0.8577492843695499 893
1646514798657 0.8578065218620958 894
1646514798708 0.857863952067298 895
1646514798786 0.8579215747228524 896
1646514799013 0.8579793895655755 897
1646514799038 0.8580373963314065 898
1646514799075 0.858095594755408 899
1646514799110 0.8581539845717667 900
1646514799150 0.8582125655137957 901
1646514799175 0.8582713373139348 902
1646514799214 0.8583302997037525 903
1646514799316 0.8583894524139463 904
1646514799347 0.8584487951743448 905
1646514799406 0.8585083277139084 906
1646514799447 0.8585680497607309 907
1646514799478 0.8586279610420402 908
1646514799525 0.8586880612842003 909
1646514799556 0.8587483502127118 910
1646514799676 0.8588088275522139 911
1646514799715 0.8588694930264849 912
1646514799746 0.8589303463584439 913
1646514799792 0.8589913872701522 914
1646514799823 0.8590526154828141 915
1646514799865 0.8591140307167784 916
1646514799891 0.8591756326915401 917
1646514800014 0.8592374211257408 918
1646514800040 0.8592993957371707 919
1646514800091 0.8593615562427699 920
1646514800128 0.8594239023586289 921
1646514800176 0.8594864337999909 922
1646514800207 0.8595491502812526 923
1646514800247 0.8596120515159653 924
1646514800366 0.8596751372168369 925
1646514800395 0.8597384070957321 926
1646514800442 0.8598018608636753 927
1646514800476 0.8598654982308501 928
1646514800513 0.8599293189066022 929
1646514800560 0.8599933225994396 930
1646514800604 0.8600575090170349 931
1646514800746 0.8601218778662257 932
1646514800792 0.8601864288530165 933
1646514800838 0.8602511616825801 934
1646514800876 0.8603160760592583 935
1646514800924 0.8603811716865643 936
1646514800971 0.8604464482671829 937
1646514801005 0.8605119055029729 938
1646514801141 0.8605775430949676 939
1646514801199 0.8606433607433768 940
1646514801260 0.8607093581475879 941
1646514801371 0.8607755350061671 942
1646514801430 0.8608418910168611 943
1646514801524 0.8609084258765984 944
1646514801615 0.8609751392814907 945
1646514801828 0.861042030926834 946
1646514801919 0.8611091005071101 947
1646514802011 0.8611763477159886 948
1646514802090 0.8612437722463274 949
1646514802133 0.8613113737901746 950
1646514802161 0.86137915203877 951
1646514802203 0.8614471066825461 952
1646514802322 0.8615152374111297 953
1646514802361 0.8615835439133436 954
1646514802392 0.8616520258772076 955
1646514802429 0.8617206829899402 956
1646514802461 0.86178951493796 957
1646514802505 0.8618585214068867 958
1646514802536 0.8619277020815432 959
1646514802675 0.8619970566459569 960
1646514802732 0.8620665847833607 961
1646514802761 0.8621362861761948 962
1646514802817 0.8622061605061079 963
1646514802861 0.8622762074539593 964
1646514802892 0.8623464266998194 965
1646514802938 0.8624168179229721 966
1646514803090 0.8624873808019154 967
1646514803132 0.8625581150143635 968
1646514803164 0.8626290202372482 969
1646514803207 0.8627000961467199 970
1646514803233 0.8627713424181496 971
1646514803284 0.8628427587261303 972
1646514803325 0.862914344744478 973
1646514803511 0.8629861001462342 974
1646514803564 0.8630580246036661 975
1646514803611 0.8631301177882692 976
1646514803715 0.8632023793707683 977
1646514803756 0.8632748090211187 978
1646514803791 0.8633474064085087 979
1646514803807 0.8634201712013599 980
1646514803925 0.8634931030673297 981
1646514803951 0.8635662016733122 982
1646514803982 0.8636394666854401 983
1646514804021 0.8637128977690859 984
1646514804057 0.8637864945888636 985
1646514804088 0.8638602568086304 986
1646514804126 0.8639341840914879 987
1646514804247 0.8640082760997838 988
1646514804271 0.8640825324951136 989
1646514804303 0.8641569529383217 990
1646514804345 0.8642315370895036 991
1646514804377 0.8643062846080068 992
1646514804416 0.8643811951524327 993
1646514804441 0.8644562683806383 994
1646514804561 0.8645315039497371 995
1646514804584 0.8646069015161016 996
1646514804626 0.8646824607353644 997
1646514804660 0.8647581812624194 998
1646514804691 0.864834062751424 999
1646514804726 0.8649101048558004 1000
1646514804758 0.8649863072282372 1001
1646514804879 0.8650626695206911 1002
1646514804898 0.8651391913843881 1003
1646514804942 0.8652158724698257 1004
1646514804977 0.865292712426774 1005
1646514805008 0.8653697109042775 1006
1646514805048 0.8654468675506567 1007
1646514805079 0.8655241820135098 1008
1646514805216 0.865601653939714 1009
1646514805245 0.8656792829754274 1010
1646514805277 0.8657570687660906 1011
1646514805316 0.865835010956428 1012
1646514805342 0.86591310919045 1013
1646514805382 0.865991363111454 1014
1646514805413 0.8660697723620265 1015
1646514805518 0.8661483365840446 1016
1646514805546 0.8662270554186772 1017
1646514805592 0.8663059285063875 1018
1646514805627 0.8663849554869342 1019
1646514805659 0.8664641359993726 1020
1646514805699 0.8665434696820571 1021
1646514805728 0.8666229561726426 1022
1646514805856 0.8667025951080859 1023
1646514805918 0.8667823861246476 1024
1646514805959 0.8668623288578938 1025
1646514806021 0.8669424229426974 1026
1646514806081 0.8670226680132402 1027
1646514806150 0.8671030637030144 1028
1646514806203 0.8671836096448241 1029
1646514806351 0.8672643054707874 1030
1646514806382 0.8673451508123375 1031
1646514806429 0.8674261453002252 1032
1646514806473 0.8675072885645196 1033
1646514806501 0.8675885802346106 1034
1646514806551 0.86767001993921 1035
1646514806582 0.8677516073063538 1036
1646514806731 0.8678333419634032 1037
1646514806768 0.8679152235370472 1038
1646514806798 0.8679972516533032 1039
1646514806841 0.8680794259375197 1040
1646514806882 0.8681617460143773 1041
1646514806928 0.868244211507891 1042
1646514806959 0.8683268220414114 1043
1646514807150 0.8684095772376269 1044
1646514807217 0.8684924767185649 1045
1646514807315 0.8685755201055938 1046
1646514807365 0.868658707019425 1047
1646514807393 0.8687420370801142 1048
1646514807425 0.8688255099070633 1049
1646514807467 0.8689091251190221 1050
1646514807569 0.8689928823340901 1051
1646514807593 0.8690767811697184 1052
1646514807640 0.8691608212427109 1053
1646514807669 0.8692450021692267 1054
1646514807693 0.8693293235647817 1055
1646514807732 0.8694137850442496 1056
1646514807763 0.8694983862218651 1057
1646514807871 0.8695831267112243 1058
1646514807894 0.8696680061252872 1059
1646514807926 0.8697530240763792 1060
1646514807963 0.8698381801761932 1061
1646514807993 0.8699234740357906 1062
1646514808032 0.8700089052656043 1063
1646514808063 0.8700944734754392 1064
1646514808180 0.8701801782744748 1065
1646514808214 0.8702660192712668 1066
1646514808245 0.8703519960737487 1067
1646514808279 0.8704381082892338 1068
1646514808309 0.870524355524417 1069
1646514808341 0.8706107373853763 1070
1646514808357 0.8706972534775751 1071
1646514808476 0.8707839034058633 1072
1646514808506 0.8708706867744802 1073
1646514808553 0.8709576031870548 1074
1646514808584 0.8710446522466091 1075
1646514808610 0.871131833555559 1076
1646514808643 0.8712191467157163 1077
1646514808674 0.8713065913282907 1078
1646514808785 0.8713941669938915 1079
1646514808814 0.8714818733125294 1080
1646514808845 0.8715697098836184 1081
1646514808895 0.8716576763059775 1082
1646514808926 0.8717457721778328 1083
1646514808960 0.8718339970968189 1084
1646514808975 0.8719223506599812 1085
1646514809095 0.8720108324637776 1086
1646514809133 0.8720994421040801 1087
1646514809164 0.8721881791761767 1088
1646514809195 0.8722770432747738 1089
1646514809226 0.8723660339939974 1090
1646514809271 0.8724551509273948 1091
1646514809311 0.8725443936679376 1092
1646514809438 0.8726337618080222 1093
1646514809470 0.8727232549394726 1094
1646514809511 0.8728128726535415 1095
1646514809595 0.872902614540913 1096
1646514809642 0.872992480191704 1097
1646514809718 0.8730824691954658 1098
1646514809799 0.8731725811411868 1099
1646514810048 0.8732628156172935 1100
1646514810101 0.8733531722116529 1101
1646514810155 0.8734436505115741 1102
1646514810202 0.8735342501038106 1103
1646514810238 0.8736249705745618 1104
1646514810277 0.8737158115094747 1105
1646514810324 0.8738067724936467 1106
1646514810470 0.8738978531116264 1107
1646514810514 0.8739890529474161 1108
1646514810581 0.8740803715844737 1109
1646514810624 0.8741718086057144 1110
1646514810672 0.8742633635935129 1111
1646514810718 0.8743550361297047 1112
1646514810750 0.8744468257955886 1113
1646514810879 0.8745387321719288 1114
1646514810903 0.8746307548389558 1115
1646514810934 0.8747228933763695 1116
1646514810977 0.8748151473633402 1117
1646514811002 0.874907516378511 1118
1646514811051 0.875 1119
1646514811066 0.8750925978054012 1120
1646514811212 0.8751853093717874 1121
1646514811256 0.8752781342757121 1122
1646514811303 0.8753710720932107 1123
1646514811343 0.8754641223998031 1124
1646514811374 0.8755572847704953 1125
1646514811403 0.8756505587797816 1126
1646514811434 0.8757439440016463 1127
1646514811547 0.875837440009566 1128
1646514811585 0.8759310463765109 1129
1646514811619 0.8760247626749473 1130
1646514811656 0.8761185884768397 1131
1646514811703 0.8762125233536519 1132
1646514811762 0.87630656687635 1133
1646514811803 0.8764007186154038 1134
1646514811950 0.8764949781407887 1135
1646514812003 0.8765893450219877 1136
1646514812040 0.8766838188279937 1137
1646514812087 0.8767783991273113 1138
1646514812135 0.8768730854879582 1139
1646514812181 0.8769678774774683 1140
1646514812224 0.8770627746628928 1141
1646514812369 0.8771577766108024 1142
1646514812419 0.8772528828872892 1143
1646514812470 0.8773480930579691 1144
1646514812521 0.8774434066879833 1145
1646514812580 0.8775388233420003 1146
1646514812622 0.8776343425842184 1147
1646514812663 0.877729963978367 1148
1646514812791 0.8778256870877092 1149
1646514812836 0.8779215114750436 1150
1646514812873 0.8780174367027058 1151
1646514812921 0.8781134623325713 1152
1646514812958 0.8782095879260566 1153
1646514813010 0.878305813044122 1154
1646514813042 0.8784021372472731 1155
1646514813168 0.8784985600955628 1156
1646514813211 0.8785950811485936 1157
1646514813242 0.8786916999655197 1158
1646514813283 0.8787884161050481 1159
1646514813314 0.878885229125442 1160
1646514813358 0.8789821385845217 1161
1646514813437 0.8790791440396672 1162
1646514813663 0.87917624504782 1163
1646514813716 0.8792734411654852 1164
1646514813750 0.8793707319487334 1165
1646514813792 0.879468116953203 1166
1646514813834 0.879565595734102 1167
1646514813880 0.8796631678462099 1168
1646514813912 0.8797608328438803 1169
1646514814058 0.8798585902810421 1170
1646514814102 0.8799564397112024 1171
1646514814150 0.8800543806874479 1172
1646514814216 0.8801524127624473 1173
1646514814265 0.880250535488453 1174
1646514814308 0.8803487484173038 1175
1646514814359 0.8804470511004261 1176
1646514814497 0.8805454430888364 1177
1646514814534 0.8806439239331436 1178
1646514814579 0.8807424931835505 1179
1646514814614 0.8808411503898561 1180
1646514814664 0.8809398951014579 1181
1646514814701 0.8810387268673535 1182
1646514814732 0.8811376452361431 1183
1646514814927 0.8812366497560312 1184
1646514815022 0.881335739974829 1185
1646514815065 0.8814349154399558 1186
1646514815097 0.8815341756984422 1187
1646514815142 0.881633520296931 1188
1646514815165 0.8817329487816802 1189
1646514815203 0.8818324606985644 1190
1646514815326 0.8819320555930772 1191
1646514815350 0.8820317330103331 1192
1646514815397 0.88213149249507 1193
1646514815426 0.8822313335916505 1194
1646514815465 0.882331255844065 1195
1646514815495 0.8824312587959329 1196
1646514815526 0.8825313419905049 1197
1646514815635 0.8826315049706654 1198
1646514815655 0.8827317472789346 1199
1646514815687 0.8828320684574699 1200
1646514815729 0.8829324680480688 1201
1646514815766 0.8830329455921706 1202
1646514815809 0.8831335006308585 1203
1646514815825 0.8832341327048617 1204
1646514815949 0.8833348413545579 1205
1646514815972 0.8834356261199745 1206
1646514816003 0.8835364865407918 1207
1646514816046 0.8836374221563441 1208
1646514816066 0.8837384325056226 1209
1646514816113 0.8838395171272769 1210
1646514816151 0.8839406755596176 1211
1646514816267 0.8840419073406182 1212
1646514816292 0.8841432120079168 1213
1646514816324 0.8842445890988189 1214
1646514816368 0.8843460381502993 1215
1646514816399 0.8844475586990042 1216
1646514816437 0.8845491502812526 1217
1646514816467 0.8846508124330399 1218
1646514816590 0.8847525446900386 1219
1646514816627 0.8848543465876013 1220
1646514816667 0.8849562176607626 1221
1646514816702 0.8850581574442407 1222
1646514816733 0.8851601654724405 1223
1646514816768 0.8852622412794547 1224
1646514816783 0.8853643843990671 1225
1646514816914 0.8854665943647533 1226
1646514816952 0.885568870709684 1227
1646514816983 0.885671212966727 1228
1646514817022 0.8857736206684483 1229
1646514817052 0.8858760933471157 1230
1646514817105 0.8859786305346998 1231
1646514817152 0.8860812317628768 1232
1646514817375 0.8861838965630302 1233
1646514817447 0.8862866244662535 1234
1646514817528 0.8863894150033514 1235
1646514817579 0.8864922677048431 1236
1646514817650 0.8865951821009637 1237
1646514817701 0.8866981577216662 1238
1646514817762 0.8868011940966245 1239
1646514817914 0.8869042907552346 1240
1646514817976 0.8870074472266173 1241
1646514818023 0.8871106630396203 1242
1646514818074 0.8872139377228202 1243
1646514818121 0.8873172708045246 1244
1646514818158 0.8874206618127746 1245
1646514818205 0.8875241102753464 1246
1646514818360 0.8876276157197542 1247
1646514818406 0.8877311776732517 1248
1646514818441 0.8878347956628345 1249
1646514818482 0.8879384692152423 1250
1646514818535 0.888042197856961 1251
1646514818574 0.888145981114225 1252
1646514818657 0.8882498185130192 1253
1646514818895 0.888353709579081 1254
1646514818944 0.888457653837903 1255
1646514819000 0.8885616508147347 1256
1646514819047 0.8886657000345848 1257
1646514819085 0.8887698010222234 1258
1646514819116 0.8888739533021842 1259
1646514819159 0.8889781563987667 1260
1646514819270 0.8890824098360381 1261
1646514819294 0.8891867131378358 1262
1646514819325 0.8892910658277694 1263
1646514819363 0.8893954674292232 1264
1646514819385 0.8894999174653575 1265
1646514819426 0.8896044154591121 1266
1646514819442 0.8897089609332071 1267
1646514819565 0.8898135534101462 1268
1646514819603 0.8899181924122183 1269
1646514819635 0.8900228774614998 1270
1646514819669 0.8901276080798566 1271
1646514819701 0.8902323837889468 1272
1646514819732 0.8903372041102223 1273
1646514819763 0.8904420685649314 1274
1646514819870 0.8905469766741205 1275
1646514819906 0.8906519279586373 1276
1646514819937 0.8907569219391316 1277
1646514819971 0.8908619581360584 1278
1646514820001 0.89096703606968 1279
1646514820032 0.8910721552600681 1280
1646514820063 0.8911773152271059 1281
1646514820186 0.8912825154904902 1282
1646514820217 0.891387755569734 1283
1646514820248 0.8914930349841683 1284
1646514820286 0.8915983532529446 1285
1646514820317 0.8917037098950366 1286
1646514820361 0.8918091044292431 1287
1646514820386 0.8919145363741896 1288
1646514820505 0.892020005248331 1289
1646514820529 0.8921255105699532 1290
1646514820560 0.8922310518571758 1291
1646514820602 0.8923366286279542 1292
1646514820633 0.8924422404000816 1293
1646514820666 0.8925478866911912 1294
1646514820702 0.8926535670187591 1295
1646514820822 0.8927592809001053 1296
1646514820850 0.8928650278523969 1297
1646514820918 0.8929708073926498 1298
1646514820964 0.8930766190377313 1299
1646514821034 0.8931824623043617 1300
1646514821118 0.8932883367091172 1301
1646514821160 0.8933942417684316 1302
1646514821344 0.8935001769985987 1303
1646514821379 0.8936061419157747 1304
1646514821410 0.8937121360359799 1305
1646514821452 0.8938181588751013 1306
1646514821494 0.893924209948895 1307
1646514821529 0.8940302887729877 1308
1646514821563 0.8941363948628799 1309
1646514821706 0.894242527733947 1310
1646514821743 0.8943486869014424 1311
1646514821779 0.8944548718804994 1312
1646514821824 0.8945610821861334 1313
1646514821879 0.894667317333244 1314
1646514821914 0.8947735768366173 1315
1646514821945 0.8948798602109284 1316
1646514822067 0.8949861669707432 1317
1646514822103 0.8950924966305208 1318
1646514822164 0.8951988487046159 1319
1646514822227 0.8953052227072804 1320
1646514822296 0.8954116181526666 1321
1646514822347 0.8955180345548283 1322
1646514822426 0.895624471427724 1323
1646514822538 0.8957309282852185 1324
1646514822561 0.8958374046410855 1325
1646514822592 0.8959439000090094 1326
1646514822636 0.8960504139025879 1327
1646514822667 0.8961569458353341 1328
1646514822702 0.8962634953206787 1329
1646514822733 0.8963700618719723 1330
1646514822840 0.8964766450024872 1331
1646514822876 0.8965832442254206 1332
1646514822908 0.8966898590538956 1333
1646514822936 0.8967964890009643 1334
1646514822968 0.8969031335796098 1335
1646514823009 0.8970097923027482 1336
1646514823036 0.8971164646832313 1337
1646514823155 0.8972231502338479 1338
1646514823190 0.8973298484673276 1339
1646514823206 0.897436558896341 1340
1646514823253 0.8975432810335039 1341
1646514823284 0.897650014391378 1342
1646514823315 0.8977567584824742 1343
1646514823337 0.8978635128192541 1344
1646514823460 0.8979702769141327 1345
1646514823497 0.89807705027948 1346
1646514823528 0.8981838324276243 1347
1646514823560 0.8982906228708534 1348
1646514823591 0.8983974211214172 1349
1646514823620 0.8985042266915301 1350
1646514823653 0.8986110390933728 1351
1646514823761 0.8987178578390952 1352
1646514823785 0.8988246824408179 1353
1646514823817 0.8989315124106348 1354
1646514823861 0.8990383472606156 1355
1646514823892 0.8991451865028072 1356
1646514823924 0.8992520296492368 1357
1646514823953 0.8993588762119136 1358
1646514824076 0.8994657257028313 1359
1646514824116 0.8995725776339702 1360
1646514824137 0.8996794315172995 1361
1646514824182 0.8997862868647791 1362
1646514824213 0.899893143188363 1363
1646514824238 0.8999999999999999 1364
1646514824285 0.9001068568116369 1365
1646514824397 0.9002137131352208 1366
1646514824420 0.9003205684827005 1367
1646514824453 0.9004274223660297 1368
1646514824493 0.9005342742971686 1369
1646514824524 0.9006411237880864 1370
1646514824565 0.9007479703507631 1371
1646514824597 0.9008548134971928 1372
1646514824841 0.9009616527393843 1373
1646514824899 0.9010684875893651 1374
1646514824942 0.901175317559182 1375
1646514824981 0.9012821421609047 1376
1646514825028 0.9013889609066271 1377
1646514825081 0.9014957733084699 1378
1646514825112 0.9016025788785827 1379
1646514825248 0.9017093771291464 1380
1646514825297 0.9018161675723756 1381
1646514825328 0.9019229497205199 1382
1646514825381 0.9020297230858673 1383
1646514825413 0.9021364871807458 1384
1646514825455 0.9022432415175257 1385
1646514825481 0.9023499856086219 1386
1646514825614 0.902456718966496 1387
1646514825651 0.9025634411036589 1388
1646514825682 0.9026701515326724 1389
1646514825729 0.9027768497661519 1390
1646514825764 0.9028835353167687 1391
1646514825797 0.9029902076972517 1392
1646514825836 0.9030968664203901 1393
1646514826065 0.9032035109990356 1394
1646514826155 0.9033101409461043 1395
1646514826185 0.9034167557745794 1396
1646514826217 0.9035233549975127 1397
1646514826259 0.9036299381280276 1398
1646514826286 0.9037365046793212 1399
1646514826311 0.9038430541646658 1400
1646514826423 0.903949586097412 1401
1646514826462 0.9040560999909906 1402
1646514826486 0.9041625953589144 1403
1646514826531 0.9042690717147814 1404
1646514826562 0.9043755285722759 1405
1646514826586 0.9044819654451717 1406
1646514826617 0.9045883818473334 1407
1646514826741 0.9046947772927195 1408
1646514826775 0.9048011512953841 1409
1646514826802 0.9049075033694791 1410
1646514826835 0.9050138330292568 1411
1646514826866 0.9051201397890716 1412
1646514826903 0.9052264231633826 1413
1646514826919 0.9053326826667559 1414
1646514827040 0.9054389178138665 1415
1646514827062 0.9055451281195005 1416
1646514827103 0.9056513130985575 1417
1646514827143 0.905757472266053 1418
1646514827187 0.90586360513712 1419
1646514827224 0.9059697112270122 1420
1646514827240 0.906075790051105 1421
1646514827364 0.9061818411248986 1422
1646514827387 0.9062878639640201 1423
1646514827418 0.9063938580842252 1424
1646514827460 0.9064998230014012 1425
1646514827487 0.9066057582315683 1426
1646514827522 0.9067116632908827 1427
1646514827537 0.9068175376956382 1428
1646514827656 0.9069233809622687 1429
1646514827688 0.9070291926073502 1430
1646514827719 0.9071349721476031 1431
1646514827761 0.9072407190998947 1432
1646514827803 0.9073464329812408 1433
1646514827836 0.9074521133088087 1434
1646514827867 0.9075577595999184 1435
1646514827974 0.9076633713720458 1436
1646514827993 0.9077689481428242 1437
1646514828040 0.9078744894300468 1438
1646514828074 0.9079799947516689 1439
1646514828104 0.9080854636258103 1440
1646514828143 0.9081908955707568 1441
1646514828183 0.9082962901049634 1442
1646514828288 0.9084016467470554 1443
1646514828329 0.9085069650158316 1444
1646514828360 0.9086122444302659 1445
1646514828423 0.9087174845095097 1446
1646514828489 0.9088226847728941 1447
1646514828545 0.9089278447399318 1448
1646514828622 0.9090329639303198 1449
1646514828814 0.9091380418639415 1450
1646514828863 0.9092430780608685 1451
1646514828906 0.9093480720413626 1452
1646514828956 0.9094530233258793 1453
1646514829007 0.9095579314350686 1454
1646514829056 0.9096627958897776 1455
1646514829086 0.9097676162110532 1456
1646514829226 0.9098723919201434 1457
1646514829252 0.9099771225385002 1458
1646514829286 0.9100818075877816 1459
1646514829332 0.9101864465898537 1460
1646514829379 0.9102910390667929 1461
1646514829412 0.910395584540888 1462
1646514829444 0.9105000825346424 1463
1646514829586 0.9106045325707768 1464
1646514829610 0.9107089341722305 1465
1646514829672 0.9108132868621641 1466
1646514829736 0.9109175901639618 1467
1646514829799 0.9110218436012333 1468
1646514829898 0.9111260466978157 1469
1646514829949 0.9112301989777765 1470
1646514830060 0.9113342999654152 1471
1646514830080 0.9114383491852652 1472
1646514830127 0.911542346162097 1473
1646514830159 0.9116462904209188 1474
1646514830191 0.9117501814869807 1475
1646514830230 0.9118540188857749 1476
1646514830260 0.9119578021430388 1477
1646514830378 0.9120615307847576 1478
1646514830402 0.9121652043371654 1479
1646514830449 0.9122688223267482 1480
1646514830480 0.9123723842802457 1481
1646514830502 0.9124758897246535 1482
1646514830544 0.9125793381872254 1483
1646514830576 0.9126827291954753 1484
1646514830684 0.9127860622771797 1485
1646514830709 0.9128893369603795 1486
1646514830740 0.9129925527733826 1487
1646514830778 0.9130957092447654 1488
1646514830809 0.9131988059033754 1489
1646514830840 0.9133018422783337 1490
1646514830861 0.9134048178990363 1491
1646514830985 0.9135077322951568 1492
1646514831025 0.9136105849966485 1493
1646514831061 0.9137133755337464 1494
1646514831090 0.9138161034369696 1495
1646514831121 0.9139187682371231 1496
1646514831161 0.9140213694653001 1497
1646514831197 0.9141239066528842 1498
1646514831300 0.9142263793315516 1499
1646514831320 0.9143287870332729 1500
1646514831361 0.9144311292903158 1501
1646514831394 0.9145334056352467 1502
1646514831425 0.9146356156009329 1503
1646514831461 0.9147377587205452 1504
1646514831493 0.9148398345275595 1505
1646514831610 0.9149418425557593 1506
1646514831632 0.9150437823392373 1507
1646514831677 0.9151456534123985 1508
1646514831710 0.9152474553099613 1509
1646514831742 0.91534918756696 1510
1646514831782 0.9154508497187474 1511
1646514831813 0.9155524413009958 1512
1646514831930 0.9156539618497005 1513
1646514831962 0.915755410901181 1514
1646514831993 0.9158567879920831 1515
1646514832036 0.9159580926593818 1516
1646514832062 0.9160593244403822 1517
1646514832112 0.916160482872723 1518
1646514832178 0.9162615674943773 1519
1646514832395 0.9163625778436558 1520
1646514832466 0.9164635134592082 1521
1646514832514 0.9165643738800254 1522
1646514832556 0.9166651586454421 1523
1646514832612 0.9167658672951382 1524
1646514832649 0.9168664993691414 1525
1646514832696 0.9169670544078293 1526
1646514832860 0.9170675319519311 1527
1646514832917 0.9171679315425301 1528
1646514832956 0.9172682527210654 1529
1646514833014 0.9173684950293345 1530
1646514833079 0.9174686580094951 1531
1646514833125 0.9175687412040671 1532
1646514833156 0.9176687441559349 1533
1646514833314 0.9177686664083494 1534
1646514833362 0.91786850750493 1535
1646514833408 0.9179682669896668 1536
1646514833457 0.9180679444069227 1537
1646514833503 0.9181675393014356 1538
1646514833565 0.9182670512183198 1539
1646514833626 0.918366479703069 1540
1646514833849 0.9184658243015578 1541
1646514833920 0.9185650845600442 1542
1646514834031 0.918664260025171 1543
1646514834113 0.9187633502439687 1544
1646514834164 0.9188623547638568 1545
1646514834214 0.9189612731326464 1546
1646514834263 0.9190601048985421 1547
1646514834402 0.9191588496101438 1548
1646514834436 0.9192575068164495 1549
1646514834483 0.9193560760668563 1550
1646514834530 0.9194545569111635 1551
1646514834577 0.919552948899574 1552
1646514834641 0.9196512515826961 1553
1646514834673 0.9197494645115469 1554
1646514834818 0.9198475872375527 1555
1646514834850 0.919945619312552 1556
1646514834897 0.9200435602887975 1557
1646514834948 0.9201414097189579 1558
1646514834998 0.9202391671561196 1559
1646514835042 0.9203368321537899 1560
1646514835073 0.920434404265898 1561
1646514835226 0.9205318830467969 1562
1646514835265 0.9206292680512664 1563
1646514835297 0.9207265588345147 1564
1646514835342 0.9208237549521799 1565
1646514835389 0.9209208559603327 1566
1646514835426 0.9210178614154783 1567
1646514835473 0.921114770874558 1568
1646514835593 0.9212115838949518 1569
1646514835626 0.9213083000344803 1570
1646514835673 0.9214049188514062 1571
1646514835727 0.9215014399044371 1572
1646514835758 0.9215978627527268 1573
1646514835793 0.9216941869558779 1574
1646514835827 0.9217904120739433 1575
1646514835999 0.9218865376674287 1576
1646514836050 0.9219825632972941 1577
1646514836150 0.9220784885249563 1578
1646514836221 0.9221743129122907 1579
1646514836280 0.9222700360216329 1580
1646514836374 0.9223656574157816 1581
1646514836415 0.9224611766579996 1582
1646514836619 0.9225565933120167 1583
1646514836657 0.9226519069420308 1584
1646514836704 0.9227471171127106 1585
1646514836742 0.9228422233891975 1586
1646514836792 0.9229372253371071 1587
1646514836834 0.9230321225225315 1588
1646514836873 0.9231269145120418 1589
1646514837000 0.9232216008726887 1590
1646514837039 0.9233161811720062 1591
1646514837073 0.9234106549780122 1592
1646514837109 0.9235050218592112 1593
1646514837173 0.9235992813845961 1594
1646514837204 0.9236934331236499 1595
1646514837245 0.9237874766463481 1596
1646514837542 0.9238814115231604 1597
1646514837580 0.9239752373250526 1598
1646514837611 0.9240689536234891 1599
1646514837657 0.924162559990434 1600
1646514837689 0.9242560559983536 1601
1646514837738 0.9243494412202183 1602
1646514837783 0.9244427152295046 1603
1646514837917 0.9245358776001968 1604
1646514837958 0.9246289279067892 1605
1646514837995 0.9247218657242878 1606
1646514838026 0.9248146906282124 1607
1646514838073 0.9249074021945988 1608
1646514838089 0.9249999999999999 1609
1646514838133 0.9250924836214889 1610
1646514838258 0.9251848526366597 1611
1646514838279 0.9252771066236304 1612
1646514838310 0.925369245161044 1613
1646514838355 0.9254612678280711 1614
1646514838389 0.9255531742044112 1615
1646514838420 0.9256449638702953 1616
1646514838451 0.9257366364064871 1617
1646514838558 0.9258281913942854 1618
1646514838595 0.9259196284155262 1619
1646514838627 0.9260109470525838 1620
1646514838658 0.9261021468883736 1621
1646514838689 0.9261932275063532 1622
1646514838724 0.9262841884905252 1623
1646514838758 0.9263750294254381 1624
1646514838858 0.9264657498961894 1625
1646514838898 0.9265563494884258 1626
1646514838929 0.9266468277883471 1627
1646514838958 0.9267371843827065 1628
1646514838990 0.9268274188588131 1629
1646514839034 0.9269175308045341 1630
1646514839058 0.927007519808296 1631
1646514839178 0.9270973854590869 1632
1646514839205 0.9271871273464585 1633
1646514839252 0.9272767450605274 1634
1646514839286 0.9273662381919777 1635
1646514839317 0.9274556063320623 1636
1646514839349 0.927544849072605 1637
1646514839374 0.9276339660060027 1638
1646514839499 0.9277229567252261 1639
1646514839535 0.9278118208238232 1640
1646514839559 0.9279005578959199 1641
1646514839604 0.9279891675362223 1642
1646514839635 0.9280776493400187 1643
1646514839702 0.9281660029031811 1644
1646514839762 0.9282542278221672 1645
1646514839983 0.9283423236940225 1646
1646514840032 0.9284302901163816 1647
1646514840084 0.9285181266874706 1648
1646514840117 0.9286058330061084 1649
1646514840173 0.9286934086717092 1650
1646514840217 0.9287808532842836 1651
1646514840260 0.9288681664444409 1652
1646514840385 0.9289553477533908 1653
1646514840428 0.9290423968129451 1654
1646514840475 0.9291293132255197 1655
1646514840517 0.9292160965941365 1656
1646514840564 0.9293027465224248 1657
1646514840602 0.9293892626146236 1658
1646514840633 0.929475644475583 1659
1646514840775 0.9295618917107661 1660
1646514840818 0.9296480039262512 1661
1646514840849 0.9297339807287331 1662
1646514840896 0.9298198217255251 1663
1646514840941 0.9299055265245607 1664
1646514841032 0.9299910947343957 1665
1646514841079 0.9300765259642093 1666
1646514841277 0.9301618198238067 1667
1646514841314 0.9302469759236207 1668
1646514841345 0.9303319938747128 1669
1646514841380 0.9304168732887756 1670
1646514841414 0.9305016137781348 1671
1646514841443 0.9305862149557503 1672
1646514841474 0.9306706764352183 1673
1646514841583 0.9307549978307732 1674
1646514841614 0.930839178757289 1675
1646514841645 0.9309232188302815 1676
1646514841672 0.9310071176659098 1677
1646514841714 0.9310908748809779 1678
1646514841750 0.9311744900929366 1679
1646514841765 0.9312579629198857 1680
1646514841890 0.9313412929805749 1681
1646514841914 0.9314244798944061 1682
1646514841946 0.931507523281435 1683
1646514841986 0.931590422762373 1684
1646514842015 0.9316731779585884 1685
1646514842051 0.9317557884921089 1686
1646514842082 0.9318382539856226 1687
1646514842210 0.9319205740624802 1688
1646514842238 0.9320027483466967 1689
1646514842285 0.9320847764629527 1690
1646514842315 0.9321666580365967 1691
1646514842362 0.9322483926936462 1692
1646514842397 0.9323299800607899 1693
1646514842430 0.9324114197653893 1694
1646514842552 0.9324927114354803 1695
1646514842578 0.9325738546997747 1696
1646514842615 0.9326548491876624 1697
1646514842654 0.9327356945292126 1698
1646514842685 0.9328163903551758 1699
1646514842731 0.9328969362969856 1700
1646514842762 0.9329773319867597 1701
1646514842885 0.9330575770573025 1702
1646514842915 0.9331376711421061 1703
1646514842962 0.9332176138753523 1704
1646514843004 0.933297404891914 1705
1646514843047 0.9333770438273573 1706
1646514843088 0.9334565303179428 1707
1646514843116 0.9335358640006274 1708
1646514843252 0.9336150445130658 1709
1646514843281 0.9336940714936124 1710
1646514843316 0.9337729445813228 1711
1646514843373 0.9338516634159554 1712
1646514843416 0.9339302276379734 1713
1646514843495 0.934008636888546 1714
1646514843588 0.9340868908095499 1715
1646514843805 0.9341649890435719 1716
1646514843842 0.9342429312339093 1717
1646514843914 0.9343207170245724 1718
1646514843965 0.9343983460602859 1719
1646514843997 0.93447581798649 1720
1646514844041 0.9345531324493432 1721
1646514844081 0.9346302890957224 1722
1646514844260 0.934707287573226 1723
1646514844328 0.9347841275301743 1724
1646514844360 0.9348608086156118 1725
1646514844411 0.9349373304793089 1726
1646514844443 0.9350136927717627 1727
1646514844485 0.9350898951441995 1728
1646514844535 0.935165937248576 1729
1646514844683 0.9352418187375805 1730
1646514844776 0.9353175392646356 1731
1646514844830 0.9353930984838983 1732
1646514844885 0.9354684960502628 1733
1646514844990 0.9355437316193617 1734
1646514845006 0.9356188048475672 1735
1646514845047 0.9356937153919931 1736
1646514845166 0.9357684629104963 1737
1646514845194 0.9358430470616782 1738
1646514845225 0.9359174675048864 1739
1646514845266 0.9359917239002161 1740
1646514845290 0.936065815908512 1741
1646514845331 0.9361397431913695 1742
1646514845363 0.9362135054111363 1743
1646514845470 0.936287102230914 1744
1646514845494 0.9363605333145598 1745
1646514845526 0.9364337983266877 1746
1646514845576 0.9365068969326702 1747
1646514845591 0.93657982879864 1748
1646514845633 0.9366525935914912 1749
1646514845664 0.9367251909788812 1750
1646514845777 0.9367976206292317 1751
1646514845800 0.9368698822117307 1752
1646514845831 0.9369419753963338 1753
1646514845876 0.9370138998537657 1754
1646514845907 0.9370856552555219 1755
1646514845943 0.9371572412738697 1756
1646514845975 0.9372286575818503 1757
1646514846076 0.93729990385328 1758
1646514846117 0.9373709797627517 1759
1646514846164 0.9374418849856364 1760
1646514846201 0.9375126191980845 1761
1646514846232 0.9375831820770278 1762
1646514846276 0.9376535733001805 1763
1646514846307 0.9377237925460407 1764
1646514846429 0.9377938394938921 1765
1646514846454 0.9378637138238052 1766
1646514846494 0.9379334152166392 1767
1646514846526 0.938002943354043 1768
1646514846557 0.9380722979184567 1769
1646514846592 0.9381414785931133 1770
1646514846623 0.93821048506204 1771
1646514846741 0.9382793170100597 1772
1646514846777 0.9383479741227924 1773
1646514846808 0.9384164560866564 1774
1646514846847 0.9384847625888703 1775
1646514846877 0.9385528933174538 1776
1646514846908 0.9386208479612299 1777
1646514846939 0.9386886262098253 1778
1646514847061 0.9387562277536725 1779
1646514847086 0.9388236522840113 1780
1646514847148 0.9388908994928898 1781
1646514847219 0.938957969073166 1782
1646514847299 0.9390248607185092 1783
1646514847358 0.9390915741234015 1784
1646514847421 0.9391581089831388 1785
1646514847586 0.9392244649938328 1786
1646514847628 0.9392906418524121 1787
1646514847672 0.9393566392566232 1788
1646514847706 0.9394224569050323 1789
1646514847741 0.9394880944970271 1790
1646514847784 0.939553551732817 1791
1646514847816 0.9396188283134357 1792
1646514847968 0.9396839239407415 1793
1646514848009 0.9397488383174198 1794
1646514848041 0.9398135711469834 1795
1646514848097 0.9398781221337742 1796
1646514848141 0.939942490982965 1797
1646514848182 0.9400066774005603 1798
1646514848213 0.9400706810933978 1799
1646514848360 0.9401345017691499 1800
1646514848441 0.9401981391363247 1801
1646514848504 0.9402615929042678 1802
1646514848554 0.9403248627831631 1803
1646514848635 0.9403879484840346 1804
1646514848671 0.9404508497187474 1805
1646514848702 0.940513566200009 1806
1646514848832 0.9405760976413711 1807
1646514848873 0.94063844375723 1808
1646514848920 0.9407006042628292 1809
1646514848953 0.9407625788742592 1810
1646514848985 0.9408243673084599 1811
1646514849031 0.9408859692832215 1812
1646514849069 0.9409473845171858 1813
1646514849222 0.9410086127298477 1814
1646514849254 0.941069653641556 1815
1646514849301 0.9411305069735151 1816
1646514849335 0.941191172447786 1817
1646514849376 0.9412516497872881 1818
1646514849423 0.9413119387157997 1819
1646514849469 0.9413720389579597 1820
1646514849627 0.9414319502392691 1821
1646514849668 0.9414916722860915 1822
1646514849719 0.9415512048256551 1823
1646514849759 0.9416105475860537 1824
1646514849800 0.9416697002962474 1825
1646514849840 0.941728662686065 1826
1646514849868 0.9417874344862043 1827
1646514849993 0.9418460154282332 1828
1646514850019 0.941904405244592 1829
1646514850066 0.9419626036685933 1830
1646514850102 0.9420206104344244 1831
1646514850135 0.9420784252771476 1832
1646514850186 0.9421360479327019 1833
1646514850235 0.9421934781379041 1834
1646514850351 0.94225071563045 1835
1646514850387 0.9423077601489156 1836
1646514850435 0.9423646114327581 1837
1646514850473 0.9424212692223176 1838
1646514850506 0.9424777332588177 1839
1646514850549 0.942534003284367 1840
1646514850580 0.9425900790419601 1841
1646514850695 0.9426459602754794 1842
1646514850723 0.942701646729695 1843
1646514850754 0.9427571381502673 1844
1646514850794 0.942812434283747 1845
1646514850835 0.942867534877577 1846
1646514850883 0.9429224396800933 1847
1646514850958 0.942977148440526 1848
1646514851164 0.9430316609090008 1849
1646514851215 0.9430859768365397 1850
1646514851264 0.9431400959750627 1851
1646514851300 0.9431940180773881 1852
1646514851347 0.9432477428972347 1853
1646514851395 0.9433012701892219 1854
1646514851442 0.9433545997088716 1855
1646514851570 0.9434077312126089 1856
1646514851605 0.9434606644577631 1857
1646514851653 0.9435133992025695 1858
1646514851700 0.9435659352061694 1859
1646514851735 0.9436182722286124 1860
1646514851766 0.9436704100308564 1861
1646514851808 0.9437223483747698 1862
1646514851950 0.9437740870231314 1863
1646514851985 0.9438256257396324 1864
1646514852016 0.9438769642888771 1865
1646514852063 0.9439281024363841 1866
1646514852085 0.9439790399485873 1867
1646514852175 0.9440297765928368 1868
1646514852255 0.9440803121374004 1869
1646514852462 0.9441306463514642 1870
1646514852483 0.9441807790051338 1871
1646514852523 0.9442307098694355 1872
1646514852559 0.9442804387163174 1873
1646514852590 0.94432996531865 1874
1646514852627 0.9443792894502276 1875
1646514852658 0.9444284108857696 1876
1646514852777 0.9444773294009206 1877
1646514852808 0.9445260447722523 1878
1646514852839 0.9445745567772644 1879
1646514852879 0.9446228651943852 1880
1646514852908 0.944670969802973 1881
1646514852945 0.9447188703833168 1882
1646514852976 0.9447665667166376 1883
1646514853089 0.9448140585850893 1884
1646514853133 0.9448613457717595 1885
1646514853164 0.9449084280606709 1886
1646514853202 0.9449553052367818 1887
1646514853224 0.9450019770859874 1888
1646514853269 0.945048443395121 1889
1646514853300 0.9450947039519539 1890
1646514853411 0.9451407585451981 1891
1646514853442 0.9451866069645056 1892
1646514853473 0.9452322490004704 1893
1646514853508 0.9452776844446291 1894
1646514853539 0.9453229130894618 1895
1646514853573 0.9453679347283932 1896
1646514853608 0.9454127491557933 1897
1646514853708 0.9454573561669787 1898
1646514853745 0.9455017555582133 1899
1646514853776 0.9455459471267093 1900
1646514853808 0.9455899306706278 1901
1646514853847 0.9456337059890806 1902
1646514853878 0.94567727288213 1903
1646514853909 0.9457206311507905 1904
1646514854027 0.9457637805970296 1905
1646514854050 0.9458067210237683 1906
1646514854081 0.9458494522348823 1907
1646514854127 0.9458919740352029 1908
1646514854174 0.9459342862305179 1909
1646514854209 0.9459763886275725 1910
1646514854240 0.94601828103407 1911
1646514854350 0.9460599632586728 1912
1646514854372 0.9461014351110035 1913
1646514854409 0.9461426964016452 1914
1646514854445 0.9461837469421428 1915
1646514854477 0.9462245865450041 1916
1646514854525 0.9462652150236998 1917
1646514854572 0.9463056321926654 1918
1646514854793 0.9463458378673011 1919
1646514854853 0.9463858318639733 1920
1646514854899 0.9464256140000151 1921
1646514854946 0.9464651840937276 1922
1646514854999 0.9465045419643797 1923
1646514855045 0.9465436874322102 1924
1646514855072 0.9465826203184277 1925
1646514855220 0.9466213404452118 1926
1646514855261 0.946659847635714 1927
1646514855303 0.9466981417140581 1928
1646514855341 0.9467362225053415 1929
1646514855387 0.9467740898356356 1930
1646514855434 0.9468117435319868 1931
1646514855472 0.9468491834224173 1932
1646514855598 0.9468864093359257 1933
1646514855642 0.946923421102488 1934
1646514855672 0.9469602185530582 1935
1646514855707 0.9469968015195694 1936
1646514855749 0.9470331698349341 1937
1646514855801 0.9470693233330452 1938
1646514855832 0.9471052618487766 1939
1646514856083 0.9471409852179846 1940
1646514856132 0.9471764932775076 1941
1646514856170 0.9472117858651679 1942
1646514856203 0.9472468628197714 1943
1646514856233 0.9472817239811093 1944
1646514856265 0.9473163691899582 1945
1646514856282 0.947350798288081 1946
1646514856398 0.9473850111182279 1947
1646514856424 0.9474190075241365 1948
1646514856455 0.9474527873505334 1949
1646514856504 0.9474863504431338 1950
1646514856535 0.9475196966486432 1951
1646514856565 0.9475528258147576 1952
1646514856596 0.9475857377901643 1953
1646514856706 0.9476184324245426 1954
1646514856727 0.9476509095685643 1955
1646514856759 0.9476831690738948 1956
1646514856798 0.9477152107931935 1957
1646514856820 0.9477470345801144 1958
1646514856861 0.947778640289307 1959
1646514856893 0.9478100277764165 1960
1646514856999 0.9478411968980854 1961
1646514857026 0.9478721475119529 1962
1646514857057 0.9479028794766567 1963
1646514857098 0.947933392651833 1964
1646514857136 0.947963686898117 1965
1646514857181 0.9479937620771444 1966
1646514857205 0.9480236180515509 1967
1646514857305 0.9480532546849737 1968
1646514857342 0.9480826718420517 1969
1646514857373 0.9481118693884264 1970
1646514857405 0.948140847190742 1971
1646514857452 0.9481696051166466 1972
1646514857481 0.9481981430347927 1973
1646514857505 0.9482264608148371 1974
1646514857623 0.9482545583274427 1975
1646514857644 0.9482824354442779 1976
1646514857691 0.9483100920380182 1977
1646514857725 0.9483375279823459 1978
1646514857756 0.9483647431519514 1979
1646514857797 0.9483917374225332 1980
1646514857821 0.9484185106707991 1981
1646514857934 0.9484450627744657 1982
1646514857957 0.9484713936122604 1983
1646514857989 0.9484975030639208 1984
1646514858030 0.9485233910101957 1985
1646514858061 0.9485490573328457 1986
1646514858106 0.9485745019146433 1987
1646514858137 0.9485997246393744 1988
1646514858279 0.9486247253918375 1989
1646514858345 0.9486495040578454 1990
1646514858406 0.9486740605242252 1991
1646514858468 0.9486983946788186 1992
1646514858526 0.9487225064104828 1993
1646514858579 0.9487463956090911 1994
1646514858648 0.948770062165533 1995
1646514858827 0.9487935059717147 1996
1646514858858 0.9488167269205602 1997
1646514858905 0.948839724906011 1998
1646514858948 0.9488624998230272 1999
1646514858989 0.9488850515675875 2000
1646514859034 0.9489073800366903 2001
1646514859074 0.9489294851283532 2002
1646514859208 0.9489513667416146 2003
1646514859245 0.9489730247765333 2004
1646514859283 0.9489944591341893 2005
1646514859314 0.9490156697166843 2006
1646514859358 0.949036656427142 2007
1646514859389 0.9490574191697085 2008
1646514859437 0.9490779578495532 2009
1646514859642 0.9490982723728685 2010
1646514859731 0.9491183626468706 2011
1646514859773 0.9491382285798001 2012
1646514859804 0.9491578700809225 2013
1646514859831 0.9491772870605276 2014
1646514859862 0.9491964794299315 2015
1646514859899 0.9492154471014755 2016
1646514860008 0.9492341899885278 2017
1646514860032 0.9492527080054828 2018
1646514860063 0.9492710010677621 2019
1646514860101 0.9492890690918148 2020
1646514860132 0.9493069119951177 2021
1646514860179 0.949324529696176 2022
1646514860210 0.9493419221145234 2023
1646514860316 0.9493590891707224 2024
1646514860341 0.9493760307863651 2025
1646514860372 0.949392746884073 2026
1646514860409 0.9494092373874977 2027
1646514860432 0.9494255022213213 2028
1646514860470 0.9494415413112564 2029
1646514860486 0.9494573545840468 2030
1646514860602 0.9494729419674676 2031
1646514860632 0.9494883033903257 2032
1646514860663 0.94950343878246 2033
1646514860697 0.9495183480747419 2034
1646514860728 0.9495330311990751 2035
1646514860757 0.9495474880883967 2036
1646514860789 0.9495617186766769 2037
1646514860898 0.9495757228989194 2038
1646514860932 0.9495895006911622 2039
1646514860964 0.9496030519904771 2040
1646514860998 0.9496163767349703 2041
1646514861030 0.9496294748637832 2042
1646514861059 0.9496423463170919 2043
1646514861090 0.9496549910361077 2044
1646514861208 0.9496674089630779 2045
1646514861233 0.9496796000412853 2046
1646514861264 0.9496915642150489 2047
1646514861311 0.9497033014297239 2048
1646514861333 0.9497148116317027 2049
1646514861378 0.9497260947684136 2050
1646514861409 0.9497371507883229 2051
1646514861533 0.9497479796409335 2052
1646514861556 0.9497585812767863 2053
1646514861587 0.9497689556474599 2054
1646514861627 0.9497791027055708 2055
1646514861648 0.9497890224047737 2056
1646514861691 0.949798714699762 2057
1646514861722 0.9498081795462672 2058
1646514861852 0.9498174169010603 2059
1646514861904 0.9498264267219508 2060
1646514861952 0.9498352089677878 2061
1646514862036 0.9498437635984596 2062
1646514862097 0.9498520905748941 2063
1646514862166 0.949860189859059 2064
1646514862229 0.949868061413962 2065
1646514862379 0.9498757052036509 2066
1646514862408 0.9498831211932139 2067
1646514862455 0.9498903093487795 2068
1646514862506 0.9498972696375168 2069
1646514862540 0.9499040020276356 2070
1646514862575 0.9499105064883867 2071
1646514862609 0.949916782990062 2072
1646514862747 0.9499228315039944 2073
1646514862790 0.9499286520025583 2074
1646514862824 0.9499342444591692 2075
1646514862879 0.9499396088482844 2076
1646514862921 0.9499447451454031 2077
1646514862962 0.9499496533270657 2078
1646514863023 0.9499543333708549 2079
1646514863196 0.9499587852553952 2080
1646514863267 0.9499630089603534 2081
1646514863325 0.9499670044664381 2082
1646514863378 0.9499707717554007 2083
1646514863469 0.9499743108100344 2084
1646514863508 0.9499776216141751 2085
1646514863524 0.9499807041527013 2086
1646514863652 0.9499835584115339 2087
1646514863687 0.9499861843776365 2088
1646514863719 0.9499885820390154 2089
1646514863778 0.9499907513847194 2090
1646514863812 0.9499926924048406 2091
1646514863859 0.9499944050905136 2092
1646514863910 0.9499958894339159 2093
1646514864017 0.949997145428268 2094
1646514864047 0.9499981730678333 2095
1646514864078 0.9499989723479183 2096
1646514864109 0.9499995432648722 2097
1646514864146 0.9499998858160876 2098
1646514864193 0.95 2099
1646514864228 0.9499998858160876 2100
