1646481624245 0.35185185074806213 0
1646481624462 0.6342592835426331 1
1646481624662 0.6620370149612427 2
1646481625089 0.7222222089767456 3
1646481625426 0.7314814925193787 4
1646481625784 0.7731481194496155 5
1646481625932 0.8240740895271301 6
1646481626132 0.8842592835426331 7
1646481626285 0.8888888955116272 8
1646481626501 0.8935185074806213 9
1646481626794 0.8935185074806213 10
1646481627014 0.9398148059844971 11
1646481627230 0.9444444179534912 12
1646481627464 0.9398148059844971 13
1646481627687 0.9814814925193787 14
1646481627869 0.9768518805503845 15
1646481628069 0.9722222089767456 16
1646481628288 0.9768518805503845 17
1646481628476 0.9814814925193787 18
1646481628676 0.9814814925193787 19
1646481628876 0.9722222089767456 20
1646481629077 0.9861111044883728 21
1646481629277 1.0 22
1646481629462 1.0 23
1646481629631 1.0 24
1646481629813 1.0 25
1646481629978 1.0 26
1646481630179 1.0 27
1646481630410 0.9953703880310059 28
1646481630695 1.0 29
1646481630896 1.0 30
1646481631090 1.0 31
1646481631296 1.0 32
1646481631478 1.0 33
1646481631643 1.0 34
1646481631827 1.0 35
1646481631996 1.0 36
1646481632196 1.0 37
1646481632363 1.0 38
1646481632528 1.0 39
1646481632697 1.0 40
1646481632879 1.0 41
1646481633046 1.0 42
1646481633230 1.0 43
1646481633399 1.0 44
1646481633581 1.0 45
1646481633746 1.0 46
1646481633915 1.0 47
1646481634100 1.0 48
1646481634410 1.0 49
1646481634655 1.0 50
1646481634842 1.0 51
1646481635027 1.0 52
1646481635243 1.0 53
1646481635427 1.0 54
1646481635643 1.0 55
1646481635844 1.0 56
1646481636028 1.0 57
1646481636244 1.0 58
1646481636429 1.0 59
1646481636613 1.0 60
1646481636798 1.0 61
1646481636998 1.0 62
1646481637214 0.9953703880310059 63
1646481637380 0.9953703880310059 64
1646481637565 0.9861111044883728 65
1646481637730 0.9768518805503845 66
1646481637915 0.9953703880310059 67
1646481638224 0.9907407164573669 68
1646481638476 1.0 69
1646481638685 0.9953703880310059 70
1646481638874 0.9861111044883728 71
1646481639054 0.9861111044883728 72
1646481639239 0.9768518805503845 73
1646481639408 0.9861111044883728 74
1646481639595 0.9953703880310059 75
1646481639755 0.9861111044883728 76
1646481639939 0.9722222089767456 77
1646481640124 0.9907407164573669 78
1646481640286 1.0 79
1646481640471 1.0 80
1646481640640 1.0 81
1646481640808 1.0 82
1646481640981 1.0 83
1646481641171 1.0 84
1646481641341 1.0 85
1646481641525 1.0 86
1646481641687 1.0 87
1646481641981 1.0 88
1646481642227 1.0 89
1646481642423 1.0 90
1646481642609 1.0 91
1646481642808 1.0 92
1646481642978 1.0 93
1646481643177 1.0 94
1646481643362 1.0 95
1646481643547 1.0 96
1646481643710 1.0 97
1646481643884 1.0 98
1646481644095 1.0 99
1646481644295 1.0 100
1646481644464 1.0 101
1646481644639 1.0 102
1646481644800 1.0 103
1646481644981 1.0 104
1646481645181 1.0 105
1646481645350 1.0 106
1646481645512 1.0 107
