1646481624245 1.4876253604888916 0
1646481624462 0.9593890905380249 1
1646481624662 0.7936596870422363 2
1646481625089 0.6783846616744995 3
1646481625426 0.6582446694374084 4
1646481625784 0.5313900709152222 5
1646481625932 0.4221309423446655 6
1646481626132 0.33128491044044495 7
1646481626285 0.3404395282268524 8
1646481626501 0.28543415665626526 9
1646481626794 0.26358330249786377 10
1646481627014 0.18844279646873474 11
1646481627230 0.17237983644008636 12
1646481627464 0.14087466895580292 13
1646481627687 0.07850105315446854 14
1646481627869 0.07051437348127365 15
1646481628069 0.0762222409248352 16
1646481628288 0.07691741734743118 17
1646481628476 0.06227298080921173 18
1646481628676 0.05831783264875412 19
1646481628876 0.0706574097275734 20
1646481629077 0.05512113496661186 21
1646481629277 0.031891848891973495 22
1646481629462 0.022177161648869514 23
1646481629631 0.015212832018733025 24
1646481629813 0.011746100150048733 25
1646481629978 0.010543870739638805 26
1646481630179 0.0061626434326171875 27
1646481630410 0.009176752530038357 28
1646481630695 0.006837768014520407 29
1646481630896 0.00467455480247736 30
1646481631090 0.004829388577491045 31
1646481631296 0.003922171425074339 32
1646481631478 0.004017334897071123 33
1646481631643 0.002699692966416478 34
1646481631827 0.003203413914889097 35
1646481631996 0.0026702864561229944 36
1646481632196 0.0030340238008648157 37
1646481632363 0.0029435697942972183 38
1646481632528 0.0017857730854302645 39
1646481632697 0.0018393398495391011 40
1646481632879 0.0022732671350240707 41
1646481633046 0.0011492464691400528 42
1646481633230 0.002956818090751767 43
1646481633399 0.001478471327573061 44
1646481633581 0.0019984322134405375 45
1646481633746 0.0022572330199182034 46
1646481633915 0.001979355001822114 47
1646481634100 0.0014067965094000101 48
1646481634410 0.0039549111388623714 49
1646481634655 0.0008126776665449142 50
1646481634842 0.0016453537391498685 51
1646481635027 0.0008245472563430667 52
1646481635243 0.0014390751020982862 53
1646481635427 0.0012289427686482668 54
1646481635643 0.0010975582990795374 55
1646481635844 0.001756717567332089 56
1646481636028 0.0016185441054403782 57
1646481636244 0.0006061560707166791 58
1646481636429 0.0010422704508528113 59
1646481636613 0.004580729175359011 60
1646481636798 0.003182922722771764 61
1646481636998 0.0051819439977407455 62
1646481637214 0.010501309297978878 63
1646481637380 0.05953698605298996 64
1646481637565 0.03845898434519768 65
1646481637730 0.06000145152211189 66
1646481637915 0.01923227310180664 67
1646481638224 0.02749006822705269 68
1646481638476 0.006019855383783579 69
1646481638685 0.02441163919866085 70
1646481638874 0.03356412053108215 71
1646481639054 0.058487121015787125 72
1646481639239 0.06292145699262619 73
1646481639408 0.05258059501647949 74
1646481639595 0.029853392392396927 75
1646481639755 0.07035316526889801 76
1646481639939 0.06032860651612282 77
1646481640124 0.03260966017842293 78
1646481640286 0.006905406713485718 79
1646481640471 0.006010817363858223 80
1646481640640 0.004141209647059441 81
1646481640808 0.0021171551197767258 82
1646481640981 0.0017403336241841316 83
1646481641171 0.001519448938779533 84
1646481641341 0.0011804468231275678 85
1646481641525 0.0012837729882448912 86
1646481641687 0.0014901681570336223 87
1646481641981 0.0004924731911160052 88
1646481642227 0.0004264450108166784 89
1646481642423 0.0003343702992424369 90
1646481642609 0.0005089869955554605 91
1646481642808 0.00035980535903945565 92
1646481642978 0.000241449277382344 93
1646481643177 0.0004532516177278012 94
1646481643362 0.00036179411108605564 95
1646481643547 0.00047027840628288686 96
1646481643710 0.00031937521998770535 97
1646481643884 0.00025101707433350384 98
1646481644095 0.00021184083016123623 99
1646481644295 9.136141306953505e-05 100
1646481644464 0.00022985016403254122 101
1646481644639 0.0002626526402309537 102
1646481644800 0.00022328589693643153 103
1646481644981 0.00012838633847422898 104
1646481645181 0.0005333189619705081 105
1646481645350 9.825670713325962e-05 106
1646481645512 0.0001391589903505519 107
