1647222680868 0.6158730387687683 0
1647222689235 0.8444444537162781 1
1647222699648 0.9079365134239197 2
1647222709897 0.9047619104385376 3
1647222719960 0.9650793671607971 4
1647222730217 0.9682539701461792 5
1647222738648 0.9714285731315613 6
1647222747052 0.9777777791023254 7
1647222755639 0.9936507940292358 8
1647222764211 0.9873015880584717 9
1647222774446 0.9904761910438538 10
1647222782983 0.9873015880584717 11
1647222791400 0.9904761910438538 12
1647222799801 1.0 13
1647222810020 0.9936507940292358 14
1647222820239 1.0 15
1647222828635 0.9968253970146179 16
1647222837059 0.9936507940292358 17
1647222847285 1.0 18
1647222857525 0.9968253970146179 19
1647222865927 0.9873015880584717 20
1647222876319 0.9904761910438538 21
1647222921832 0.9873015880584717 22
