1647222680868 0.9675413370132446 0
1647222689235 0.4302540123462677 1
1647222699648 0.28087717294692993 2
1647222709897 0.28083592653274536 3
1647222719960 0.1392933577299118 4
1647222730217 0.09160801768302917 5
1647222738648 0.10730288922786713 6
1647222747052 0.0692175030708313 7
1647222755639 0.029100356623530388 8
1647222764211 0.04472818225622177 9
1647222774446 0.03413819894194603 10
1647222782983 0.04837874323129654 11
1647222791400 0.04184651002287865 12
1647222799801 0.01821581833064556 13
1647222810020 0.030069418251514435 14
1647222820239 0.01466215681284666 15
1647222828635 0.015240713022649288 16
1647222837059 0.02119574137032032 17
1647222847285 0.01734222285449505 18
1647222857525 0.014562172815203667 19
1647222865927 0.0419582836329937 20
1647222876319 0.027001027017831802 21
1647222921832 0.04837874323129654 22
