1646514147239 0.38425925374031067 0
1646514147973 0.35648149251937866 1
1646514148527 0.39814814925193787 2
1646514148859 0.4444444477558136 3
1646514149548 0.39814814925193787 4
1646514150104 0.4722222089767456 5
1646514150606 0.4861111044883728 6
1646514151076 0.4861111044883728 7
1646514151505 0.5555555820465088 8
1646514151941 0.5462962985038757 9
1646514152459 0.5555555820465088 10
1646514152767 0.6064814925193787 11
1646514153072 0.5879629850387573 12
1646514153384 0.6342592835426331 13
1646514153708 0.6666666865348816 14
1646514154066 0.6898148059844971 15
1646514154724 0.6805555820465088 16
1646514155139 0.6898148059844971 17
1646514155540 0.6805555820465088 18
1646514156090 0.6805555820465088 19
1646514156470 0.7175925970077515 20
1646514156833 0.6944444179534912 21
1646514157183 0.7361111044883728 22
1646514157502 0.7361111044883728 23
1646514158006 0.7037037014961243 24
1646514158822 0.7175925970077515 25
1646514159222 0.7314814925193787 26
1646514159677 0.7314814925193787 27
1646514160093 0.7592592835426331 28
1646514160423 0.75 29
1646514160841 0.7268518805503845 30
1646514161271 0.7685185074806213 31
1646514161701 0.7870370149612427 32
1646514162390 0.7962962985038757 33
1646514162905 0.7592592835426331 34
1646514163321 0.7824074029922485 35
1646514163886 0.8055555820465088 36
1646514164258 0.8148148059844971 37
1646514164695 0.8055555820465088 38
1646514165139 0.8055555820465088 39
1646514165490 0.8287037014961243 40
1646514165938 0.8009259104728699 41
1646514166299 0.8240740895271301 42
1646514166778 0.7685185074806213 43
1646514167313 0.8564814925193787 44
1646514167771 0.8472222089767456 45
1646514168273 0.8101851940155029 46
1646514168808 0.8472222089767456 47
1646514169212 0.8518518805503845 48
1646514169543 0.9351851940155029 49
1646514169883 0.875 50
1646514170261 0.875 51
1646514170636 0.8518518805503845 52
1646514171226 0.8287037014961243 53
1646514171962 0.8981481194496155 54
1646514172579 0.8611111044883728 55
1646514173202 0.8888888955116272 56
1646514173583 0.8842592835426331 57
1646514174100 0.9074074029922485 58
1646514174530 0.8842592835426331 59
1646514175166 0.9259259104728699 60
1646514175766 0.8518518805503845 61
1646514176304 0.8518518805503845 62
1646514177011 0.8842592835426331 63
1646514177541 0.8564814925193787 64
1646514178019 0.9166666865348816 65
1646514178758 0.9027777910232544 66
1646514179566 0.9398148059844971 67
1646514180123 0.8981481194496155 68
1646514180723 0.9074074029922485 69
1646514181324 0.9166666865348816 70
1646514181894 0.9259259104728699 71
1646514182512 0.9351851940155029 72
1646514183212 0.9212962985038757 73
1646514183688 0.9259259104728699 74
1646514184301 0.9351851940155029 75
1646514184723 0.9351851940155029 76
1646514185100 0.9351851940155029 77
1646514185475 0.8981481194496155 78
1646514185907 0.9305555820465088 79
1646514186455 0.9351851940155029 80
1646514186911 0.9490740895271301 81
1646514187346 0.9120370149612427 82
1646514187930 0.9074074029922485 83
1646514188282 0.9490740895271301 84
1646514188626 0.9537037014961243 85
1646514189260 0.9675925970077515 86
1646514189690 0.9629629850387573 87
1646514190174 0.9398148059844971 88
1646514190584 0.9537037014961243 89
1646514190935 0.9444444179534912 90
1646514191454 0.9212962985038757 91
1646514191756 0.9444444179534912 92
1646514192092 0.9351851940155029 93
1646514192414 0.9583333134651184 94
1646514192699 0.9259259104728699 95
1646514193082 0.9490740895271301 96
1646514193484 0.9166666865348816 97
1646514194065 0.9722222089767456 98
1646514194547 0.9675925970077515 99
1646514195061 0.9444444179534912 100
1646514195627 0.9351851940155029 101
1646514196017 0.9490740895271301 102
1646514196356 0.9444444179534912 103
1646514196757 0.9814814925193787 104
1646514197121 0.9537037014961243 105
1646514197484 0.9583333134651184 106
1646514198082 0.9768518805503845 107
1646514198493 0.9490740895271301 108
1646514199003 0.9629629850387573 109
1646514199372 0.9490740895271301 110
1646514199833 0.9398148059844971 111
1646514200275 0.9722222089767456 112
1646514200770 0.9629629850387573 113
1646514201292 0.9212962985038757 114
1646514202066 0.9490740895271301 115
1646514202625 0.9861111044883728 116
1646514203220 0.9675925970077515 117
1646514203838 0.9537037014961243 118
1646514204547 0.9722222089767456 119
1646514205238 0.9814814925193787 120
1646514206015 0.9768518805503845 121
1646514206549 0.9907407164573669 122
1646514207189 0.9861111044883728 123
1646514207652 0.9675925970077515 124
1646514208074 0.9722222089767456 125
1646514208629 0.9444444179534912 126
1646514209536 0.9907407164573669 127
1646514210312 0.9861111044883728 128
1646514210904 0.9722222089767456 129
1646514211568 0.9861111044883728 130
1646514212276 0.9768518805503845 131
1646514212813 0.9722222089767456 132
1646514213349 0.9629629850387573 133
1646514214118 0.9444444179534912 134
1646514214742 0.9722222089767456 135
1646514215340 0.9768518805503845 136
1646514216020 0.9722222089767456 137
1646514216532 0.9768518805503845 138
1646514217225 0.9583333134651184 139
1646514217681 0.9675925970077515 140
1646514218091 0.9907407164573669 141
1646514218525 0.9768518805503845 142
1646514219385 0.9861111044883728 143
1646514220043 0.9768518805503845 144
1646514220802 0.9722222089767456 145
1646514221516 1.0 146
1646514222258 0.9722222089767456 147
1646514222982 0.9722222089767456 148
1646514223707 0.9907407164573669 149
1646514224376 0.9583333134651184 150
1646514225162 0.9814814925193787 151
1646514226133 0.9814814925193787 152
1646514227261 0.9861111044883728 153
1646514227945 0.9537037014961243 154
1646514228437 0.9814814925193787 155
1646514228973 0.9629629850387573 156
1646514229428 0.9907407164573669 157
1646514229746 0.9814814925193787 158
1646514230084 0.9907407164573669 159
1646514230432 0.9907407164573669 160
1646514230751 0.9768518805503845 161
1646514231222 0.9861111044883728 162
1646514231749 0.9953703880310059 163
1646514232167 0.9768518805503845 164
1646514232735 0.9907407164573669 165
1646514233129 0.9814814925193787 166
1646514233445 0.9953703880310059 167
1646514233761 0.9907407164573669 168
1646514234076 0.9675925970077515 169
1646514234449 0.9907407164573669 170
1646514234818 0.9907407164573669 171
1646514235351 0.9953703880310059 172
1646514235769 0.9907407164573669 173
1646514236138 0.9814814925193787 174
1646514236638 0.9722222089767456 175
1646514237004 0.9907407164573669 176
1646514237324 0.9861111044883728 177
1646514237647 0.9814814925193787 178
1646514237991 0.9907407164573669 179
1646514238315 0.9768518805503845 180
1646514238781 0.9861111044883728 181
1646514239195 0.9953703880310059 182
1646514239595 1.0 183
1646514240183 0.9814814925193787 184
1646514240501 0.9768518805503845 185
1646514240869 0.9907407164573669 186
1646514241257 0.9861111044883728 187
1646514241631 1.0 188
1646514242004 0.9768518805503845 189
1646514242552 0.9861111044883728 190
1646514243012 0.9953703880310059 191
1646514243389 0.9907407164573669 192
1646514243896 0.9814814925193787 193
1646514244219 0.9907407164573669 194
1646514244546 1.0 195
1646514244869 0.9907407164573669 196
1646514245192 0.9861111044883728 197
1646514245554 1.0 198
1646514245890 0.9814814925193787 199
1646514246412 0.9907407164573669 200
1646514246801 0.9907407164573669 201
1646514247176 0.9814814925193787 202
1646514247847 1.0 203
1646514248232 0.9907407164573669 204
1646514248568 0.9814814925193787 205
1646514248934 1.0 206
1646514249266 0.9953703880310059 207
1646514249584 0.9953703880310059 208
1646514250120 0.9953703880310059 209
1646514250606 0.9953703880310059 210
1646514251049 0.9814814925193787 211
1646514251678 0.9953703880310059 212
1646514252058 0.9814814925193787 213
1646514252404 1.0 214
1646514252836 0.9768518805503845 215
1646514253290 1.0 216
1646514253908 1.0 217
1646514254463 0.9953703880310059 218
1646514254975 0.9953703880310059 219
1646514255642 0.9861111044883728 220
1646514256159 1.0 221
1646514256609 0.9953703880310059 222
1646514257119 1.0 223
1646514257769 1.0 224
1646514258339 0.9907407164573669 225
1646514258872 0.9861111044883728 226
1646514259515 0.9953703880310059 227
1646514259958 0.9953703880310059 228
1646514260345 0.9814814925193787 229
1646514260791 0.9861111044883728 230
1646514261234 0.9907407164573669 231
1646514261934 1.0 232
1646514262489 0.9953703880310059 233
1646514262968 0.9861111044883728 234
1646514263550 0.9953703880310059 235
1646514263971 0.9953703880310059 236
1646514264411 1.0 237
1646514264831 0.9953703880310059 238
1646514265424 0.9953703880310059 239
1646514265910 0.9953703880310059 240
1646514266400 1.0 241
1646514266986 0.9953703880310059 242
1646514267401 0.9953703880310059 243
1646514267808 0.9861111044883728 244
1646514268258 1.0 245
1646514268739 0.9953703880310059 246
1646514269354 0.9953703880310059 247
1646514269889 1.0 248
1646514270398 1.0 249
1646514271025 0.9907407164573669 250
1646514271508 1.0 251
1646514272124 0.9953703880310059 252
1646514272573 1.0 253
1646514272960 1.0 254
1646514273390 1.0 255
1646514273784 1.0 256
1646514274251 0.9953703880310059 257
1646514274766 1.0 258
1646514275167 0.9907407164573669 259
1646514275656 1.0 260
1646514276067 1.0 261
1646514276447 1.0 262
1646514276844 0.9907407164573669 263
1646514277228 0.9953703880310059 264
1646514277701 0.9814814925193787 265
1646514278251 1.0 266
1646514278758 1.0 267
1646514279346 0.9953703880310059 268
1646514279821 1.0 269
1646514280140 0.9861111044883728 270
1646514280463 1.0 271
1646514280828 0.9953703880310059 272
1646514281153 1.0 273
1646514281493 0.9953703880310059 274
1646514282018 0.9953703880310059 275
1646514282461 1.0 276
1646514282876 1.0 277
1646514283372 0.9907407164573669 278
1646514283689 0.9907407164573669 279
1646514284019 1.0 280
1646514284338 0.9953703880310059 281
1646514284651 0.9953703880310059 282
1646514284976 1.0 283
1646514285358 1.0 284
1646514286059 0.9907407164573669 285
1646514286514 0.9953703880310059 286
1646514286918 0.9907407164573669 287
1646514287526 0.9907407164573669 288
1646514287900 0.9907407164573669 289
1646514288440 1.0 290
1646514289006 0.9907407164573669 291
1646514289473 0.9907407164573669 292
1646514289899 0.9953703880310059 293
1646514290281 0.9907407164573669 294
1646514290668 0.9907407164573669 295
1646514291186 0.9953703880310059 296
1646514291579 0.9907407164573669 297
1646514292106 0.9861111044883728 298
1646514292888 0.9861111044883728 299
