1646514145367 0.004 0
1646514146522 0.004000596800238801 1
1646514146578 0.004002387186114745 2
1646514146622 0.004005371113106879 3
1646514146650 0.004009548507014876 4
1646514146697 0.004014919263960817 5
1646514146726 0.004021483250391852 6
1646514146758 0.004029240303083395 7
1646514147374 0.004038190229143396 8
1646514147427 0.004048332806016894 9
1646514147508 0.004059667781491735 10
1646514147564 0.004072194873704721 11
1646514147622 0.004085913771148725 12
1646514147689 0.004100824132680342 13
1646514147747 0.004116925587528436 14
1646514148024 0.004134217735303369 15
1646514148085 0.004152700146006827 16
1646514148146 0.004172372360042753 17
1646514148205 0.004193233888228523 18
1646514148255 0.00421528421180728 19
1646514148327 0.00423852278246073 20
1646514148408 0.004262949022322882 21
1646514148553 0.004288562323994313 22
1646514148596 0.004315362050557339 23
1646514148627 0.004343347535591804 24
1646514148673 0.004372518083191737 25
1646514148704 0.004402872967982557 26
1646514148743 0.004434411435139132 27
1646514148774 0.004467132700404622 28
1646514148896 0.004501035950109908 29
1646514149030 0.004536120341193842 30
1646514149162 0.004572385001224186 31
1646514149254 0.0046098290284194154 32
1646514149314 0.00464845149167098 33
1646514149375 0.004688251430566573 34
1646514149426 0.00472922785541402 35
1646514149599 0.004771379747265783 36
1646514149650 0.004814706057944401 37
1646514149721 0.004859205710068537 38
1646514149761 0.004904877597079721 39
1646514149812 0.004951720583269897 40
1646514149861 0.004999733503809695 41
1646514149995 0.005048915164777332 42
1646514150147 0.005099264343188359 43
1646514150186 0.005150779787026036 44
1646514150220 0.0052034602152724735 45
1646514150259 0.0052573043179405116 46
1646514150304 0.005312310756106234 47
1646514150359 0.005368478161942372 48
1646514150420 0.005425805138752182 49
1646514150659 0.005484290261004263 50
1646514150720 0.005543932074367999 51
1646514150760 0.005604729095749744 52
1646514150811 0.005666679813329564 53
1646514150862 0.005729782686599044 54
1646514150913 0.005794036146399437 55
1646514150964 0.0058594385949607 56
1646514151114 0.005925988405941329 57
1646514151166 0.005993683924468696 58
1646514151208 0.006062523467180211 59
1646514151249 0.006132505322265253 60
1646514151297 0.00620362774950764 61
1646514151339 0.006275888980328992 62
1646514151385 0.006349287217832622 63
1646514151542 0.006423820636848349 64
1646514151583 0.006499487383977681 65
1646514151635 0.006576285577640131 66
1646514151675 0.006654213308119827 67
1646514151718 0.006733268637613102 68
1646514151763 0.006813449600276647 69
1646514151804 0.006894754202276393 70
1646514152073 0.006977180421837106 71
1646514152122 0.007060726209292614 72
1646514152173 0.007145389487136861 73
1646514152233 0.007231168150075476 74
1646514152300 0.007318060065078194 75
1646514152345 0.007406063071431879 76
1646514152389 0.007495174980794203 77
1646514152489 0.007585393577248162 78
1646514152524 0.007676716617357068 79
1646514152559 0.007769141830220441 80
1646514152603 0.007862666917530362 81
1646514152622 0.007957289553628788 82
1646514152656 0.008053007385565164 83
1646514152688 0.008149818033155162 84
1646514152793 0.008247719089039693 85
1646514152830 0.00834670811874487 86
1646514152861 0.008446782660742488 87
1646514152890 0.008547940226511286 88
1646514152921 0.008650178300598804 89
1646514152954 0.008753494340683884 90
1646514152985 0.00885788577763999 91
1646514153105 0.008963350015599003 92
1646514153147 0.009069884432015826 93
1646514153178 0.009177486377733593 94
1646514153207 0.009286153177049505 95
1646514153238 0.009395882127781405 96
1646514153273 0.009506670501334968 97
1646514153305 0.009618515542771502 98
1646514153410 0.009731414470876582 99
1646514153453 0.009845364478229035 100
1646514153484 0.009960362731270891 101
1646514153506 0.01007640637037778 102
1646514153538 0.010193492509930055 103
1646514153572 0.010311618238384529 104
1646514153606 0.010430780618346944 105
1646514153742 0.010550976686644925 106
1646514153774 0.010672203454401688 107
1646514153813 0.010794457907110436 108
1646514153851 0.010917737004709188 109
1646514153872 0.011042037681656541 110
1646514153907 0.011167356847007703 111
1646514153938 0.011293691384491558 112
1646514154135 0.011421038152587992 113
1646514154195 0.011549393984606124 114
1646514154261 0.011678755688762962 115
1646514154352 0.011809120048262886 116
1646514154433 0.011940483821377482 117
1646514154498 0.012072843741526285 118
1646514154573 0.012206196517358006 119
1646514154774 0.012340538832832246 120
1646514154815 0.01247586734730212 121
1646514154851 0.012612178695597207 122
1646514154889 0.012749469488107304 123
1646514154930 0.012887736310866635 124
1646514154962 0.013026975725638892 125
1646514155031 0.013167184270002533 126
1646514155159 0.013308358457437025 127
1646514155206 0.013450494777409519 128
1646514155237 0.013593589695462094 129
1646514155276 0.01373763965329973 130
1646514155329 0.013882641068878668 131
1646514155372 0.014028590336495617 132
1646514155409 0.01417548382687736 133
1646514155615 0.014323317887270925 134
1646514155677 0.014472088841534572 135
1646514155738 0.014621792990229088 136
1646514155798 0.014772426610709821 137
1646514155885 0.014923985957219221 138
1646514155933 0.015076467260980053 139
1646514155973 0.01522986673028906 140
1646514156145 0.01538418055061122 141
1646514156201 0.01553940488467466 142
1646514156256 0.015695535872566085 143
1646514156291 0.01585256963182667 144
1646514156324 0.016010502257548756 145
1646514156355 0.016169329822472794 146
1646514156389 0.016329048377085084 147
1646514156509 0.016489653949715966 148
1646514156548 0.016651142546638617 149
1646514156580 0.01681351015216835 150
1646514156631 0.016976752728762368 151
1646514156670 0.01714086621712034 152
1646514156706 0.01730584653628521 153
1646514156741 0.017471689583744746 154
1646514156874 0.017638391235533513 155
1646514156913 0.017805947346335463 156
1646514156948 0.017974353749586933 157
1646514157001 0.01814360625758038 158
1646514157049 0.018313700661568413 159
1646514157084 0.01848463273186851 160
1646514157108 0.018656398217968134 161
1646514157219 0.018828992848630502 162
1646514157258 0.019002412332000743 163
1646514157289 0.019176652355712642 164
1646514157320 0.019351708586995878 165
1646514157352 0.01952757667278375 166
1646514157381 0.019704252239821474 167
1646514157413 0.01988173089477481 168
1646514157543 0.020060008224339468 169
1646514157581 0.02023907979535075 170
1646514157624 0.020418941154893788 171
1646514157673 0.02059958783041435 172
1646514157733 0.02078101532982994 173
1646514157788 0.020963219141641634 174
1646514157838 0.021146194735046114 175
1646514158081 0.02132993756004853 176
1646514158145 0.021514443047575424 177
1646514158202 0.02169970660958853 178
1646514158272 0.02188572363919876 179
1646514158354 0.022072489510780793 180
1646514158409 0.02225999958008809 181
1646514158477 0.022448249184368413 182
1646514158872 0.0226372336424797 183
1646514158934 0.022826948255006557 184
1646514158978 0.023017388304377093 185
1646514159009 0.02320854905498014 186
1646514159052 0.023400425753283174 187
1646514159095 0.023593013627950354 188
1646514159122 0.023786307889961292 189
1646514159269 0.02398030373273008 190
1646514159315 0.02417499633222485 191
1646514159355 0.024370380847087675 192
1646514159394 0.024566452418755005 193
1646514159431 0.024763206171578483 194
1646514159460 0.024960637212946155 195
1646514159510 0.02515874063340416 196
1646514159729 0.0253575115067788 197
1646514159828 0.025556944890299083 198
1646514159855 0.025757035824719512 199
1646514159897 0.025957779334443556 200
1646514159930 0.026159170427647246 201
1646514159966 0.026361204096403426 202
1646514160000 0.026563875316806165 203
1646514160135 0.026767179049095785 204
1646514160176 0.026971110237784104 205
1646514160215 0.0271756638117802 206
1646514160253 0.027380834684516506 207
1646514160272 0.027586617754075282 208
1646514160323 0.027793007903315486 209
1646514160350 0.027999999999999997 210
1646514160476 0.02820758889692332 211
1646514160514 0.028415769432039453 212
1646514160579 0.028624536428590378 213
1646514160613 0.02883388469523468 214
1646514160649 0.02904380902617673 215
1646514160683 0.029254304201296072 216
1646514160729 0.029465364986277248 217
1646514160882 0.029676986132739974 218
1646514160931 0.029889162378369652 219
1646514160970 0.030101888447048183 220
1646514161015 0.0303151590489852 221
1646514161066 0.030528968880849647 222
1646514161109 0.030743312625901534 223
1646514161160 0.030958184954124293 224
1646514161315 0.03117358052235722 225
1646514161362 0.03138949397442836 226
1646514161403 0.03160591994128775 227
1646514161445 0.03182285304114085 228
1646514161492 0.03204028787958242 229
1646514161548 0.03225821904973064 230
1646514161593 0.03247664113236158 231
1646514161749 0.03269554869604396 232
1646514161795 0.03291493629727417 233
1646514161850 0.03313479848061167 234
1646514161967 0.03335512977881465 235
1646514162058 0.03357592471297598 236
1646514162163 0.033797177792659436 237
1646514162248 0.034018883516036214 238
1646514162452 0.03424103637002181 239
1646514162532 0.034463630830413025 240
1646514162591 0.03468666136202542 241
1646514162653 0.034910122418830875 242
1646514162714 0.035134008444095546 243
1646514162774 0.03535831387051806 244
1646514162821 0.035583033120367896 245
1646514162960 0.035808160605624154 246
1646514163006 0.036033690728114465 247
1646514163050 0.03625961787965419 248
1646514163097 0.03648593644218592 249
1646514163134 0.03671264078791915 250
1646514163177 0.03693972527947022 251
1646514163211 0.037167184270002526 252
1646514163397 0.03739501210336689 253
1646514163475 0.037623203114242276 254
1646514163551 0.0378517516282766 255
1646514163628 0.03808065196222787 256
1646514163682 0.038309898424105496 257
1646514163719 0.038539485313311875 258
1646514163763 0.038769406920784046 259
1646514163927 0.038999657529135756 260
1646514163972 0.039230231412799604 261
1646514164012 0.03946112283816936 262
1646514164058 0.03969232606374264 263
1646514164094 0.03992383534026359 264
1646514164122 0.040155644910865915 265
1646514164166 0.04038774901121596 266
1646514164305 0.04062014186965612 267
1646514164351 0.04085281770734836 268
1646514164393 0.041085770738417855 269
1646514164425 0.04131899517009691 270
1646514164476 0.04155248520286901 271
1646514164516 0.041786235030613024 272
1646514164555 0.04202023884074756 273
1646514164753 0.04225449081437555 274
1646514164808 0.042488985126428916 275
1646514164901 0.042723715945813444 276
1646514164952 0.04295867743555375 277
1646514164985 0.04319386375293845 278
1646514165022 0.043429269049665445 279
1646514165063 0.04366488747198734 280
1646514165183 0.04390071316085705 281
1646514165225 0.0441367402520734 282
1646514165262 0.044372962876427044 283
1646514165302 0.0446093751598464 284
1646514165334 0.04484597122354363 285
1646514165373 0.04508274518416096 286
1646514165405 0.04531969115391687 287
1646514165533 0.04555680324075254 288
1646514165577 0.045794075548478405 289
1646514165613 0.04603150217692071 290
1646514165651 0.046269077222068286 291
1646514165690 0.046506794776219273 292
1646514165772 0.04674464892812815 293
1646514165832 0.046982633763152634 294
1646514165978 0.0472207433634008 295
1646514166033 0.04745897180787822 296
1646514166073 0.047697313172635196 297
1646514166113 0.047935761530914084 298
1646514166140 0.048174310953296676 299
1646514166190 0.048412955507851636 300
1646514166221 0.048651689260281995 301
1646514166347 0.04889050627407272 302
1646514166405 0.04912940061063836 303
1646514166512 0.04936836632947072 304
1646514166577 0.04960739748828654 305
1646514166616 0.049846488143175285 306
1646514166647 0.05008563234874696 307
1646514166680 0.05032482415827995 308
1646514166815 0.050564057623868876 309
1646514166857 0.050803326796572505 310
1646514166924 0.051042625726561694 311
1646514166983 0.05128194846326735 312
1646514167040 0.05152128905552836 313
1646514167085 0.051760641551739615 314
1646514167135 0.052000000000000005 315
1646514167364 0.05223935844826039 316
1646514167428 0.052478710944471645 317
1646514167486 0.052718051536732646 318
1646514167538 0.0529573742734383 319
1646514167588 0.0531966732034275 320
1646514167627 0.05343594237613112 321
1646514167668 0.05367517584172004 322
1646514167808 0.05391436765125303 323
1646514167861 0.0541535118568247 324
1646514167912 0.054392602511713475 325
1646514167965 0.05463163367052929 326
1646514168017 0.054870599389361646 327
1646514168091 0.0551094937259273 328
1646514168145 0.05534831073971802 329
1646514168320 0.055587044492148366 330
1646514168378 0.05582568904670332 331
1646514168441 0.05606423846908592 332
1646514168494 0.056302686827364806 333
1646514168542 0.056541028192121784 334
1646514168582 0.0567792566365992 335
1646514168624 0.05701736623684736 336
1646514168885 0.05725535107187185 337
1646514168953 0.05749320522378073 338
1646514168995 0.05773092277793172 339
1646514169043 0.05796849782307928 340
1646514169082 0.05820592445152159 341
1646514169107 0.05844319675924745 342
1646514169134 0.058680308846083135 343
1646514169238 0.05891725481583904 344
1646514169276 0.05915402877645638 345
1646514169307 0.05939062484015362 346
1646514169340 0.059627037123572965 347
1646514169385 0.05986325974792661 348
1646514169420 0.060099286839142965 349
1646514169458 0.06033511252801266 350
1646514169576 0.06057073095033456 351
1646514169610 0.060806136247061555 352
1646514169642 0.06104132256444625 353
1646514169677 0.06127628405418655 354
1646514169711 0.06151101487357108 355
1646514169744 0.06174550918562445 356
1646514169781 0.061979761159252446 357
1646514169924 0.06221376496938698 358
1646514169962 0.06244751479713099 359
1646514170001 0.0626810048299031 360
1646514170056 0.06291422926158215 361
1646514170099 0.06314718229265165 362
1646514170135 0.06337985813034389 363
1646514170169 0.06361225098878405 364
1646514170306 0.06384435508913411 365
1646514170350 0.06407616465973642 366
1646514170399 0.06430767393625736 367
1646514170448 0.06453887716183064 368
1646514170486 0.0647697685872004 369
1646514170521 0.06500034247086425 370
1646514170554 0.06523059307921597 371
1646514170674 0.06546051468668813 372
1646514170708 0.0656901015758945 373
1646514170750 0.06591934803777214 374
1646514170795 0.06614824837172341 375
1646514170869 0.06637679688575773 376
1646514170967 0.0666049878966331 377
1646514171052 0.06683281572999747 378
1646514171285 0.06706027472052978 379
1646514171392 0.06728735921208084 380
1646514171452 0.06751406355781409 381
1646514171584 0.0677403821203458 382
1646514171653 0.06796630927188553 383
1646514171719 0.06819183939437584 384
1646514171771 0.0684169668796321 385
1646514172025 0.06864168612948196 386
1646514172083 0.06886599155590446 387
1646514172144 0.06908987758116913 388
1646514172197 0.06931333863797458 389
1646514172252 0.06953636916958697 390
1646514172304 0.06975896362997819 391
1646514172351 0.06998111648396378 392
1646514172623 0.07020282220734056 393
1646514172688 0.07042407528702402 394
1646514172751 0.07064487022118535 395
1646514172874 0.07086520151938834 396
1646514172933 0.07108506370272583 397
1646514173002 0.07130445130395605 398
1646514173056 0.07152335886763841 399
1646514173239 0.07174178095026935 400
1646514173277 0.07195971212041757 401
1646514173320 0.07217714695885914 402
1646514173358 0.07239408005871224 403
1646514173398 0.07261050602557165 404
1646514173437 0.07282641947764279 405
1646514173476 0.07304181504587573 406
1646514173626 0.07325668737409848 407
1646514173671 0.07347103111915038 408
1646514173729 0.0736848409510148 409
1646514173787 0.07389811155295183 410
1646514173836 0.07411083762163034 411
1646514173881 0.07432301386726002 412
1646514173925 0.07453463501372275 413
1646514174143 0.07474569579870394 414
1646514174189 0.07495619097382326 415
1646514174241 0.07516611530476532 416
1646514174299 0.07537546357140963 417
1646514174345 0.07558423056796054 418
1646514174388 0.07579241110307669 419
1646514174427 0.076 420
1646514174574 0.07620699209668452 421
1646514174615 0.07641338224592471 422
1646514174657 0.07661916531548349 423
1646514174710 0.07682433618821982 424
1646514174780 0.0770288897622159 425
1646514174845 0.07723282095090424 426
1646514174930 0.07743612468319383 427
1646514175222 0.07763879590359658 428
1646514175272 0.07784082957235275 429
1646514175351 0.07804222066555645 430
1646514175449 0.0782429641752805 431
1646514175532 0.07844305510970093 432
1646514175588 0.0786424884932212 433
1646514175639 0.07884125936659585 434
1646514175818 0.07903936278705387 435
1646514175883 0.07923679382842153 436
1646514175952 0.079433547581245 437
1646514176015 0.07962961915291233 438
1646514176069 0.07982500366777515 439
1646514176122 0.0800196962672699 440
1646514176164 0.0802136921100387 441
1646514176362 0.08040698637204964 442
1646514176422 0.08059957424671685 443
1646514176606 0.08079145094501985 444
1646514176687 0.08098261169562293 445
1646514176752 0.08117305174499345 446
1646514176816 0.08136276635752032 447
1646514176873 0.0815517508156316 448
1646514177059 0.08174000041991192 449
1646514177174 0.08192751048921922 450
1646514177231 0.08211427636080125 451
1646514177277 0.08230029339041146 452
1646514177328 0.08248555695242459 453
1646514177379 0.08267006243995148 454
1646514177423 0.0828538052649539 455
1646514177589 0.08303678085835839 456
1646514177640 0.08321898467017007 457
1646514177691 0.08340041216958566 458
1646514177739 0.08358105884510621 459
1646514177789 0.08376092020464924 460
1646514177847 0.08393999177566053 461
1646514177890 0.08411826910522519 462
1646514178097 0.08429574776017855 463
1646514178150 0.08447242332721626 464
1646514178210 0.08464829141300415 465
1646514178272 0.08482334764428737 466
1646514178336 0.08499758766799928 467
1646514178383 0.08517100715136951 468
1646514178439 0.08534360178203187 469
1646514178870 0.0855153672681315 470
1646514178967 0.0856862993384316 471
1646514179067 0.08585639374241963 472
1646514179152 0.08602564625041308 473
1646514179228 0.08619405265366455 474
1646514179295 0.0863616087644665 475
1646514179372 0.08652831041625525 476
1646514179634 0.0866941534637148 477
1646514179685 0.08685913378287967 478
1646514179744 0.08702324727123764 479
1646514179796 0.08718648984783166 480
1646514179849 0.08734885745336138 481
1646514179908 0.08751034605028403 482
1646514179955 0.08767095162291494 483
1646514180179 0.08783067017752721 484
1646514180226 0.08798949774245125 485
1646514180319 0.08814743036817332 486
1646514180376 0.08830446412743394 487
1646514180424 0.08846059511532535 488
1646514180484 0.0886158194493888 489
1646514180572 0.08877013326971095 490
1646514180771 0.08892353273901994 491
1646514180823 0.08907601404278077 492
1646514180879 0.08922757338929019 493
1646514180934 0.08937820700977092 494
1646514180995 0.08952791115846542 495
1646514181063 0.08967668211272907 496
1646514181148 0.08982451617312266 497
1646514181379 0.08997140966350438 498
1646514181449 0.09011735893112133 499
1646514181501 0.09026236034670027 500
1646514181549 0.0904064103045379 501
1646514181624 0.09054950522259048 502
1646514181699 0.09069164154256298 503
1646514181752 0.09083281572999748 504
1646514181948 0.09097302427436112 505
1646514182004 0.09111226368913336 506
1646514182079 0.0912505305118927 507
1646514182131 0.09138782130440279 508
1646514182193 0.09152413265269789 509
1646514182243 0.09165946116716775 510
1646514182301 0.091793803482642 511
1646514182601 0.09192715625847371 512
1646514182735 0.09205951617862253 513
1646514182797 0.09219087995173712 514
1646514182861 0.09232124431123703 515
1646514182924 0.09245060601539389 516
1646514182994 0.092578961847412 517
1646514183052 0.09270630861550845 518
1646514183259 0.0928326431529923 519
1646514183314 0.09295796231834347 520
1646514183366 0.09308226299529081 521
1646514183416 0.09320554209288957 522
1646514183461 0.09332779654559832 523
1646514183511 0.09344902331335508 524
1646514183563 0.09356921938165307 525
1646514183739 0.09368838176161547 526
1646514183791 0.09380650749006995 527
1646514183841 0.09392359362962223 528
1646514183890 0.09403963726872912 529
1646514183966 0.09415463552177097 530
1646514184041 0.09426858552912343 531
1646514184089 0.0943814844572285 532
1646514184345 0.09449332949866504 533
1646514184391 0.0946041178722186 534
1646514184445 0.09471384682295049 535
1646514184485 0.0948225136222664 536
1646514184546 0.09493011556798417 537
1646514184586 0.095036649984401 538
1646514184625 0.09514211422236002 539
1646514184762 0.09524650565931612 540
1646514184790 0.0953498216994012 541
1646514184838 0.09545205977348871 542
1646514184874 0.09555321733925752 543
1646514184912 0.09565329188125515 544
1646514184958 0.09575228091096032 545
1646514185001 0.09585018196684485 546
1646514185130 0.09594699261443485 547
1646514185174 0.09604271044637124 548
1646514185238 0.09613733308246963 549
1646514185271 0.09623085816977958 550
1646514185307 0.09632328338264294 551
1646514185344 0.09641460642275185 552
1646514185391 0.09650482501920579 553
1646514185520 0.09659393692856813 554
1646514185560 0.0966819399349218 555
1646514185607 0.09676883184992453 556
1646514185649 0.09685461051286315 557
1646514185696 0.0969392737907074 558
1646514185745 0.0970228195781629 559
1646514185804 0.0971052457977236 560
1646514185933 0.09718655039972335 561
1646514185975 0.09726673136238691 562
1646514186023 0.0973457866918802 563
1646514186065 0.09742371442235989 564
1646514186138 0.09750051261602233 565
1646514186188 0.09757617936315167 566
1646514186259 0.09765071278216737 567
1646514186496 0.09772411101967103 568
1646514186547 0.09779637225049237 569
1646514186598 0.09786749467773476 570
1646514186648 0.0979374765328198 571
1646514186689 0.09800631607553131 572
1646514186748 0.09807401159405868 573
1646514186788 0.09814056140503931 574
1646514186951 0.09820596385360059 575
1646514187004 0.09827021731340096 576
1646514187055 0.09833332018667043 577
1646514187104 0.09839527090425026 578
1646514187147 0.098456067925632 579
1646514187187 0.09851570973899575 580
1646514187248 0.09857419486124784 581
1646514187398 0.09863152183805765 582
1646514187458 0.09868768924389378 583
1646514187504 0.09874269568205951 584
1646514187607 0.09879653978472754 585
1646514187682 0.09884922021297397 586
1646514187799 0.09890073565681165 587
1646514187849 0.09895108483522268 588
1646514187967 0.09900026649619031 589
1646514188004 0.09904827941673011 590
1646514188036 0.09909512240292029 591
1646514188068 0.09914079428993147 592
1646514188116 0.0991852939420556 593
1646514188163 0.09922862025273423 594
1646514188200 0.09927077214458599 595
1646514188315 0.09931174856943342 596
1646514188335 0.09935154850832903 597
1646514188366 0.0993901709715806 598
1646514188409 0.09942761499877581 599
1646514188459 0.09946387965880618 600
1646514188496 0.0994989640498901 601
1646514188538 0.09953286729959539 602
1646514188661 0.09956558856486088 603
1646514188700 0.09959712703201745 604
1646514188794 0.09962748191680826 605
1646514188892 0.0996566524644082 606
1646514188959 0.09968463794944267 607
1646514189031 0.0997114376760057 608
1646514189086 0.09973705097767713 609
1646514189312 0.09976147721753928 610
1646514189359 0.09978471578819273 611
1646514189431 0.09980676611177149 612
1646514189494 0.09982762763995724 613
1646514189537 0.09984729985399317 614
1646514189574 0.09986578226469665 615
1646514189618 0.09988307441247157 616
1646514189730 0.09989917586731967 617
1646514189754 0.0999140862288513 618
1646514189791 0.09992780512629529 619
1646514189841 0.09994033221850827 620
1646514189870 0.0999516671939831 621
1646514189947 0.09996180977085661 622
1646514190006 0.0999707596969166 623
1646514190223 0.09997851674960817 624
1646514190273 0.09998508073603919 625
1646514190304 0.09999045149298513 626
1646514190356 0.09999462888689313 627
1646514190400 0.09999761281388526 628
1646514190438 0.09999940319976121 629
1646514190484 0.09999988581654443 630
1646514190608 0.09999954326669921 631
1646514190643 0.09999897235202891 632
1646514190684 0.0999981730751411 633
1646514190719 0.09999714543968634 634
1646514190750 0.09999588945035823 635
1646514190795 0.09999440511289331 636
1646514190840 0.09999269243407109 637
1646514190974 0.09999075142171397 638
1646514191027 0.09998858208468725 639
1646514191058 0.09998618443289907 640
1646514191091 0.09998355847730035 641
1646514191138 0.09998070422988478 642
1646514191216 0.09997762170368871 643
1646514191263 0.09997431091279116 644
1646514191473 0.09997077187231367 645
1646514191517 0.0999670045984203 646
1646514191548 0.09996300910831754 647
1646514191573 0.09995878542025423 648
1646514191612 0.09995433355352143 649
1646514191643 0.09994965352845243 650
1646514191674 0.09994474536642255 651
1646514191783 0.09993960908984914 652
1646514191822 0.09993424472219138 653
1646514191853 0.09992865228795028 654
1646514191898 0.09992283181266845 655
1646514191938 0.0999167833229301 656
1646514191969 0.09991050684636081 657
1646514191999 0.09990400241162752 658
1646514192120 0.09989727004843828 659
1646514192161 0.0998903097875422 660
1646514192192 0.09988312166072927 661
1646514192223 0.09987570570083022 662
1646514192255 0.0998680619417164 663
1646514192299 0.09986019041829958 664
1646514192330 0.09985209116653179 665
1646514192449 0.09984376422340524 666
1646514192471 0.09983520962695201 667
1646514192499 0.09982642741624403 668
1646514192538 0.09981741763139274 669
1646514192569 0.09980818031354909 670
1646514192601 0.09979871550490317 671
1646514192632 0.09978902324868413 672
1646514192741 0.09977910358915996 673
1646514192783 0.09976895657163733 674
1646514192831 0.09975858224246123 675
1646514192860 0.09974798064901494 676
1646514192899 0.09973715183971972 677
1646514192933 0.0997260958640346 678
1646514192980 0.09971481277245615 679
1646514193131 0.0997033026165183 680
1646514193163 0.09969156544879201 681
1646514193223 0.09967960132288511 682
1646514193281 0.09966741029344206 683
1646514193324 0.09965499241614359 684
1646514193364 0.09964234774770661 685
1646514193405 0.0996294763458838 686
1646514193531 0.09961637826946346 687
1646514193561 0.09960305357826917 688
1646514193649 0.09958950233315954 689
1646514193746 0.09957572459602795 690
1646514193807 0.09956172042980223 691
1646514193866 0.09954748989844439 692
1646514193937 0.09953303306695035 693
1646514194112 0.0995183500013496 694
1646514194173 0.09950344076870497 695
1646514194234 0.0994883054371122 696
1646514194274 0.09947294407569977 697
1646514194323 0.09945735675462848 698
1646514194366 0.09944154354509119 699
1646514194417 0.09942550451931245 700
1646514194589 0.09940923975054825 701
1646514194671 0.09939274931308553 702
1646514194734 0.09937603328224204 703
1646514194787 0.09935909173436584 704
1646514194837 0.099341924746835 705
1646514194885 0.09932453239805729 706
1646514194933 0.09930691476746976 707
1646514195111 0.09928907193553844 708
1646514195193 0.09927100398375785 709
1646514195268 0.09925271099465081 710
1646514195314 0.09923419305176792 711
1646514195357 0.09921545023968721 712
1646514195446 0.09919648264401378 713
1646514195502 0.0991772903513794 714
1646514195667 0.09915787344944213 715
1646514195718 0.09913823202688588 716
1646514195768 0.09911836617342003 717
1646514195808 0.099098275979779 718
1646514195863 0.09907796153772187 719
1646514195911 0.09905742294003195 720
1646514195937 0.09903666028051634 721
1646514196042 0.0990156736540055 722
1646514196084 0.09899446315635282 723
1646514196115 0.09897302888443424 724
1646514196146 0.09895137093614768 725
1646514196178 0.09892948941041274 726
1646514196212 0.09890738440717015 727
1646514196238 0.09888505602738132 728
1646514196381 0.0988625043730279 729
1646514196433 0.09883972954711141 730
1646514196470 0.09881673165365253 731
1646514196507 0.09879351079769086 732
1646514196557 0.09877006708528434 733
1646514196604 0.09874640062350874 734
1646514196648 0.09872251152045726 735
1646514196793 0.09869839988523992 736
1646514196848 0.09867406582798315 737
1646514196869 0.09864950945982928 738
1646514196906 0.098624730892936 739
1646514196939 0.09859973024047584 740
1646514196993 0.0985745076166357 741
1646514197039 0.09854906313661634 742
1646514197147 0.0985233969166317 743
1646514197186 0.0984975090739086 744
1646514197217 0.09847139972668602 745
1646514197250 0.09844506899421467 746
1646514197281 0.0984185169967564 747
1646514197314 0.09839174385558365 748
1646514197340 0.09836474969297887 749
1646514197563 0.09833753463223405 750
1646514197633 0.09831009879765007 751
1646514197695 0.09828244231453617 752
1646514197772 0.09825456530920935 753
1646514197844 0.09822646790899386 754
1646514197897 0.09819815024222053 755
1646514197946 0.09816961243822624 756
1646514198128 0.0981408546273533 757
1646514198171 0.09811187694094889 758
1646514198221 0.09808267951136446 759
1646514198262 0.09805326247195503 760
1646514198313 0.09802362595707877 761
1646514198364 0.09799377010209614 762
1646514198404 0.09796369504336953 763
1646514198533 0.09793340091826243 764
1646514198566 0.09790288786513891 765
1646514198609 0.09787215602336295 766
1646514198672 0.09784120553329785 767
1646514198709 0.09781003653630553 768
1646514198748 0.0977786491747459 769
1646514198779 0.09774704359197621 770
1646514199057 0.09771521993235047 771
1646514199119 0.09768317834121862 772
1646514199162 0.09765091896492609 773
1646514199197 0.09761844195081291 774
1646514199234 0.09758574744721321 775
1646514199277 0.09755283560345443 776
1646514199302 0.09751970656985669 777
1646514199466 0.09748636049773209 778
1646514199519 0.09745279753938403 779
1646514199572 0.09741901784810654 780
1646514199622 0.09738502157818346 781
1646514199671 0.09735080888488792 782
1646514199714 0.09731637992448146 783
1646514199747 0.09728173485421342 784
1646514199869 0.09724687383232018 785
1646514199901 0.09721179701802449 786
1646514199937 0.09717650457153462 787
1646514199971 0.09714099665404377 788
1646514200009 0.09710527342772927 789
1646514200066 0.09706933505575184 790
1646514200135 0.09703318170225479 791
1646514200341 0.09699681353236342 792
1646514200392 0.09696023071218408 793
1646514200438 0.0969234334088036 794
1646514200482 0.09688642179028838 795
1646514200531 0.09684919602568365 796
1646514200588 0.09681175628501273 797
1646514200644 0.09677410273927631 798
1646514200841 0.09673623556045154 799
1646514200900 0.09669815492149131 800
1646514200946 0.09665986099632348 801
1646514200984 0.09662135395985007 802
1646514201044 0.09658263398794643 803
1646514201108 0.09654370125746049 804
1646514201160 0.09650455594621189 805
1646514201349 0.09646519823299123 806
1646514201476 0.09642562829755921 807
1646514201567 0.09638584632064587 808
1646514201669 0.09634585248394963 809
1646514201746 0.09630564697013662 810
1646514201815 0.09626522996283975 811
1646514201868 0.0962246016466579 812
1646514202138 0.09618376220715508 813
1646514202218 0.09614271183085958 814
1646514202280 0.09610145070526309 815
1646514202331 0.09605997901881987 816
1646514202392 0.09601829696094591 817
1646514202454 0.09597640472201803 818
1646514202511 0.095934302493373 819
1646514202671 0.09589199046730673 820
1646514202709 0.09584946883707332 821
1646514202745 0.09580673779688421 822
1646514202787 0.0957637975419073 823
1646514202826 0.09572064826826603 824
1646514202876 0.09567729017303851 825
1646514202946 0.09563372345425666 826
1646514203290 0.09558994831090517 827
1646514203350 0.09554596494292075 828
1646514203412 0.0955017735511911 829
1646514203485 0.09545737433755408 830
1646514203593 0.09541276750479673 831
1646514203646 0.09536795325665434 832
1646514203702 0.09532293179780955 833
1646514203899 0.09527770333389145 834
1646514203940 0.09523226807147452 835
1646514203982 0.09518662621807782 836
1646514204073 0.09514077798216396 837
1646514204148 0.09509472357313818 838
1646514204200 0.09504846320134738 839
1646514204254 0.09500199707807919 840
1646514204613 0.09495532541556093 841
1646514204680 0.09490844842695872 842
1646514204741 0.0948613663263765 843
1646514204793 0.094814079328855 844
1646514204850 0.0947665876503708 845
1646514204908 0.09471889150783531 846
1646514204977 0.09467099111909384 847
1646514205311 0.09462288670292453 848
1646514205428 0.09457457847903737 849
1646514205550 0.09452606666807328 850
1646514205604 0.094477351491603 851
1646514205681 0.09442843317212607 852
1646514205748 0.09437931193306992 853
1646514205816 0.09432998799878874 854
1646514206105 0.09428046159456253 855
1646514206174 0.09423073294659605 856
1646514206262 0.09418080228201775 857
1646514206324 0.09413066982887877 858
1646514206373 0.0940803358161519 859
1646514206412 0.09402980047373054 860
1646514206454 0.09397906403242758 861
1646514206615 0.09392812672397445 862
1646514206663 0.09387698878102001 863
1646514206710 0.09382565043712943 864
1646514206754 0.09377411192678328 865
1646514206809 0.09372237348537629 866
1646514206856 0.09367043534921637 867
1646514207033 0.0936182977555235 868
1646514207255 0.09356596094242865 869
1646514207321 0.0935134251489727 870
1646514207369 0.09346069061510538 871
1646514207409 0.09340775758168408 872
1646514207454 0.09335462629047282 873
1646514207506 0.09330129698414119 874
1646514207546 0.09324776990626309 875
1646514207696 0.09319404530131581 876
1646514207738 0.09314012341467875 877
1646514207772 0.09308600449263241 878
1646514207820 0.09303168878235718 879
1646514207858 0.09297717653193228 880
1646514207899 0.09292246799033459 881
1646514207939 0.09286756340743753 882
1646514208130 0.09281246303400989 883
1646514208179 0.09275716712171472 884
1646514208237 0.09270167592310816 885
1646514208297 0.09264598969163833 886
1646514208362 0.09259010868164405 887
1646514208441 0.09253403314835384 888
1646514208493 0.09247776334788467 889
1646514208682 0.09242129953724074 890
1646514208730 0.09236464197431243 891
1646514208777 0.092307790917875 892
1646514208853 0.09225074662758755 893
1646514208911 0.09219350936399162 894
1646514208962 0.09213607938851023 895
1646514209130 0.09207845696344655 896
1646514209615 0.09202064235198275 897
1646514209671 0.09196263581817875 898
1646514209777 0.09190443762697105 899
1646514209870 0.09184604804417158 900
1646514209963 0.09178746733646638 901
1646514210038 0.09172869577141439 902
1646514210113 0.09166973361744632 903
1646514210377 0.09161058114386335 904
1646514210439 0.0915512386208359 905
1646514210496 0.09149170631940244 906
1646514210549 0.09143198451146821 907
1646514210614 0.091372073469804 908
1646514210673 0.09131197346804489 909
1646514210736 0.091251684780689 910
1646514210962 0.0911912076830963 911
1646514211069 0.09113054245148722 912
1646514211139 0.09106968936294149 913
1646514211208 0.09100864869539688 914
1646514211265 0.09094742072764787 915
1646514211330 0.09088600573934444 916
1646514211387 0.0908244040109907 917
1646514211692 0.09076261582394374 918
1646514211768 0.09070064146041219 919
1646514211831 0.0906384812034551 920
1646514211892 0.09057613533698053 921
1646514211941 0.09051360414574423 922
1646514212005 0.0904508879153485 923
1646514212066 0.09038798693224069 924
1646514212324 0.09032490148371201 925
1646514212377 0.0902616318578962 926
1646514212439 0.09019817834376821 927
1646514212502 0.09013454123114283 928
1646514212572 0.09007072081067347 929
1646514212638 0.09000671737385073 930
1646514212687 0.0899425312130011 931
1646514212862 0.0898781626212857 932
1646514212915 0.0898136118926988 933
1646514212968 0.08974887932206663 934
1646514213038 0.08968396520504587 935
1646514213088 0.08961886983812245 936
1646514213143 0.08955359351861014 937
1646514213201 0.08948813654464913 938
1646514213411 0.08942249921520477 939
1646514213472 0.08935668183006615 940
1646514213524 0.08929068468984472 941
1646514213576 0.08922450809597293 942
1646514213663 0.08915815235070293 943
1646514213737 0.089091617757105 944
1646514213807 0.08902490461906638 945
1646514214177 0.08895801324128978 946
1646514214244 0.0888909439292919 947
1646514214323 0.08882369698940226 948
1646514214397 0.08875627272876158 949
1646514214456 0.0886886714553205 950
1646514214527 0.08862089347783814 951
1646514214591 0.08855293910588066 952
1646514214786 0.08848480864981995 953
1646514214825 0.08841650242083204 954
1646514214871 0.08834802073089587 955
1646514214911 0.0882793638927917 956
1646514214957 0.08821053222009981 957
1646514215025 0.08814152602719895 958
1646514215095 0.08807234562926505 959
1646514215438 0.08800299134226963 960
1646514215494 0.08793346348297842 961
1646514215555 0.08786376236894998 962
1646514215657 0.08779388831853412 963
1646514215742 0.08772384165087055 964
1646514215797 0.08765362268588736 965
1646514215863 0.08758323174429958 966
1646514216073 0.08751266914760779 967
1646514216125 0.08744193521809647 968
1646514216182 0.08737103027883272 969
1646514216240 0.08729995465366468 970
1646514216290 0.08722870866722003 971
1646514216344 0.08715729264490463 972
1646514216398 0.08708570691290088 973
1646514216581 0.08701395179816636 974
1646514216647 0.08694202762843227 975
1646514216708 0.0868699347322019 976
1646514216758 0.08679767343874924 977
1646514216817 0.08672524407811735 978
1646514216936 0.08665264698111695 979
1646514216991 0.08657988247932488 980
1646514217276 0.08650695090508254 981
1646514217321 0.08643385259149444 982
1646514217381 0.0863605878724266 983
1646514217429 0.08628715708250519 984
1646514217481 0.08621356055711472 985
1646514217533 0.08613979863239682 986
1646514217569 0.08606587164524845 987
1646514217731 0.08599177993332055 988
1646514217775 0.08591752383501637 989
1646514217826 0.08584310368948996 990
1646514217865 0.0857685198366447 991
1646514217916 0.08569377261713158 992
1646514217955 0.08561886237234785 993
1646514217990 0.08554378944443528 994
1646514218130 0.08546855417627869 995
1646514218171 0.08539315691150438 996
1646514218218 0.08531759799447851 997
1646514218270 0.08524187777030565 998
1646514218312 0.08516599658482699 999
1646514218364 0.085089954784619 1000
1646514218420 0.08501375271699167 1001
1646514218590 0.084937390729987 1002
1646514218644 0.08486086917237745 1003
1646514218698 0.08478418839366421 1004
1646514218749 0.08470734874407575 1005
1646514218846 0.08463035057456612 1006
1646514218978 0.08455319423681344 1007
1646514219106 0.0844758800832182 1008
1646514219446 0.08439840846690169 1009
1646514219511 0.08432077974170443 1010
1646514219584 0.08424299426218444 1011
1646514219689 0.08416505238361578 1012
1646514219774 0.08408695446198675 1013
1646514219847 0.08400870085399842 1014
1646514219909 0.08393029191706292 1015
1646514220102 0.08385172800930181 1016
1646514220152 0.08377300948954447 1017
1646514220206 0.08369413671732644 1018
1646514220270 0.0836151100528878 1019
1646514220365 0.08353592985717145 1020
1646514220503 0.08345659649182165 1021
1646514220646 0.08337711031918209 1022
1646514220876 0.0832974717022945 1023
1646514220959 0.0832176810048968 1024
1646514221044 0.08313773859142158 1025
1646514221128 0.08305764482699435 1026
1646514221240 0.08297740007743183 1027
1646514221313 0.08289700470924045 1028
1646514221377 0.08281645908961449 1029
1646514221566 0.08273576358643453 1030
1646514221629 0.08265491856826568 1031
1646514221690 0.08257392440435597 1032
1646514221794 0.08249278146463462 1033
1646514221889 0.08241149011971037 1034
1646514221953 0.08233005074086974 1035
1646514222026 0.08224846370007544 1036
1646514222325 0.08216672936996457 1037
1646514222396 0.08208484812384692 1038
1646514222501 0.08200282033570337 1039
1646514222585 0.08192064638018404 1040
1646514222678 0.08183832663260669 1041
1646514222753 0.08175586146895497 1042
1646514222829 0.08167325126587667 1043
1646514223034 0.08159049640068203 1044
1646514223111 0.08150759725134202 1045
1646514223188 0.0814245541964866 1046
1646514223271 0.08134136761540303 1047
1646514223341 0.08125803788803408 1048
1646514223427 0.0811745653949763 1049
1646514223487 0.08109095051747836 1050
1646514223773 0.08100719363743916 1051
1646514223853 0.08092329513740626 1052
1646514223976 0.08083925540057403 1053
1646514224050 0.08075507481078188 1054
1646514224132 0.0806707537525126 1055
1646514224198 0.0805862926108905 1056
1646514224247 0.08050169177167975 1057
1646514224419 0.08041695162128251 1058
1646514224464 0.08033207254673727 1059
1646514224513 0.08024705493571704 1060
1646514224566 0.08016189917652754 1061
1646514224618 0.08007660565810545 1062
1646514224674 0.07999117477001676 1063
1646514224776 0.0799056069024547 1064
1646514225237 0.07981990244623828 1065
1646514225317 0.07973406179281028 1066
1646514225426 0.07964808533423559 1067
1646514225552 0.07956197346319932 1068
1646514225633 0.0794757265730051 1069
1646514225717 0.0793893450575732 1070
1646514225864 0.07930282931143882 1071
1646514226188 0.07921617972975023 1072
1646514226239 0.07912939670826691 1073
1646514226304 0.07904248064335789 1074
1646514226382 0.07895543193199983 1075
1646514226473 0.0788682509717752 1076
1646514226717 0.07878093816087055 1077
1646514226829 0.07869349389807459 1078
1646514227389 0.07860591858277646 1079
1646514227443 0.07851821261496385 1080
1646514227497 0.07843037639522116 1081
1646514227553 0.07834241032472773 1082
1646514227628 0.07825431480525596 1083
1646514227687 0.07816609023916948 1084
1646514227745 0.07807773702942139 1085
1646514227995 0.07798925557955222 1086
1646514228043 0.07790064629368836 1087
1646514228125 0.07781190957653995 1088
1646514228188 0.07772304583339924 1089
1646514228239 0.07763405547013864 1090
1646514228287 0.07754493889320883 1091
1646514228320 0.07745569650963702 1092
1646514228478 0.07736632872702497 1093
1646514228533 0.07727683595354719 1094
1646514228575 0.07718721859794911 1095
1646514228625 0.07709747706954512 1096
1646514228672 0.07700761177821679 1097
1646514228713 0.0769176231344109 1098
1646514228810 0.07682751154913771 1099
1646514229029 0.07673727743396895 1100
1646514229153 0.07664692120103597 1101
1646514229194 0.07655644326302792 1102
1646514229232 0.07646584403318979 1103
1646514229265 0.07637512392532053 1104
1646514229317 0.07628428335377127 1105
1646514229349 0.07619332273344324 1106
1646514229461 0.07610224247978606 1107
1646514229492 0.07601104300879569 1108
1646514229530 0.07591972473701261 1109
1646514229561 0.07582828808151994 1110
1646514229597 0.07573673345994147 1111
1646514229633 0.07564506129043984 1112
1646514229667 0.07555327199171448 1113
1646514229791 0.07546136598299985 1114
1646514229822 0.07536934368406346 1115
1646514229858 0.07527720551520398 1116
1646514229895 0.07518495189724923 1117
1646514229930 0.07509258325155439 1118
1646514229965 0.0750001 1119
1646514229999 0.07490750256499003 1120
1646514230122 0.07481479136945 1121
1646514230159 0.07472196683682494 1122
1646514230196 0.07462902939107763 1123
1646514230234 0.0745359794566865 1124
1646514230270 0.07444281745864377 1125
1646514230308 0.07434954382245348 1126
1646514230343 0.07425615897412961 1127
1646514230466 0.07416266334019404 1128
1646514230499 0.07406905734767466 1129
1646514230537 0.0739753414241034 1130
1646514230573 0.07388151599751429 1131
1646514230610 0.07378758149644153 1132
1646514230642 0.07369353834991745 1133
1646514230677 0.07359938698747061 1134
1646514230792 0.07350512783912388 1135
1646514230824 0.07341076133539239 1136
1646514230856 0.07331628790728158 1137
1646514230896 0.07322170798628527 1138
1646514230935 0.07312702200438372 1139
1646514230975 0.07303223039404153 1140
1646514231019 0.0729373335882058 1141
1646514231286 0.07284233202030403 1142
1646514231352 0.07274722612424228 1143
1646514231412 0.07265201633440309 1144
1646514231473 0.07255670308564348 1145
1646514231518 0.07246128681329309 1146
1646514231604 0.07236576795315197 1147
1646514231650 0.07227014694148887 1148
1646514231800 0.07217442421503903 1149
1646514231842 0.07207860021100225 1150
1646514231882 0.07198267536704092 1151
1646514231940 0.07188665012127801 1152
1646514231985 0.07179052491229503 1153
1646514232029 0.07169430017913009 1154
1646514232073 0.07159797636127585 1155
1646514232207 0.07150155389867752 1156
1646514232252 0.07140503323173088 1157
1646514232287 0.07130841480128018 1158
1646514232330 0.07121169904861628 1159
1646514232368 0.0711148864154745 1160
1646514232412 0.07101797734403262 1161
1646514232507 0.07092097227690894 1162
1646514232774 0.07082387165716014 1163
1646514232826 0.07072667592827944 1164
1646514232881 0.07062938553419432 1165
1646514232924 0.07053200091926472 1166
1646514232968 0.07043452252828089 1167
1646514233009 0.0703369508064614 1168
1646514233046 0.07023928619945106 1169
1646514233164 0.07014152915331899 1170
1646514233198 0.07004368011455644 1171
1646514233229 0.06994573953007484 1172
1646514233265 0.06984770784720377 1173
1646514233297 0.06974958551368889 1174
1646514233329 0.06965137297768985 1175
1646514233361 0.06955307068777833 1176
1646514233479 0.06945467909293594 1177
1646514233512 0.06935619864255214 1178
1646514233546 0.06925762978642228 1179
1646514233585 0.06915897297474545 1180
1646514233616 0.06906022865812249 1181
1646514233650 0.0689613972875539 1182
1646514233680 0.06886247931443776 1183
1646514233799 0.06876347519056775 1184
1646514233831 0.06866438536813095 1185
1646514233865 0.06856521029970594 1186
1646514233897 0.06846595043826062 1187
1646514233930 0.06836660623715013 1188
1646514233964 0.06826717815011489 1189
1646514233993 0.06816766663127838 1190
1646514234115 0.0680680721351452 1191
1646514234145 0.06796839511659894 1192
1646514234181 0.06786863603090004 1193
1646514234219 0.06776879533368381 1194
1646514234261 0.06766887348095833 1195
1646514234306 0.06756887092910233 1196
1646514234349 0.06746878813486307 1197
1646514234491 0.0673686255553544 1198
1646514234530 0.0672683836480545 1199
1646514234570 0.06716806287080392 1200
1646514234602 0.06706766368180335 1201
1646514234639 0.06696718653961176 1202
1646514234671 0.06686663190314403 1203
1646514234704 0.06676600023166905 1204
1646514234872 0.06666529198480751 1205
1646514234934 0.06656450762252991 1206
1646514234999 0.06646364760515434 1207
1646514235048 0.06636271239334447 1208
1646514235107 0.06626170244810739 1209
1646514235163 0.06616061823079152 1210
1646514235223 0.06605946020308452 1211
1646514235393 0.06595822882701116 1212
1646514235426 0.06585692456493124 1213
1646514235475 0.06575554787953744 1214
1646514235500 0.0656540992338532 1215
1646514235576 0.06555257909123066 1216
1646514235634 0.0654509879153485 1217
1646514235683 0.06534932617020985 1218
1646514235813 0.06524759432014013 1219
1646514235850 0.06514579282978496 1220
1646514235886 0.06504392216410806 1221
1646514235927 0.06494198278838906 1222
1646514235962 0.06483997516822142 1223
1646514235996 0.06473789976951033 1224
1646514236035 0.06463575705847052 1225
1646514236223 0.06453354750162416 1226
1646514236296 0.06443127156579871 1227
1646514236416 0.06432892971812486 1228
1646514236452 0.0642265224260343 1229
1646514236489 0.06412405015725764 1230
1646514236522 0.06402151337982227 1231
1646514236555 0.06391891256205022 1232
1646514236677 0.06381624817255596 1233
1646514236713 0.06371352068024438 1234
1646514236751 0.06361073055430858 1235
1646514236805 0.06350787826422767 1236
1646514236851 0.06340496427976475 1237
1646514236889 0.06330198907096464 1238
1646514236923 0.06319895310815188 1239
1646514237039 0.06309585686192841 1240
1646514237072 0.06299270080317156 1241
1646514237114 0.06288948540303181 1242
1646514237152 0.06278621113293069 1243
1646514237184 0.06268287846455858 1244
1646514237215 0.06257948786987269 1245
1646514237245 0.06247603982109465 1246
1646514237362 0.0623725347907086 1247
1646514237398 0.062268973251458935 1248
1646514237427 0.06216535567634809 1249
1646514237464 0.062061682538634484 1250
1646514237502 0.06195795431183031 1251
1646514237538 0.061854171469699334 1252
1646514237567 0.06175033448625481 1253
1646514237684 0.06164644383575726 1254
1646514237716 0.06154249999271228 1255
1646514237751 0.06143850343186853 1256
1646514237783 0.061334454628215324 1257
1646514237820 0.06123035405698065 1258
1646514237859 0.06112620219362893 1259
1646514237894 0.06102199951385886 1260
1646514238032 0.060917746493601224 1261
1646514238066 0.06081344360901673 1262
1646514238102 0.06070909133649383 1263
1646514238132 0.060604690152646565 1264
1646514238165 0.06050024053431233 1265
1646514238200 0.0603957429585498 1266
1646514238232 0.060291197902636665 1267
1646514238354 0.060186605844067424 1268
1646514238387 0.06008196726055132 1269
1646514238424 0.059977282630010065 1270
1646514238460 0.059872552430575675 1271
1646514238505 0.05976777714058832 1272
1646514238570 0.059662957238594105 1273
1646514238612 0.059558093203342884 1274
1646514238835 0.05945318551378608 1275
1646514238890 0.0593482346490745 1276
1646514238935 0.0592432410885562 1277
1646514238979 0.05913820531177416 1278
1646514239025 0.05903312779846423 1279
1646514239070 0.05892800902855288 1280
1646514239104 0.05882284948215499 1281
1646514239234 0.05871764963957172 1282
1646514239281 0.05861240998128823 1283
1646514239325 0.05850713098797158 1284
1646514239367 0.05840181314046844 1285
1646514239410 0.05829645691980298 1286
1646514239450 0.05819106280717461 1287
1646514239481 0.058085631283955816 1288
1646514239635 0.057980162831689955 1289
1646514239673 0.057874657932089055 1290
1646514239718 0.05776911706703158 1291
1646514239778 0.05766354071856031 1292
1646514239820 0.057557929368880045 1293
1646514239915 0.057452283500355486 1294
1646514239972 0.05734660359550898 1295
1646514240215 0.0572408901370183 1296
1646514240249 0.05713514360771452 1297
1646514240279 0.057029364490579715 1298
1646514240311 0.056923553268744854 1299
1646514240354 0.056817710425487486 1300
1646514240394 0.05671183644422961 1301
1646514240423 0.05660593180853546 1302
1646514240536 0.056499997002109226 1303
1646514240572 0.05639403250879297 1304
1646514240605 0.05628803881256428 1305
1646514240638 0.05618201639753418 1306
1646514240676 0.05607596574794482 1307
1646514240718 0.0559698873481673 1308
1646514240755 0.05586378168269955 1309
1646514240912 0.055757649236163914 1310
1646514240948 0.05565149049330513 1311
1646514240991 0.05554530593898801 1312
1646514241042 0.055439096058195296 1313
1646514241083 0.055332861336025344 1314
1646514241125 0.05522660225769002 1315
1646514241164 0.05512031930851241 1316
1646514241295 0.05501401297392465 1317
1646514241337 0.05490768373946564 1318
1646514241387 0.054801332090778906 1319
1646514241432 0.054694958513610364 1320
1646514241466 0.054588563493806024 1321
1646514241503 0.0544821475173099 1322
1646514241539 0.05437571107016168 1323
1646514241667 0.054269254638494566 1324
1646514241703 0.05416277870853303 1325
1646514241745 0.05405628376659061 1326
1646514241791 0.053949770299067674 1327
1646514241833 0.053843238792449184 1328
1646514241872 0.0537366897333025 1329
1646514241903 0.053630123608275175 1330
1646514242043 0.053523540904092705 1331
1646514242084 0.05341694210755628 1332
1646514242125 0.053310327705540596 1333
1646514242164 0.05320369818499166 1334
1646514242208 0.05309705403292447 1335
1646514242265 0.05299039573642093 1336
1646514242345 0.05288372378262746 1337
1646514242601 0.05277703865875294 1338
1646514242664 0.05267034085206632 1339
1646514242718 0.052563630849894544 1340
1646514242763 0.052456909139620256 1341
1646514242818 0.052350176208679516 1342
1646514242878 0.05224343254455968 1343
1646514242911 0.052136678634797116 1344
1646514243052 0.05202991496697501 1345
1646514243089 0.05192314202872104 1346
1646514243131 0.05181636030770532 1347
1646514243173 0.051709570291638036 1348
1646514243213 0.051602772468267256 1349
1646514243268 0.051495967325376694 1350
1646514243301 0.05138915535078352 1351
1646514243427 0.05128233703233613 1352
1646514243471 0.05117551285791184 1353
1646514243508 0.05106868331541472 1354
1646514243557 0.0509618488927734 1355
1646514243640 0.05085501007793878 1356
1646514243688 0.05074816735888178 1357
1646514243737 0.05064132122359121 1358
1646514243931 0.05053447216007148 1359
1646514243963 0.05042762065634031 1360
1646514244002 0.05032076720042663 1361
1646514244038 0.05021391228036826 1362
1646514244069 0.05010705638420974 1363
1646514244099 0.0500002 1364
1646514244130 0.049893343615790266 1365
1646514244251 0.04978648771963174 1366
1646514244284 0.049679632799573374 1367
1646514244328 0.04957277934365971 1368
1646514244363 0.04946592783992853 1369
1646514244397 0.049359078776408785 1370
1646514244432 0.049252232641118235 1371
1646514244463 0.049145389922061224 1372
1646514244579 0.0490385511072266 1373
1646514244611 0.048931716684585284 1374
1646514244646 0.048824887142088165 1375
1646514244685 0.04871806296766387 1376
1646514244716 0.04861124464921647 1377
1646514244756 0.04850443267462332 1378
1646514244785 0.048397627531732754 1379
1646514244903 0.04829082970836198 1380
1646514244935 0.048184039692294685 1381
1646514244967 0.04807725797127896 1382
1646514245007 0.047970485033025013 1383
1646514245048 0.047863721365202894 1384
1646514245085 0.04775696745544034 1385
1646514245115 0.047650223791320494 1386
1646514245232 0.047543490860379754 1387
1646514245273 0.04743676915010546 1388
1646514245314 0.04733005914793368 1389
1646514245355 0.047223361341247085 1390
1646514245402 0.047116676217372554 1391
1646514245434 0.047010004263579076 1392
1646514245469 0.04690334596707554 1393
1646514245595 0.046796701815008356 1394
1646514245634 0.04669007229445942 1395
1646514245668 0.04658345789244373 1396
1646514245704 0.04647685909590729 1397
1646514245736 0.046370276391724835 1398
1646514245776 0.046263710266697504 1399
1646514245812 0.04615716120755084 1400
1646514245923 0.046050629700932336 1401
1646514245963 0.04594411623340938 1402
1646514246025 0.04583762129146698 1403
1646514246091 0.04573114536150543 1404
1646514246142 0.04562468892983833 1405
1646514246193 0.04551825248269011 1406
1646514246255 0.04541183650619397 1407
1646514246462 0.04530544148638965 1408
1646514246497 0.0451990679092211 1409
1646514246537 0.04509271626053438 1410
1646514246576 0.04498638702607535 1411
1646514246619 0.04488008069148759 1412
1646514246658 0.04477379774230999 1413
1646514246700 0.04466753866397466 1414
1646514246837 0.044561303941804714 1415
1646514246875 0.044455094061012 1416
1646514246918 0.0443489095066949 1417
1646514246959 0.0442427507638361 1418
1646514246996 0.04413661831730046 1419
1646514247042 0.0440305126518327 1420
1646514247073 0.04392443425205519 1421
1646514247236 0.04381838360246583 1422
1646514247293 0.043712361187435725 1423
1646514247336 0.04360636749120703 1424
1646514247386 0.04350040299789078 1425
1646514247430 0.04339446819146456 1426
1646514247557 0.043288563555770404 1427
1646514247649 0.04318268957451252 1428
1646514247866 0.04307684673125514 1429
1646514247909 0.042971035509420295 1430
1646514247973 0.042865256392285486 1431
1646514248029 0.042759509862981715 1432
1646514248083 0.04265379640449103 1433
1646514248118 0.04254811649964451 1434
1646514248150 0.04244247063111996 1435
1646514248273 0.04233685928143969 1436
1646514248310 0.04223128293296843 1437
1646514248344 0.042125742067910955 1438
1646514248377 0.042020237168310055 1439
1646514248413 0.04191476871604419 1440
1646514248451 0.041809337192825397 1441
1646514248484 0.041703943080197044 1442
1646514248604 0.041598586859531564 1443
1646514248632 0.04149326901202844 1444
1646514248663 0.04138799001871178 1445
1646514248705 0.041282750360428284 1446
1646514248747 0.04117755051784502 1447
1646514248790 0.04107239097144713 1448
1646514248834 0.04096727220153579 1449
1646514248981 0.04086219468822585 1450
1646514249024 0.040757158911443804 1451
1646514249064 0.04065216535092551 1452
1646514249087 0.04054721448621393 1453
1646514249118 0.04044230679665713 1454
1646514249152 0.040337442761405905 1455
1646514249183 0.04023262285941167 1456
1646514249292 0.04012784756942433 1457
1646514249334 0.04002311736998995 1458
1646514249372 0.0399184327394487 1459
1646514249399 0.039813794155932586 1460
1646514249431 0.03970920209736335 1461
1646514249472 0.039604657041450206 1462
1646514249504 0.03950015946568767 1463
1646514249606 0.03939570984735346 1464
1646514249653 0.03929130866350617 1465
1646514249688 0.039186956390983275 1466
1646514249737 0.039082653506398786 1467
1646514249792 0.03897840048614113 1468
1646514249879 0.03887419780637107 1469
1646514249933 0.03877004594301936 1470
1646514250174 0.0386659453717847 1471
1646514250225 0.03856189656813148 1472
1646514250285 0.03845790000728771 1473
1646514250334 0.03835395616424277 1474
1646514250376 0.03825006551374519 1475
1646514250417 0.038146228530300676 1476
1646514250466 0.0380424456881697 1477
1646514250648 0.03793871746136551 1478
1646514250690 0.037835044323651916 1479
1646514250738 0.037731426748541075 1480
1646514250786 0.037627865209291414 1481
1646514250839 0.03752436017890536 1482
1646514250888 0.037420912130127326 1483
1646514250938 0.03731752153544142 1484
1646514251072 0.03721418886706933 1485
1646514251112 0.03711091459696821 1486
1646514251148 0.037007699196828454 1487
1646514251341 0.03690454313807158 1488
1646514251407 0.036801446891848125 1489
1646514251474 0.03669841092903536 1490
1646514251544 0.036595435720235284 1491
1646514251722 0.036492521735772346 1492
1646514251767 0.036389669445691435 1493
1646514251814 0.036286879319755626 1494
1646514251855 0.03618415182744404 1495
1646514251887 0.0360814874379498 1496
1646514251927 0.03597888662017773 1497
1646514251965 0.03587634984274237 1498
1646514252095 0.035773877573965704 1499
1646514252133 0.03567147028187514 1500
1646514252170 0.035569128434201305 1501
1646514252211 0.03546685249837586 1502
1646514252245 0.0353646429415295 1503
1646514252288 0.03526250023048967 1504
1646514252325 0.03516042483177858 1505
1646514252451 0.03505841721161096 1506
1646514252496 0.034956477835891946 1507
1646514252546 0.034854607170215046 1508
1646514252588 0.03475280567985989 1509
1646514252653 0.03465107382979015 1510
1646514252690 0.03454941208465151 1511
1646514252726 0.03444782090876935 1512
1646514252884 0.03434630076614682 1513
1646514252919 0.03424485212046257 1514
1646514252965 0.03414347543506876 1515
1646514253027 0.03404217117298885 1516
1646514253089 0.03394093979691549 1517
1646514253153 0.0338397817692085 1518
1646514253202 0.03373869755189263 1519
1646514253332 0.03363768760665553 1520
1646514253385 0.033536752394845666 1521
1646514253428 0.033435892377470106 1522
1646514253502 0.0333351080151925 1523
1646514253575 0.033234399768330966 1524
1646514253658 0.03313376809685598 1525
1646514253725 0.03303321346038826 1526
1646514253959 0.03293273631819665 1527
1646514254036 0.032832337129196115 1528
1646514254094 0.03273201635194551 1529
1646514254163 0.03263177444464562 1530
1646514254224 0.03253161186513693 1531
1646514254284 0.03243152907089768 1532
1646514254335 0.03233152651904167 1533
1646514254509 0.032231604666316194 1534
1646514254560 0.03213176396909999 1535
1646514254622 0.03203200488340108 1536
1646514254673 0.031932327864854795 1537
1646514254733 0.03183273336872164 1538
1646514254789 0.03173322184988512 1539
1646514254837 0.031633793762849874 1540
1646514255027 0.0315344495617394 1541
1646514255094 0.031435189700294054 1542
1646514255153 0.03133601463186906 1543
1646514255202 0.031236924809432277 1544
1646514255254 0.031137920685562263 1545
1646514255368 0.03103900271244612 1546
1646514255426 0.03094017134187751 1547
1646514255700 0.030841427025254563 1548
1646514255762 0.030742770213577728 1549
1646514255818 0.030644201357447873 1550
1646514255875 0.030545720907064082 1551
1646514255936 0.030447329312221667 1552
1646514255985 0.030349027022310158 1553
1646514256042 0.030250814486311124 1554
1646514256202 0.030152692152796243 1555
1646514256248 0.030054660469925172 1556
1646514256290 0.02995671988544359 1557
1646514256346 0.02985887084668103 1558
1646514256401 0.029761113800548935 1559
1646514256441 0.02966344919353861 1560
1646514256493 0.029565877471719113 1561
1646514256653 0.029468399080735296 1562
1646514256696 0.02937101446580569 1563
1646514256746 0.029273724071720568 1564
1646514256801 0.02917652834283987 1565
1646514256858 0.02907942772309107 1566
1646514256917 0.0289824226559674 1567
1646514256976 0.02888551358452552 1568
1646514257168 0.028788700951383705 1569
1646514257223 0.028691985198719825 1570
1646514257279 0.028595366768269147 1571
1646514257330 0.02849884610132249 1572
1646514257389 0.028402423638724167 1573
1646514257452 0.028306099820869922 1574
1646514257539 0.028209875087704988 1575
1646514257831 0.02811374987872201 1576
1646514257881 0.028017724632959092 1577
1646514257937 0.027921799788997764 1578
1646514258005 0.02782597578496098 1579
1646514258085 0.02773025305851113 1580
1646514258156 0.027634632046848028 1581
1646514258208 0.027539113186706952 1582
1646514258388 0.027443696914356514 1583
1646514258443 0.02734838366559692 1584
1646514258496 0.027253173875757743 1585
1646514258542 0.027158067979695975 1586
1646514258601 0.027063066411794238 1587
1646514258675 0.02696816960595849 1588
1646514258733 0.026873377995616298 1589
1646514258921 0.026778692013714737 1590
1646514258974 0.026684112092718447 1591
1646514259027 0.026589638664607635 1592
1646514259078 0.02649527216087613 1593
1646514259188 0.02640101301252939 1594
1646514259250 0.026306861650082565 1595
1646514259307 0.026212818503558485 1596
1646514259567 0.02611888400248571 1597
1646514259617 0.026025058575896615 1598
1646514259673 0.02593134265232537 1599
1646514259725 0.02583773665980597 1600
1646514259762 0.025744241025870387 1601
1646514259812 0.02565085617754652 1602
1646514259851 0.02555758254135624 1603
1646514259995 0.025464420543313528 1604
1646514260041 0.025371370608922368 1605
1646514260077 0.025278433163175056 1606
1646514260128 0.025185608630550027 1607
1646514260171 0.02509289743500996 1608
1646514260218 0.025000300000000013 1609
1646514260251 0.024907816748445624 1610
1646514260384 0.024815448102750767 1611
1646514260434 0.02472319448479604 1612
1646514260479 0.024631056315936546 1613
1646514260535 0.02453903401700016 1614
1646514260585 0.024447128008285544 1615
1646514260626 0.024355338709560182 1616
1646514260670 0.024263666540058532 1617
1646514260838 0.02417211191848008 1618
1646514260885 0.024080675262987412 1619
1646514260929 0.023989356991204337 1620
1646514260984 0.023898157520213972 1621
1646514261057 0.023807077266556752 1622
1646514261104 0.023716116646228726 1623
1646514261139 0.023625276074679475 1624
1646514261298 0.023534555966810214 1625
1646514261367 0.0234439567369721 1626
1646514261432 0.02335347879896404 1627
1646514261539 0.02326312256603105 1628
1646514261628 0.023172888450862305 1629
1646514261718 0.023082776865589114 1630
1646514261778 0.02299278822178324 1631
1646514261985 0.022902922930454896 1632
1646514262068 0.022813181402050887 1633
1646514262133 0.022723564046452822 1634
1646514262185 0.022634071272975044 1635
1646514262254 0.02254470349036299 1636
1646514262311 0.022455461106791173 1637
1646514262369 0.02236634452986137 1638
1646514262537 0.02227735416660076 1639
1646514262603 0.022188490423460064 1640
1646514262656 0.02209975370631166 1641
1646514262717 0.022011144420447784 1642
1646514262757 0.021922662970578623 1643
1646514262812 0.021834309760830513 1644
1646514262851 0.02174608519474405 1645
1646514263070 0.0216579896752723 1646
1646514263122 0.02157002360477885 1647
1646514263181 0.02148218738503618 1648
1646514263290 0.021394481417223554 1649
1646514263341 0.02130690610192541 1650
1646514263393 0.02121946183912947 1651
1646514263434 0.021132149028224818 1652
1646514263591 0.02104496806800019 1653
1646514263636 0.020957919356642124 1654
1646514263681 0.020871003291733102 1655
1646514263723 0.020784220270249794 1656
1646514263758 0.020697570688561186 1657
1646514263806 0.02061105494242681 1658
1646514263861 0.02052467342699492 1659
1646514264017 0.020438426536800693 1660
1646514264066 0.02035231466576442 1661
1646514264122 0.020266338207189722 1662
1646514264164 0.02018049755376174 1663
1646514264203 0.0200947930975453 1664
1646514264252 0.020009225229983257 1665
1646514264306 0.01992379434189454 1666
1646514264450 0.019838500823472473 1667
1646514264488 0.019753345064282987 1668
1646514264534 0.019668327453262732 1669
1646514264585 0.019583448378717498 1670
1646514264629 0.019498708228320283 1671
1646514264684 0.0194141073891095 1672
1646514264727 0.01932964624748742 1673
1646514264877 0.019245325189218135 1674
1646514264922 0.01916114459942599 1675
1646514264968 0.01907710486259375 1676
1646514265032 0.018993206362560855 1677
1646514265121 0.018909449482521663 1678
1646514265186 0.0188258346050237 1679
1646514265240 0.018742362111965925 1680
1646514265474 0.018659032384596968 1681
1646514265526 0.0185758458035134 1682
1646514265591 0.018492802748657992 1683
1646514265633 0.018409903599317986 1684
1646514265683 0.01832714873412336 1685
1646514265737 0.018244538531045032 1686
1646514265788 0.018162073367393308 1687
1646514265959 0.01807975361981598 1688
1646514266008 0.017997579664296638 1689
1646514266065 0.017915551876153096 1690
1646514266126 0.017833670630035454 1691
1646514266175 0.017751936299924557 1692
1646514266215 0.01767034925913027 1693
1646514266263 0.017588909880289653 1694
1646514266449 0.01750761853536539 1695
1646514266498 0.017426475595644038 1696
1646514266601 0.017345481431734314 1697
1646514266672 0.01726463641356548 1698
1646514266756 0.01718394091038552 1699
1646514266852 0.017103395290759566 1700
1646514266895 0.017022999922568182 1701
1646514267026 0.016942755173005676 1702
1646514267087 0.016862661408578426 1703
1646514267126 0.0167827189951032 1704
1646514267173 0.016702928297705515 1705
1646514267210 0.01662328968081792 1706
1646514267249 0.01654380350817838 1707
1646514267286 0.016464470142828543 1708
1646514267454 0.016385289947112216 1709
1646514267494 0.016306263282673573 1710
1646514267534 0.016227390510455526 1711
1646514267577 0.016148671990698204 1712
1646514267623 0.016070108082937094 1713
1646514267662 0.015991699146001584 1714
1646514267709 0.01591344553801327 1715
1646514267850 0.015835347616384245 1716
1646514267894 0.01575740573781557 1717
1646514267943 0.015679620258295588 1718
1646514267992 0.015601991533098313 1719
1646514268043 0.015524519916781809 1720
1646514268089 0.015447205763186572 1721
1646514268133 0.01537004942543389 1722
1646514268303 0.015293051255924268 1723
1646514268345 0.015216211606335801 1724
1646514268394 0.015139530827622559 1725
1646514268452 0.015063009270012992 1726
1646514268508 0.014986647283008355 1727
1646514268562 0.01491044521538101 1728
1646514268610 0.01483440341517301 1729
1646514268786 0.014758522229694374 1730
1646514268839 0.01468280200552148 1731
1646514268903 0.014607243088495642 1732
1646514268983 0.014531845823721313 1733
1646514269065 0.014456610555564738 1734
1646514269135 0.01438153762765216 1735
1646514269192 0.014306627382868404 1736
1646514269419 0.01423188016335532 1737
1646514269493 0.014157296310510046 1738
1646514269549 0.014082876164983646 1739
1646514269599 0.014008620066679458 1740
1646514269656 0.013934528354751551 1741
1646514269707 0.013860601367603195 1742
1646514269768 0.01378683944288528 1743
1646514269945 0.013713242917494827 1744
1646514269991 0.01363981212757339 1745
1646514270050 0.013566547408505575 1746
1646514270097 0.013493449094917467 1747
1646514270137 0.013420517520675126 1748
1646514270181 0.013347753018883066 1749
1646514270225 0.013275155921882654 1750
1646514270478 0.01320272656125077 1751
1646514270548 0.013130465267798111 1752
1646514270624 0.013058372371567737 1753
1646514270677 0.012986448201833646 1754
1646514270738 0.012914693087099135 1755
1646514270798 0.012843107355095378 1756
1646514270877 0.012771691332779984 1757
1646514271074 0.012700445346335344 1758
1646514271117 0.012629369721167285 1759
1646514271170 0.01255846478190354 1760
1646514271225 0.012487730852392225 1761
1646514271283 0.012417168255700415 1762
1646514271349 0.012346777314112658 1763
1646514271391 0.012276558349129467 1764
1646514271555 0.012206511681465887 1765
1646514271605 0.012136637631050039 1766
1646514271659 0.012066936517021579 1767
1646514271709 0.011997408657730383 1768
1646514271766 0.011928054370734954 1769
1646514271844 0.011858873972801047 1770
1646514271908 0.011789867779900215 1771
1646514272168 0.011721036107208302 1772
1646514272210 0.011652379269104136 1773
1646514272255 0.011583897579167966 1774
1646514272303 0.011515591350180054 1775
1646514272362 0.01144746089411934 1776
1646514272422 0.01137950652216188 1777
1646514272472 0.011311728544679496 1778
1646514272616 0.01124412727123843 1779
1646514272661 0.011176703010597746 1780
1646514272712 0.011109456070708103 1781
1646514272735 0.011042386758710243 1782
1646514272780 0.010975495380933621 1783
1646514272825 0.010908782242895008 1784
1646514272864 0.010842247649297088 1785
1646514273007 0.010775891904027068 1786
1646514273040 0.010709715310155294 1787
1646514273087 0.010643718169933855 1788
1646514273122 0.010577900784795232 1789
1646514273161 0.010512263455350872 1790
1646514273207 0.010446806481389882 1791
1646514273256 0.010381530161877548 1792
1646514273446 0.010316434794954152 1793
1646514273480 0.010251520677933394 1794
1646514273526 0.010186788107301193 1795
1646514273563 0.010122237378714316 1796
1646514273607 0.010057868786998908 1797
1646514273657 0.009993682626149294 1798
1646514273689 0.009929679189326548 1799
1646514273805 0.009865858768857165 1800
1646514273842 0.009802221656231812 1801
1646514273873 0.00973876814210381 1802
1646514273916 0.009675498516288003 1803
1646514273942 0.009612413067759323 1804
1646514274008 0.009549512084651508 1805
1646514274073 0.009486795854255768 1806
1646514274299 0.009424264663019481 1807
1646514274383 0.009361918796544893 1808
1646514274444 0.009299758539587808 1809
1646514274484 0.009237784176056271 1810
1646514274555 0.009175995989009299 1811
1646514274626 0.009114394260655564 1812
1646514274681 0.009052979272352138 1813
1646514274799 0.008991751304603121 1814
1646514274839 0.008930710637058518 1815
1646514274882 0.008869857548512808 1816
1646514274927 0.008809192316903707 1817
1646514274967 0.008748715219311002 1818
1646514275005 0.008688426531955128 1819
1646514275051 0.008628326530196014 1820
1646514275197 0.008568415488531796 1821
1646514275239 0.00850869368059757 1822
1646514275283 0.008449161379164107 1823
1646514275311 0.008389818856136658 1824
1646514275367 0.008330666382553682 1825
1646514275444 0.008271704228585617 1826
1646514275490 0.008212932663533628 1827
1646514275698 0.008154351955828412 1828
1646514275753 0.008095962373028948 1829
1646514275803 0.00803776418182128 1830
1646514275843 0.00797975764801726 1831
1646514275887 0.007921943036553452 1832
1646514275923 0.007864320611489771 1833
1646514275961 0.007806890636008386 1834
1646514276127 0.0077496533724124754 1835
1646514276189 0.007692609082124989 1836
1646514276222 0.007635758025687573 1837
1646514276263 0.007579100462759275 1838
1646514276298 0.00752263665211534 1839
1646514276330 0.007466366851646166 1840
1646514276363 0.007410291318355963 1841
1646514276490 0.00735441030836168 1842
1646514276540 0.00729872407689185 1843
1646514276593 0.007243232878285297 1844
1646514276639 0.007187936965990127 1845
1646514276681 0.007132836592562487 1846
1646514276723 0.007077932009665416 1847
1646514276756 0.007023223468067726 1848
1646514276886 0.006968711217642824 1849
1646514276922 0.006914395507367594 1850
1646514276956 0.006860276585321247 1851
1646514277002 0.006806354698684202 1852
1646514277053 0.006752630093736909 1853
1646514277089 0.006699103015858823 1854
1646514277136 0.006645773709527192 1855
1646514277274 0.006592642418315927 1856
1646514277322 0.006539709384894633 1857
1646514277381 0.006486974851027303 1858
1646514277432 0.006434439057571355 1859
1646514277497 0.006382102244476517 1860
1646514277573 0.006329964650783642 1861
1646514277609 0.0062780265146237186 1862
1646514277745 0.0062262880732167295 1863
1646514277799 0.006174749562870569 1864
1646514277875 0.006123411218980016 1865
1646514277931 0.006072273276025566 1866
1646514278008 0.006021335967572434 1867
1646514278060 0.005970599526269472 1868
1646514278111 0.005920064183848099 1869
1646514278311 0.005869730171121236 1870
1646514278369 0.005819597717982258 1871
1646514278421 0.005769667053403953 1872
1646514278488 0.005719938405437472 1873
1646514278539 0.00567041200121127 1874
1646514278592 0.005621088066930097 1875
1646514278648 0.00557196682787394 1876
1646514278805 0.00552304850839702 1877
1646514278854 0.005474333331926713 1878
1646514278897 0.005425821520962636 1879
1646514279000 0.005377513297075492 1880
1646514279088 0.005329408880906164 1881
1646514279203 0.0052815084921647 1882
1646514279251 0.005233812349629216 1883
1646514279382 0.005186320671145013 1884
1646514279418 0.005139033673623512 1885
1646514279513 0.0050919515730412914 1886
1646514279568 0.005045074584439097 1887
1646514279620 0.004998402921920835 1888
1646514279698 0.004951936798652629 1889
1646514279745 0.004905676426861829 1890
1646514279858 0.004859622017836047 1891
1646514279891 0.004813773781922187 1892
1646514279930 0.0047681319285254875 1893
1646514279964 0.004722696666108572 1894
1646514279995 0.004677468202190451 1895
1646514280031 0.00463244674334567 1896
1646514280061 0.004587632495203288 1897
1646514280173 0.004543025662445922 1898
1646514280205 0.004498626448808909 1899
1646514280242 0.004454435057079256 1900
1646514280280 0.004410451689094834 1901
1646514280319 0.004366676545743354 1902
1646514280351 0.0043231098269614805 1903
1646514280380 0.004279751731733984 1904
1646514280496 0.004236602458092715 1905
1646514280528 0.0041936622031157915 1906
1646514280563 0.004150931162926686 1907
1646514280605 0.004108409532693276 1908
1646514280643 0.0040660975066270045 1909
1646514280685 0.004023995277981982 1910
1646514280725 0.003982103039054096 1911
1646514280865 0.003940420981180137 1912
1646514280898 0.0038989492947369194 1913
1646514280929 0.003857688169140423 1914
1646514280968 0.003816637792844913 1915
1646514281003 0.00377579835334211 1916
1646514281042 0.00373517003716026 1917
1646514281071 0.0036947530298633907 1918
1646514281193 0.0036545475160503875 1919
1646514281224 0.0036145536793541415 1920
1646514281261 0.003574771702440786 1921
1646514281300 0.003535201767008779 1922
1646514281341 0.00349584405378811 1923
1646514281385 0.0034566987425395223 1924
1646514281417 0.0034177660120535704 1925
1646514281535 0.0033790460401499356 1926
1646514281574 0.003340539003676524 1927
1646514281640 0.0033022450785087005 1928
1646514281696 0.00326416443954847 1929
1646514281760 0.003226297260723691 1930
1646514281831 0.003188643714987268 1931
1646514281886 0.0031512039743163667 1932
1646514282064 0.0031139782097116277 1933
1646514282105 0.003076966591196388 1934
1646514282159 0.0030401692878159097 1935
1646514282209 0.0030035864676365917 1936
1646514282263 0.0029672182977452154 1937
1646514282319 0.0029310649442481776 1938
1646514282359 0.0028951265722707256 1939
1646514282510 0.0028594033459562232 1940
1646514282553 0.0028238954284653906 1941
1646514282593 0.0027886029819755172 1942
1646514282642 0.0027535261676798223 1943
1646514282687 0.002718665145786594 1944
1646514282739 0.002684020075518547 1945
1646514282783 0.0026495911151120937 1946
1646514282922 0.0026153784218165463 1947
1646514282964 0.002581382151893477 1948
1646514282999 0.0025476024606159702 1949
1646514283091 0.0025140395022679213 1950
1646514283140 0.0024806934301433276 1951
1646514283199 0.0024475643965455826 1952
1646514283269 0.002414652552786793 1953
1646514283405 0.0023819580491870867 1954
1646514283437 0.002349481035073915 1955
1646514283475 0.00231722165878138 1956
1646514283514 0.0022851800676495487 1957
1646514283547 0.0022533564080238037 1958
1646514283578 0.002221750825254118 1959
1646514283608 0.0021903634636944807 1960
1646514283723 0.0021591944667021562 1961
1646514283755 0.0021282439766370474 1962
1646514283786 0.0020975121348611055 1963
1646514283824 0.0020669990817375784 1964
1646514283864 0.0020367049566304674 1965
1646514283902 0.0020066298979038613 1966
1646514283933 0.0019767740429212414 1967
1646514284052 0.0019471375280449726 1968
1646514284083 0.0019177204886355577 1969
1646514284118 0.0018885230590511169 1970
1646514284153 0.0018595453726467156 1971
1646514284191 0.0018307875617737757 1972
1646514284229 0.0018022497577794773 1973
1646514284260 0.0017739320910061408 1974
1646514284370 0.001745834690790645 1975
1646514284401 0.0017179576854638337 1976
1646514284435 0.0016903012023499315 1977
1646514284467 0.0016628653677659558 1978
1646514284500 0.0016356503070211353 1979
1646514284538 0.0016086561444163695 1980
1646514284574 0.0015818830032436025 1981
1646514284684 0.0015553310057853343 1982
1646514284716 0.0015290002733139942 1983
1646514284755 0.001502890926091412 1984
1646514284786 0.0014770030833683087 1985
1646514284823 0.001451336863383674 1986
1646514284854 0.0014258923833642832 1987
1646514284890 0.0014006697595241656 1988
1646514285022 0.0013756691070640143 1989
1646514285071 0.001350890540170732 1990
1646514285113 0.0013263341720168647 1991
1646514285150 0.001302000114760097 1992
1646514285188 0.0012778884795427512 1993
1646514285223 0.0012539993764912555 1994
1646514285265 0.0012303329147156609 1995
1646514285407 0.0012068892023091413 1996
1646514285452 0.0011836683463474773 1997
1646514285538 0.0011606704528886013 1998
1646514285605 0.0011378956269720922 1999
1646514285679 0.001115343972618703 2000
1646514285789 0.0010930155928298624 2001
1646514285864 0.0010709105895872686 2002
1646514286118 0.0010490290638523229 2003
1646514286156 0.0010273711155657703 2004
1646514286196 0.0010059368436471814 2005
1646514286279 0.0009847263459945043 2006
1646514286317 0.000963739719483664 2007
1646514286365 0.0009429770599680519 2008
1646514286398 0.0009224384622781263 2009
1646514286568 0.0009021240202210126 2010
1646514286610 0.0008820338265799817 2011
1646514286667 0.0008621679731141276 2012
1646514286702 0.0008425265505578737 2013
1646514286742 0.0008231096486206064 2014
1646514286779 0.0008039173559862364 2015
1646514286816 0.0007849497603128103 2016
1646514286965 0.0007662069482320886 2017
1646514287036 0.000747689005349185 2018
1646514287109 0.0007293960162421442 2019
1646514287188 0.0007113280644615651 2020
1646514287242 0.0006934852325302335 2021
1646514287304 0.0006758676019427177 2022
1646514287368 0.0006584752531650071 2023
1646514287569 0.0006413082656341742 2024
1646514287608 0.000624366717757974 2025
1646514287642 0.0006076506869144732 2026
1646514287671 0.0005911602494517659 2027
1646514287717 0.0005748954806875473 2028
1646514287763 0.0005588564549088189 2029
1646514287794 0.0005430432453715275 2030
1646514287958 0.000527455924300238 2031
1646514288009 0.0005120945628878062 2032
1646514288064 0.0004969592312950392 2033
1646514288108 0.00048204999865039655 2034
1646514288158 0.00046736693304965705 2035
1646514288198 0.0004529101015556186 2036
1646514288241 0.00043867957019777656 2037
1646514288536 0.0004246754039720515 2038
1646514288605 0.00041089766684046205 2039
1646514288684 0.00039734642173083583 2040
1646514288746 0.00038402173053654333 2041
1646514288790 0.0003709236541162035 2042
1646514288849 0.00035805225229340067 2043
1646514288894 0.00034540758385641823 2044
1646514289047 0.0003329897065579498 2045
1646514289091 0.0003207986771148884 2046
1646514289138 0.000308834551207999 2047
1646514289178 0.0002970973834817017 2048
1646514289216 0.00028558722754385015 2049
1646514289267 0.0002743041359654092 2050
1646514289315 0.000263248160280283 2051
1646514289532 0.0002524193509850653 2052
1646514289592 0.00024181775753877825 2053
1646514289645 0.00023144342836267835 2054
1646514289687 0.00022129641084003433 2055
1646514289734 0.00021137675131588292 2056
1646514289779 0.00020168449509684564 2057
1646514289820 0.00019221968645092346 2058
1646514289960 0.00018298236860725802 2059
1646514290005 0.00017397258375597622 2060
1646514290042 0.00016519037304798495 2061
1646514290087 0.00015663577659475998 2062
1646514290125 0.00014830883346820726 2063
1646514290173 0.0001402095817004298 2064
1646514290197 0.00013233805828360547 2065
1646514290331 0.0001246942991697873 2066
1646514290357 0.00011727833927074226 2067
1646514290388 0.00011009021245781277 2068
1646514290431 0.00010312995156173331 2069
1646514290463 9.639758837249167e-05 2070
1646514290509 8.989315363919581e-05 2071
1646514290553 8.361667706991835e-05 2072
1646514290730 7.756818733155786e-05 2073
1646514290796 7.174771204972772e-05 2074
1646514290855 6.61552778086175e-05 2075
1646514290905 6.0790910150865196e-05 2076
1646514290966 5.565463357745169e-05 2077
1646514291027 5.07464715475788e-05 2078
1646514291078 4.606644647856922e-05 2079
1646514291232 4.161457974577774e-05 2080
1646514291265 3.7390891682458074e-05 2081
1646514291296 3.339540157970169e-05 2082
1646514291339 2.9628127686337992e-05 2083
1646514291370 2.6089087208845458e-05 2084
1646514291417 2.2778296311290572e-05 2085
1646514291464 1.9695770115227916e-05 2086
1646514291617 1.6841522699655765e-05 2087
1646514291644 1.4215567100938363e-05 2088
1646514291676 1.181791531276152e-05 2089
1646514291722 9.64857828603824e-06 2090
1646514291766 7.707565928919825e-06 2091
1646514291810 5.9948871066904034e-06 2092
1646514291859 4.51054964177248e-06 2093
1646514292190 3.2545603136603254e-06 2094
1646514292275 2.226924858908874e-06 2095
1646514292363 1.427647971089312e-06 2096
1646514292457 8.567333007890797e-07 2097
1646514292524 5.141834555785649e-07 2098
1646514292632 4.0000000000000003e-07 2099
1646514292751 5.141834555785649e-07 2100
