1646514147239 1.3960366249084473 0
1646514147973 1.3877018690109253 1
1646514148527 1.3750193119049072 2
1646514148859 1.2943311929702759 3
1646514149548 1.325685977935791 4
1646514150104 1.3002870082855225 5
1646514150606 1.275691032409668 6
1646514151076 1.2754076719284058 7
1646514151505 1.1949876546859741 8
1646514151941 1.1890990734100342 9
1646514152459 1.1686803102493286 10
1646514152767 1.1464699506759644 11
1646514153072 1.1501272916793823 12
1646514153384 1.0454992055892944 13
1646514153708 0.9896861910820007 14
1646514154066 0.944407045841217 15
1646514154724 0.912004828453064 16
1646514155139 0.9232673048973083 17
1646514155540 0.8250357508659363 18
1646514156090 0.8432040214538574 19
1646514156470 0.7654522061347961 20
1646514156833 0.81071537733078 21
1646514157183 0.694152295589447 22
1646514157502 0.7200238108634949 23
1646514158006 0.7219499945640564 24
1646514158822 0.6887301206588745 25
1646514159222 0.6817232966423035 26
1646514159677 0.6491720676422119 27
1646514160093 0.6387847661972046 28
1646514160423 0.6095272302627563 29
1646514160841 0.5896507501602173 30
1646514161271 0.5897284150123596 31
1646514161701 0.5731238722801208 32
1646514162390 0.5247312188148499 33
1646514162905 0.561063826084137 34
1646514163321 0.5350480079650879 35
1646514163886 0.5669522881507874 36
1646514164258 0.4621230363845825 37
1646514164695 0.4903796911239624 38
1646514165139 0.5121636390686035 39
1646514165490 0.4362460672855377 40
1646514165938 0.4587322473526001 41
1646514166299 0.430770605802536 42
1646514166778 0.5265645980834961 43
1646514167313 0.4014599621295929 44
1646514167771 0.3709903359413147 45
1646514168273 0.46341264247894287 46
1646514168808 0.3968782424926758 47
1646514169212 0.3604746162891388 48
1646514169543 0.26591676473617554 49
1646514169883 0.36583587527275085 50
1646514170261 0.3432028293609619 51
1646514170636 0.35461679100990295 52
1646514171226 0.37512901425361633 53
1646514171962 0.3121446669101715 54
1646514172579 0.3365423381328583 55
1646514173202 0.3356762230396271 56
1646514173583 0.3189561665058136 57
1646514174100 0.2707313299179077 58
1646514174530 0.2934797704219818 59
1646514175166 0.2680504024028778 60
1646514175766 0.3056526780128479 61
1646514176304 0.3530544936656952 62
1646514177011 0.26756635308265686 63
1646514177541 0.30204030871391296 64
1646514178019 0.24453915655612946 65
1646514178758 0.23392517864704132 66
1646514179566 0.17103098332881927 67
1646514180123 0.27346158027648926 68
1646514180723 0.22422631084918976 69
1646514181324 0.20929491519927979 70
1646514181894 0.2274998277425766 71
1646514182512 0.19941411912441254 72
1646514183212 0.25346001982688904 73
1646514183688 0.24173448979854584 74
1646514184301 0.1651899218559265 75
1646514184723 0.16329683363437653 76
1646514185100 0.17604650557041168 77
1646514185475 0.25522878766059875 78
1646514185907 0.1953156739473343 79
1646514186455 0.17565515637397766 80
1646514186911 0.1492486149072647 81
1646514187346 0.20694376528263092 82
1646514187930 0.21589691936969757 83
1646514188282 0.16264933347702026 84
1646514188626 0.12630775570869446 85
1646514189260 0.12189176678657532 86
1646514189690 0.14610649645328522 87
1646514190174 0.1630965620279312 88
1646514190584 0.13310275971889496 89
1646514190935 0.16534318029880524 90
1646514191454 0.19297046959400177 91
1646514191756 0.17237943410873413 92
1646514192092 0.17070497572422028 93
1646514192414 0.11981715261936188 94
1646514192699 0.16474144160747528 95
1646514193082 0.11345811188220978 96
1646514193484 0.22800330817699432 97
1646514194065 0.08707523345947266 98
1646514194547 0.10660089552402496 99
1646514195061 0.12542606890201569 100
1646514195627 0.22220316529273987 101
1646514196017 0.16571170091629028 102
1646514196356 0.12860120832920074 103
1646514196757 0.07711362093687057 104
1646514197121 0.11630997061729431 105
1646514197484 0.10497888922691345 106
1646514198082 0.08752628415822983 107
1646514198493 0.1196824163198471 108
1646514199003 0.08901625871658325 109
1646514199372 0.1183544471859932 110
1646514199833 0.1768117994070053 111
1646514200275 0.07029055804014206 112
1646514200770 0.11017429083585739 113
1646514201292 0.19886010885238647 114
1646514202066 0.10736573487520218 115
1646514202625 0.0502823106944561 116
1646514203220 0.08513935655355453 117
1646514203838 0.11697759479284286 118
1646514204547 0.06679584085941315 119
1646514205238 0.06627993285655975 120
1646514206015 0.05421116203069687 121
1646514206549 0.045678164809942245 122
1646514207189 0.04361282289028168 123
1646514207652 0.06678560376167297 124
1646514208074 0.08292245119810104 125
1646514208629 0.1039343848824501 126
1646514209536 0.0535147450864315 127
1646514210312 0.058614615350961685 128
1646514210904 0.0633155107498169 129
1646514211568 0.05621316656470299 130
1646514212276 0.047196149826049805 131
1646514212813 0.05674504488706589 132
1646514213349 0.10345572978258133 133
1646514214118 0.11534804850816727 134
1646514214742 0.05892830714583397 135
1646514215340 0.06715048849582672 136
1646514216020 0.10578165203332901 137
1646514216532 0.0697929859161377 138
1646514217225 0.09052111208438873 139
1646514217681 0.08948853611946106 140
1646514218091 0.04416229948401451 141
1646514218525 0.12019038200378418 142
1646514219385 0.04046613350510597 143
1646514220043 0.09001350402832031 144
1646514220802 0.05931014195084572 145
1646514221516 0.018593287095427513 146
1646514222258 0.12446965277194977 147
1646514222982 0.12456684559583664 148
1646514223707 0.045183949172496796 149
1646514224376 0.09643620997667313 150
1646514225162 0.06054737791419029 151
1646514226133 0.033731985837221146 152
1646514227261 0.05768648162484169 153
1646514227945 0.14810705184936523 154
1646514228437 0.05436035618185997 155
1646514228973 0.10742735862731934 156
1646514229428 0.04420171678066254 157
1646514229746 0.05513359606266022 158
1646514230084 0.05075668543577194 159
1646514230432 0.0359850637614727 160
1646514230751 0.07214795053005219 161
1646514231222 0.045987483114004135 162
1646514231749 0.01525943074375391 163
1646514232167 0.06252559274435043 164
1646514232735 0.02242715284228325 165
1646514233129 0.07709817588329315 166
1646514233445 0.02991887740790844 167
1646514233761 0.02065047062933445 168
1646514234076 0.05441324785351753 169
1646514234449 0.03984173759818077 170
1646514234818 0.040948010981082916 171
1646514235351 0.020226098597049713 172
1646514235769 0.023090610280632973 173
1646514236138 0.028653446584939957 174
1646514236638 0.06332512944936752 175
1646514237004 0.06541706621646881 176
1646514237324 0.04310566559433937 177
1646514237647 0.0743812620639801 178
1646514237991 0.03578184172511101 179
1646514238315 0.05569485202431679 180
1646514238781 0.038715314120054245 181
1646514239195 0.025324372574687004 182
1646514239595 0.009127618744969368 183
1646514240183 0.03803753852844238 184
1646514240501 0.04903125762939453 185
1646514240869 0.03339645266532898 186
1646514241257 0.04232766851782799 187
1646514241631 0.012925822287797928 188
1646514242004 0.08303819596767426 189
1646514242552 0.026280267164111137 190
1646514243012 0.01921294443309307 191
1646514243389 0.022572491317987442 192
1646514243896 0.057391904294490814 193
1646514244219 0.03767497465014458 194
1646514244546 0.01611744984984398 195
1646514244869 0.020917173475027084 196
1646514245192 0.027405496686697006 197
1646514245554 0.014382229186594486 198
1646514245890 0.05286393687129021 199
1646514246412 0.03571455180644989 200
1646514246801 0.03052423894405365 201
1646514247176 0.036734435707330704 202
1646514247847 0.008838907815515995 203
1646514248232 0.02443946711719036 204
1646514248568 0.0375678613781929 205
1646514248934 0.009734301827847958 206
1646514249266 0.013308770023286343 207
1646514249584 0.024885978549718857 208
1646514250120 0.014224090613424778 209
1646514250606 0.016476206481456757 210
1646514251049 0.06727376580238342 211
1646514251678 0.014440547674894333 212
1646514252058 0.06151330843567848 213
1646514252404 0.006960930768400431 214
1646514252836 0.053525086492300034 215
1646514253290 0.011448194272816181 216
1646514253908 0.005062342621386051 217
1646514254463 0.019435187801718712 218
1646514254975 0.01670835167169571 219
1646514255642 0.04088209196925163 220
1646514256159 0.019025566056370735 221
1646514256609 0.013607742264866829 222
1646514257119 0.013629468157887459 223
1646514257769 0.01452590711414814 224
1646514258339 0.018897827714681625 225
1646514258872 0.03083694353699684 226
1646514259515 0.016664043068885803 227
1646514259958 0.013490859419107437 228
1646514260345 0.04758142679929733 229
1646514260791 0.03441394120454788 230
1646514261234 0.023190105333924294 231
1646514261934 0.012971613556146622 232
1646514262489 0.018722746521234512 233
1646514262968 0.03177535906434059 234
1646514263550 0.020282762125134468 235
1646514263971 0.011647786945104599 236
1646514264411 0.01335526630282402 237
1646514264831 0.018873941153287888 238
1646514265424 0.014755730517208576 239
1646514265910 0.02226940169930458 240
1646514266400 0.008581615053117275 241
1646514266986 0.01219642348587513 242
1646514267401 0.019593434408307076 243
1646514267808 0.04659740626811981 244
1646514268258 0.011716113425791264 245
1646514268739 0.01408371701836586 246
1646514269354 0.01619831472635269 247
1646514269889 0.012345748022198677 248
1646514270398 0.006913347169756889 249
1646514271025 0.02578609809279442 250
1646514271508 0.015119143761694431 251
1646514272124 0.016983598470687866 252
1646514272573 0.017168642953038216 253
1646514272960 0.0048170872032642365 254
1646514273390 0.006426993291825056 255
1646514273784 0.010706291534006596 256
1646514274251 0.02016359381377697 257
1646514274766 0.009335201233625412 258
1646514275167 0.022424241527915 259
1646514275656 0.01064312644302845 260
1646514276067 0.006824325770139694 261
1646514276447 0.00915185920894146 262
1646514276844 0.016510281711816788 263
1646514277228 0.02032889612019062 264
1646514277701 0.02986672893166542 265
1646514278251 0.004784430842846632 266
1646514278758 0.008428058587014675 267
1646514279346 0.011303169652819633 268
1646514279821 0.0094178831204772 269
1646514280140 0.023565150797367096 270
1646514280463 0.016574682667851448 271
1646514280828 0.017091605812311172 272
1646514281153 0.014974386431276798 273
1646514281493 0.022208379581570625 274
1646514282018 0.013830708339810371 275
1646514282461 0.004413945600390434 276
1646514282876 0.007802520412951708 277
1646514283372 0.018006032332777977 278
1646514283689 0.019055673852562904 279
1646514284019 0.010255085304379463 280
1646514284338 0.014551312662661076 281
1646514284651 0.016895946115255356 282
1646514284976 0.008632831275463104 283
1646514285358 0.012471769005060196 284
1646514286059 0.02692331187427044 285
1646514286514 0.031320102512836456 286
1646514286918 0.02263425663113594 287
1646514287526 0.018742965534329414 288
1646514287900 0.02401762828230858 289
1646514288440 0.007783596869558096 290
1646514289006 0.012706821784377098 291
1646514289473 0.028278306126594543 292
1646514289899 0.0192994587123394 293
1646514290281 0.026004672050476074 294
1646514290668 0.014721290208399296 295
1646514291186 0.011046390980482101 296
1646514291579 0.027393139898777008 297
1646514292106 0.029649782925844193 298
1646514292888 0.020619213581085205 299
