1646474661143 0.25925925374031067 0
1646474661458 0.23148147761821747 1
1646474661774 0.2638888955116272 2
1646474662106 0.25925925374031067 3
1646474662627 0.32407405972480774 4
1646474662975 0.35648149251937866 5
1646474663356 0.24537037312984467 6
1646474663756 0.30092594027519226 7
1646474664083 0.27314814925193787 8
1646474664390 0.3055555522441864 9
1646474664704 0.28240740299224854 10
1646474665005 0.33796295523643494 11
1646474665308 0.33796295523643494 12
1646474665625 0.36574074625968933 13
1646474666051 0.37037035822868347 14
1646474666490 0.35648149251937866 15
1646474666808 0.39351850748062134 16
1646474667163 0.42129629850387573 17
1646474667609 0.35648149251937866 18
1646474667908 0.38425925374031067 19
1646474668205 0.39351850748062134 20
1646474668524 0.4444444477558136 21
1646474668824 0.42129629850387573 22
1646474669141 0.44907405972480774 23
1646474669448 0.45370370149612427 24
1646474669920 0.4583333432674408 25
1646474670307 0.46296295523643494 26
1646474670659 0.5 27
1646474671040 0.5046296119689941 28
1646474671444 0.5277777910232544 29
1646474671742 0.5324074029922485 30
1646474672056 0.5833333134651184 31
1646474672357 0.5740740895271301 32
1646474672674 0.5324074029922485 33
1646474672991 0.5740740895271301 34
1646474673296 0.5740740895271301 35
1646474673809 0.5601851940155029 36
1646474674192 0.5833333134651184 37
1646474674528 0.6203703880310059 38
1646474674970 0.5601851940155029 39
1646474675274 0.5648148059844971 40
1646474675601 0.6111111044883728 41
1646474675907 0.6388888955116272 42
1646474676235 0.6018518805503845 43
1646474676556 0.6203703880310059 44
1646474676856 0.6157407164573669 45
1646474677175 0.6018518805503845 46
1646474677690 0.6805555820465088 47
1646474678122 0.6620370149612427 48
1646474678490 0.6666666865348816 49
1646474678939 0.6388888955116272 50
1646474679242 0.6805555820465088 51
1646474679540 0.625 52
1646474679840 0.6388888955116272 53
1646474680141 0.6712962985038757 54
1646474680474 0.7037037014961243 55
1646474680781 0.6805555820465088 56
1646474681294 0.6620370149612427 57
1646474681673 0.6574074029922485 58
1646474682015 0.7546296119689941 59
1646474682468 0.6388888955116272 60
1646474682773 0.6990740895271301 61
1646474683089 0.6944444179534912 62
1646474683403 0.6851851940155029 63
1646474683706 0.7129629850387573 64
1646474684024 0.7546296119689941 65
1646474684323 0.7314814925193787 66
1646474684682 0.7083333134651184 67
1646474685142 0.7175925970077515 68
1646474685507 0.7268518805503845 69
1646474685856 0.7129629850387573 70
1646474686309 0.6944444179534912 71
1646474686635 0.7361111044883728 72
1646474686940 0.6990740895271301 73
1646474687256 0.7361111044883728 74
1646474687573 0.7592592835426331 75
1646474687894 0.7314814925193787 76
1646474688195 0.75 77
1646474688658 0.7268518805503845 78
1646474689075 0.8194444179534912 79
1646474689453 0.8055555820465088 80
1646474689920 0.7685185074806213 81
1646474690240 0.7453703880310059 82
1646474690572 0.7638888955116272 83
1646474690873 0.7407407164573669 84
1646474691173 0.7592592835426331 85
1646474691508 0.8148148059844971 86
1646474691844 0.8194444179534912 87
1646474692198 0.7453703880310059 88
1646474692705 0.7546296119689941 89
1646474693070 0.8333333134651184 90
1646474693425 0.8009259104728699 91
1646474693855 0.7916666865348816 92
1646474694174 0.7268518805503845 93
1646474694492 0.7592592835426331 94
1646474694811 0.7916666865348816 95
1646474695104 0.8240740895271301 96
1646474695440 0.8425925970077515 97
1646474695757 0.8333333134651184 98
1646474696293 0.8287037014961243 99
1646474696693 0.8425925970077515 100
1646474697041 0.8564814925193787 101
1646474697490 0.8287037014961243 102
1646474697787 0.8055555820465088 103
1646474698106 0.8425925970077515 104
1646474698432 0.8796296119689941 105
1646474698829 0.8009259104728699 106
1646474699138 0.7962962985038757 107
1646474699477 0.8657407164573669 108
1646474699984 0.8796296119689941 109
1646474700365 0.8472222089767456 110
1646474700721 0.8518518805503845 111
1646474701186 0.8333333134651184 112
1646474701503 0.8796296119689941 113
1646474701821 0.7962962985038757 114
1646474702122 0.8287037014961243 115
1646474702451 0.8148148059844971 116
1646474702756 0.8657407164573669 117
1646474703072 0.875 118
1646474703376 0.8564814925193787 119
1646474703890 0.8888888955116272 120
1646474704272 0.8842592835426331 121
1646474704632 0.8935185074806213 122
1646474705064 0.8657407164573669 123
1646474705388 0.8518518805503845 124
1646474705704 0.9212962985038757 125
1646474706004 0.8935185074806213 126
1646474706314 0.8796296119689941 127
1646474706689 0.8842592835426331 128
1646474707070 0.9444444179534912 129
1646474707646 0.9120370149612427 130
1646474708051 0.9120370149612427 131
1646474708465 0.9166666865348816 132
1646474708939 0.9074074029922485 133
1646474709287 0.8842592835426331 134
1646474709604 0.9351851940155029 135
1646474709921 0.8796296119689941 136
1646474710253 0.875 137
1646474710572 0.9120370149612427 138
1646474711088 0.9166666865348816 139
1646474711475 0.9120370149612427 140
1646474711860 0.9027777910232544 141
1646474712330 0.8796296119689941 142
1646474712638 0.8981481194496155 143
1646474712937 0.9305555820465088 144
1646474713266 0.9305555820465088 145
1646474713571 0.9074074029922485 146
1646474713887 0.9120370149612427 147
1646474714219 0.9027777910232544 148
1646474714567 0.9166666865348816 149
1646474715061 0.8796296119689941 150
1646474715424 0.9583333134651184 151
1646474715773 0.9398148059844971 152
1646474716221 0.9212962985038757 153
1646474716556 0.8148148059844971 154
1646474716870 0.8981481194496155 155
1646474717188 0.8657407164573669 156
1646474717504 0.9212962985038757 157
1646474717818 0.9212962985038757 158
1646474718154 0.9259259104728699 159
1646474718754 0.9074074029922485 160
1646474719156 0.9305555820465088 161
1646474719477 0.9305555820465088 162
1646474719978 0.9351851940155029 163
1646474720356 0.9351851940155029 164
1646474720725 0.9166666865348816 165
1646474721139 0.8888888955116272 166
1646474721491 0.9259259104728699 167
1646474721820 0.9120370149612427 168
1646474722137 0.9537037014961243 169
1646474722470 0.9537037014961243 170
1646474722767 0.9444444179534912 171
1646474723088 0.9398148059844971 172
1646474723397 0.9490740895271301 173
1646474723941 0.9537037014961243 174
1646474724323 0.9398148059844971 175
1646474724687 0.9212962985038757 176
1646474725134 0.9444444179534912 177
1646474725453 0.9444444179534912 178
1646474725753 0.9583333134651184 179
1646474726060 0.9583333134651184 180
1646474726376 0.9675925970077515 181
1646474726703 0.9675925970077515 182
1646474727033 0.9120370149612427 183
1646474727522 0.9490740895271301 184
1646474727920 0.9212962985038757 185
1646474728285 0.9444444179534912 186
1646474728752 0.9675925970077515 187
1646474729033 0.9351851940155029 188
1646474729352 0.9583333134651184 189
1646474729679 0.9398148059844971 190
1646474729987 0.9629629850387573 191
1646474730286 0.9490740895271301 192
1646474730633 0.9212962985038757 193
1646474731009 0.9675925970077515 194
1646474731487 0.9212962985038757 195
1646474731839 0.9583333134651184 196
1646474732240 0.9259259104728699 197
1646474732620 0.9583333134651184 198
1646474732936 0.9490740895271301 199
1646474733251 0.9583333134651184 200
1646474733570 0.9490740895271301 201
1646474733885 0.9629629850387573 202
1646474734210 0.9537037014961243 203
1646474734552 0.9259259104728699 204
1646474735058 0.9490740895271301 205
1646474735438 0.9490740895271301 206
1646474735805 0.9490740895271301 207
1646474736264 0.9814814925193787 208
1646474736588 0.9768518805503845 209
1646474736887 0.9675925970077515 210
1646474737205 0.9305555820465088 211
1646474737519 0.9490740895271301 212
1646474737834 0.9675925970077515 213
1646474738152 0.9537037014961243 214
1646474738669 0.9675925970077515 215
1646474739076 0.9722222089767456 216
1646474739438 0.9351851940155029 217
1646474739883 0.9490740895271301 218
1646474740249 0.9675925970077515 219
1646474740568 0.9629629850387573 220
1646474740888 0.9444444179534912 221
1646474741203 0.9537037014961243 222
1646474741535 0.9861111044883728 223
1646474741869 0.9490740895271301 224
1646474742384 0.9814814925193787 225
1646474742786 0.9675925970077515 226
1646474743152 0.9722222089767456 227
1646474743617 0.9629629850387573 228
1646474743899 0.9629629850387573 229
1646474744221 0.9537037014961243 230
1646474744536 0.9722222089767456 231
1646474744853 0.9583333134651184 232
1646474745169 0.9722222089767456 233
1646474745501 0.9722222089767456 234
1646474745887 0.9537037014961243 235
1646474746337 0.9629629850387573 236
1646474746704 0.9722222089767456 237
1646474747090 0.9490740895271301 238
1646474747527 0.9629629850387573 239
1646474747834 0.9305555820465088 240
1646474748135 0.9166666865348816 241
1646474748470 0.9675925970077515 242
1646474748768 0.9768518805503845 243
1646474749085 0.9675925970077515 244
1646474749413 0.9814814925193787 245
1646474750049 0.9722222089767456 246
1646474750484 0.9583333134651184 247
1646474750889 0.9675925970077515 248
1646474751335 0.9722222089767456 249
1646474751684 0.9814814925193787 250
1646474752031 0.9444444179534912 251
1646474752367 0.9629629850387573 252
1646474752715 0.9583333134651184 253
1646474753035 0.9722222089767456 254
1646474753482 0.9768518805503845 255
1646474753891 0.9305555820465088 256
1646474754251 0.9722222089767456 257
1646474754674 0.9814814925193787 258
1646474755035 0.9768518805503845 259
1646474755370 0.9629629850387573 260
1646474755686 0.9722222089767456 261
1646474755979 0.9629629850387573 262
1646474756297 0.9675925970077515 263
1646474756633 0.9537037014961243 264
1646474756954 0.9537037014961243 265
1646474757471 0.9768518805503845 266
1646474757854 0.9768518805503845 267
1646474758232 0.9629629850387573 268
1646474758678 0.9537037014961243 269
1646474758983 0.9490740895271301 270
1646474759283 0.9444444179534912 271
1646474759601 0.9537037014961243 272
1646474759913 0.9861111044883728 273
1646474760251 0.9351851940155029 274
1646474760601 0.9629629850387573 275
1646474761169 0.9675925970077515 276
1646474761596 0.9398148059844971 277
1646474761951 0.9722222089767456 278
1646474762399 0.9629629850387573 279
1646474762717 0.9444444179534912 280
1646474763033 0.9583333134651184 281
1646474763368 0.9861111044883728 282
1646474763682 0.9814814925193787 283
1646474764012 0.9583333134651184 284
1646474764333 0.9675925970077515 285
1646474764825 0.9722222089767456 286
1646474765227 0.9675925970077515 287
1646474765602 0.9814814925193787 288
1646474766064 0.9722222089767456 289
1646474766366 0.9583333134651184 290
1646474766699 0.9490740895271301 291
1646474767000 0.9768518805503845 292
1646474767315 0.9722222089767456 293
1646474767634 0.9490740895271301 294
1646474767964 0.9583333134651184 295
1646474768303 0.9583333134651184 296
1646474768784 0.9629629850387573 297
1646474769151 0.9861111044883728 298
1646474769543 0.9722222089767456 299
