1646474659347 0.004 0
1646474660589 0.004000596800238801 1
1646474660663 0.004002387186114745 2
1646474660694 0.004005371113106879 3
1646474660727 0.004009548507014876 4
1646474660757 0.004014919263960817 5
1646474660788 0.004021483250391852 6
1646474660824 0.004029240303083395 7
1646474661185 0.004038190229143396 8
1646474661221 0.004048332806016894 9
1646474661259 0.004059667781491735 10
1646474661290 0.004072194873704721 11
1646474661320 0.004085913771148725 12
1646474661354 0.004100824132680342 13
1646474661382 0.004116925587528436 14
1646474661509 0.004134217735303369 15
1646474661546 0.004152700146006827 16
1646474661580 0.004172372360042753 17
1646474661613 0.004193233888228523 18
1646474661640 0.00421528421180728 19
1646474661678 0.00423852278246073 20
1646474661707 0.004262949022322882 21
1646474661826 0.004288562323994313 22
1646474661864 0.004315362050557339 23
1646474661898 0.004343347535591804 24
1646474661931 0.004372518083191737 25
1646474661961 0.004402872967982557 26
1646474661995 0.004434411435139132 27
1646474662023 0.004467132700404622 28
1646474662188 0.004501035950109908 29
1646474662248 0.004536120341193842 30
1646474662318 0.004572385001224186 31
1646474662381 0.0046098290284194154 32
1646474662430 0.00464845149167098 33
1646474662479 0.004688251430566573 34
1646474662511 0.00472922785541402 35
1646474662671 0.004771379747265783 36
1646474662715 0.004814706057944401 37
1646474662755 0.004859205710068537 38
1646474662796 0.004904877597079721 39
1646474662824 0.004951720583269897 40
1646474662876 0.004999733503809695 41
1646474662907 0.005048915164777332 42
1646474663029 0.005099264343188359 43
1646474663071 0.005150779787026036 44
1646474663111 0.0052034602152724735 45
1646474663146 0.0052573043179405116 46
1646474663174 0.005312310756106234 47
1646474663225 0.005368478161942372 48
1646474663256 0.005425805138752182 49
1646474663422 0.005484290261004263 50
1646474663497 0.005543932074367999 51
1646474663569 0.005604729095749744 52
1646474663607 0.005666679813329564 53
1646474663639 0.005729782686599044 54
1646474663657 0.005794036146399437 55
1646474663699 0.0058594385949607 56
1646474663810 0.005925988405941329 57
1646474663846 0.005993683924468696 58
1646474663877 0.006062523467180211 59
1646474663912 0.006132505322265253 60
1646474663941 0.00620362774950764 61
1646474663977 0.006275888980328992 62
1646474664005 0.006349287217832622 63
1646474664126 0.006423820636848349 64
1646474664167 0.006499487383977681 65
1646474664190 0.006576285577640131 66
1646474664230 0.006654213308119827 67
1646474664257 0.006733268637613102 68
1646474664289 0.006813449600276647 69
1646474664315 0.006894754202276393 70
1646474664434 0.006977180421837106 71
1646474664471 0.007060726209292614 72
1646474664508 0.007145389487136861 73
1646474664540 0.007231168150075476 74
1646474664570 0.007318060065078194 75
1646474664603 0.007406063071431879 76
1646474664630 0.007495174980794203 77
1646474664724 0.007585393577248162 78
1646474664768 0.007676716617357068 79
1646474664809 0.007769141830220441 80
1646474664842 0.007862666917530362 81
1646474664875 0.007957289553628788 82
1646474664904 0.008053007385565164 83
1646474664933 0.008149818033155162 84
1646474665043 0.008247719089039693 85
1646474665080 0.00834670811874487 86
1646474665113 0.008446782660742488 87
1646474665148 0.008547940226511286 88
1646474665174 0.008650178300598804 89
1646474665213 0.008753494340683884 90
1646474665239 0.00885788577763999 91
1646474665350 0.008963350015599003 92
1646474665387 0.009069884432015826 93
1646474665426 0.009177486377733593 94
1646474665462 0.009286153177049505 95
1646474665490 0.009395882127781405 96
1646474665525 0.009506670501334968 97
1646474665551 0.009618515542771502 98
1646474665667 0.009731414470876582 99
1646474665708 0.009845364478229035 100
1646474665736 0.009960362731270891 101
1646474665770 0.01007640637037778 102
1646474665798 0.010193492509930055 103
1646474665838 0.010311618238384529 104
1646474665874 0.010430780618346944 105
1646474666111 0.010550976686644925 106
1646474666175 0.010672203454401688 107
1646474666230 0.010794457907110436 108
1646474666258 0.010917737004709188 109
1646474666311 0.011042037681656541 110
1646474666340 0.011167356847007703 111
1646474666398 0.011293691384491558 112
1646474666532 0.011421038152587992 113
1646474666571 0.011549393984606124 114
1646474666600 0.011678755688762962 115
1646474666633 0.011809120048262886 116
1646474666664 0.011940483821377482 117
1646474666698 0.012072843741526285 118
1646474666732 0.012206196517358006 119
1646474666860 0.012340538832832246 120
1646474666897 0.01247586734730212 121
1646474666934 0.012612178695597207 122
1646474666957 0.012749469488107304 123
1646474667003 0.012887736310866635 124
1646474667028 0.013026975725638892 125
1646474667071 0.013167184270002533 126
1646474667240 0.013308358457437025 127
1646474667376 0.013450494777409519 128
1646474667406 0.013593589695462094 129
1646474667446 0.01373763965329973 130
1646474667479 0.013882641068878668 131
1646474667508 0.014028590336495617 132
1646474667524 0.01417548382687736 133
1646474667645 0.014323317887270925 134
1646474667684 0.014472088841534572 135
1646474667713 0.014621792990229088 136
1646474667749 0.014772426610709821 137
1646474667773 0.014923985957219221 138
1646474667807 0.015076467260980053 139
1646474667836 0.01522986673028906 140
1646474667955 0.01538418055061122 141
1646474667989 0.01553940488467466 142
1646474668024 0.015695535872566085 143
1646474668059 0.01585256963182667 144
1646474668087 0.016010502257548756 145
1646474668106 0.016169329822472794 146
1646474668146 0.016329048377085084 147
1646474668253 0.016489653949715966 148
1646474668287 0.016651142546638617 149
1646474668322 0.01681351015216835 150
1646474668345 0.016976752728762368 151
1646474668386 0.01714086621712034 152
1646474668421 0.01730584653628521 153
1646474668452 0.017471689583744746 154
1646474668567 0.017638391235533513 155
1646474668604 0.017805947346335463 156
1646474668637 0.017974353749586933 157
1646474668672 0.01814360625758038 158
1646474668703 0.018313700661568413 159
1646474668734 0.01848463273186851 160
1646474668761 0.018656398217968134 161
1646474668873 0.018828992848630502 162
1646474668908 0.019002412332000743 163
1646474668940 0.019176652355712642 164
1646474668975 0.019351708586995878 165
1646474669004 0.01952757667278375 166
1646474669022 0.019704252239821474 167
1646474669065 0.01988173089477481 168
1646474669179 0.020060008224339468 169
1646474669215 0.02023907979535075 170
1646474669244 0.020418941154893788 171
1646474669278 0.02059958783041435 172
1646474669308 0.02078101532982994 173
1646474669338 0.020963219141641634 174
1646474669365 0.021146194735046114 175
1646474669492 0.02132993756004853 176
1646474669528 0.021514443047575424 177
1646474669562 0.02169970660958853 178
1646474669593 0.02188572363919876 179
1646474669623 0.022072489510780793 180
1646474669667 0.02225999958008809 181
1646474669721 0.022448249184368413 182
1646474669976 0.0226372336424797 183
1646474670023 0.022826948255006557 184
1646474670057 0.023017388304377093 185
1646474670098 0.02320854905498014 186
1646474670124 0.023400425753283174 187
1646474670181 0.023593013627950354 188
1646474670206 0.023786307889961292 189
1646474670349 0.02398030373273008 190
1646474670387 0.02417499633222485 191
1646474670429 0.024370380847087675 192
1646474670470 0.024566452418755005 193
1646474670508 0.024763206171578483 194
1646474670549 0.024960637212946155 195
1646474670579 0.02515874063340416 196
1646474670713 0.0253575115067788 197
1646474670753 0.025556944890299083 198
1646474670782 0.025757035824719512 199
1646474670817 0.025957779334443556 200
1646474670848 0.026159170427647246 201
1646474670894 0.026361204096403426 202
1646474670922 0.026563875316806165 203
1646474671103 0.026767179049095785 204
1646474671210 0.026971110237784104 205
1646474671245 0.0271756638117802 206
1646474671273 0.027380834684516506 207
1646474671309 0.027586617754075282 208
1646474671336 0.027793007903315486 209
1646474671367 0.027999999999999997 210
1646474671487 0.02820758889692332 211
1646474671521 0.028415769432039453 212
1646474671560 0.028624536428590378 213
1646474671595 0.02883388469523468 214
1646474671625 0.02904380902617673 215
1646474671658 0.029254304201296072 216
1646474671685 0.029465364986277248 217
1646474671791 0.029676986132739974 218
1646474671825 0.029889162378369652 219
1646474671863 0.030101888447048183 220
1646474671896 0.0303151590489852 221
1646474671926 0.030528968880849647 222
1646474671960 0.030743312625901534 223
1646474671985 0.030958184954124293 224
1646474672099 0.03117358052235722 225
1646474672136 0.03138949397442836 226
1646474672169 0.03160591994128775 227
1646474672204 0.03182285304114085 228
1646474672232 0.03204028787958242 229
1646474672264 0.03225821904973064 230
1646474672291 0.03247664113236158 231
1646474672402 0.03269554869604396 232
1646474672444 0.03291493629727417 233
1646474672484 0.03313479848061167 234
1646474672521 0.03335512977881465 235
1646474672549 0.03357592471297598 236
1646474672580 0.033797177792659436 237
1646474672607 0.034018883516036214 238
1646474672718 0.03424103637002181 239
1646474672754 0.034463630830413025 240
1646474672786 0.03468666136202542 241
1646474672819 0.034910122418830875 242
1646474672840 0.035134008444095546 243
1646474672884 0.03535831387051806 244
1646474672913 0.035583033120367896 245
1646474673033 0.035808160605624154 246
1646474673069 0.036033690728114465 247
1646474673097 0.03625961787965419 248
1646474673132 0.03648593644218592 249
1646474673161 0.03671264078791915 250
1646474673192 0.03693972527947022 251
1646474673220 0.037167184270002526 252
1646474673342 0.03739501210336689 253
1646474673395 0.037623203114242276 254
1646474673443 0.0378517516282766 255
1646474673513 0.03808065196222787 256
1646474673577 0.038309898424105496 257
1646474673627 0.038539485313311875 258
1646474673686 0.038769406920784046 259
1646474673864 0.038999657529135756 260
1646474673903 0.039230231412799604 261
1646474673938 0.03946112283816936 262
1646474673974 0.03969232606374264 263
1646474674005 0.03992383534026359 264
1646474674048 0.040155644910865915 265
1646474674088 0.04038774901121596 266
1646474674232 0.04062014186965612 267
1646474674275 0.04085281770734836 268
1646474674306 0.041085770738417855 269
1646474674342 0.04131899517009691 270
1646474674371 0.04155248520286901 271
1646474674406 0.041786235030613024 272
1646474674443 0.04202023884074756 273
1646474674585 0.04225449081437555 274
1646474674630 0.042488985126428916 275
1646474674662 0.042723715945813444 276
1646474674697 0.04295867743555375 277
1646474674744 0.04319386375293845 278
1646474674800 0.043429269049665445 279
1646474674840 0.04366488747198734 280
1646474675011 0.04390071316085705 281
1646474675045 0.0441367402520734 282
1646474675080 0.044372962876427044 283
1646474675115 0.0446093751598464 284
1646474675143 0.04484597122354363 285
1646474675178 0.04508274518416096 286
1646474675204 0.04531969115391687 287
1646474675317 0.04555680324075254 288
1646474675354 0.045794075548478405 289
1646474675388 0.04603150217692071 290
1646474675433 0.046269077222068286 291
1646474675464 0.046506794776219273 292
1646474675498 0.04674464892812815 293
1646474675525 0.046982633763152634 294
1646474675639 0.0472207433634008 295
1646474675673 0.04745897180787822 296
1646474675711 0.047697313172635196 297
1646474675744 0.047935761530914084 298
1646474675773 0.048174310953296676 299
1646474675808 0.048412955507851636 300
1646474675833 0.048651689260281995 301
1646474675947 0.04889050627407272 302
1646474675984 0.04912940061063836 303
1646474676017 0.04936836632947072 304
1646474676052 0.04960739748828654 305
1646474676088 0.049846488143175285 306
1646474676121 0.05008563234874696 307
1646474676158 0.05032482415827995 308
1646474676272 0.050564057623868876 309
1646474676309 0.050803326796572505 310
1646474676346 0.051042625726561694 311
1646474676381 0.05128194846326735 312
1646474676406 0.05152128905552836 313
1646474676454 0.051760641551739615 314
1646474676482 0.052000000000000005 315
1646474676592 0.05223935844826039 316
1646474676629 0.052478710944471645 317
1646474676659 0.052718051536732646 318
1646474676692 0.0529573742734383 319
1646474676724 0.0531966732034275 320
1646474676756 0.05343594237613112 321
1646474676785 0.05367517584172004 322
1646474676902 0.05391436765125303 323
1646474676941 0.0541535118568247 324
1646474676970 0.054392602511713475 325
1646474677001 0.05463163367052929 326
1646474677023 0.054870599389361646 327
1646474677060 0.0551094937259273 328
1646474677090 0.05534831073971802 329
1646474677236 0.055587044492148366 330
1646474677290 0.05582568904670332 331
1646474677350 0.05606423846908592 332
1646474677418 0.056302686827364806 333
1646474677468 0.056541028192121784 334
1646474677515 0.0567792566365992 335
1646474677576 0.05701736623684736 336
1646474677747 0.05725535107187185 337
1646474677787 0.05749320522378073 338
1646474677822 0.05773092277793172 339
1646474677862 0.05796849782307928 340
1646474677889 0.05820592445152159 341
1646474677930 0.05844319675924745 342
1646474677956 0.058680308846083135 343
1646474678175 0.05891725481583904 344
1646474678217 0.05915402877645638 345
1646474678247 0.05939062484015362 346
1646474678289 0.059627037123572965 347
1646474678336 0.05986325974792661 348
1646474678373 0.060099286839142965 349
1646474678404 0.06033511252801266 350
1646474678533 0.06057073095033456 351
1646474678627 0.060806136247061555 352
1646474678686 0.06104132256444625 353
1646474678776 0.06127628405418655 354
1646474678806 0.06151101487357108 355
1646474678836 0.06174550918562445 356
1646474678868 0.061979761159252446 357
1646474678959 0.06221376496938698 358
1646474679009 0.06244751479713099 359
1646474679043 0.0626810048299031 360
1646474679074 0.06291422926158215 361
1646474679102 0.06314718229265165 362
1646474679136 0.06337985813034389 363
1646474679165 0.06361225098878405 364
1646474679281 0.06384435508913411 365
1646474679318 0.06407616465973642 366
1646474679348 0.06430767393625736 367
1646474679380 0.06453887716183064 368
1646474679413 0.0647697685872004 369
1646474679440 0.06500034247086425 370
1646474679471 0.06523059307921597 371
1646474679591 0.06546051468668813 372
1646474679627 0.0656901015758945 373
1646474679658 0.06591934803777214 374
1646474679691 0.06614824837172341 375
1646474679719 0.06637679688575773 376
1646474679750 0.0666049878966331 377
1646474679777 0.06683281572999747 378
1646474679896 0.06706027472052978 379
1646474679932 0.06728735921208084 380
1646474679962 0.06751406355781409 381
1646474679992 0.0677403821203458 382
1646474680022 0.06796630927188553 383
1646474680054 0.06819183939437584 384
1646474680081 0.0684169668796321 385
1646474680192 0.06864168612948196 386
1646474680228 0.06886599155590446 387
1646474680263 0.06908987758116913 388
1646474680294 0.06931333863797458 389
1646474680322 0.06953636916958697 390
1646474680359 0.06975896362997819 391
1646474680389 0.06998111648396378 392
1646474680514 0.07020282220734056 393
1646474680549 0.07042407528702402 394
1646474680582 0.07064487022118535 395
1646474680616 0.07086520151938834 396
1646474680640 0.07108506370272583 397
1646474680679 0.07130445130395605 398
1646474680706 0.07152335886763841 399
1646474680825 0.07174178095026935 400
1646474680877 0.07195971212041757 401
1646474680922 0.07217714695885914 402
1646474680977 0.07239408005871224 403
1646474681029 0.07261050602557165 404
1646474681084 0.07282641947764279 405
1646474681142 0.07304181504587573 406
1646474681346 0.07325668737409848 407
1646474681395 0.07347103111915038 408
1646474681444 0.0736848409510148 409
1646474681481 0.07389811155295183 410
1646474681517 0.07411083762163034 411
1646474681556 0.07432301386726002 412
1646474681593 0.07453463501372275 413
1646474681718 0.07474569579870394 414
1646474681757 0.07495619097382326 415
1646474681795 0.07516611530476532 416
1646474681834 0.07537546357140963 417
1646474681870 0.07558423056796054 418
1646474681896 0.07579241110307669 419
1646474681939 0.076 420
1646474682048 0.07620699209668452 421
1646474682095 0.07641338224592471 422
1646474682131 0.07661916531548349 423
1646474682167 0.07682433618821982 424
1646474682199 0.0770288897622159 425
1646474682241 0.07723282095090424 426
1646474682306 0.07743612468319383 427
1646474682515 0.07763879590359658 428
1646474682550 0.07784082957235275 429
1646474682583 0.07804222066555645 430
1646474682619 0.0782429641752805 431
1646474682648 0.07844305510970093 432
1646474682679 0.0786424884932212 433
1646474682706 0.07884125936659585 434
1646474682821 0.07903936278705387 435
1646474682858 0.07923679382842153 436
1646474682895 0.079433547581245 437
1646474682933 0.07962961915291233 438
1646474682962 0.07982500366777515 439
1646474682994 0.0800196962672699 440
1646474683020 0.0802136921100387 441
1646474683128 0.08040698637204964 442
1646474683166 0.08059957424671685 443
1646474683200 0.08079145094501985 444
1646474683236 0.08098261169562293 445
1646474683266 0.08117305174499345 446
1646474683297 0.08136276635752032 447
1646474683326 0.0815517508156316 448
1646474683447 0.08174000041991192 449
1646474683482 0.08192751048921922 450
1646474683517 0.08211427636080125 451
1646474683552 0.08230029339041146 452
1646474683581 0.08248555695242459 453
1646474683613 0.08267006243995148 454
1646474683639 0.0828538052649539 455
1646474683754 0.08303678085835839 456
1646474683788 0.08321898467017007 457
1646474683827 0.08340041216958566 458
1646474683862 0.08358105884510621 459
1646474683889 0.08376092020464924 460
1646474683926 0.08393999177566053 461
1646474683952 0.08411826910522519 462
1646474684062 0.08429574776017855 463
1646474684098 0.08447242332721626 464
1646474684133 0.08464829141300415 465
1646474684164 0.08482334764428737 466
1646474684189 0.08499758766799928 467
1646474684225 0.08517100715136951 468
1646474684257 0.08534360178203187 469
1646474684375 0.0855153672681315 470
1646474684413 0.0856862993384316 471
1646474684454 0.08585639374241963 472
1646474684490 0.08602564625041308 473
1646474684517 0.08619405265366455 474
1646474684540 0.0863616087644665 475
1646474684579 0.08652831041625525 476
1646474684766 0.0866941534637148 477
1646474684825 0.08685913378287967 478
1646474684884 0.08702324727123764 479
1646474684928 0.08718648984783166 480
1646474684979 0.08734885745336138 481
1646474685007 0.08751034605028403 482
1646474685047 0.08767095162291494 483
1646474685187 0.08783067017752721 484
1646474685229 0.08798949774245125 485
1646474685266 0.08814743036817332 486
1646474685310 0.08830446412743394 487
1646474685349 0.08846059511532535 488
1646474685382 0.0886158194493888 489
1646474685418 0.08877013326971095 490
1646474685559 0.08892353273901994 491
1646474685601 0.08907601404278077 492
1646474685637 0.08922757338929019 493
1646474685675 0.08937820700977092 494
1646474685705 0.08952791115846542 495
1646474685744 0.08967668211272907 496
1646474685771 0.08982451617312266 497
1646474685903 0.08997140966350438 498
1646474685948 0.09011735893112133 499
1646474686024 0.09026236034670027 500
1646474686082 0.0904064103045379 501
1646474686135 0.09054950522259048 502
1646474686211 0.09069164154256298 503
1646474686238 0.09083281572999748 504
1646474686349 0.09097302427436112 505
1646474686392 0.09111226368913336 506
1646474686431 0.0912505305118927 507
1646474686473 0.09138782130440279 508
1646474686500 0.09152413265269789 509
1646474686522 0.09165946116716775 510
1646474686557 0.091793803482642 511
1646474686678 0.09192715625847371 512
1646474686713 0.09205951617862253 513
1646474686750 0.09219087995173712 514
1646474686786 0.09232124431123703 515
1646474686813 0.09245060601539389 516
1646474686847 0.092578961847412 517
1646474686875 0.09270630861550845 518
1646474686989 0.0928326431529923 519
1646474687023 0.09295796231834347 520
1646474687061 0.09308226299529081 521
1646474687098 0.09320554209288957 522
1646474687125 0.09332779654559832 523
1646474687160 0.09344902331335508 524
1646474687186 0.09356921938165307 525
1646474687299 0.09368838176161547 526
1646474687335 0.09380650749006995 527
1646474687370 0.09392359362962223 528
1646474687407 0.09403963726872912 529
1646474687445 0.09415463552177097 530
1646474687478 0.09426858552912343 531
1646474687504 0.0943814844572285 532
1646474687605 0.09449332949866504 533
1646474687649 0.0946041178722186 534
1646474687699 0.09471384682295049 535
1646474687733 0.0948225136222664 536
1646474687768 0.09493011556798417 537
1646474687802 0.095036649984401 538
1646474687830 0.09514211422236002 539
1646474687938 0.09524650565931612 540
1646474687974 0.0953498216994012 541
1646474688007 0.09545205977348871 542
1646474688039 0.09555321733925752 543
1646474688067 0.09565329188125515 544
1646474688094 0.09575228091096032 545
1646474688128 0.09585018196684485 546
1646474688242 0.09594699261443485 547
1646474688280 0.09604271044637124 548
1646474688311 0.09613733308246963 549
1646474688350 0.09623085816977958 550
1646474688372 0.09632328338264294 551
1646474688456 0.09641460642275185 552
1646474688518 0.09650482501920579 553
1646474688725 0.09659393692856813 554
1646474688778 0.0966819399349218 555
1646474688819 0.09676883184992453 556
1646474688857 0.09685461051286315 557
1646474688909 0.0969392737907074 558
1646474688960 0.0970228195781629 559
1646474688989 0.0971052457977236 560
1646474689124 0.09718655039972335 561
1646474689166 0.09726673136238691 562
1646474689211 0.0973457866918802 563
1646474689251 0.09742371442235989 564
1646474689289 0.09750051261602233 565
1646474689322 0.09757617936315167 566
1646474689364 0.09765071278216737 567
1646474689498 0.09772411101967103 568
1646474689537 0.09779637225049237 569
1646474689570 0.09786749467773476 570
1646474689610 0.0979374765328198 571
1646474689639 0.09800631607553131 572
1646474689672 0.09807401159405868 573
1646474689765 0.09814056140503931 574
1646474689964 0.09820596385360059 575
1646474690004 0.09827021731340096 576
1646474690039 0.09833332018667043 577
1646474690071 0.09839527090425026 578
1646474690100 0.098456067925632 579
1646474690136 0.09851570973899575 580
1646474690163 0.09857419486124784 581
1646474690284 0.09863152183805765 582
1646474690318 0.09868768924389378 583
1646474690352 0.09874269568205951 584
1646474690386 0.09879653978472754 585
1646474690419 0.09884922021297397 586
1646474690465 0.09890073565681165 587
1646474690492 0.09895108483522268 588
1646474690608 0.09900026649619031 589
1646474690643 0.09904827941673011 590
1646474690674 0.09909512240292029 591
1646474690707 0.09914079428993147 592
1646474690738 0.0991852939420556 593
1646474690771 0.09922862025273423 594
1646474690797 0.09927077214458599 595
1646474690911 0.09931174856943342 596
1646474690946 0.09935154850832903 597
1646474690980 0.0993901709715806 598
1646474691015 0.09942761499877581 599
1646474691043 0.09946387965880618 600
1646474691082 0.0994989640498901 601
1646474691110 0.09953286729959539 602
1646474691224 0.09956558856486088 603
1646474691261 0.09959712703201745 604
1646474691291 0.09962748191680826 605
1646474691327 0.0996566524644082 606
1646474691356 0.09968463794944267 607
1646474691393 0.0997114376760057 608
1646474691424 0.09973705097767713 609
1646474691550 0.09976147721753928 610
1646474691586 0.09978471578819273 611
1646474691626 0.09980676611177149 612
1646474691662 0.09982762763995724 613
1646474691688 0.09984729985399317 614
1646474691734 0.09986578226469665 615
1646474691769 0.09988307441247157 616
1646474691884 0.09989917586731967 617
1646474691919 0.0999140862288513 618
1646474691952 0.09992780512629529 619
1646474691985 0.09994033221850827 620
1646474692015 0.0999516671939831 621
1646474692045 0.09996180977085661 622
1646474692071 0.0999707596969166 623
1646474692265 0.09997851674960817 624
1646474692326 0.09998508073603919 625
1646474692373 0.09999045149298513 626
1646474692429 0.09999462888689313 627
1646474692503 0.09999761281388526 628
1646474692554 0.09999940319976121 629
1646474692589 0.09999988581654443 630
1646474692728 0.09999954326669921 631
1646474692780 0.09999897235202891 632
1646474692818 0.0999981730751411 633
1646474692853 0.09999714543968634 634
1646474692894 0.09999588945035823 635
1646474692922 0.09999440511289331 636
1646474692972 0.09999269243407109 637
1646474693116 0.09999075142171397 638
1646474693162 0.09998858208468725 639
1646474693198 0.09998618443289907 640
1646474693234 0.09998355847730035 641
1646474693271 0.09998070422988478 642
1646474693314 0.09997762170368871 643
1646474693344 0.09997431091279116 644
1646474693509 0.09997077187231367 645
1646474693565 0.0999670045984203 646
1646474693620 0.09996300910831754 647
1646474693702 0.09995878542025423 648
1646474693730 0.09995433355352143 649
1646474693763 0.09994965352845243 650
1646474693788 0.09994474536642255 651
1646474693907 0.09993960908984914 652
1646474693944 0.09993424472219138 653
1646474693977 0.09992865228795028 654
1646474694011 0.09992283181266845 655
1646474694038 0.0999167833229301 656
1646474694075 0.09991050684636081 657
1646474694100 0.09990400241162752 658
1646474694225 0.09989727004843828 659
1646474694264 0.0998903097875422 660
1646474694295 0.09988312166072927 661
1646474694328 0.09987570570083022 662
1646474694355 0.0998680619417164 663
1646474694374 0.09986019041829958 664
1646474694411 0.09985209116653179 665
1646474694531 0.09984376422340524 666
1646474694567 0.09983520962695201 667
1646474694601 0.09982642741624403 668
1646474694636 0.09981741763139274 669
1646474694671 0.09980818031354909 670
1646474694705 0.09979871550490317 671
1646474694735 0.09978902324868413 672
1646474694847 0.09977910358915996 673
1646474694886 0.09976895657163733 674
1646474694920 0.09975858224246123 675
1646474694951 0.09974798064901494 676
1646474694980 0.09973715183971972 677
1646474695012 0.0997260958640346 678
1646474695038 0.09971481277245615 679
1646474695151 0.0997033026165183 680
1646474695185 0.09969156544879201 681
1646474695227 0.09967960132288511 682
1646474695263 0.09966741029344206 683
1646474695288 0.09965499241614359 684
1646474695328 0.09964234774770661 685
1646474695361 0.0996294763458838 686
1646474695479 0.09961637826946346 687
1646474695514 0.09960305357826917 688
1646474695550 0.09958950233315954 689
1646474695581 0.09957572459602795 690
1646474695605 0.09956172042980223 691
1646474695643 0.09954748989844439 692
1646474695673 0.09953303306695035 693
1646474695798 0.0995183500013496 694
1646474695843 0.09950344076870497 695
1646474695879 0.0994883054371122 696
1646474695939 0.09947294407569977 697
1646474695997 0.09945735675462848 698
1646474696050 0.09944154354509119 699
1646474696162 0.09942550451931245 700
1646474696347 0.09940923975054825 701
1646474696396 0.09939274931308553 702
1646474696421 0.09937603328224204 703
1646474696483 0.09935909173436584 704
1646474696530 0.099341924746835 705
1646474696571 0.09932453239805729 706
1646474696605 0.09930691476746976 707
1646474696737 0.09928907193553844 708
1646474696782 0.09927100398375785 709
1646474696818 0.09925271099465081 710
1646474696853 0.09923419305176792 711
1646474696888 0.09921545023968721 712
1646474696927 0.09919648264401378 713
1646474696963 0.0991772903513794 714
1646474697082 0.09915787344944213 715
1646474697123 0.09913823202688588 716
1646474697161 0.09911836617342003 717
1646474697224 0.099098275979779 718
1646474697280 0.09907796153772187 719
1646474697334 0.09905742294003195 720
1646474697414 0.09903666028051634 721
1646474697534 0.0990156736540055 722
1646474697568 0.09899446315635282 723
1646474697606 0.09897302888443424 724
1646474697634 0.09895137093614768 725
1646474697655 0.09892948941041274 726
1646474697686 0.09890738440717015 727
1646474697716 0.09888505602738132 728
1646474697844 0.0988625043730279 729
1646474697879 0.09883972954711141 730
1646474697915 0.09881673165365253 731
1646474697946 0.09879351079769086 732
1646474697978 0.09877006708528434 733
1646474698008 0.09874640062350874 734
1646474698040 0.09872251152045726 735
1646474698155 0.09869839988523992 736
1646474698195 0.09867406582798315 737
1646474698227 0.09864950945982928 738
1646474698258 0.098624730892936 739
1646474698288 0.09859973024047584 740
1646474698325 0.0985745076166357 741
1646474698338 0.09854906313661634 742
1646474698513 0.0985233969166317 743
1646474698579 0.0984975090739086 744
1646474698626 0.09847139972668602 745
1646474698658 0.09844506899421467 746
1646474698689 0.0984185169967564 747
1646474698723 0.09839174385558365 748
1646474698754 0.09836474969297887 749
1646474698872 0.09833753463223405 750
1646474698911 0.09831009879765007 751
1646474698945 0.09828244231453617 752
1646474698979 0.09825456530920935 753
1646474699004 0.09822646790899386 754
1646474699044 0.09819815024222053 755
1646474699070 0.09816961243822624 756
1646474699194 0.0981408546273533 757
1646474699230 0.09811187694094889 758
1646474699262 0.09808267951136446 759
1646474699299 0.09805326247195503 760
1646474699332 0.09802362595707877 761
1646474699369 0.09799377010209614 762
1646474699398 0.09796369504336953 763
1646474699518 0.09793340091826243 764
1646474699566 0.09790288786513891 765
1646474699624 0.09787215602336295 766
1646474699672 0.09784120553329785 767
1646474699740 0.09781003653630553 768
1646474699808 0.0977786491747459 769
1646474699859 0.09774704359197621 770
1646474700027 0.09771521993235047 771
1646474700092 0.09768317834121862 772
1646474700145 0.09765091896492609 773
1646474700178 0.09761844195081291 774
1646474700206 0.09758574744721321 775
1646474700249 0.09755283560345443 776
1646474700286 0.09751970656985669 777
1646474700410 0.09748636049773209 778
1646474700460 0.09745279753938403 779
1646474700488 0.09741901784810654 780
1646474700532 0.09738502157818346 781
1646474700575 0.09735080888488792 782
1646474700612 0.09731637992448146 783
1646474700648 0.09728173485421342 784
1646474700768 0.09724687383232018 785
1646474700804 0.09721179701802449 786
1646474700847 0.09717650457153462 787
1646474700893 0.09714099665404377 788
1646474700969 0.09710527342772927 789
1646474701034 0.09706933505575184 790
1646474701109 0.09703318170225479 791
1646474701223 0.09699681353236342 792
1646474701260 0.09696023071218408 793
1646474701291 0.0969234334088036 794
1646474701325 0.09688642179028838 795
1646474701353 0.09684919602568365 796
1646474701371 0.09681175628501273 797
1646474701413 0.09677410273927631 798
1646474701542 0.09673623556045154 799
1646474701592 0.09669815492149131 800
1646474701623 0.09665986099632348 801
1646474701661 0.09662135395985007 802
1646474701687 0.09658263398794643 803
1646474701720 0.09654370125746049 804
1646474701750 0.09650455594621189 805
1646474701866 0.09646519823299123 806
1646474701903 0.09642562829755921 807
1646474701939 0.09638584632064587 808
1646474701968 0.09634585248394963 809
1646474702000 0.09630564697013662 810
1646474702031 0.09626522996283975 811
1646474702059 0.0962246016466579 812
1646474702169 0.09618376220715508 813
1646474702206 0.09614271183085958 814
1646474702244 0.09610145070526309 815
1646474702277 0.09605997901881987 816
1646474702305 0.09601829696094591 817
1646474702341 0.09597640472201803 818
1646474702368 0.095934302493373 819
1646474702486 0.09589199046730673 820
1646474702519 0.09584946883707332 821
1646474702558 0.09580673779688421 822
1646474702590 0.0957637975419073 823
1646474702621 0.09572064826826603 824
1646474702656 0.09567729017303851 825
1646474702681 0.09563372345425666 826
1646474702795 0.09558994831090517 827
1646474702830 0.09554596494292075 828
1646474702863 0.0955017735511911 829
1646474702888 0.09545737433755408 830
1646474702924 0.09541276750479673 831
1646474702960 0.09536795325665434 832
1646474702987 0.09532293179780955 833
1646474703110 0.09527770333389145 834
1646474703145 0.09523226807147452 835
1646474703176 0.09518662621807782 836
1646474703209 0.09514077798216396 837
1646474703238 0.09509472357313818 838
1646474703268 0.09504846320134738 839
1646474703299 0.09500199707807919 840
1646474703464 0.09495532541556093 841
1646474703512 0.09490844842695872 842
1646474703591 0.0948613663263765 843
1646474703641 0.094814079328855 844
1646474703680 0.0947665876503708 845
1646474703731 0.09471889150783531 846
1646474703788 0.09467099111909384 847
1646474703943 0.09462288670292453 848
1646474703985 0.09457457847903737 849
1646474704021 0.09452606666807328 850
1646474704060 0.094477351491603 851
1646474704098 0.09442843317212607 852
1646474704136 0.09437931193306992 853
1646474704177 0.09432998799878874 854
1646474704317 0.09428046159456253 855
1646474704356 0.09423073294659605 856
1646474704391 0.09418080228201775 857
1646474704429 0.09413066982887877 858
1646474704455 0.0940803358161519 859
1646474704511 0.09402980047373054 860
1646474704555 0.09397906403242758 861
1646474704713 0.09392812672397445 862
1646474704810 0.09387698878102001 863
1646474704880 0.09382565043712943 864
1646474704913 0.09377411192678328 865
1646474704947 0.09372237348537629 866
1646474704971 0.09367043534921637 867
1646474705006 0.0936182977555235 868
1646474705113 0.09356596094242865 869
1646474705150 0.0935134251489727 870
1646474705185 0.09346069061510538 871
1646474705219 0.09340775758168408 872
1646474705252 0.09335462629047282 873
1646474705283 0.09330129698414119 874
1646474705310 0.09324776990626309 875
1646474705427 0.09319404530131581 876
1646474705468 0.09314012341467875 877
1646474705504 0.09308600449263241 878
1646474705540 0.09303168878235718 879
1646474705567 0.09297717653193228 880
1646474705601 0.09292246799033459 881
1646474705630 0.09286756340743753 882
1646474705743 0.09281246303400989 883
1646474705779 0.09275716712171472 884
1646474705815 0.09270167592310816 885
1646474705845 0.09264598969163833 886
1646474705875 0.09259010868164405 887
1646474705907 0.09253403314835384 888
1646474705932 0.09247776334788467 889
1646474706049 0.09242129953724074 890
1646474706085 0.09236464197431243 891
1646474706128 0.092307790917875 892
1646474706162 0.09225074662758755 893
1646474706191 0.09219350936399162 894
1646474706223 0.09213607938851023 895
1646474706251 0.09207845696344655 896
1646474706350 0.09202064235198275 897
1646474706386 0.09196263581817875 898
1646474706447 0.09190443762697105 899
1646474706495 0.09184604804417158 900
1646474706521 0.09178746733646638 901
1646474706568 0.09172869577141439 902
1646474706602 0.09166973361744632 903
1646474706744 0.09161058114386335 904
1646474706784 0.0915512386208359 905
1646474706817 0.09149170631940244 906
1646474706861 0.09143198451146821 907
1646474706892 0.091372073469804 908
1646474706932 0.09131197346804489 909
1646474706965 0.091251684780689 910
1646474707136 0.0911912076830963 911
1646474707216 0.09113054245148722 912
1646474707293 0.09106968936294149 913
1646474707369 0.09100864869539688 914
1646474707439 0.09094742072764787 915
1646474707481 0.09088600573934444 916
1646474707524 0.0908244040109907 917
1646474707701 0.09076261582394374 918
1646474707755 0.09070064146041219 919
1646474707798 0.0906384812034551 920
1646474707842 0.09057613533698053 921
1646474707889 0.09051360414574423 922
1646474707927 0.0904508879153485 923
1646474707967 0.09038798693224069 924
1646474708107 0.09032490148371201 925
1646474708154 0.0902616318578962 926
1646474708199 0.09019817834376821 927
1646474708245 0.09013454123114283 928
1646474708271 0.09007072081067347 929
1646474708321 0.09000671737385073 930
1646474708364 0.0899425312130011 931
1646474708532 0.0898781626212857 932
1646474708581 0.0898136118926988 933
1646474708632 0.08974887932206663 934
1646474708683 0.08968396520504587 935
1646474708775 0.08961886983812245 936
1646474708804 0.08955359351861014 937
1646474708837 0.08948813654464913 938
1646474708981 0.08942249921520477 939
1646474709024 0.08935668183006615 940
1646474709065 0.08929068468984472 941
1646474709106 0.08922450809597293 942
1646474709137 0.08915815235070293 943
1646474709172 0.089091617757105 944
1646474709202 0.08902490461906638 945
1646474709336 0.08895801324128978 946
1646474709384 0.0888909439292919 947
1646474709412 0.08882369698940226 948
1646474709449 0.08875627272876158 949
1646474709480 0.0886886714553205 950
1646474709512 0.08862089347783814 951
1646474709542 0.08855293910588066 952
1646474709655 0.08848480864981995 953
1646474709687 0.08841650242083204 954
1646474709727 0.08834802073089587 955
1646474709763 0.0882793638927917 956
1646474709795 0.08821053222009981 957
1646474709830 0.08814152602719895 958
1646474709858 0.08807234562926505 959
1646474709972 0.08800299134226963 960
1646474710008 0.08793346348297842 961
1646474710041 0.08786376236894998 962
1646474710077 0.08779388831853412 963
1646474710103 0.08772384165087055 964
1646474710147 0.08765362268588736 965
1646474710171 0.08758323174429958 966
1646474710288 0.08751266914760779 967
1646474710326 0.08744193521809647 968
1646474710356 0.08737103027883272 969
1646474710393 0.08729995465366468 970
1646474710420 0.08722870866722003 971
1646474710471 0.08715729264490463 972
1646474710496 0.08708570691290088 973
1646474710615 0.08701395179816636 974
1646474710649 0.08694202762843227 975
1646474710688 0.0868699347322019 976
1646474710726 0.08679767343874924 977
1646474710765 0.08672524407811735 978
1646474710822 0.08665264698111695 979
1646474710884 0.08657988247932488 980
1646474711143 0.08650695090508254 981
1646474711183 0.08643385259149444 982
1646474711231 0.0863605878724266 983
1646474711260 0.08628715708250519 984
1646474711312 0.08621356055711472 985
1646474711348 0.08613979863239682 986
1646474711385 0.08606587164524845 987
1646474711526 0.08599177993332055 988
1646474711573 0.08591752383501637 989
1646474711605 0.08584310368948996 990
1646474711650 0.0857685198366447 991
1646474711692 0.08569377261713158 992
1646474711720 0.08561886237234785 993
1646474711761 0.08554378944443528 994
1646474711900 0.08546855417627869 995
1646474711942 0.08539315691150438 996
1646474711984 0.08531759799447851 997
1646474712028 0.08524187777030565 998
1646474712059 0.08516599658482699 999
1646474712109 0.085089954784619 1000
1646474712162 0.08501375271699167 1001
1646474712366 0.084937390729987 1002
1646474712402 0.08486086917237745 1003
1646474712437 0.08478418839366421 1004
1646474712477 0.08470734874407575 1005
1646474712503 0.08463035057456612 1006
1646474712537 0.08455319423681344 1007
1646474712563 0.0844758800832182 1008
1646474712680 0.08439840846690169 1009
1646474712716 0.08432077974170443 1010
1646474712749 0.08424299426218444 1011
1646474712782 0.08416505238361578 1012
1646474712816 0.08408695446198675 1013
1646474712846 0.08400870085399842 1014
1646474712877 0.08393029191706292 1015
1646474712979 0.08385172800930181 1016
1646474713026 0.08377300948954447 1017
1646474713058 0.08369413671732644 1018
1646474713088 0.0836151100528878 1019
1646474713120 0.08353592985717145 1020
1646474713157 0.08345659649182165 1021
1646474713183 0.08337711031918209 1022
1646474713302 0.0832974717022945 1023
1646474713341 0.0832176810048968 1024
1646474713373 0.08313773859142158 1025
1646474713391 0.08305764482699435 1026
1646474713444 0.08297740007743183 1027
1646474713481 0.08289700470924045 1028
1646474713508 0.08281645908961449 1029
1646474713623 0.08273576358643453 1030
1646474713662 0.08265491856826568 1031
1646474713687 0.08257392440435597 1032
1646474713724 0.08249278146463462 1033
1646474713751 0.08241149011971037 1034
1646474713783 0.08233005074086974 1035
1646474713813 0.08224846370007544 1036
1646474713932 0.08216672936996457 1037
1646474713968 0.08208484812384692 1038
1646474714003 0.08200282033570337 1039
1646474714038 0.08192064638018404 1040
1646474714070 0.08183832663260669 1041
1646474714109 0.08175586146895497 1042
1646474714137 0.08167325126587667 1043
1646474714259 0.08159049640068203 1044
1646474714295 0.08150759725134202 1045
1646474714327 0.0814245541964866 1046
1646474714359 0.08134136761540303 1047
1646474714386 0.08125803788803408 1048
1646474714426 0.0811745653949763 1049
1646474714453 0.08109095051747836 1050
1646474714656 0.08100719363743916 1051
1646474714718 0.08092329513740626 1052
1646474714764 0.08083925540057403 1053
1646474714811 0.08075507481078188 1054
1646474714878 0.0806707537525126 1055
1646474714929 0.0805862926108905 1056
1646474714967 0.08050169177167975 1057
1646474715089 0.08041695162128251 1058
1646474715149 0.08033207254673727 1059
1646474715181 0.08024705493571704 1060
1646474715222 0.08016189917652754 1061
1646474715253 0.08007660565810545 1062
1646474715307 0.07999117477001676 1063
1646474715337 0.0799056069024547 1064
1646474715471 0.07981990244623828 1065
1646474715516 0.07973406179281028 1066
1646474715546 0.07964808533423559 1067
1646474715583 0.07956197346319932 1068
1646474715617 0.0794757265730051 1069
1646474715659 0.0793893450575732 1070
1646474715704 0.07930282931143882 1071
1646474715861 0.07921617972975023 1072
1646474715912 0.07912939670826691 1073
1646474715962 0.07904248064335789 1074
1646474716058 0.07895543193199983 1075
1646474716088 0.0788682509717752 1076
1646474716122 0.07878093816087055 1077
1646474716152 0.07869349389807459 1078
1646474716269 0.07860591858277646 1079
1646474716305 0.07851821261496385 1080
1646474716345 0.07843037639522116 1081
1646474716379 0.07834241032472773 1082
1646474716409 0.07825431480525596 1083
1646474716449 0.07816609023916948 1084
1646474716475 0.07807773702942139 1085
1646474716597 0.07798925557955222 1086
1646474716634 0.07790064629368836 1087
1646474716667 0.07781190957653995 1088
1646474716702 0.07772304583339924 1089
1646474716729 0.07763405547013864 1090
1646474716754 0.07754493889320883 1091
1646474716793 0.07745569650963702 1092
1646474716915 0.07736632872702497 1093
1646474716950 0.07727683595354719 1094
1646474716984 0.07718721859794911 1095
1646474717007 0.07709747706954512 1096
1646474717049 0.07700761177821679 1097
1646474717082 0.0769176231344109 1098
1646474717110 0.07682751154913771 1099
1646474717223 0.07673727743396895 1100
1646474717259 0.07664692120103597 1101
1646474717295 0.07655644326302792 1102
1646474717327 0.07646584403318979 1103
1646474717353 0.07637512392532053 1104
1646474717389 0.07628428335377127 1105
1646474717417 0.07619332273344324 1106
1646474717540 0.07610224247978606 1107
1646474717575 0.07601104300879569 1108
1646474717611 0.07591972473701261 1109
1646474717650 0.07582828808151994 1110
1646474717689 0.07573673345994147 1111
1646474717722 0.07564506129043984 1112
1646474717757 0.07555327199171448 1113
1646474717864 0.07546136598299985 1114
1646474717901 0.07536934368406346 1115
1646474717941 0.07527720551520398 1116
1646474717979 0.07518495189724923 1117
1646474718008 0.07509258325155439 1118
1646474718040 0.0750001 1119
1646474718070 0.07490750256499003 1120
1646474718193 0.07481479136945 1121
1646474718238 0.07472196683682494 1122
1646474718302 0.07462902939107763 1123
1646474718358 0.0745359794566865 1124
1646474718414 0.07444281745864377 1125
1646474718483 0.07434954382245348 1126
1646474718541 0.07425615897412961 1127
1646474718813 0.07416266334019404 1128
1646474718867 0.07406905734767466 1129
1646474718904 0.0739753414241034 1130
1646474718952 0.07388151599751429 1131
1646474718985 0.07378758149644153 1132
1646474719020 0.07369353834991745 1133
1646474719053 0.07359938698747061 1134
1646474719196 0.07350512783912388 1135
1646474719234 0.07341076133539239 1136
1646474719270 0.07331628790728158 1137
1646474719308 0.07322170798628527 1138
1646474719336 0.07312702200438372 1139
1646474719371 0.07303223039404153 1140
1646474719396 0.0729373335882058 1141
1646474719510 0.07284233202030403 1142
1646474719547 0.07274722612424228 1143
1646474719582 0.07265201633440309 1144
1646474719619 0.07255670308564348 1145
1646474719669 0.07246128681329309 1146
1646474719733 0.07236576795315197 1147
1646474719783 0.07227014694148887 1148
1646474720028 0.07217442421503903 1149
1646474720076 0.07207860021100225 1150
1646474720115 0.07198267536704092 1151
1646474720161 0.07188665012127801 1152
1646474720188 0.07179052491229503 1153
1646474720220 0.07169430017913009 1154
1646474720278 0.07159797636127585 1155
1646474720402 0.07150155389867752 1156
1646474720454 0.07140503323173088 1157
1646474720489 0.07130841480128018 1158
1646474720534 0.07121169904861628 1159
1646474720573 0.0711148864154745 1160
1646474720608 0.07101797734403262 1161
1646474720642 0.07092097227690894 1162
1646474720763 0.07082387165716014 1163
1646474720802 0.07072667592827944 1164
1646474720840 0.07062938553419432 1165
1646474720881 0.07053200091926472 1166
1646474720917 0.07043452252828089 1167
1646474720952 0.0703369508064614 1168
1646474720989 0.07023928619945106 1169
1646474721200 0.07014152915331899 1170
1646474721250 0.07004368011455644 1171
1646474721287 0.06994573953007484 1172
1646474721318 0.06984770784720377 1173
1646474721349 0.06974958551368889 1174
1646474721382 0.06965137297768985 1175
1646474721413 0.06955307068777833 1176
1646474721534 0.06945467909293594 1177
1646474721570 0.06935619864255214 1178
1646474721606 0.06925762978642228 1179
1646474721641 0.06915897297474545 1180
1646474721670 0.06906022865812249 1181
1646474721711 0.0689613972875539 1182
1646474721745 0.06886247931443776 1183
1646474721866 0.06876347519056775 1184
1646474721902 0.06866438536813095 1185
1646474721942 0.06856521029970594 1186
1646474721977 0.06846595043826062 1187
1646474722004 0.06836660623715013 1188
1646474722041 0.06826717815011489 1189
1646474722067 0.06816766663127838 1190
1646474722194 0.0680680721351452 1191
1646474722233 0.06796839511659894 1192
1646474722262 0.06786863603090004 1193
1646474722294 0.06776879533368381 1194
1646474722322 0.06766887348095833 1195
1646474722358 0.06756887092910233 1196
1646474722384 0.06746878813486307 1197
1646474722508 0.0673686255553544 1198
1646474722544 0.0672683836480545 1199
1646474722574 0.06716806287080392 1200
1646474722605 0.06706766368180335 1201
1646474722633 0.06696718653961176 1202
1646474722652 0.06686663190314403 1203
1646474722694 0.06676600023166905 1204
1646474722803 0.06666529198480751 1205
1646474722838 0.06656450762252991 1206
1646474722873 0.06646364760515434 1207
1646474722910 0.06636271239334447 1208
1646474722937 0.06626170244810739 1209
1646474722980 0.06616061823079152 1210
1646474723012 0.06605946020308452 1211
1646474723130 0.06595822882701116 1212
1646474723166 0.06585692456493124 1213
1646474723200 0.06575554787953744 1214
1646474723231 0.0656540992338532 1215
1646474723258 0.06555257909123066 1216
1646474723292 0.0654509879153485 1217
1646474723320 0.06534932617020985 1218
1646474723490 0.06524759432014013 1219
1646474723541 0.06514579282978496 1220
1646474723606 0.06504392216410806 1221
1646474723663 0.06494198278838906 1222
1646474723712 0.06483997516822142 1223
1646474723781 0.06473789976951033 1224
1646474723828 0.06463575705847052 1225
1646474723984 0.06453354750162416 1226
1646474724028 0.06443127156579871 1227
1646474724066 0.06432892971812486 1228
1646474724108 0.0642265224260343 1229
1646474724136 0.06412405015725764 1230
1646474724189 0.06402151337982227 1231
1646474724220 0.06391891256205022 1232
1646474724362 0.06381624817255596 1233
1646474724405 0.06371352068024438 1234
1646474724436 0.06361073055430858 1235
1646474724474 0.06350787826422767 1236
1646474724516 0.06340496427976475 1237
1646474724556 0.06330198907096464 1238
1646474724586 0.06319895310815188 1239
1646474724775 0.06309585686192841 1240
1646474724840 0.06299270080317156 1241
1646474724943 0.06288948540303181 1242
1646474724972 0.06278621113293069 1243
1646474725005 0.06268287846455858 1244
1646474725033 0.06257948786987269 1245
1646474725064 0.06247603982109465 1246
1646474725170 0.0623725347907086 1247
1646474725210 0.062268973251458935 1248
1646474725240 0.06216535567634809 1249
1646474725275 0.062061682538634484 1250
1646474725302 0.06195795431183031 1251
1646474725339 0.061854171469699334 1252
1646474725364 0.06175033448625481 1253
1646474725494 0.06164644383575726 1254
1646474725529 0.06154249999271228 1255
1646474725560 0.06143850343186853 1256
1646474725590 0.061334454628215324 1257
1646474725620 0.06123035405698065 1258
1646474725651 0.06112620219362893 1259
1646474725678 0.06102199951385886 1260
1646474725791 0.060917746493601224 1261
1646474725829 0.06081344360901673 1262
1646474725860 0.06070909133649383 1263
1646474725894 0.060604690152646565 1264
1646474725923 0.06050024053431233 1265
1646474725957 0.0603957429585498 1266
1646474725982 0.060291197902636665 1267
1646474726096 0.060186605844067424 1268
1646474726137 0.06008196726055132 1269
1646474726173 0.059977282630010065 1270
1646474726209 0.059872552430575675 1271
1646474726236 0.05976777714058832 1272
1646474726274 0.059662957238594105 1273
1646474726299 0.059558093203342884 1274
1646474726415 0.05945318551378608 1275
1646474726458 0.0593482346490745 1276
1646474726500 0.0592432410885562 1277
1646474726538 0.05913820531177416 1278
1646474726565 0.05903312779846423 1279
1646474726598 0.05892800902855288 1280
1646474726629 0.05882284948215499 1281
1646474726746 0.05871764963957172 1282
1646474726782 0.05861240998128823 1283
1646474726820 0.05850713098797158 1284
1646474726851 0.05840181314046844 1285
1646474726880 0.05829645691980298 1286
1646474726916 0.05819106280717461 1287
1646474726949 0.058085631283955816 1288
1646474727072 0.057980162831689955 1289
1646474727124 0.057874657932089055 1290
1646474727166 0.05776911706703158 1291
1646474727221 0.05766354071856031 1292
1646474727275 0.057557929368880045 1293
1646474727339 0.057452283500355486 1294
1646474727391 0.05734660359550898 1295
1646474727562 0.0572408901370183 1296
1646474727619 0.05713514360771452 1297
1646474727678 0.057029364490579715 1298
1646474727715 0.056923553268744854 1299
1646474727756 0.056817710425487486 1300
1646474727787 0.05671183644422961 1301
1646474727833 0.05660593180853546 1302
1646474727969 0.056499997002109226 1303
1646474728007 0.05639403250879297 1304
1646474728046 0.05628803881256428 1305
1646474728082 0.05618201639753418 1306
1646474728117 0.05607596574794482 1307
1646474728159 0.0559698873481673 1308
1646474728198 0.05586378168269955 1309
1646474728330 0.055757649236163914 1310
1646474728372 0.05565149049330513 1311
1646474728410 0.05554530593898801 1312
1646474728455 0.055439096058195296 1313
1646474728528 0.055332861336025344 1314
1646474728607 0.05522660225769002 1315
1646474728682 0.05512031930851241 1316
1646474728773 0.05501401297392465 1317
1646474728824 0.05490768373946564 1318
1646474728855 0.054801332090778906 1319
1646474728889 0.054694958513610364 1320
1646474728916 0.054588563493806024 1321
1646474728934 0.0544821475173099 1322
1646474728972 0.05437571107016168 1323
1646474729083 0.054269254638494566 1324
1646474729119 0.05416277870853303 1325
1646474729153 0.05405628376659061 1326
1646474729192 0.053949770299067674 1327
1646474729220 0.053843238792449184 1328
1646474729256 0.0537366897333025 1329
1646474729282 0.053630123608275175 1330
1646474729397 0.053523540904092705 1331
1646474729439 0.05341694210755628 1332
1646474729478 0.053310327705540596 1333
1646474729512 0.05320369818499166 1334
1646474729542 0.05309705403292447 1335
1646474729575 0.05299039573642093 1336
1646474729602 0.05288372378262746 1337
1646474729717 0.05277703865875294 1338
1646474729751 0.05267034085206632 1339
1646474729788 0.052563630849894544 1340
1646474729821 0.052456909139620256 1341
1646474729851 0.052350176208679516 1342
1646474729883 0.05224343254455968 1343
1646474729910 0.052136678634797116 1344
1646474730024 0.05202991496697501 1345
1646474730059 0.05192314202872104 1346
1646474730094 0.05181636030770532 1347
1646474730129 0.051709570291638036 1348
1646474730161 0.051602772468267256 1349
1646474730193 0.051495967325376694 1350
1646474730220 0.05138915535078352 1351
1646474730327 0.05128233703233613 1352
1646474730366 0.05117551285791184 1353
1646474730403 0.05106868331541472 1354
1646474730454 0.0509618488927734 1355
1646474730482 0.05085501007793878 1356
1646474730519 0.05074816735888178 1357
1646474730555 0.05064132122359121 1358
1646474730662 0.05053447216007148 1359
1646474730702 0.05042762065634031 1360
1646474730737 0.05032076720042663 1361
1646474730766 0.05021391228036826 1362
1646474730803 0.05010705638420974 1363
1646474730842 0.0500002 1364
1646474730878 0.049893343615790266 1365
1646474731082 0.04978648771963174 1366
1646474731160 0.049679632799573374 1367
1646474731223 0.04957277934365971 1368
1646474731266 0.04946592783992853 1369
1646474731302 0.049359078776408785 1370
1646474731363 0.049252232641118235 1371
1646474731400 0.049145389922061224 1372
1646474731526 0.0490385511072266 1373
1646474731571 0.048931716684585284 1374
1646474731602 0.048824887142088165 1375
1646474731643 0.04871806296766387 1376
1646474731669 0.04861124464921647 1377
1646474731721 0.04850443267462332 1378
1646474731748 0.048397627531732754 1379
1646474731881 0.04829082970836198 1380
1646474731927 0.048184039692294685 1381
1646474731961 0.04807725797127896 1382
1646474731993 0.047970485033025013 1383
1646474732028 0.047863721365202894 1384
1646474732065 0.04775696745544034 1385
1646474732113 0.047650223791320494 1386
1646474732291 0.047543490860379754 1387
1646474732386 0.04743676915010546 1388
1646474732419 0.04733005914793368 1389
1646474732460 0.047223361341247085 1390
1646474732491 0.047116676217372554 1391
1646474732523 0.047010004263579076 1392
1646474732552 0.04690334596707554 1393
1646474732667 0.046796701815008356 1394
1646474732702 0.04669007229445942 1395
1646474732740 0.04658345789244373 1396
1646474732775 0.04647685909590729 1397
1646474732802 0.046370276391724835 1398
1646474732837 0.046263710266697504 1399
1646474732865 0.04615716120755084 1400
1646474732978 0.046050629700932336 1401
1646474733016 0.04594411623340938 1402
1646474733052 0.04583762129146698 1403
1646474733086 0.04573114536150543 1404
1646474733114 0.04562468892983833 1405
1646474733146 0.04551825248269011 1406
1646474733176 0.04541183650619397 1407
1646474733289 0.04530544148638965 1408
1646474733322 0.0451990679092211 1409
1646474733359 0.04509271626053438 1410
1646474733391 0.04498638702607535 1411
1646474733418 0.04488008069148759 1412
1646474733463 0.04477379774230999 1413
1646474733489 0.04466753866397466 1414
1646474733607 0.044561303941804714 1415
1646474733644 0.044455094061012 1416
1646474733682 0.0443489095066949 1417
1646474733709 0.0442427507638361 1418
1646474733744 0.04413661831730046 1419
1646474733782 0.0440305126518327 1420
1646474733808 0.04392443425205519 1421
1646474733921 0.04381838360246583 1422
1646474733956 0.043712361187435725 1423
1646474733991 0.04360636749120703 1424
1646474734027 0.04350040299789078 1425
1646474734060 0.04339446819146456 1426
1646474734097 0.043288563555770404 1427
1646474734132 0.04318268957451252 1428
1646474734248 0.04307684673125514 1429
1646474734284 0.042971035509420295 1430
1646474734322 0.042865256392285486 1431
1646474734354 0.042759509862981715 1432
1646474734387 0.04265379640449103 1433
1646474734424 0.04254811649964451 1434
1646474734453 0.04244247063111996 1435
1646474734623 0.04233685928143969 1436
1646474734701 0.04223128293296843 1437
1646474734756 0.042125742067910955 1438
1646474734813 0.042020237168310055 1439
1646474734855 0.04191476871604419 1440
1646474734926 0.041809337192825397 1441
1646474734968 0.041703943080197044 1442
1646474735113 0.041598586859531564 1443
1646474735153 0.04149326901202844 1444
1646474735183 0.04138799001871178 1445
1646474735225 0.041282750360428284 1446
1646474735252 0.04117755051784502 1447
1646474735307 0.04107239097144713 1448
1646474735336 0.04096727220153579 1449
1646474735492 0.04086219468822585 1450
1646474735533 0.040757158911443804 1451
1646474735570 0.04065216535092551 1452
1646474735609 0.04054721448621393 1453
1646474735646 0.04044230679665713 1454
1646474735690 0.040337442761405905 1455
1646474735730 0.04023262285941167 1456
1646474735881 0.04012784756942433 1457
1646474735961 0.04002311736998995 1458
1646474736064 0.0399184327394487 1459
1646474736085 0.039813794155932586 1460
1646474736126 0.03970920209736335 1461
1646474736152 0.039604657041450206 1462
1646474736193 0.03950015946568767 1463
1646474736295 0.03939570984735346 1464
1646474736337 0.03929130866350617 1465
1646474736371 0.039186956390983275 1466
1646474736402 0.039082653506398786 1467
1646474736435 0.03897840048614113 1468
1646474736474 0.03887419780637107 1469
1646474736502 0.03877004594301936 1470
1646474736624 0.0386659453717847 1471
1646474736661 0.03856189656813148 1472
1646474736691 0.03845790000728771 1473
1646474736722 0.03835395616424277 1474
1646474736753 0.03825006551374519 1475
1646474736789 0.038146228530300676 1476
1646474736818 0.0380424456881697 1477
1646474736933 0.03793871746136551 1478
1646474736976 0.037835044323651916 1479
1646474737007 0.037731426748541075 1480
1646474737037 0.037627865209291414 1481
1646474737068 0.03752436017890536 1482
1646474737084 0.037420912130127326 1483
1646474737128 0.03731752153544142 1484
1646474737250 0.03721418886706933 1485
1646474737286 0.03711091459696821 1486
1646474737320 0.037007699196828454 1487
1646474737351 0.03690454313807158 1488
1646474737379 0.036801446891848125 1489
1646474737411 0.03669841092903536 1490
1646474737448 0.036595435720235284 1491
1646474737553 0.036492521735772346 1492
1646474737604 0.036389669445691435 1493
1646474737646 0.036286879319755626 1494
1646474737676 0.03618415182744404 1495
1646474737710 0.0360814874379498 1496
1646474737744 0.03597888662017773 1497
1646474737770 0.03587634984274237 1498
1646474737886 0.035773877573965704 1499
1646474737925 0.03567147028187514 1500
1646474737956 0.035569128434201305 1501
1646474737985 0.03546685249837586 1502
1646474738015 0.0353646429415295 1503
1646474738052 0.03526250023048967 1504
1646474738084 0.03516042483177858 1505
1646474738207 0.03505841721161096 1506
1646474738255 0.034956477835891946 1507
1646474738314 0.034854607170215046 1508
1646474738350 0.03475280567985989 1509
1646474738434 0.03465107382979015 1510
1646474738488 0.03454941208465151 1511
1646474738549 0.03444782090876935 1512
1646474738722 0.03434630076614682 1513
1646474738773 0.03424485212046257 1514
1646474738821 0.03414347543506876 1515
1646474738863 0.03404217117298885 1516
1646474738906 0.03394093979691549 1517
1646474738935 0.0338397817692085 1518
1646474738984 0.03373869755189263 1519
1646474739113 0.03363768760665553 1520
1646474739149 0.033536752394845666 1521
1646474739191 0.033435892377470106 1522
1646474739226 0.0333351080151925 1523
1646474739254 0.033234399768330966 1524
1646474739300 0.03313376809685598 1525
1646474739338 0.03303321346038826 1526
1646474739487 0.03293273631819665 1527
1646474739528 0.032832337129196115 1528
1646474739563 0.03273201635194551 1529
1646474739637 0.03263177444464562 1530
1646474739689 0.03253161186513693 1531
1646474739742 0.03243152907089768 1532
1646474739807 0.03233152651904167 1533
1646474739949 0.032231604666316194 1534
1646474739994 0.03213176396909999 1535
1646474740066 0.03203200488340108 1536
1646474740097 0.031932327864854795 1537
1646474740131 0.03183273336872164 1538
1646474740159 0.03173322184988512 1539
1646474740188 0.031633793762849874 1540
1646474740300 0.0315344495617394 1541
1646474740338 0.031435189700294054 1542
1646474740371 0.03133601463186906 1543
1646474740401 0.031236924809432277 1544
1646474740435 0.031137920685562263 1545
1646474740475 0.03103900271244612 1546
1646474740501 0.03094017134187751 1547
1646474740625 0.030841427025254563 1548
1646474740662 0.030742770213577728 1549
1646474740696 0.030644201357447873 1550
1646474740727 0.030545720907064082 1551
1646474740758 0.030447329312221667 1552
1646474740789 0.030349027022310158 1553
1646474740814 0.030250814486311124 1554
1646474740935 0.030152692152796243 1555
1646474740975 0.030054660469925172 1556
1646474741006 0.02995671988544359 1557
1646474741036 0.02985887084668103 1558
1646474741065 0.029761113800548935 1559
1646474741100 0.02966344919353861 1560
1646474741126 0.029565877471719113 1561
1646474741253 0.029468399080735296 1562
1646474741289 0.02937101446580569 1563
1646474741324 0.029273724071720568 1564
1646474741357 0.02917652834283987 1565
1646474741386 0.02907942772309107 1566
1646474741421 0.0289824226559674 1567
1646474741452 0.02888551358452552 1568
1646474741580 0.028788700951383705 1569
1646474741615 0.028691985198719825 1570
1646474741651 0.028595366768269147 1571
1646474741688 0.02849884610132249 1572
1646474741719 0.028402423638724167 1573
1646474741760 0.028306099820869922 1574
1646474741786 0.028209875087704988 1575
1646474741911 0.02811374987872201 1576
1646474741949 0.028017724632959092 1577
1646474742000 0.027921799788997764 1578
1646474742047 0.02782597578496098 1579
1646474742090 0.02773025305851113 1580
1646474742175 0.027634632046848028 1581
1646474742227 0.027539113186706952 1582
1646474742432 0.027443696914356514 1583
1646474742491 0.02734838366559692 1584
1646474742545 0.027253173875757743 1585
1646474742575 0.027158067979695975 1586
1646474742623 0.027063066411794238 1587
1646474742652 0.02696816960595849 1588
1646474742697 0.026873377995616298 1589
1646474742826 0.026778692013714737 1590
1646474742864 0.026684112092718447 1591
1646474742899 0.026589638664607635 1592
1646474742943 0.02649527216087613 1593
1646474742983 0.02640101301252939 1594
1646474743019 0.026306861650082565 1595
1646474743056 0.026212818503558485 1596
1646474743198 0.02611888400248571 1597
1646474743241 0.026025058575896615 1598
1646474743279 0.02593134265232537 1599
1646474743326 0.02583773665980597 1600
1646474743367 0.025744241025870387 1601
1646474743430 0.02565085617754652 1602
1646474743482 0.02555758254135624 1603
1646474743654 0.025464420543313528 1604
1646474743691 0.025371370608922368 1605
1646474743723 0.025278433163175056 1606
1646474743755 0.025185608630550027 1607
1646474743782 0.02509289743500996 1608
1646474743800 0.025000300000000013 1609
1646474743839 0.024907816748445624 1610
1646474743950 0.024815448102750767 1611
1646474743994 0.02472319448479604 1612
1646474744023 0.024631056315936546 1613
1646474744057 0.02453903401700016 1614
1646474744084 0.024447128008285544 1615
1646474744108 0.024355338709560182 1616
1646474744147 0.024263666540058532 1617
1646474744261 0.02417211191848008 1618
1646474744299 0.024080675262987412 1619
1646474744332 0.023989356991204337 1620
1646474744364 0.023898157520213972 1621
1646474744393 0.023807077266556752 1622
1646474744428 0.023716116646228726 1623
1646474744451 0.023625276074679475 1624
1646474744580 0.023534555966810214 1625
1646474744616 0.0234439567369721 1626
1646474744650 0.02335347879896404 1627
1646474744669 0.02326312256603105 1628
1646474744708 0.023172888450862305 1629
1646474744739 0.023082776865589114 1630
1646474744769 0.02299278822178324 1631
1646474744894 0.022902922930454896 1632
1646474744932 0.022813181402050887 1633
1646474744962 0.022723564046452822 1634
1646474745000 0.022634071272975044 1635
1646474745018 0.02254470349036299 1636
1646474745059 0.022455461106791173 1637
1646474745084 0.02236634452986137 1638
1646474745205 0.02227735416660076 1639
1646474745242 0.022188490423460064 1640
1646474745282 0.02209975370631166 1641
1646474745301 0.022011144420447784 1642
1646474745345 0.021922662970578623 1643
1646474745380 0.021834309760830513 1644
1646474745415 0.02174608519474405 1645
1646474745537 0.0216579896752723 1646
1646474745572 0.02157002360477885 1647
1646474745606 0.02148218738503618 1648
1646474745637 0.021394481417223554 1649
1646474745667 0.02130690610192541 1650
1646474745707 0.02121946183912947 1651
1646474745747 0.021132149028224818 1652
1646474745963 0.02104496806800019 1653
1646474746016 0.020957919356642124 1654
1646474746073 0.020871003291733102 1655
1646474746102 0.020784220270249794 1656
1646474746156 0.020697570688561186 1657
1646474746206 0.02061105494242681 1658
1646474746249 0.02052467342699492 1659
1646474746382 0.020438426536800693 1660
1646474746425 0.02035231466576442 1661
1646474746468 0.020266338207189722 1662
1646474746505 0.02018049755376174 1663
1646474746536 0.0200947930975453 1664
1646474746583 0.020009225229983257 1665
1646474746627 0.01992379434189454 1666
1646474746760 0.019838500823472473 1667
1646474746804 0.019753345064282987 1668
1646474746834 0.019668327453262732 1669
1646474746888 0.019583448378717498 1670
1646474746918 0.019498708228320283 1671
1646474746952 0.0194141073891095 1672
1646474747010 0.01932964624748742 1673
1646474747161 0.019245325189218135 1674
1646474747226 0.01916114459942599 1675
1646474747302 0.01907710486259375 1676
1646474747343 0.018993206362560855 1677
1646474747372 0.018909449482521663 1678
1646474747401 0.0188258346050237 1679
1646474747445 0.018742362111965925 1680
1646474747563 0.018659032384596968 1681
1646474747598 0.0185758458035134 1682
1646474747630 0.018492802748657992 1683
1646474747663 0.018409903599317986 1684
1646474747691 0.01832714873412336 1685
1646474747726 0.018244538531045032 1686
1646474747757 0.018162073367393308 1687
1646474747880 0.01807975361981598 1688
1646474747915 0.017997579664296638 1689
1646474747947 0.017915551876153096 1690
1646474747980 0.017833670630035454 1691
1646474748007 0.017751936299924557 1692
1646474748044 0.01767034925913027 1693
1646474748072 0.017588909880289653 1694
1646474748186 0.01750761853536539 1695
1646474748221 0.017426475595644038 1696
1646474748258 0.017345481431734314 1697
1646474748292 0.01726463641356548 1698
1646474748321 0.01718394091038552 1699
1646474748354 0.017103395290759566 1700
1646474748385 0.017022999922568182 1701
1646474748506 0.016942755173005676 1702
1646474748541 0.016862661408578426 1703
1646474748577 0.0167827189951032 1704
1646474748609 0.016702928297705515 1705
1646474748634 0.01662328968081792 1706
1646474748670 0.01654380350817838 1707
1646474748695 0.016464470142828543 1708
1646474748809 0.016385289947112216 1709
1646474748843 0.016306263282673573 1710
1646474748880 0.016227390510455526 1711
1646474748917 0.016148671990698204 1712
1646474748951 0.016070108082937094 1713
1646474748989 0.015991699146001584 1714
1646474749015 0.01591344553801327 1715
1646474749132 0.015835347616384245 1716
1646474749165 0.01575740573781557 1717
1646474749205 0.015679620258295588 1718
1646474749238 0.015601991533098313 1719
1646474749267 0.015524519916781809 1720
1646474749305 0.015447205763186572 1721
1646474749330 0.01537004942543389 1722
1646474749479 0.015293051255924268 1723
1646474749554 0.015216211606335801 1724
1646474749634 0.015139530827622559 1725
1646474749753 0.015063009270012992 1726
1646474749833 0.014986647283008355 1727
1646474749879 0.01491044521538101 1728
1646474749918 0.01483440341517301 1729
1646474750102 0.014758522229694374 1730
1646474750156 0.01468280200552148 1731
1646474750199 0.014607243088495642 1732
1646474750244 0.014531845823721313 1733
1646474750290 0.014456610555564738 1734
1646474750333 0.01438153762765216 1735
1646474750382 0.014306627382868404 1736
1646474750539 0.01423188016335532 1737
1646474750588 0.014157296310510046 1738
1646474750625 0.014082876164983646 1739
1646474750651 0.014008620066679458 1740
1646474750711 0.013934528354751551 1741
1646474750745 0.013860601367603195 1742
1646474750781 0.01378683944288528 1743
1646474750971 0.013713242917494827 1744
1646474751017 0.01363981212757339 1745
1646474751069 0.013566547408505575 1746
1646474751114 0.013493449094917467 1747
1646474751180 0.013420517520675126 1748
1646474751228 0.013347753018883066 1749
1646474751259 0.013275155921882654 1750
1646474751379 0.01320272656125077 1751
1646474751424 0.013130465267798111 1752
1646474751464 0.013058372371567737 1753
1646474751513 0.012986448201833646 1754
1646474751555 0.012914693087099135 1755
1646474751585 0.012843107355095378 1756
1646474751624 0.012771691332779984 1757
1646474751736 0.012700445346335344 1758
1646474751773 0.012629369721167285 1759
1646474751814 0.01255846478190354 1760
1646474751853 0.012487730852392225 1761
1646474751882 0.012417168255700415 1762
1646474751914 0.012346777314112658 1763
1646474751946 0.012276558349129467 1764
1646474752063 0.012206511681465887 1765
1646474752112 0.012136637631050039 1766
1646474752156 0.012066936517021579 1767
1646474752194 0.011997408657730383 1768
1646474752233 0.011928054370734954 1769
1646474752274 0.011858873972801047 1770
1646474752300 0.011789867779900215 1771
1646474752419 0.011721036107208302 1772
1646474752467 0.011652379269104136 1773
1646474752512 0.011583897579167966 1774
1646474752549 0.011515591350180054 1775
1646474752581 0.01144746089411934 1776
1646474752617 0.01137950652216188 1777
1646474752648 0.011311728544679496 1778
1646474752761 0.01124412727123843 1779
1646474752798 0.011176703010597746 1780
1646474752828 0.011109456070708103 1781
1646474752867 0.011042386758710243 1782
1646474752898 0.010975495380933621 1783
1646474752933 0.010908782242895008 1784
1646474752964 0.010842247649297088 1785
1646474753080 0.010775891904027068 1786
1646474753125 0.010709715310155294 1787
1646474753159 0.010643718169933855 1788
1646474753196 0.010577900784795232 1789
1646474753233 0.010512263455350872 1790
1646474753298 0.010446806481389882 1791
1646474753348 0.010381530161877548 1792
1646474753546 0.010316434794954152 1793
1646474753596 0.010251520677933394 1794
1646474753634 0.010186788107301193 1795
1646474753668 0.010122237378714316 1796
1646474753718 0.010057868786998908 1797
1646474753765 0.009993682626149294 1798
1646474753808 0.009929679189326548 1799
1646474753943 0.009865858768857165 1800
1646474753989 0.009802221656231812 1801
1646474754017 0.00973876814210381 1802
1646474754073 0.009675498516288003 1803
1646474754102 0.009612413067759323 1804
1646474754143 0.009549512084651508 1805
1646474754171 0.009486795854255768 1806
1646474754298 0.009424264663019481 1807
1646474754337 0.009361918796544893 1808
1646474754385 0.009299758539587808 1809
1646474754417 0.009237784176056271 1810
1646474754476 0.009175995989009299 1811
1646474754518 0.009114394260655564 1812
1646474754552 0.009052979272352138 1813
1646474754739 0.008991751304603121 1814
1646474754816 0.008930710637058518 1815
1646474754844 0.008869857548512808 1816
1646474754879 0.008809192316903707 1817
1646474754908 0.008748715219311002 1818
1646474754942 0.008688426531955128 1819
1646474754970 0.008628326530196014 1820
1646474755085 0.008568415488531796 1821
1646474755120 0.00850869368059757 1822
1646474755159 0.008449161379164107 1823
1646474755193 0.008389818856136658 1824
1646474755222 0.008330666382553682 1825
1646474755256 0.008271704228585617 1826
1646474755287 0.008212932663533628 1827
1646474755410 0.008154351955828412 1828
1646474755457 0.008095962373028948 1829
1646474755483 0.00803776418182128 1830
1646474755523 0.00797975764801726 1831
1646474755550 0.007921943036553452 1832
1646474755583 0.007864320611489771 1833
1646474755600 0.007806890636008386 1834
1646474755725 0.0077496533724124754 1835
1646474755762 0.007692609082124989 1836
1646474755798 0.007635758025687573 1837
1646474755830 0.007579100462759275 1838
1646474755859 0.00752263665211534 1839
1646474755891 0.007466366851646166 1840
1646474755917 0.007410291318355963 1841
1646474756028 0.00735441030836168 1842
1646474756064 0.00729872407689185 1843
1646474756100 0.007243232878285297 1844
1646474756135 0.007187936965990127 1845
1646474756167 0.007132836592562487 1846
1646474756196 0.007077932009665416 1847
1646474756228 0.007023223468067726 1848
1646474756336 0.006968711217642824 1849
1646474756371 0.006914395507367594 1850
1646474756405 0.006860276585321247 1851
1646474756449 0.006806354698684202 1852
1646474756486 0.006752630093736909 1853
1646474756522 0.006699103015858823 1854
1646474756556 0.006645773709527192 1855
1646474756669 0.006592642418315927 1856
1646474756706 0.006539709384894633 1857
1646474756734 0.006486974851027303 1858
1646474756772 0.006434439057571355 1859
1646474756801 0.006382102244476517 1860
1646474756837 0.006329964650783642 1861
1646474756865 0.0062780265146237186 1862
1646474757014 0.0062262880732167295 1863
1646474757099 0.006174749562870569 1864
1646474757159 0.006123411218980016 1865
1646474757214 0.006072273276025566 1866
1646474757265 0.006021335967572434 1867
1646474757325 0.005970599526269472 1868
1646474757363 0.005920064183848099 1869
1646474757527 0.005869730171121236 1870
1646474757571 0.005819597717982258 1871
1646474757600 0.005769667053403953 1872
1646474757652 0.005719938405437472 1873
1646474757684 0.00567041200121127 1874
1646474757725 0.005621088066930097 1875
1646474757756 0.00557196682787394 1876
1646474757897 0.00552304850839702 1877
1646474757935 0.005474333331926713 1878
1646474757971 0.005425821520962636 1879
1646474758008 0.005377513297075492 1880
1646474758033 0.005329408880906164 1881
1646474758076 0.0052815084921647 1882
1646474758122 0.005233812349629216 1883
1646474758281 0.005186320671145013 1884
1646474758351 0.005139033673623512 1885
1646474758400 0.0050919515730412914 1886
1646474758484 0.005045074584439097 1887
1646474758541 0.004998402921920835 1888
1646474758568 0.004951936798652629 1889
1646474758606 0.004905676426861829 1890
1646474758724 0.004859622017836047 1891
1646474758758 0.004813773781922187 1892
1646474758790 0.0047681319285254875 1893
1646474758819 0.004722696666108572 1894
1646474758850 0.004677468202190451 1895
1646474758881 0.00463244674334567 1896
1646474758907 0.004587632495203288 1897
1646474759027 0.004543025662445922 1898
1646474759062 0.004498626448808909 1899
1646474759095 0.004454435057079256 1900
1646474759128 0.004410451689094834 1901
1646474759150 0.004366676545743354 1902
1646474759189 0.0043231098269614805 1903
1646474759214 0.004279751731733984 1904
1646474759332 0.004236602458092715 1905
1646474759370 0.0041936622031157915 1906
1646474759404 0.004150931162926686 1907
1646474759444 0.004108409532693276 1908
1646474759475 0.0040660975066270045 1909
1646474759504 0.004023995277981982 1910
1646474759536 0.003982103039054096 1911
1646474759647 0.003940420981180137 1912
1646474759682 0.0038989492947369194 1913
1646474759725 0.003857688169140423 1914
1646474759754 0.003816637792844913 1915
1646474759783 0.00377579835334211 1916
1646474759817 0.00373517003716026 1917
1646474759852 0.0036947530298633907 1918
1646474759962 0.0036545475160503875 1919
1646474759998 0.0036145536793541415 1920
1646474760042 0.003574771702440786 1921
1646474760081 0.003535201767008779 1922
1646474760110 0.00349584405378811 1923
1646474760148 0.0034566987425395223 1924
1646474760175 0.0034177660120535704 1925
1646474760301 0.0033790460401499356 1926
1646474760337 0.003340539003676524 1927
1646474760372 0.0033022450785087005 1928
1646474760410 0.00326416443954847 1929
1646474760445 0.003226297260723691 1930
1646474760484 0.003188643714987268 1931
1646474760516 0.0031512039743163667 1932
1646474760682 0.0031139782097116277 1933
1646474760730 0.003076966591196388 1934
1646474760873 0.0030401692878159097 1935
1646474760931 0.0030035864676365917 1936
1646474760982 0.0029672182977452154 1937
1646474761019 0.0029310649442481776 1938
1646474761079 0.0028951265722707256 1939
1646474761225 0.0028594033459562232 1940
1646474761293 0.0028238954284653906 1941
1646474761350 0.0027886029819755172 1942
1646474761383 0.0027535261676798223 1943
1646474761417 0.002718665145786594 1944
1646474761468 0.002684020075518547 1945
1646474761506 0.0026495911151120937 1946
1646474761620 0.0026153784218165463 1947
1646474761668 0.002581382151893477 1948
1646474761710 0.0025476024606159702 1949
1646474761755 0.0025140395022679213 1950
1646474761784 0.0024806934301433276 1951
1646474761833 0.0024475643965455826 1952
1646474761850 0.002414652552786793 1953
1646474761991 0.0023819580491870867 1954
1646474762034 0.002349481035073915 1955
1646474762083 0.00231722165878138 1956
1646474762143 0.0022851800676495487 1957
1646474762203 0.0022533564080238037 1958
1646474762288 0.002221750825254118 1959
1646474762317 0.0021903634636944807 1960
1646474762436 0.0021591944667021562 1961
1646474762484 0.0021282439766370474 1962
1646474762511 0.0020975121348611055 1963
1646474762546 0.0020669990817375784 1964
1646474762576 0.0020367049566304674 1965
1646474762610 0.0020066298979038613 1966
1646474762633 0.0019767740429212414 1967
1646474762773 0.0019471375280449726 1968
1646474762806 0.0019177204886355577 1969
1646474762838 0.0018885230590511169 1970
1646474762871 0.0018595453726467156 1971
1646474762900 0.0018307875617737757 1972
1646474762935 0.0018022497577794773 1973
1646474762967 0.0017739320910061408 1974
1646474763075 0.001745834690790645 1975
1646474763117 0.0017179576854638337 1976
1646474763152 0.0016903012023499315 1977
1646474763184 0.0016628653677659558 1978
1646474763215 0.0016356503070211353 1979
1646474763233 0.0016086561444163695 1980
1646474763284 0.0015818830032436025 1981
1646474763404 0.0015553310057853343 1982
1646474763443 0.0015290002733139942 1983
1646474763479 0.001502890926091412 1984
1646474763513 0.0014770030833683087 1985
1646474763542 0.001451336863383674 1986
1646474763573 0.0014258923833642832 1987
1646474763600 0.0014006697595241656 1988
1646474763731 0.0013756691070640143 1989
1646474763764 0.001350890540170732 1990
1646474763804 0.0013263341720168647 1991
1646474763838 0.001302000114760097 1992
1646474763866 0.0012778884795427512 1993
1646474763905 0.0012539993764912555 1994
1646474763933 0.0012303329147156609 1995
1646474764057 0.0012068892023091413 1996
1646474764090 0.0011836683463474773 1997
1646474764123 0.0011606704528886013 1998
1646474764157 0.0011378956269720922 1999
1646474764183 0.001115343972618703 2000
1646474764227 0.0010930155928298624 2001
1646474764260 0.0010709105895872686 2002
1646474764371 0.0010490290638523229 2003
1646474764406 0.0010273711155657703 2004
1646474764449 0.0010059368436471814 2005
1646474764514 0.0009847263459945043 2006
1646474764564 0.000963739719483664 2007
1646474764613 0.0009429770599680519 2008
1646474764682 0.0009224384622781263 2009
1646474764881 0.0009021240202210126 2010
1646474764934 0.0008820338265799817 2011
1646474764976 0.0008621679731141276 2012
1646474765021 0.0008425265505578737 2013
1646474765051 0.0008231096486206064 2014
1646474765102 0.0008039173559862364 2015
1646474765134 0.0007849497603128103 2016
1646474765250 0.0007662069482320886 2017
1646474765308 0.000747689005349185 2018
1646474765356 0.0007293960162421442 2019
1646474765385 0.0007113280644615651 2020
1646474765434 0.0006934852325302335 2021
1646474765484 0.0006758676019427177 2022
1646474765517 0.0006584752531650071 2023
1646474765643 0.0006413082656341742 2024
1646474765682 0.000624366717757974 2025
1646474765727 0.0006076506869144732 2026
1646474765768 0.0005911602494517659 2027
1646474765809 0.0005748954806875473 2028
1646474765888 0.0005588564549088189 2029
1646474765943 0.0005430432453715275 2030
1646474766084 0.000527455924300238 2031
1646474766123 0.0005120945628878062 2032
1646474766171 0.0004969592312950392 2033
1646474766202 0.00048204999865039655 2034
1646474766239 0.00046736693304965705 2035
1646474766267 0.0004529101015556186 2036
1646474766302 0.00043867957019777656 2037
1646474766417 0.0004246754039720515 2038
1646474766462 0.00041089766684046205 2039
1646474766499 0.00039734642173083583 2040
1646474766532 0.00038402173053654333 2041
1646474766562 0.0003709236541162035 2042
1646474766593 0.00035805225229340067 2043
1646474766624 0.00034540758385641823 2044
1646474766738 0.0003329897065579498 2045
1646474766780 0.0003207986771148884 2046
1646474766813 0.000308834551207999 2047
1646474766844 0.0002970973834817017 2048
1646474766876 0.00028558722754385015 2049
1646474766907 0.0002743041359654092 2050
1646474766933 0.000263248160280283 2051
1646474767053 0.0002524193509850653 2052
1646474767088 0.00024181775753877825 2053
1646474767120 0.00023144342836267835 2054
1646474767152 0.00022129641084003433 2055
1646474767180 0.00021137675131588292 2056
1646474767199 0.00020168449509684564 2057
1646474767234 0.00019221968645092346 2058
1646474767352 0.00018298236860725802 2059
1646474767389 0.00017397258375597622 2060
1646474767422 0.00016519037304798495 2061
1646474767467 0.00015663577659475998 2062
1646474767494 0.00014830883346820726 2063
1646474767528 0.0001402095817004298 2064
1646474767556 0.00013233805828360547 2065
1646474767671 0.0001246942991697873 2066
1646474767708 0.00011727833927074226 2067
1646474767747 0.00011009021245781277 2068
1646474767782 0.00010312995156173331 2069
1646474767815 9.639758837249167e-05 2070
1646474767852 8.989315363919581e-05 2071
1646474767884 8.361667706991835e-05 2072
1646474767983 7.756818733155786e-05 2073
1646474768029 7.174771204972772e-05 2074
1646474768067 6.61552778086175e-05 2075
1646474768100 6.0790910150865196e-05 2076
1646474768128 5.565463357745169e-05 2077
1646474768169 5.07464715475788e-05 2078
1646474768197 4.606644647856922e-05 2079
1646474768397 4.161457974577774e-05 2080
1646474768454 3.7390891682458074e-05 2081
1646474768508 3.339540157970169e-05 2082
1646474768568 2.9628127686337992e-05 2083
1646474768620 2.6089087208845458e-05 2084
1646474768675 2.2778296311290572e-05 2085
1646474768701 1.9695770115227916e-05 2086
1646474768816 1.6841522699655765e-05 2087
1646474768859 1.4215567100938363e-05 2088
1646474768908 1.181791531276152e-05 2089
1646474768946 9.64857828603824e-06 2090
1646474768983 7.707565928919825e-06 2091
1646474769017 5.9948871066904034e-06 2092
1646474769058 4.51054964177248e-06 2093
1646474769197 3.2545603136603254e-06 2094
1646474769242 2.226924858908874e-06 2095
1646474769275 1.427647971089312e-06 2096
1646474769315 8.567333007890797e-07 2097
1646474769347 5.141834555785649e-07 2098
1646474769389 4.0000000000000003e-07 2099
1646474769417 5.141834555785649e-07 2100
