1646474661143 1.6144753694534302 0
1646474661458 1.6092474460601807 1
1646474661774 1.588527798652649 2
1646474662106 1.5736702680587769 3
1646474662627 1.5678980350494385 4
1646474662975 1.543541669845581 5
1646474663356 1.5640947818756104 6
1646474663756 1.5400099754333496 7
1646474664083 1.5327099561691284 8
1646474664390 1.510849118232727 9
1646474664704 1.5094833374023438 10
1646474665005 1.4820655584335327 11
1646474665308 1.4636805057525635 12
1646474665625 1.4258971214294434 13
1646474666051 1.397947907447815 14
1646474666490 1.4137622117996216 15
1646474666808 1.3760895729064941 16
1646474667163 1.3545105457305908 17
1646474667609 1.3622175455093384 18
1646474667908 1.2966653108596802 19
1646474668205 1.3122276067733765 20
1646474668524 1.2426122426986694 21
1646474668824 1.2429929971694946 22
1646474669141 1.187851071357727 23
1646474669448 1.1807003021240234 24
1646474669920 1.1911072731018066 25
1646474670307 1.1787662506103516 26
1646474670659 1.1185747385025024 27
1646474671040 1.1433122158050537 28
1646474671444 1.1624846458435059 29
1646474671742 1.0824075937271118 30
1646474672056 1.084277629852295 31
1646474672357 1.0560895204544067 32
1646474672674 1.0959086418151855 33
1646474672991 1.0376161336898804 34
1646474673296 0.9949766993522644 35
1646474673809 1.0317391157150269 36
1646474674192 1.026379942893982 37
1646474674528 0.9544611573219299 38
1646474674970 0.9922646284103394 39
1646474675274 0.9559207558631897 40
1646474675601 0.9082373380661011 41
1646474675907 0.8737730979919434 42
1646474676235 0.9434394836425781 43
1646474676556 0.9142088294029236 44
1646474676856 0.9217387437820435 45
1646474677175 0.9220791459083557 46
1646474677690 0.8075168132781982 47
1646474678122 0.8348027467727661 48
1646474678490 0.8109443783760071 49
1646474678939 0.8218736052513123 50
1646474679242 0.8174201846122742 51
1646474679540 0.8136109113693237 52
1646474679840 0.7609620690345764 53
1646474680141 0.7835034728050232 54
1646474680474 0.7628903388977051 55
1646474680781 0.7674553990364075 56
1646474681294 0.7239333987236023 57
1646474681673 0.8033012747764587 58
1646474682015 0.6854531764984131 59
1646474682468 0.7479519844055176 60
1646474682773 0.68818199634552 61
1646474683089 0.6802852749824524 62
1646474683403 0.730719268321991 63
1646474683706 0.6767363548278809 64
1646474684024 0.652763307094574 65
1646474684323 0.7230324149131775 66
1646474684682 0.7509056925773621 67
1646474685142 0.6725409030914307 68
1646474685507 0.7350236177444458 69
1646474685856 0.6814497709274292 70
1646474686309 0.6833543181419373 71
1646474686635 0.6288448572158813 72
1646474686940 0.7373483180999756 73
1646474687256 0.6849904656410217 74
1646474687573 0.6418641209602356 75
1646474687894 0.5650700330734253 76
1646474688195 0.6125926971435547 77
1646474688658 0.6464669704437256 78
1646474689075 0.5825130939483643 79
1646474689453 0.5539454221725464 80
1646474689920 0.5953941345214844 81
1646474690240 0.6877226829528809 82
1646474690572 0.6038773655891418 83
1646474690873 0.6033252477645874 84
1646474691173 0.5776587724685669 85
1646474691508 0.48487257957458496 86
1646474691844 0.5077025294303894 87
1646474692198 0.5775625705718994 88
1646474692705 0.5689093470573425 89
1646474693070 0.4780145585536957 90
1646474693425 0.4893140494823456 91
1646474693855 0.5150606632232666 92
1646474694174 0.5682815909385681 93
1646474694492 0.5513812899589539 94
1646474694811 0.49700406193733215 95
1646474695104 0.4599887728691101 96
1646474695440 0.4762180745601654 97
1646474695757 0.4096212089061737 98
1646474696293 0.48107296228408813 99
1646474696693 0.4573611617088318 100
1646474697041 0.42644473910331726 101
1646474697490 0.39683088660240173 102
1646474697787 0.47944751381874084 103
1646474698106 0.40006163716316223 104
1646474698432 0.3663158118724823 105
1646474698829 0.4815763831138611 106
1646474699138 0.48911434412002563 107
1646474699477 0.39232710003852844 108
1646474699984 0.34064236283302307 109
1646474700365 0.3734610080718994 110
1646474700721 0.3535659909248352 111
1646474701186 0.35895228385925293 112
1646474701503 0.3687751591205597 113
1646474701821 0.5045306086540222 114
1646474702122 0.49528592824935913 115
1646474702451 0.42770010232925415 116
1646474702756 0.38015294075012207 117
1646474703072 0.37409093976020813 118
1646474703376 0.36644288897514343 119
1646474703890 0.36515673995018005 120
1646474704272 0.3503086566925049 121
1646474704632 0.3679010272026062 122
1646474705064 0.3736303746700287 123
1646474705388 0.39749759435653687 124
1646474705704 0.32831382751464844 125
1646474706004 0.3127771317958832 126
1646474706314 0.3509104251861572 127
1646474706689 0.3106691241264343 128
1646474707070 0.2431405782699585 129
1646474707646 0.3069646656513214 130
1646474708051 0.29640161991119385 131
1646474708465 0.24528779089450836 132
1646474708939 0.25225189328193665 133
1646474709287 0.3360138535499573 134
1646474709604 0.2401590496301651 135
1646474709921 0.29127126932144165 136
1646474710253 0.34821945428848267 137
1646474710572 0.2879580855369568 138
1646474711088 0.25051185488700867 139
1646474711475 0.3059370219707489 140
1646474711860 0.265680193901062 141
1646474712330 0.29103970527648926 142
1646474712638 0.24148385226726532 143
1646474712937 0.2256130576133728 144
1646474713266 0.22398941218852997 145
1646474713571 0.2596239745616913 146
1646474713887 0.24832868576049805 147
1646474714219 0.2761521339416504 148
1646474714567 0.23824559152126312 149
1646474715061 0.29120150208473206 150
1646474715424 0.14878979325294495 151
1646474715773 0.2502831220626831 152
1646474716221 0.28269797563552856 153
1646474716556 0.5452115535736084 154
1646474716870 0.31771206855773926 155
1646474717188 0.34299933910369873 156
1646474717504 0.21229524910449982 157
1646474717818 0.24482959508895874 158
1646474718154 0.23355887830257416 159
1646474718754 0.2703613340854645 160
1646474719156 0.21131381392478943 161
1646474719477 0.24244290590286255 162
1646474719978 0.17755022644996643 163
1646474720356 0.19791556894779205 164
1646474720725 0.25859302282333374 165
1646474721139 0.27252355217933655 166
1646474721491 0.2122182548046112 167
1646474721820 0.24607795476913452 168
1646474722137 0.17926371097564697 169
1646474722470 0.17733919620513916 170
1646474722767 0.17644816637039185 171
1646474723088 0.21449428796768188 172
1646474723397 0.1977652758359909 173
1646474723941 0.15937864780426025 174
1646474724323 0.19463633000850677 175
1646474724687 0.26652905344963074 176
1646474725134 0.16347406804561615 177
1646474725453 0.15871202945709229 178
1646474725753 0.16129638254642487 179
1646474726060 0.17150534689426422 180
1646474726376 0.11694858968257904 181
1646474726703 0.11156104505062103 182
1646474727033 0.19441792368888855 183
1646474727522 0.15880022943019867 184
1646474727920 0.24304325878620148 185
1646474728285 0.1677442342042923 186
1646474728752 0.12042263150215149 187
1646474729033 0.19592969119548798 188
1646474729352 0.16435110569000244 189
1646474729679 0.16196805238723755 190
1646474729987 0.16586750745773315 191
1646474730286 0.1767556518316269 192
1646474730633 0.24507127702236176 193
1646474731009 0.13262580335140228 194
1646474731487 0.21496906876564026 195
1646474731839 0.11171501874923706 196
1646474732240 0.19831877946853638 197
1646474732620 0.15348979830741882 198
1646474732936 0.1429910510778427 199
1646474733251 0.1424507200717926 200
1646474733570 0.1562322974205017 201
1646474733885 0.12197765707969666 202
1646474734210 0.14883238077163696 203
1646474734552 0.1802622228860855 204
1646474735058 0.16532036662101746 205
1646474735438 0.15015026926994324 206
1646474735805 0.16480737924575806 207
1646474736264 0.09897206723690033 208
1646474736588 0.10727375745773315 209
1646474736887 0.1175912544131279 210
1646474737205 0.24532277882099152 211
1646474737519 0.13530398905277252 212
1646474737834 0.14568345248699188 213
1646474738152 0.12566865980625153 214
1646474738669 0.10481443256139755 215
1646474739076 0.13044467568397522 216
1646474739438 0.1905960738658905 217
1646474739883 0.18505951762199402 218
1646474740249 0.1219378188252449 219
1646474740568 0.1410059630870819 220
1646474740888 0.13747969269752502 221
1646474741203 0.13180898129940033 222
1646474741535 0.09963014721870422 223
1646474741869 0.1564345359802246 224
1646474742384 0.09735581278800964 225
1646474742786 0.12954524159431458 226
1646474743152 0.12507517635822296 227
1646474743617 0.11563777923583984 228
1646474743899 0.12756992876529694 229
1646474744221 0.1310989409685135 230
1646474744536 0.11857786029577255 231
1646474744853 0.251529723405838 232
1646474745169 0.11565547436475754 233
1646474745501 0.11904621124267578 234
1646474745887 0.162174254655838 235
1646474746337 0.15400075912475586 236
1646474746704 0.10407138615846634 237
1646474747090 0.13376133143901825 238
1646474747527 0.12668468058109283 239
1646474747834 0.19143125414848328 240
1646474748135 0.19223375618457794 241
1646474748470 0.11873678863048553 242
1646474748768 0.10214576125144958 243
1646474749085 0.11108119040727615 244
1646474749413 0.09479521214962006 245
1646474750049 0.11309551447629929 246
1646474750484 0.13675248622894287 247
1646474750889 0.1175406277179718 248
1646474751335 0.10868199914693832 249
1646474751684 0.09907921403646469 250
1646474752031 0.14013569056987762 251
1646474752367 0.09484372287988663 252
1646474752715 0.12562772631645203 253
1646474753035 0.10898389667272568 254
1646474753482 0.08833801001310349 255
1646474753891 0.17900723218917847 256
1646474754251 0.1283213049173355 257
1646474754674 0.09835708886384964 258
1646474755035 0.09370690584182739 259
1646474755370 0.09911999106407166 260
1646474755686 0.10544609278440475 261
1646474755979 0.08561433851718903 262
1646474756297 0.11433715373277664 263
1646474756633 0.14727210998535156 264
1646474756954 0.14415428042411804 265
1646474757471 0.08074130117893219 266
1646474757854 0.13866941630840302 267
1646474758232 0.11558925360441208 268
1646474758678 0.15320321917533875 269
1646474758983 0.19559885561466217 270
1646474759283 0.13921329379081726 271
1646474759601 0.11832763254642487 272
1646474759913 0.08655590564012527 273
1646474760251 0.16282127797603607 274
1646474760601 0.12780065834522247 275
1646474761169 0.1345239281654358 276
1646474761596 0.15427330136299133 277
1646474761951 0.09503671526908875 278
1646474762399 0.12064711004495621 279
1646474762717 0.15145771205425262 280
1646474763033 0.12669242918491364 281
1646474763368 0.08117081224918365 282
1646474763682 0.09984887391328812 283
1646474764012 0.1157974898815155 284
1646474764333 0.08712759613990784 285
1646474764825 0.09862344712018967 286
1646474765227 0.1314360797405243 287
1646474765602 0.09555553644895554 288
1646474766064 0.10651179403066635 289
1646474766366 0.14223715662956238 290
1646474766699 0.1430942416191101 291
1646474767000 0.10001412034034729 292
1646474767315 0.10649233311414719 293
1646474767634 0.1577390879392624 294
1646474767964 0.11147008836269379 295
1646474768303 0.146971195936203 296
1646474768784 0.11830953508615494 297
1646474769151 0.0891495868563652 298
1646474769543 0.09089681506156921 299
