1647222959803 0.6222222447395325 0
1647222973684 0.8349206447601318 1
1647222982236 0.8952381014823914 2
1647222990633 0.9333333373069763 3
1647223000875 0.9650793671607971 4
1647223009411 0.9650793671607971 5
1647223017864 0.958730161190033 6
1647223026418 0.9873015880584717 7
1647223034810 0.9904761910438538 8
1647223045031 0.9904761910438538 9
1647223053568 0.9936507940292358 10
1647223063819 0.9936507940292358 11
1647223074056 0.9904761910438538 12
1647223082478 0.9968253970146179 13
1647223092698 0.9936507940292358 14
1647223101142 1.0 15
1647223109555 1.0 16
1647223117952 0.9968253970146179 17
1647223128206 0.9968253970146179 18
1647223136599 1.0 19
1647223146836 0.9936507940292358 20
1647223157090 1.0 21
1647223165665 1.0 22
1647223210945 0.9904761910438538 23
