1647222959803 0.9083094000816345 0
1647222973684 0.5186787247657776 1
1647222982236 0.3262956440448761 2
1647222990633 0.23522570729255676 3
1647223000875 0.13643035292625427 4
1647223009411 0.10924767702817917 5
1647223017864 0.13033369183540344 6
1647223026418 0.07489826530218124 7
1647223034810 0.04607222229242325 8
1647223045031 0.053252507001161575 9
1647223053568 0.03782054781913757 10
1647223063819 0.03615150600671768 11
1647223074056 0.023695822805166245 12
1647223082478 0.022778920829296112 13
1647223092698 0.020018432289361954 14
1647223101142 0.01617986522614956 15
1647223109555 0.011610405519604683 16
1647223117952 0.0339222215116024 17
1647223128206 0.016083190217614174 18
1647223136599 0.011168093420565128 19
1647223146836 0.02683047391474247 20
1647223157090 0.012481809593737125 21
1647223165665 0.007020636927336454 22
1647223210945 0.023695822805166245 23
