1646481663659 0.45370370149612427 0
1646481663844 0.5370370149612427 1
1646481664026 0.6527777910232544 2
1646481664207 0.7083333134651184 3
1646481664376 0.7268518805503845 4
1646481664560 0.7962962985038757 5
1646481664828 0.8518518805503845 6
1646481665054 0.875 7
1646481665270 0.8796296119689941 8
1646481665471 0.8935185074806213 9
1646481665724 0.9351851940155029 10
1646481665909 0.9074074029922485 11
1646481666092 0.9398148059844971 12
1646481666275 0.9490740895271301 13
1646481666440 0.9722222089767456 14
1646481666625 0.9629629850387573 15
1646481666809 0.9768518805503845 16
1646481666972 0.9907407164573669 17
1646481667172 1.0 18
1646481667372 0.9907407164573669 19
1646481667573 0.9953703880310059 20
1646481667773 0.9907407164573669 21
1646481667974 0.9907407164573669 22
1646481668190 0.9953703880310059 23
1646481668390 0.9907407164573669 24
1646481668718 0.9907407164573669 25
1646481669002 0.9907407164573669 26
1646481669287 0.9907407164573669 27
1646481669509 0.9907407164573669 28
1646481669686 0.9953703880310059 29
1646481669863 0.9814814925193787 30
1646481670031 0.9814814925193787 31
1646481670216 0.9768518805503845 32
1646481670380 0.9907407164573669 33
1646481670568 0.9907407164573669 34
1646481670733 0.9953703880310059 35
1646481670897 1.0 36
1646481671080 0.9953703880310059 37
1646481671265 1.0 38
1646481671434 1.0 39
1646481671596 1.0 40
1646481671781 1.0 41
1646481671950 1.0 42
1646481672134 1.0 43
1646481672319 1.0 44
1646481672603 1.0 45
1646481672830 1.0 46
1646481673014 1.0 47
1646481673215 1.0 48
1646481673405 1.0 49
1646481673584 1.0 50
1646481673752 1.0 51
1646481673931 1.0 52
1646481674100 1.0 53
1646481674285 1.0 54
1646481674469 1.0 55
1646481674654 1.0 56
1646481674837 1.0 57
1646481675017 1.0 58
1646481675217 1.0 59
1646481675420 1.0 60
1646481675586 1.0 61
1646481675786 1.0 62
1646481675955 1.0 63
1646481676267 1.0 64
1646481676543 1.0 65
1646481676796 1.0 66
1646481677021 1.0 67
1646481677242 1.0 68
1646481677439 1.0 69
1646481677605 1.0 70
1646481677770 1.0 71
1646481677939 1.0 72
1646481678124 1.0 73
1646481678302 1.0 74
1646481678472 1.0 75
1646481678657 1.0 76
1646481678826 1.0 77
1646481679004 1.0 78
1646481679189 1.0 79
1646481679358 1.0 80
1646481679543 1.0 81
1646481679721 1.0 82
1646481679890 1.0 83
1646481680106 1.0 84
1646481680414 1.0 85
1646481680645 1.0 86
1646481680845 1.0 87
1646481681028 1.0 88
1646481681224 1.0 89
1646481681394 0.9953703880310059 90
1646481681578 0.9907407164573669 91
1646481681747 0.9675925970077515 92
1646481681926 0.9722222089767456 93
1646481682114 0.9351851940155029 94
1646481682295 0.9629629850387573 95
1646481682463 0.9675925970077515 96
1646481682628 0.9953703880310059 97
1646481682798 0.9953703880310059 98
1646481682979 0.9953703880310059 99
1646481683191 1.0 100
1646481683413 1.0 101
1646481683612 1.0 102
1646481683813 1.0 103
1646481684165 1.0 104
1646481684442 1.0 105
1646481684696 1.0 106
1646481684922 1.0 107
1646481685170 1.0 108
1646481685370 1.0 109
1646481685570 1.0 110
1646481685755 1.0 111
1646481685939 1.0 112
1646481686108 1.0 113
