1646481663659 1.428080677986145 0
1646481663844 1.026917576789856 1
1646481664026 0.8267020583152771 2
1646481664207 0.7195454239845276 3
1646481664376 0.6232635974884033 4
1646481664560 0.5562894344329834 5
1646481664828 0.4489951431751251 6
1646481665054 0.3721418082714081 7
1646481665270 0.3210669755935669 8
1646481665471 0.3116012513637543 9
1646481665724 0.23287361860275269 10
1646481665909 0.2048485428094864 11
1646481666092 0.2163902074098587 12
1646481666275 0.14196337759494781 13
1646481666440 0.10994044691324234 14
1646481666625 0.09262772649526596 15
1646481666809 0.06081775203347206 16
1646481666972 0.06047524884343147 17
1646481667172 0.02894057147204876 18
1646481667372 0.03316591680049896 19
1646481667573 0.0359434075653553 20
1646481667773 0.02540154941380024 21
1646481667974 0.02426360361278057 22
1646481668190 0.02141852304339409 23
1646481668390 0.023346485570073128 24
1646481668718 0.029504382982850075 25
1646481669002 0.02241457626223564 26
1646481669287 0.03712740167975426 27
1646481669509 0.03345784544944763 28
1646481669686 0.02750559337437153 29
1646481669863 0.03302719444036484 30
1646481670031 0.053568724542856216 31
1646481670216 0.05452355742454529 32
1646481670380 0.0423586405813694 33
1646481670568 0.02609529159963131 34
1646481670733 0.024456318467855453 35
1646481670897 0.012851095758378506 36
1646481671080 0.013490546494722366 37
1646481671265 0.00781842041760683 38
1646481671434 0.006397572811692953 39
1646481671596 0.0033123332541435957 40
1646481671781 0.0028861488681286573 41
1646481671950 0.002784417010843754 42
1646481672134 0.003146157832816243 43
1646481672319 0.0018519869772717357 44
1646481672603 0.0011432411847636104 45
1646481672830 0.001641749287955463 46
1646481673014 0.0011103441938757896 47
1646481673215 0.0010336062405258417 48
1646481673405 0.00145378103479743 49
1646481673584 0.0010158962104469538 50
1646481673752 0.0015361981932073832 51
1646481673931 0.00211705663241446 52
1646481674100 0.0009396077366545796 53
1646481674285 0.0017678410513326526 54
1646481674469 0.0013974697794765234 55
1646481674654 0.0011243001790717244 56
1646481674837 0.0007351815002039075 57
1646481675017 0.0006473410758189857 58
1646481675217 0.0007413749699480832 59
1646481675420 0.0008219662704505026 60
1646481675586 0.0006132129929028451 61
1646481675786 0.0005148845375515521 62
1646481675955 0.0006326151196844876 63
1646481676267 0.000496286666020751 64
1646481676543 0.0005889646708965302 65
1646481676796 0.0006357799284160137 66
1646481677021 0.00025707462918944657 67
1646481677242 0.0006229652790352702 68
1646481677439 0.00025050470139831305 69
1646481677605 0.0004319403669796884 70
1646481677770 0.0007823635824024677 71
1646481677939 0.0007841254700906575 72
1646481678124 0.00038235390093177557 73
1646481678302 0.0003432276425883174 74
1646481678472 0.0002683122002054006 75
1646481678657 0.00039752654265612364 76
1646481678826 0.0003306387225165963 77
1646481679004 0.0004066447145305574 78
1646481679189 0.0004125656560063362 79
1646481679358 0.00016257048991974443 80
1646481679543 0.00036830807221122086 81
1646481679721 0.000517809996381402 82
1646481679890 0.00039873254718258977 83
1646481680106 0.000541382294613868 84
1646481680414 0.00027212820714339614 85
1646481680645 0.00016630397294647992 86
1646481680845 0.0002493315259926021 87
1646481681028 0.000162094525876455 88
1646481681224 0.0013116890331730247 89
1646481681394 0.009783723391592503 90
1646481681578 0.030591871589422226 91
1646481681747 0.10281156748533249 92
1646481681926 0.25545763969421387 93
1646481682114 0.22058875858783722 94
1646481682295 0.13860882818698883 95
1646481682463 0.07971478998661041 96
1646481682628 0.029079178348183632 97
1646481682798 0.02600940689444542 98
1646481682979 0.017751503735780716 99
1646481683191 0.007464725989848375 100
1646481683413 0.013231383636593819 101
1646481683612 0.008261742070317268 102
1646481683813 0.003016094909980893 103
1646481684165 0.002087992848828435 104
1646481684442 0.002689939457923174 105
1646481684696 0.0015684572281315923 106
1646481684922 0.0017679387237876654 107
1646481685170 0.0010571551974862814 108
1646481685370 0.0006941474857740104 109
1646481685570 0.000612183881457895 110
1646481685755 0.0006912000244483352 111
1646481685939 0.0005394991021603346 112
1646481686108 0.0003950259415432811 113
