1646514316776 0.25925925374031067 0
1646514317315 0.23148147761821747 1
1646514317818 0.2638888955116272 2
1646514318189 0.35185185074806213 3
1646514318494 0.42592594027519226 4
1646514318912 0.4305555522441864 5
1646514319337 0.5416666865348816 6
1646514319763 0.5416666865348816 7
1646514320182 0.5833333134651184 8
1646514320594 0.5740740895271301 9
1646514320922 0.6388888955116272 10
1646514321275 0.6759259104728699 11
1646514321646 0.6203703880310059 12
1646514322010 0.6527777910232544 13
1646514322392 0.6944444179534912 14
1646514322945 0.6620370149612427 15
1646514323392 0.6990740895271301 16
1646514323809 0.7129629850387573 17
1646514324304 0.7361111044883728 18
1646514324605 0.7268518805503845 19
1646514324936 0.7037037014961243 20
1646514325265 0.7407407164573669 21
1646514325566 0.7175925970077515 22
1646514325922 0.7222222089767456 23
1646514326311 0.7037037014961243 24
1646514326732 0.7592592835426331 25
1646514327103 0.7546296119689941 26
1646514327438 0.75 27
1646514327901 0.7546296119689941 28
1646514328208 0.7777777910232544 29
1646514328562 0.7592592835426331 30
1646514328856 0.7546296119689941 31
1646514329157 0.7777777910232544 32
1646514329487 0.8101851940155029 33
1646514329812 0.8009259104728699 34
1646514330417 0.8240740895271301 35
1646514330839 0.7731481194496155 36
1646514331161 0.7824074029922485 37
1646514331713 0.7546296119689941 38
1646514332256 0.8194444179534912 39
1646514332643 0.8148148059844971 40
1646514333241 0.8101851940155029 41
1646514333612 0.8148148059844971 42
1646514333919 0.8194444179534912 43
1646514334235 0.8657407164573669 44
1646514334557 0.8333333134651184 45
1646514334880 0.8101851940155029 46
1646514335418 0.8796296119689941 47
1646514335994 0.8240740895271301 48
1646514336409 0.8009259104728699 49
1646514336843 0.8333333134651184 50
1646514337428 0.8240740895271301 51
1646514338050 0.8379629850387573 52
1646514338598 0.8564814925193787 53
1646514339362 0.7731481194496155 54
1646514340284 0.8425925970077515 55
1646514340930 0.8425925970077515 56
1646514341541 0.8703703880310059 57
1646514342038 0.8611111044883728 58
1646514342519 0.8472222089767456 59
1646514342924 0.8657407164573669 60
1646514343540 0.8888888955116272 61
1646514343971 0.8796296119689941 62
1646514344362 0.8935185074806213 63
1646514344842 0.8518518805503845 64
1646514345165 0.8796296119689941 65
1646514345519 0.9027777910232544 66
1646514345877 0.8888888955116272 67
1646514346232 0.9259259104728699 68
1646514346579 0.8703703880310059 69
1646514347090 0.9166666865348816 70
1646514347612 0.875 71
1646514347997 0.8935185074806213 72
1646514348496 0.8657407164573669 73
1646514348795 0.9074074029922485 74
1646514349124 0.875 75
1646514349425 0.9212962985038757 76
1646514349745 0.9305555820465088 77
1646514350075 0.9027777910232544 78
1646514350413 0.9305555820465088 79
1646514350840 0.9212962985038757 80
1646514351298 0.9166666865348816 81
1646514351680 0.9120370149612427 82
1646514352180 0.9305555820465088 83
1646514352494 0.9074074029922485 84
1646514352831 0.9583333134651184 85
1646514353212 0.9074074029922485 86
1646514353590 0.9305555820465088 87
1646514353966 0.9305555820465088 88
1646514354333 0.9166666865348816 89
1646514354890 0.9351851940155029 90
1646514355266 0.9259259104728699 91
1646514355636 0.9490740895271301 92
1646514356113 0.9583333134651184 93
1646514356469 0.9537037014961243 94
1646514356788 0.9398148059844971 95
1646514357103 0.9444444179534912 96
1646514357419 0.9537037014961243 97
1646514357732 0.9675925970077515 98
1646514358057 0.9629629850387573 99
1646514358572 0.9259259104728699 100
1646514358936 0.9490740895271301 101
1646514359289 0.9305555820465088 102
1646514359736 0.9675925970077515 103
1646514360038 0.9675925970077515 104
1646514360353 0.9537037014961243 105
1646514360665 0.9629629850387573 106
1646514360953 0.9629629850387573 107
1646514361268 0.9722222089767456 108
1646514361568 0.9537037014961243 109
1646514362029 0.9768518805503845 110
1646514362448 0.9444444179534912 111
1646514362803 0.9537037014961243 112
1646514363246 0.9675925970077515 113
1646514363644 0.9675925970077515 114
1646514363944 0.9537037014961243 115
1646514364255 0.9537037014961243 116
1646514364558 0.9629629850387573 117
1646514364859 0.9675925970077515 118
1646514365207 0.9722222089767456 119
1646514365504 0.9583333134651184 120
1646514366043 0.9861111044883728 121
1646514366411 0.9861111044883728 122
1646514366775 0.9768518805503845 123
1646514367231 0.9583333134651184 124
1646514367551 0.9722222089767456 125
1646514367850 0.9814814925193787 126
1646514368173 0.9537037014961243 127
1646514368466 0.9629629850387573 128
1646514368803 0.9722222089767456 129
1646514369190 0.9675925970077515 130
1646514369827 0.9537037014961243 131
1646514370267 0.9675925970077515 132
1646514370687 0.9768518805503845 133
1646514371205 0.9768518805503845 134
1646514371513 0.9722222089767456 135
1646514371820 0.9907407164573669 136
1646514372134 0.9583333134651184 137
1646514372457 0.9675925970077515 138
1646514372757 0.9814814925193787 139
1646514373251 1.0 140
1646514373643 0.9953703880310059 141
1646514373992 0.9675925970077515 142
1646514374504 0.9953703880310059 143
1646514374814 0.9768518805503845 144
1646514375115 0.9768518805503845 145
1646514375474 0.9722222089767456 146
1646514375788 0.9907407164573669 147
1646514376116 0.9768518805503845 148
1646514376432 0.9814814925193787 149
1646514376833 0.9768518805503845 150
1646514377271 0.9861111044883728 151
1646514377645 0.9861111044883728 152
1646514378063 0.9814814925193787 153
1646514378474 0.9861111044883728 154
1646514378775 0.9629629850387573 155
1646514379077 0.9861111044883728 156
1646514379393 0.9814814925193787 157
1646514379693 0.9953703880310059 158
1646514380022 0.9861111044883728 159
1646514380352 0.9861111044883728 160
1646514380878 0.9768518805503845 161
1646514381247 0.9814814925193787 162
1646514381599 0.9583333134651184 163
1646514382067 0.9768518805503845 164
1646514382352 0.9814814925193787 165
1646514382673 0.9722222089767456 166
1646514382973 0.9722222089767456 167
1646514383294 1.0 168
1646514383612 0.9953703880310059 169
1646514383918 0.9953703880310059 170
1646514384389 0.9722222089767456 171
1646514384797 0.9907407164573669 172
1646514385234 0.9814814925193787 173
1646514385744 0.9907407164573669 174
1646514386156 0.9768518805503845 175
1646514386492 0.9768518805503845 176
1646514386825 0.9861111044883728 177
1646514387160 0.9814814925193787 178
1646514387474 0.9861111044883728 179
1646514387775 0.9861111044883728 180
1646514388338 0.9861111044883728 181
1646514388702 1.0 182
1646514389181 1.0 183
1646514389560 0.9861111044883728 184
1646514389883 1.0 185
1646514390183 0.9953703880310059 186
1646514390501 0.9953703880310059 187
1646514390815 1.0 188
1646514391150 0.9953703880310059 189
1646514391524 0.9953703880310059 190
1646514391972 0.9814814925193787 191
1646514392370 0.9861111044883728 192
1646514392765 0.9861111044883728 193
1646514393217 1.0 194
1646514393524 0.9861111044883728 195
1646514393823 0.9814814925193787 196
1646514394141 0.9907407164573669 197
1646514394438 0.9768518805503845 198
1646514394754 0.9907407164573669 199
1646514395073 0.9953703880310059 200
1646514395580 0.9861111044883728 201
1646514395958 1.0 202
1646514396324 0.9861111044883728 203
1646514396791 0.9953703880310059 204
1646514397106 0.9953703880310059 205
1646514397413 0.9907407164573669 206
1646514397714 0.9907407164573669 207
1646514398026 0.9907407164573669 208
1646514398347 0.9814814925193787 209
1646514398651 0.9953703880310059 210
1646514399005 0.9907407164573669 211
1646514399488 0.9814814925193787 212
1646514399863 0.9953703880310059 213
1646514400311 0.9861111044883728 214
1646514400680 0.9907407164573669 215
1646514401038 0.9953703880310059 216
1646514401385 0.9907407164573669 217
1646514401730 0.9953703880310059 218
1646514402100 0.9953703880310059 219
1646514402438 0.9953703880310059 220
1646514402945 0.9907407164573669 221
1646514403332 1.0 222
1646514403694 0.9907407164573669 223
1646514404215 0.9907407164573669 224
1646514404531 0.9768518805503845 225
1646514404850 0.9861111044883728 226
1646514405164 1.0 227
1646514405469 0.9861111044883728 228
1646514405790 0.9907407164573669 229
1646514406123 0.9861111044883728 230
1646514406576 1.0 231
1646514406989 1.0 232
1646514407370 1.0 233
1646514407886 0.9907407164573669 234
1646514408210 0.9907407164573669 235
1646514408532 0.9953703880310059 236
1646514408844 0.9953703880310059 237
1646514409165 0.9861111044883728 238
1646514409486 0.9953703880310059 239
1646514409815 0.9953703880310059 240
1646514410204 0.9861111044883728 241
1646514410642 1.0 242
1646514411017 0.9814814925193787 243
1646514411406 1.0 244
1646514411818 0.9861111044883728 245
1646514412137 0.9953703880310059 246
1646514412443 0.9907407164573669 247
1646514412744 0.9907407164573669 248
1646514413114 0.9953703880310059 249
1646514413426 0.9953703880310059 250
1646514413737 0.9907407164573669 251
1646514414252 0.9953703880310059 252
1646514414615 0.9953703880310059 253
1646514415033 0.9953703880310059 254
1646514415545 0.9953703880310059 255
1646514415855 1.0 256
1646514416176 0.9907407164573669 257
1646514416477 0.9907407164573669 258
1646514416799 1.0 259
1646514417146 1.0 260
1646514417530 1.0 261
1646514418158 0.9953703880310059 262
1646514418586 1.0 263
1646514419004 0.9907407164573669 264
1646514419461 0.9953703880310059 265
1646514419764 0.9953703880310059 266
1646514420089 1.0 267
1646514420392 1.0 268
1646514420707 0.9953703880310059 269
1646514421023 1.0 270
1646514421412 0.9953703880310059 271
1646514421876 0.9953703880310059 272
1646514422256 0.9953703880310059 273
1646514422695 1.0 274
1646514423070 1.0 275
1646514423350 0.9953703880310059 276
1646514423666 0.9907407164573669 277
1646514423966 0.9953703880310059 278
1646514424269 0.9953703880310059 279
1646514424597 1.0 280
1646514424909 0.9907407164573669 281
1646514425441 0.9953703880310059 282
1646514425838 0.9907407164573669 283
1646514426217 1.0 284
1646514426675 0.9953703880310059 285
1646514426986 0.9907407164573669 286
1646514427294 0.9953703880310059 287
1646514427645 1.0 288
1646514427940 0.9953703880310059 289
1646514428257 1.0 290
1646514428588 1.0 291
1646514429082 1.0 292
1646514429462 1.0 293
1646514429828 1.0 294
1646514430341 0.9953703880310059 295
1646514430650 1.0 296
1646514430950 0.9953703880310059 297
1646514431277 1.0 298
1646514431574 0.9953703880310059 299
