1646514315044 0.004 0
1646514316113 0.004000596800238801 1
1646514316198 0.004002387186114745 2
1646514316238 0.004005371113106879 3
1646514316280 0.004009548507014876 4
1646514316321 0.004014919263960817 5
1646514316351 0.004021483250391852 6
1646514316382 0.004029240303083395 7
1646514316828 0.004038190229143396 8
1646514316861 0.004048332806016894 9
1646514316892 0.004059667781491735 10
1646514316926 0.004072194873704721 11
1646514316971 0.004085913771148725 12
1646514317018 0.004100824132680342 13
1646514317123 0.004116925587528436 14
1646514317377 0.004134217735303369 15
1646514317438 0.004152700146006827 16
1646514317539 0.004172372360042753 17
1646514317606 0.004193233888228523 18
1646514317649 0.00421528421180728 19
1646514317686 0.00423852278246073 20
1646514317734 0.004262949022322882 21
1646514317844 0.004288562323994313 22
1646514317891 0.004315362050557339 23
1646514317931 0.004343347535591804 24
1646514317970 0.004372518083191737 25
1646514318020 0.004402872967982557 26
1646514318071 0.004434411435139132 27
1646514318103 0.004467132700404622 28
1646514318218 0.004501035950109908 29
1646514318258 0.004536120341193842 30
1646514318275 0.004572385001224186 31
1646514318319 0.0046098290284194154 32
1646514318350 0.00464845149167098 33
1646514318378 0.004688251430566573 34
1646514318410 0.00472922785541402 35
1646514318519 0.004771379747265783 36
1646514318557 0.004814706057944401 37
1646514318588 0.004859205710068537 38
1646514318620 0.004904877597079721 39
1646514318651 0.004951720583269897 40
1646514318688 0.004999733503809695 41
1646514318734 0.005048915164777332 42
1646514318966 0.005099264343188359 43
1646514319042 0.005150779787026036 44
1646514319103 0.0052034602152724735 45
1646514319154 0.0052573043179405116 46
1646514319192 0.005312310756106234 47
1646514319226 0.005368478161942372 48
1646514319257 0.005425805138752182 49
1646514319372 0.005484290261004263 50
1646514319426 0.005543932074367999 51
1646514319468 0.005604729095749744 52
1646514319518 0.005666679813329564 53
1646514319569 0.005729782686599044 54
1646514319615 0.005794036146399437 55
1646514319661 0.0058594385949607 56
1646514319791 0.005925988405941329 57
1646514319843 0.005993683924468696 58
1646514319890 0.006062523467180211 59
1646514319925 0.006132505322265253 60
1646514319959 0.00620362774950764 61
1646514320010 0.006275888980328992 62
1646514320052 0.006349287217832622 63
1646514320243 0.006423820636848349 64
1646514320306 0.006499487383977681 65
1646514320391 0.006576285577640131 66
1646514320422 0.006654213308119827 67
1646514320449 0.006733268637613102 68
1646514320475 0.006813449600276647 69
1646514320509 0.006894754202276393 70
1646514320615 0.006977180421837106 71
1646514320653 0.007060726209292614 72
1646514320675 0.007145389487136861 73
1646514320709 0.007231168150075476 74
1646514320756 0.007318060065078194 75
1646514320785 0.007406063071431879 76
1646514320832 0.007495174980794203 77
1646514320944 0.007585393577248162 78
1646514320990 0.007676716617357068 79
1646514321024 0.007769141830220441 80
1646514321075 0.007862666917530362 81
1646514321106 0.007957289553628788 82
1646514321138 0.008053007385565164 83
1646514321175 0.008149818033155162 84
1646514321309 0.008247719089039693 85
1646514321353 0.00834670811874487 86
1646514321391 0.008446782660742488 87
1646514321429 0.008547940226511286 88
1646514321475 0.008650178300598804 89
1646514321503 0.008753494340683884 90
1646514321550 0.00885788577763999 91
1646514321695 0.008963350015599003 92
1646514321722 0.009069884432015826 93
1646514321753 0.009177486377733593 94
1646514321787 0.009286153177049505 95
1646514321818 0.009395882127781405 96
1646514321858 0.009506670501334968 97
1646514321891 0.009618515542771502 98
1646514322045 0.009731414470876582 99
1646514322109 0.009845364478229035 100
1646514322156 0.009960362731270891 101
1646514322180 0.01007640637037778 102
1646514322212 0.010193492509930055 103
1646514322259 0.010311618238384529 104
1646514322292 0.010430780618346944 105
1646514322439 0.010550976686644925 106
1646514322507 0.010672203454401688 107
1646514322570 0.010794457907110436 108
1646514322620 0.010917737004709188 109
1646514322691 0.011042037681656541 110
1646514322770 0.011167356847007703 111
1646514322823 0.011293691384491558 112
1646514323005 0.011421038152587992 113
1646514323046 0.011549393984606124 114
1646514323097 0.011678755688762962 115
1646514323137 0.011809120048262886 116
1646514323188 0.011940483821377482 117
1646514323239 0.012072843741526285 118
1646514323280 0.012206196517358006 119
1646514323432 0.012340538832832246 120
1646514323483 0.01247586734730212 121
1646514323523 0.012612178695597207 122
1646514323574 0.012749469488107304 123
1646514323625 0.012887736310866635 124
1646514323664 0.013026975725638892 125
1646514323701 0.013167184270002533 126
1646514323872 0.013308358457437025 127
1646514323923 0.013450494777409519 128
1646514323986 0.013593589695462094 129
1646514324050 0.01373763965329973 130
1646514324129 0.013882641068878668 131
1646514324190 0.014028590336495617 132
1646514324224 0.01417548382687736 133
1646514324324 0.014323317887270925 134
1646514324362 0.014472088841534572 135
1646514324386 0.014621792990229088 136
1646514324423 0.014772426610709821 137
1646514324454 0.014923985957219221 138
1646514324486 0.015076467260980053 139
1646514324520 0.01522986673028906 140
1646514324646 0.01538418055061122 141
1646514324684 0.01553940488467466 142
1646514324723 0.015695535872566085 143
1646514324763 0.01585256963182667 144
1646514324800 0.016010502257548756 145
1646514324835 0.016169329822472794 146
1646514324860 0.016329048377085084 147
1646514324967 0.016489653949715966 148
1646514325003 0.016651142546638617 149
1646514325050 0.01681351015216835 150
1646514325087 0.016976752728762368 151
1646514325118 0.01714086621712034 152
1646514325158 0.01730584653628521 153
1646514325175 0.017471689583744746 154
1646514325294 0.017638391235533513 155
1646514325337 0.017805947346335463 156
1646514325369 0.017974353749586933 157
1646514325394 0.01814360625758038 158
1646514325425 0.018313700661568413 159
1646514325461 0.01848463273186851 160
1646514325488 0.018656398217968134 161
1646514325599 0.018828992848630502 162
1646514325648 0.019002412332000743 163
1646514325688 0.019176652355712642 164
1646514325725 0.019351708586995878 165
1646514325767 0.01952757667278375 166
1646514325806 0.019704252239821474 167
1646514325840 0.01988173089477481 168
1646514325948 0.020060008224339468 169
1646514325989 0.02023907979535075 170
1646514326020 0.020418941154893788 171
1646514326060 0.02059958783041435 172
1646514326089 0.02078101532982994 173
1646514326123 0.020963219141641634 174
1646514326160 0.021146194735046114 175
1646514326374 0.02132993756004853 176
1646514326420 0.021514443047575424 177
1646514326492 0.02169970660958853 178
1646514326541 0.02188572363919876 179
1646514326571 0.022072489510780793 180
1646514326611 0.02225999958008809 181
1646514326657 0.022448249184368413 182
1646514326771 0.0226372336424797 183
1646514326809 0.022826948255006557 184
1646514326841 0.023017388304377093 185
1646514326877 0.02320854905498014 186
1646514326908 0.023400425753283174 187
1646514326949 0.023593013627950354 188
1646514326987 0.023786307889961292 189
1646514327134 0.02398030373273008 190
1646514327176 0.02417499633222485 191
1646514327207 0.024370380847087675 192
1646514327235 0.024566452418755005 193
1646514327271 0.024763206171578483 194
1646514327307 0.024960637212946155 195
1646514327351 0.02515874063340416 196
1646514327503 0.0253575115067788 197
1646514327582 0.025556944890299083 198
1646514327645 0.025757035824719512 199
1646514327724 0.025957779334443556 200
1646514327771 0.026159170427647246 201
1646514327797 0.026361204096403426 202
1646514327824 0.026563875316806165 203
1646514327928 0.026767179049095785 204
1646514327972 0.026971110237784104 205
1646514328003 0.0271756638117802 206
1646514328036 0.027380834684516506 207
1646514328067 0.027586617754075282 208
1646514328102 0.027793007903315486 209
1646514328140 0.027999999999999997 210
1646514328237 0.02820758889692332 211
1646514328277 0.028415769432039453 212
1646514328329 0.028624536428590378 213
1646514328367 0.02883388469523468 214
1646514328405 0.02904380902617673 215
1646514328439 0.029254304201296072 216
1646514328475 0.029465364986277248 217
1646514328593 0.029676986132739974 218
1646514328619 0.029889162378369652 219
1646514328656 0.030101888447048183 220
1646514328680 0.0303151590489852 221
1646514328711 0.030528968880849647 222
1646514328740 0.030743312625901534 223
1646514328771 0.030958184954124293 224
1646514328891 0.03117358052235722 225
1646514328913 0.03138949397442836 226
1646514328956 0.03160591994128775 227
1646514328980 0.03182285304114085 228
1646514329011 0.03204028787958242 229
1646514329048 0.03225821904973064 230
1646514329094 0.03247664113236158 231
1646514329193 0.03269554869604396 232
1646514329230 0.03291493629727417 233
1646514329261 0.03313479848061167 234
1646514329291 0.03335512977881465 235
1646514329326 0.03357592471297598 236
1646514329371 0.033797177792659436 237
1646514329406 0.034018883516036214 238
1646514329522 0.03424103637002181 239
1646514329555 0.034463630830413025 240
1646514329589 0.03468666136202542 241
1646514329625 0.034910122418830875 242
1646514329661 0.035134008444095546 243
1646514329693 0.03535831387051806 244
1646514329722 0.035583033120367896 245
1646514329857 0.035808160605624154 246
1646514329897 0.036033690728114465 247
1646514329971 0.03625961787965419 248
1646514330038 0.03648593644218592 249
1646514330132 0.03671264078791915 250
1646514330196 0.03693972527947022 251
1646514330247 0.037167184270002526 252
1646514330470 0.03739501210336689 253
1646514330511 0.037623203114242276 254
1646514330572 0.0378517516282766 255
1646514330613 0.03808065196222787 256
1646514330661 0.038309898424105496 257
1646514330702 0.038539485313311875 258
1646514330731 0.038769406920784046 259
1646514330871 0.038999657529135756 260
1646514330916 0.039230231412799604 261
1646514330961 0.03946112283816936 262
1646514330992 0.03969232606374264 263
1646514331013 0.03992383534026359 264
1646514331044 0.040155644910865915 265
1646514331081 0.04038774901121596 266
1646514331195 0.04062014186965612 267
1646514331236 0.04085281770734836 268
1646514331285 0.041085770738417855 269
1646514331333 0.04131899517009691 270
1646514331409 0.04155248520286901 271
1646514331497 0.041786235030613024 272
1646514331563 0.04202023884074756 273
1646514331788 0.04225449081437555 274
1646514331890 0.042488985126428916 275
1646514331941 0.042723715945813444 276
1646514331994 0.04295867743555375 277
1646514332042 0.04319386375293845 278
1646514332089 0.043429269049665445 279
1646514332135 0.04366488747198734 280
1646514332298 0.04390071316085705 281
1646514332337 0.0441367402520734 282
1646514332378 0.044372962876427044 283
1646514332418 0.0446093751598464 284
1646514332449 0.04484597122354363 285
1646514332492 0.04508274518416096 286
1646514332530 0.04531969115391687 287
1646514332688 0.04555680324075254 288
1646514332745 0.045794075548478405 289
1646514332809 0.04603150217692071 290
1646514332861 0.046269077222068286 291
1646514332979 0.046506794776219273 292
1646514333034 0.04674464892812815 293
1646514333094 0.046982633763152634 294
1646514333273 0.0472207433634008 295
1646514333306 0.04745897180787822 296
1646514333340 0.047697313172635196 297
1646514333389 0.047935761530914084 298
1646514333436 0.048174310953296676 299
1646514333483 0.048412955507851636 300
1646514333523 0.048651689260281995 301
1646514333645 0.04889050627407272 302
1646514333676 0.04912940061063836 303
1646514333709 0.04936836632947072 304
1646514333741 0.04960739748828654 305
1646514333773 0.049846488143175285 306
1646514333807 0.05008563234874696 307
1646514333839 0.05032482415827995 308
1646514333953 0.050564057623868876 309
1646514333986 0.050803326796572505 310
1646514334018 0.051042625726561694 311
1646514334061 0.05128194846326735 312
1646514334093 0.05152128905552836 313
1646514334124 0.051760641551739615 314
1646514334156 0.052000000000000005 315
1646514334269 0.05223935844826039 316
1646514334301 0.052478710944471645 317
1646514334334 0.052718051536732646 318
1646514334368 0.0529573742734383 319
1646514334405 0.0531966732034275 320
1646514334446 0.05343594237613112 321
1646514334479 0.05367517584172004 322
1646514334595 0.05391436765125303 323
1646514334626 0.0541535118568247 324
1646514334661 0.054392602511713475 325
1646514334696 0.05463163367052929 326
1646514334730 0.054870599389361646 327
1646514334767 0.0551094937259273 328
1646514334801 0.05534831073971802 329
1646514334915 0.055587044492148366 330
1646514334949 0.05582568904670332 331
1646514334989 0.05606423846908592 332
1646514335032 0.056302686827364806 333
1646514335088 0.056541028192121784 334
1646514335136 0.0567792566365992 335
1646514335187 0.05701736623684736 336
1646514335489 0.05725535107187185 337
1646514335544 0.05749320522378073 338
1646514335622 0.05773092277793172 339
1646514335667 0.05796849782307928 340
1646514335766 0.05820592445152159 341
1646514335823 0.05844319675924745 342
1646514335877 0.058680308846083135 343
1646514336041 0.05891725481583904 344
1646514336091 0.05915402877645638 345
1646514336138 0.05939062484015362 346
1646514336193 0.059627037123572965 347
1646514336246 0.05986325974792661 348
1646514336298 0.060099286839142965 349
1646514336326 0.06033511252801266 350
1646514336444 0.06057073095033456 351
1646514336485 0.060806136247061555 352
1646514336525 0.06104132256444625 353
1646514336560 0.06127628405418655 354
1646514336592 0.06151101487357108 355
1646514336628 0.06174550918562445 356
1646514336675 0.061979761159252446 357
1646514336893 0.06221376496938698 358
1646514336976 0.06244751479713099 359
1646514337096 0.0626810048299031 360
1646514337155 0.06291422926158215 361
1646514337197 0.06314718229265165 362
1646514337248 0.06337985813034389 363
1646514337307 0.06361225098878405 364
1646514337466 0.06384435508913411 365
1646514337513 0.06407616465973642 366
1646514337607 0.06430767393625736 367
1646514337668 0.06453887716183064 368
1646514337714 0.0647697685872004 369
1646514337768 0.06500034247086425 370
1646514337848 0.06523059307921597 371
1646514338105 0.06546051468668813 372
1646514338164 0.0656901015758945 373
1646514338211 0.06591934803777214 374
1646514338267 0.06614824837172341 375
1646514338326 0.06637679688575773 376
1646514338385 0.0666049878966331 377
1646514338437 0.06683281572999747 378
1646514338668 0.06706027472052978 379
1646514338720 0.06728735921208084 380
1646514338779 0.06751406355781409 381
1646514338868 0.0677403821203458 382
1646514338916 0.06796630927188553 383
1646514338962 0.06819183939437584 384
1646514339022 0.0684169668796321 385
1646514339431 0.06864168612948196 386
1646514339535 0.06886599155590446 387
1646514339650 0.06908987758116913 388
1646514339785 0.06931333863797458 389
1646514339890 0.06953636916958697 390
1646514339988 0.06975896362997819 391
1646514340089 0.06998111648396378 392
1646514340340 0.07020282220734056 393
1646514340417 0.07042407528702402 394
1646514340507 0.07064487022118535 395
1646514340560 0.07086520151938834 396
1646514340671 0.07108506370272583 397
1646514340732 0.07130445130395605 398
1646514340785 0.07152335886763841 399
1646514340977 0.07174178095026935 400
1646514341028 0.07195971212041757 401
1646514341182 0.07217714695885914 402
1646514341238 0.07239408005871224 403
1646514341357 0.07261050602557165 404
1646514341426 0.07282641947764279 405
1646514341456 0.07304181504587573 406
1646514341587 0.07325668737409848 407
1646514341624 0.07347103111915038 408
1646514341676 0.0736848409510148 409
1646514341738 0.07389811155295183 410
1646514341783 0.07411083762163034 411
1646514341841 0.07432301386726002 412
1646514341911 0.07453463501372275 413
1646514342086 0.07474569579870394 414
1646514342137 0.07495619097382326 415
1646514342183 0.07516611530476532 416
1646514342228 0.07537546357140963 417
1646514342288 0.07558423056796054 418
1646514342365 0.07579241110307669 419
1646514342413 0.076 420
1646514342565 0.07620699209668452 421
1646514342605 0.07641338224592471 422
1646514342672 0.07661916531548349 423
1646514342715 0.07682433618821982 424
1646514342748 0.0770288897622159 425
1646514342784 0.07723282095090424 426
1646514342818 0.07743612468319383 427
1646514342975 0.07763879590359658 428
1646514343018 0.07784082957235275 429
1646514343079 0.07804222066555645 430
1646514343194 0.0782429641752805 431
1646514343256 0.07844305510970093 432
1646514343325 0.0786424884932212 433
1646514343382 0.07884125936659585 434
1646514343597 0.07903936278705387 435
1646514343654 0.07923679382842153 436
1646514343706 0.079433547581245 437
1646514343757 0.07962961915291233 438
1646514343805 0.07982500366777515 439
1646514343834 0.0800196962672699 440
1646514343889 0.0802136921100387 441
1646514344011 0.08040698637204964 442
1646514344053 0.08059957424671685 443
1646514344105 0.08079145094501985 444
1646514344156 0.08098261169562293 445
1646514344198 0.08117305174499345 446
1646514344245 0.08136276635752032 447
1646514344275 0.0815517508156316 448
1646514344404 0.08174000041991192 449
1646514344423 0.08192751048921922 450
1646514344488 0.08211427636080125 451
1646514344543 0.08230029339041146 452
1646514344605 0.08248555695242459 453
1646514344652 0.08267006243995148 454
1646514344755 0.0828538052649539 455
1646514344863 0.08303678085835839 456
1646514344903 0.08321898467017007 457
1646514344934 0.08340041216958566 458
1646514344965 0.08358105884510621 459
1646514344996 0.08376092020464924 460
1646514345033 0.08393999177566053 461
1646514345061 0.08411826910522519 462
1646514345198 0.08429574776017855 463
1646514345243 0.08447242332721626 464
1646514345274 0.08464829141300415 465
1646514345330 0.08482334764428737 466
1646514345361 0.08499758766799928 467
1646514345400 0.08517100715136951 468
1646514345431 0.08534360178203187 469
1646514345561 0.0855153672681315 470
1646514345602 0.0856862993384316 471
1646514345646 0.08585639374241963 472
1646514345680 0.08602564625041308 473
1646514345727 0.08619405265366455 474
1646514345759 0.0863616087644665 475
1646514345790 0.08652831041625525 476
1646514345910 0.0866941534637148 477
1646514345950 0.08685913378287967 478
1646514345991 0.08702324727123764 479
1646514346038 0.08718648984783166 480
1646514346076 0.08734885745336138 481
1646514346107 0.08751034605028403 482
1646514346150 0.08767095162291494 483
1646514346256 0.08783067017752721 484
1646514346297 0.08798949774245125 485
1646514346329 0.08814743036817332 486
1646514346381 0.08830446412743394 487
1646514346408 0.08846059511532535 488
1646514346448 0.0886158194493888 489
1646514346479 0.08877013326971095 490
1646514346602 0.08892353273901994 491
1646514346649 0.08907601404278077 492
1646514346696 0.08922757338929019 493
1646514346726 0.08937820700977092 494
1646514346764 0.08952791115846542 495
1646514346814 0.08967668211272907 496
1646514346864 0.08982451617312266 497
1646514347151 0.08997140966350438 498
1646514347214 0.09011735893112133 499
1646514347272 0.09026236034670027 500
1646514347315 0.0904064103045379 501
1646514347366 0.09054950522259048 502
1646514347441 0.09069164154256298 503
1646514347487 0.09083281572999748 504
1646514347651 0.09097302427436112 505
1646514347697 0.09111226368913336 506
1646514347728 0.0912505305118927 507
1646514347761 0.09138782130440279 508
1646514347804 0.09152413265269789 509
1646514347851 0.09165946116716775 510
1646514347879 0.091793803482642 511
1646514348021 0.09192715625847371 512
1646514348073 0.09205951617862253 513
1646514348113 0.09219087995173712 514
1646514348146 0.09232124431123703 515
1646514348177 0.09245060601539389 516
1646514348278 0.092578961847412 517
1646514348320 0.09270630861550845 518
1646514348515 0.0928326431529923 519
1646514348558 0.09295796231834347 520
1646514348591 0.09308226299529081 521
1646514348614 0.09320554209288957 522
1646514348645 0.09332779654559832 523
1646514348679 0.09344902331335508 524
1646514348711 0.09356921938165307 525
1646514348819 0.09368838176161547 526
1646514348861 0.09380650749006995 527
1646514348893 0.09392359362962223 528
1646514348926 0.09403963726872912 529
1646514348960 0.09415463552177097 530
1646514348991 0.09426858552912343 531
1646514349024 0.0943814844572285 532
1646514349147 0.09449332949866504 533
1646514349182 0.0946041178722186 534
1646514349213 0.09471384682295049 535
1646514349243 0.0948225136222664 536
1646514349276 0.09493011556798417 537
1646514349310 0.095036649984401 538
1646514349342 0.09514211422236002 539
1646514349461 0.09524650565931612 540
1646514349479 0.0953498216994012 541
1646514349532 0.09545205977348871 542
1646514349563 0.09555321733925752 543
1646514349591 0.09565329188125515 544
1646514349625 0.09575228091096032 545
1646514349661 0.09585018196684485 546
1646514349775 0.09594699261443485 547
1646514349813 0.09604271044637124 548
1646514349845 0.09613733308246963 549
1646514349872 0.09623085816977958 550
1646514349903 0.09632328338264294 551
1646514349943 0.09641460642275185 552
1646514349977 0.09650482501920579 553
1646514350108 0.09659393692856813 554
1646514350164 0.0966819399349218 555
1646514350196 0.09676883184992453 556
1646514350231 0.09685461051286315 557
1646514350262 0.0969392737907074 558
1646514350303 0.0970228195781629 559
1646514350335 0.0971052457977236 560
1646514350449 0.09718655039972335 561
1646514350485 0.09726673136238691 562
1646514350519 0.0973457866918802 563
1646514350543 0.09742371442235989 564
1646514350578 0.09750051261602233 565
1646514350633 0.09757617936315167 566
1646514350689 0.09765071278216737 567
1646514350903 0.09772411101967103 568
1646514350956 0.09779637225049237 569
1646514350996 0.09786749467773476 570
1646514351058 0.0979374765328198 571
1646514351106 0.09800631607553131 572
1646514351159 0.09807401159405868 573
1646514351197 0.09814056140503931 574
1646514351343 0.09820596385360059 575
1646514351398 0.09827021731340096 576
1646514351429 0.09833332018667043 577
1646514351462 0.09839527090425026 578
1646514351498 0.098456067925632 579
1646514351545 0.09851570973899575 580
1646514351576 0.09857419486124784 581
1646514351703 0.09863152183805765 582
1646514351744 0.09868768924389378 583
1646514351775 0.09874269568205951 584
1646514351825 0.09879653978472754 585
1646514351857 0.09884922021297397 586
1646514351899 0.09890073565681165 587
1646514351961 0.09895108483522268 588
1646514352211 0.09900026649619031 589
1646514352251 0.09904827941673011 590
1646514352282 0.09909512240292029 591
1646514352311 0.09914079428993147 592
1646514352342 0.0991852939420556 593
1646514352383 0.09922862025273423 594
1646514352411 0.09927077214458599 595
1646514352525 0.09931174856943342 596
1646514352566 0.09935154850832903 597
1646514352597 0.0993901709715806 598
1646514352626 0.09942761499877581 599
1646514352657 0.09946387965880618 600
1646514352697 0.0994989640498901 601
1646514352741 0.09953286729959539 602
1646514352871 0.09956558856486088 603
1646514352915 0.09959712703201745 604
1646514352946 0.09962748191680826 605
1646514352981 0.0996566524644082 606
1646514353027 0.09968463794944267 607
1646514353063 0.0997114376760057 608
1646514353112 0.09973705097767713 609
1646514353269 0.09976147721753928 610
1646514353295 0.09978471578819273 611
1646514353328 0.09980676611177149 612
1646514353369 0.09982762763995724 613
1646514353412 0.09984729985399317 614
1646514353453 0.09986578226469665 615
1646514353484 0.09988307441247157 616
1646514353620 0.09989917586731967 617
1646514353663 0.0999140862288513 618
1646514353694 0.09992780512629529 619
1646514353737 0.09994033221850827 620
1646514353788 0.0999516671939831 621
1646514353821 0.09996180977085661 622
1646514353852 0.0999707596969166 623
1646514353996 0.09997851674960817 624
1646514354034 0.09998508073603919 625
1646514354081 0.09999045149298513 626
1646514354113 0.09999462888689313 627
1646514354159 0.09999761281388526 628
1646514354186 0.09999940319976121 629
1646514354228 0.09999988581654443 630
1646514354380 0.09999954326669921 631
1646514354444 0.09999897235202891 632
1646514354509 0.0999981730751411 633
1646514354597 0.09999714543968634 634
1646514354656 0.09999588945035823 635
1646514354707 0.09999440511289331 636
1646514354775 0.09999269243407109 637
1646514354916 0.09999075142171397 638
1646514354959 0.09998858208468725 639
1646514355006 0.09998618443289907 640
1646514355049 0.09998355847730035 641
1646514355096 0.09998070422988478 642
1646514355136 0.09997762170368871 643
1646514355174 0.09997431091279116 644
1646514355320 0.09997077187231367 645
1646514355351 0.0999670045984203 646
1646514355407 0.09996300910831754 647
1646514355432 0.09995878542025423 648
1646514355467 0.09995433355352143 649
1646514355516 0.09994965352845243 650
1646514355547 0.09994474536642255 651
1646514355716 0.09993960908984914 652
1646514355773 0.09993424472219138 653
1646514355819 0.09992865228795028 654
1646514355927 0.09992283181266845 655
1646514355957 0.0999167833229301 656
1646514355990 0.09991050684636081 657
1646514356022 0.09990400241162752 658
1646514356144 0.09989727004843828 659
1646514356185 0.0998903097875422 660
1646514356217 0.09988312166072927 661
1646514356245 0.09987570570083022 662
1646514356276 0.0998680619417164 663
1646514356308 0.09986019041829958 664
1646514356353 0.09985209116653179 665
1646514356502 0.09984376422340524 666
1646514356543 0.09983520962695201 667
1646514356568 0.09982642741624403 668
1646514356602 0.09981741763139274 669
1646514356634 0.09980818031354909 670
1646514356670 0.09979871550490317 671
1646514356702 0.09978902324868413 672
1646514356808 0.09977910358915996 673
1646514356847 0.09976895657163733 674
1646514356869 0.09975858224246123 675
1646514356904 0.09974798064901494 676
1646514356936 0.09973715183971972 677
1646514356987 0.0997260958640346 678
1646514357007 0.09971481277245615 679
1646514357131 0.0997033026165183 680
1646514357172 0.09969156544879201 681
1646514357203 0.09967960132288511 682
1646514357229 0.09966741029344206 683
1646514357269 0.09965499241614359 684
1646514357295 0.09964234774770661 685
1646514357326 0.0996294763458838 686
1646514357440 0.09961637826946346 687
1646514357469 0.09960305357826917 688
1646514357519 0.09958950233315954 689
1646514357548 0.09957572459602795 690
1646514357585 0.09956172042980223 691
1646514357617 0.09954748989844439 692
1646514357648 0.09953303306695035 693
1646514357773 0.0995183500013496 694
1646514357794 0.09950344076870497 695
1646514357825 0.0994883054371122 696
1646514357870 0.09947294407569977 697
1646514357901 0.09945735675462848 698
1646514357931 0.09944154354509119 699
1646514357970 0.09942550451931245 700
1646514358125 0.09940923975054825 701
1646514358170 0.09939274931308553 702
1646514358248 0.09937603328224204 703
1646514358313 0.09935909173436584 704
1646514358393 0.099341924746835 705
1646514358435 0.09932453239805729 706
1646514358468 0.09930691476746976 707
1646514358597 0.09928907193553844 708
1646514358640 0.09927100398375785 709
1646514358685 0.09925271099465081 710
1646514358734 0.09923419305176792 711
1646514358779 0.09921545023968721 712
1646514358810 0.09919648264401378 713
1646514358853 0.0991772903513794 714
1646514358963 0.09915787344944213 715
1646514359007 0.09913823202688588 716
1646514359054 0.09911836617342003 717
1646514359104 0.099098275979779 718
1646514359140 0.09907796153772187 719
1646514359177 0.09905742294003195 720
1646514359208 0.09903666028051634 721
1646514359354 0.0990156736540055 722
1646514359401 0.09899446315635282 723
1646514359456 0.09897302888443424 724
1646514359517 0.09895137093614768 725
1646514359588 0.09892948941041274 726
1646514359646 0.09890738440717015 727
1646514359674 0.09888505602738132 728
1646514359763 0.0988625043730279 729
1646514359802 0.09883972954711141 730
1646514359836 0.09881673165365253 731
1646514359867 0.09879351079769086 732
1646514359898 0.09877006708528434 733
1646514359937 0.09874640062350874 734
1646514359952 0.09872251152045726 735
1646514360079 0.09869839988523992 736
1646514360127 0.09867406582798315 737
1646514360166 0.09864950945982928 738
1646514360190 0.098624730892936 739
1646514360218 0.09859973024047584 740
1646514360253 0.0985745076166357 741
1646514360277 0.09854906313661634 742
1646514360382 0.0985233969166317 743
1646514360423 0.0984975090739086 744
1646514360453 0.09847139972668602 745
1646514360484 0.09844506899421467 746
1646514360517 0.0984185169967564 747
1646514360547 0.09839174385558365 748
1646514360578 0.09836474969297887 749
1646514360686 0.09833753463223405 750
1646514360726 0.09831009879765007 751
1646514360753 0.09828244231453617 752
1646514360789 0.09825456530920935 753
1646514360820 0.09822646790899386 754
1646514360852 0.09819815024222053 755
1646514360883 0.09816961243822624 756
1646514360979 0.0981408546273533 757
1646514361018 0.09811187694094889 758
1646514361061 0.09808267951136446 759
1646514361108 0.09805326247195503 760
1646514361137 0.09802362595707877 761
1646514361168 0.09799377010209614 762
1646514361211 0.09796369504336953 763
1646514361302 0.09793340091826243 764
1646514361347 0.09790288786513891 765
1646514361378 0.09787215602336295 766
1646514361403 0.09784120553329785 767
1646514361437 0.09781003653630553 768
1646514361467 0.0977786491747459 769
1646514361498 0.09774704359197621 770
1646514361605 0.09771521993235047 771
1646514361644 0.09768317834121862 772
1646514361676 0.09765091896492609 773
1646514361707 0.09761844195081291 774
1646514361760 0.09758574744721321 775
1646514361791 0.09755283560345443 776
1646514361853 0.09751970656985669 777
1646514362081 0.09748636049773209 778
1646514362143 0.09745279753938403 779
1646514362189 0.09741901784810654 780
1646514362234 0.09738502157818346 781
1646514362284 0.09735080888488792 782
1646514362306 0.09731637992448146 783
1646514362353 0.09728173485421342 784
1646514362472 0.09724687383232018 785
1646514362505 0.09721179701802449 786
1646514362545 0.09717650457153462 787
1646514362583 0.09714099665404377 788
1646514362627 0.09710527342772927 789
1646514362683 0.09706933505575184 790
1646514362710 0.09703318170225479 791
1646514362841 0.09699681353236342 792
1646514362883 0.09696023071218408 793
1646514362920 0.0969234334088036 794
1646514362952 0.09688642179028838 795
1646514363001 0.09684919602568365 796
1646514363048 0.09681175628501273 797
1646514363090 0.09677410273927631 798
1646514363295 0.09673623556045154 799
1646514363386 0.09669815492149131 800
1646514363417 0.09665986099632348 801
1646514363461 0.09662135395985007 802
1646514363501 0.09658263398794643 803
1646514363528 0.09654370125746049 804
1646514363559 0.09650455594621189 805
1646514363667 0.09646519823299123 806
1646514363709 0.09642562829755921 807
1646514363740 0.09638584632064587 808
1646514363766 0.09634585248394963 809
1646514363801 0.09630564697013662 810
1646514363830 0.09626522996283975 811
1646514363871 0.0962246016466579 812
1646514363967 0.09618376220715508 813
1646514364007 0.09614271183085958 814
1646514364039 0.09610145070526309 815
1646514364087 0.09605997901881987 816
1646514364118 0.09601829696094591 817
1646514364143 0.09597640472201803 818
1646514364174 0.095934302493373 819
1646514364290 0.09589199046730673 820
1646514364311 0.09584946883707332 821
1646514364342 0.09580673779688421 822
1646514364393 0.0957637975419073 823
1646514364423 0.09572064826826603 824
1646514364444 0.09567729017303851 825
1646514364476 0.09563372345425666 826
1646514364587 0.09558994831090517 827
1646514364628 0.09554596494292075 828
1646514364659 0.0955017735511911 829
1646514364687 0.09545737433755408 830
1646514364719 0.09541276750479673 831
1646514364749 0.09536795325665434 832
1646514364787 0.09532293179780955 833
1646514364887 0.09527770333389145 834
1646514364930 0.09523226807147452 835
1646514364956 0.09518662621807782 836
1646514364992 0.09514077798216396 837
1646514365024 0.09509472357313818 838
1646514365075 0.09504846320134738 839
1646514365119 0.09500199707807919 840
1646514365226 0.09495532541556093 841
1646514365266 0.09490844842695872 842
1646514365289 0.0948613663263765 843
1646514365325 0.094814079328855 844
1646514365361 0.0947665876503708 845
1646514365404 0.09471889150783531 846
1646514365434 0.09467099111909384 847
1646514365577 0.09462288670292453 848
1646514365620 0.09457457847903737 849
1646514365689 0.09452606666807328 850
1646514365760 0.094477351491603 851
1646514365811 0.09442843317212607 852
1646514365882 0.09437931193306992 853
1646514365916 0.09432998799878874 854
1646514366068 0.09428046159456253 855
1646514366116 0.09423073294659605 856
1646514366148 0.09418080228201775 857
1646514366192 0.09413066982887877 858
1646514366223 0.0940803358161519 859
1646514366264 0.09402980047373054 860
1646514366308 0.09397906403242758 861
1646514366434 0.09392812672397445 862
1646514366474 0.09387698878102001 863
1646514366526 0.09382565043712943 864
1646514366551 0.09377411192678328 865
1646514366593 0.09372237348537629 866
1646514366630 0.09367043534921637 867
1646514366693 0.0936182977555235 868
1646514366856 0.09356596094242865 869
1646514366916 0.0935134251489727 870
1646514366956 0.09346069061510538 871
1646514367017 0.09340775758168408 872
1646514367077 0.09335462629047282 873
1646514367123 0.09330129698414119 874
1646514367154 0.09324776990626309 875
1646514367268 0.09319404530131581 876
1646514367310 0.09314012341467875 877
1646514367331 0.09308600449263241 878
1646514367365 0.09303168878235718 879
1646514367396 0.09297717653193228 880
1646514367432 0.09292246799033459 881
1646514367463 0.09286756340743753 882
1646514367586 0.09281246303400989 883
1646514367616 0.09275716712171472 884
1646514367647 0.09270167592310816 885
1646514367669 0.09264598969163833 886
1646514367700 0.09259010868164405 887
1646514367737 0.09253403314835384 888
1646514367768 0.09247776334788467 889
1646514367874 0.09242129953724074 890
1646514367916 0.09236464197431243 891
1646514367947 0.092307790917875 892
1646514367971 0.09225074662758755 893
1646514368002 0.09219350936399162 894
1646514368045 0.09213607938851023 895
1646514368090 0.09207845696344655 896
1646514368194 0.09202064235198275 897
1646514368238 0.09196263581817875 898
1646514368270 0.09190443762697105 899
1646514368296 0.09184604804417158 900
1646514368332 0.09178746733646638 901
1646514368360 0.09172869577141439 902
1646514368392 0.09166973361744632 903
1646514368499 0.09161058114386335 904
1646514368543 0.0915512386208359 905
1646514368574 0.09149170631940244 906
1646514368616 0.09143198451146821 907
1646514368640 0.091372073469804 908
1646514368673 0.09131197346804489 909
1646514368705 0.091251684780689 910
1646514368832 0.0911912076830963 911
1646514368873 0.09113054245148722 912
1646514368917 0.09106968936294149 913
1646514368945 0.09100864869539688 914
1646514368992 0.09094742072764787 915
1646514369034 0.09088600573934444 916
1646514369081 0.0908244040109907 917
1646514369249 0.09076261582394374 918
1646514369317 0.09070064146041219 919
1646514369395 0.0906384812034551 920
1646514369458 0.09057613533698053 921
1646514369569 0.09051360414574423 922
1646514369620 0.0904508879153485 923
1646514369663 0.09038798693224069 924
1646514369883 0.09032490148371201 925
1646514369934 0.0902616318578962 926
1646514369984 0.09019817834376821 927
1646514370033 0.09013454123114283 928
1646514370084 0.09007072081067347 929
1646514370128 0.09000671737385073 930
1646514370174 0.0899425312130011 931
1646514370314 0.0898781626212857 932
1646514370367 0.0898136118926988 933
1646514370403 0.08974887932206663 934
1646514370450 0.08968396520504587 935
1646514370498 0.08961886983812245 936
1646514370529 0.08955359351861014 937
1646514370583 0.08948813654464913 938
1646514370805 0.08942249921520477 939
1646514370852 0.08935668183006615 940
1646514370899 0.08929068468984472 941
1646514371008 0.08922450809597293 942
1646514371055 0.08915815235070293 943
1646514371095 0.089091617757105 944
1646514371126 0.08902490461906638 945
1646514371232 0.08895801324128978 946
1646514371282 0.0888909439292919 947
1646514371312 0.08882369698940226 948
1646514371343 0.08875627272876158 949
1646514371371 0.0886886714553205 950
1646514371404 0.08862089347783814 951
1646514371435 0.08855293910588066 952
1646514371555 0.08848480864981995 953
1646514371574 0.08841650242083204 954
1646514371608 0.08834802073089587 955
1646514371655 0.0882793638927917 956
1646514371671 0.08821053222009981 957
1646514371702 0.08814152602719895 958
1646514371736 0.08807234562926505 959
1646514371844 0.08800299134226963 960
1646514371878 0.08793346348297842 961
1646514371910 0.08786376236894998 962
1646514371945 0.08779388831853412 963
1646514371972 0.08772384165087055 964
1646514372006 0.08765362268588736 965
1646514372053 0.08758323174429958 966
1646514372164 0.08751266914760779 967
1646514372205 0.08744193521809647 968
1646514372236 0.08737103027883272 969
1646514372266 0.08729995465366468 970
1646514372297 0.08722870866722003 971
1646514372350 0.08715729264490463 972
1646514372372 0.08708570691290088 973
1646514372480 0.08701395179816636 974
1646514372523 0.08694202762843227 975
1646514372539 0.0868699347322019 976
1646514372579 0.08679767343874924 977
1646514372626 0.08672524407811735 978
1646514372657 0.08665264698111695 979
1646514372673 0.08657988247932488 980
1646514372799 0.08650695090508254 981
1646514372846 0.08643385259149444 982
1646514372886 0.0863605878724266 983
1646514372922 0.08628715708250519 984
1646514372961 0.08621356055711472 985
1646514373024 0.08613979863239682 986
1646514373074 0.08606587164524845 987
1646514373311 0.08599177993332055 988
1646514373363 0.08591752383501637 989
1646514373412 0.08584310368948996 990
1646514373455 0.0857685198366447 991
1646514373491 0.08569377261713158 992
1646514373530 0.08561886237234785 993
1646514373561 0.08554378944443528 994
1646514373672 0.08546855417627869 995
1646514373717 0.08539315691150438 996
1646514373748 0.08531759799447851 997
1646514373792 0.08524187777030565 998
1646514373839 0.08516599658482699 999
1646514373878 0.085089954784619 1000
1646514373920 0.08501375271699167 1001
1646514374040 0.084937390729987 1002
1646514374077 0.08486086917237745 1003
1646514374125 0.08478418839366421 1004
1646514374162 0.08470734874407575 1005
1646514374192 0.08463035057456612 1006
1646514374248 0.08455319423681344 1007
1646514374324 0.0844758800832182 1008
1646514374538 0.08439840846690169 1009
1646514374579 0.08432077974170443 1010
1646514374614 0.08424299426218444 1011
1646514374637 0.08416505238361578 1012
1646514374668 0.08408695446198675 1013
1646514374696 0.08400870085399842 1014
1646514374730 0.08393029191706292 1015
1646514374833 0.08385172800930181 1016
1646514374872 0.08377300948954447 1017
1646514374903 0.08369413671732644 1018
1646514374927 0.0836151100528878 1019
1646514374958 0.08353592985717145 1020
1646514375007 0.08345659649182165 1021
1646514375039 0.08337711031918209 1022
1646514375145 0.0832974717022945 1023
1646514375192 0.0832176810048968 1024
1646514375230 0.08313773859142158 1025
1646514375277 0.08305764482699435 1026
1646514375315 0.08297740007743183 1027
1646514375360 0.08289700470924045 1028
1646514375391 0.08281645908961449 1029
1646514375524 0.08273576358643453 1030
1646514375544 0.08265491856826568 1031
1646514375575 0.08257392440435597 1032
1646514375616 0.08249278146463462 1033
1646514375647 0.08241149011971037 1034
1646514375676 0.08233005074086974 1035
1646514375707 0.08224846370007544 1036
1646514375820 0.08216672936996457 1037
1646514375859 0.08208484812384692 1038
1646514375890 0.08200282033570337 1039
1646514375924 0.08192064638018404 1040
1646514375955 0.08183832663260669 1041
1646514375983 0.08175586146895497 1042
1646514376016 0.08167325126587667 1043
1646514376145 0.08159049640068203 1044
1646514376184 0.08150759725134202 1045
1646514376216 0.0814245541964866 1046
1646514376250 0.08134136761540303 1047
1646514376297 0.08125803788803408 1048
1646514376323 0.0811745653949763 1049
1646514376354 0.08109095051747836 1050
1646514376465 0.08100719363743916 1051
1646514376503 0.08092329513740626 1052
1646514376532 0.08083925540057403 1053
1646514376573 0.08075507481078188 1054
1646514376589 0.0806707537525126 1055
1646514376630 0.0805862926108905 1056
1646514376677 0.08050169177167975 1057
1646514376895 0.08041695162128251 1058
1646514376958 0.08033207254673727 1059
1646514377001 0.08024705493571704 1060
1646514377061 0.08016189917652754 1061
1646514377120 0.08007660565810545 1062
1646514377150 0.07999117477001676 1063
1646514377188 0.0799056069024547 1064
1646514377307 0.07981990244623828 1065
1646514377351 0.07973406179281028 1066
1646514377382 0.07964808533423559 1067
1646514377424 0.07956197346319932 1068
1646514377467 0.0794757265730051 1069
1646514377505 0.0793893450575732 1070
1646514377551 0.07930282931143882 1071
1646514377665 0.07921617972975023 1072
1646514377708 0.07912939670826691 1073
1646514377751 0.07904248064335789 1074
1646514377790 0.07895543193199983 1075
1646514377836 0.0788682509717752 1076
1646514377884 0.07878093816087055 1077
1646514377915 0.07869349389807459 1078
1646514378114 0.07860591858277646 1079
1646514378220 0.07851821261496385 1080
1646514378264 0.07843037639522116 1081
1646514378290 0.07834241032472773 1082
1646514378334 0.07825431480525596 1083
1646514378365 0.07816609023916948 1084
1646514378389 0.07807773702942139 1085
1646514378495 0.07798925557955222 1086
1646514378538 0.07790064629368836 1087
1646514378569 0.07781190957653995 1088
1646514378595 0.07772304583339924 1089
1646514378626 0.07763405547013864 1090
1646514378660 0.07754493889320883 1091
1646514378703 0.07745569650963702 1092
1646514378811 0.07736632872702497 1093
1646514378852 0.07727683595354719 1094
1646514378875 0.07718721859794911 1095
1646514378907 0.07709747706954512 1096
1646514378938 0.07700761177821679 1097
1646514378975 0.0769176231344109 1098
1646514379006 0.07682751154913771 1099
1646514379111 0.07673727743396895 1100
1646514379153 0.07664692120103597 1101
1646514379175 0.07655644326302792 1102
1646514379226 0.07646584403318979 1103
1646514379257 0.07637512392532053 1104
1646514379280 0.07628428335377127 1105
1646514379312 0.07619332273344324 1106
1646514379413 0.07610224247978606 1107
1646514379458 0.07601104300879569 1108
1646514379491 0.07591972473701261 1109
1646514379517 0.07582828808151994 1110
1646514379548 0.07573673345994147 1111
1646514379585 0.07564506129043984 1112
1646514379616 0.07555327199171448 1113
1646514379722 0.07546136598299985 1114
1646514379762 0.07536934368406346 1115
1646514379805 0.07527720551520398 1116
1646514379833 0.07518495189724923 1117
1646514379875 0.07509258325155439 1118
1646514379904 0.0750001 1119
1646514379935 0.07490750256499003 1120
1646514380052 0.07481479136945 1121
1646514380098 0.07472196683682494 1122
1646514380130 0.07462902939107763 1123
1646514380157 0.0745359794566865 1124
1646514380191 0.07444281745864377 1125
1646514380220 0.07434954382245348 1126
1646514380251 0.07425615897412961 1127
1646514380407 0.07416266334019404 1128
1646514380454 0.07406905734767466 1129
1646514380516 0.0739753414241034 1130
1646514380578 0.07388151599751429 1131
1646514380635 0.07378758149644153 1132
1646514380704 0.07369353834991745 1133
1646514380767 0.07359938698747061 1134
1646514380915 0.07350512783912388 1135
1646514380949 0.07341076133539239 1136
1646514380978 0.07331628790728158 1137
1646514381012 0.07322170798628527 1138
1646514381074 0.07312702200438372 1139
1646514381108 0.07303223039404153 1140
1646514381140 0.0729373335882058 1141
1646514381278 0.07284233202030403 1142
1646514381320 0.07274722612424228 1143
1646514381366 0.07265201633440309 1144
1646514381394 0.07255670308564348 1145
1646514381430 0.07246128681329309 1146
1646514381462 0.07236576795315197 1147
1646514381510 0.07227014694148887 1148
1646514381632 0.07217442421503903 1149
1646514381710 0.07207860021100225 1150
1646514381772 0.07198267536704092 1151
1646514381821 0.07188665012127801 1152
1646514381913 0.07179052491229503 1153
1646514381953 0.07169430017913009 1154
1646514381984 0.07159797636127585 1155
1646514382089 0.07150155389867752 1156
1646514382125 0.07140503323173088 1157
1646514382157 0.07130841480128018 1158
1646514382189 0.07121169904861628 1159
1646514382220 0.0711148864154745 1160
1646514382255 0.07101797734403262 1161
1646514382286 0.07092097227690894 1162
1646514382402 0.07082387165716014 1163
1646514382428 0.07072667592827944 1164
1646514382459 0.07062938553419432 1165
1646514382492 0.07053200091926472 1166
1646514382521 0.07043452252828089 1167
1646514382557 0.0703369508064614 1168
1646514382589 0.07023928619945106 1169
1646514382697 0.07014152915331899 1170
1646514382743 0.07004368011455644 1171
1646514382774 0.06994573953007484 1172
1646514382801 0.06984770784720377 1173
1646514382837 0.06974958551368889 1174
1646514382862 0.06965137297768985 1175
1646514382893 0.06955307068777833 1176
1646514383009 0.06945467909293594 1177
1646514383057 0.06935619864255214 1178
1646514383088 0.06925762978642228 1179
1646514383124 0.06915897297474545 1180
1646514383155 0.06906022865812249 1181
1646514383183 0.0689613972875539 1182
1646514383222 0.06886247931443776 1183
1646514383323 0.06876347519056775 1184
1646514383362 0.06866438536813095 1185
1646514383393 0.06856521029970594 1186
1646514383431 0.06846595043826062 1187
1646514383474 0.06836660623715013 1188
1646514383503 0.06826717815011489 1189
1646514383539 0.06816766663127838 1190
1646514383638 0.0680680721351452 1191
1646514383677 0.06796839511659894 1192
1646514383708 0.06786863603090004 1193
1646514383738 0.06776879533368381 1194
1646514383769 0.06766887348095833 1195
1646514383805 0.06756887092910233 1196
1646514383839 0.06746878813486307 1197
1646514383944 0.0673686255553544 1198
1646514383988 0.0672683836480545 1199
1646514384023 0.06716806287080392 1200
1646514384062 0.06706766368180335 1201
1646514384101 0.06696718653961176 1202
1646514384155 0.06686663190314403 1203
1646514384200 0.06676600023166905 1204
1646514384448 0.06666529198480751 1205
1646514384487 0.06656450762252991 1206
1646514384530 0.06646364760515434 1207
1646514384564 0.06636271239334447 1208
1646514384597 0.06626170244810739 1209
1646514384642 0.06616061823079152 1210
1646514384689 0.06605946020308452 1211
1646514384850 0.06595822882701116 1212
1646514384897 0.06585692456493124 1213
1646514384928 0.06575554787953744 1214
1646514384965 0.0656540992338532 1215
1646514385013 0.06555257909123066 1216
1646514385070 0.0654509879153485 1217
1646514385113 0.06534932617020985 1218
1646514385283 0.06524759432014013 1219
1646514385332 0.06514579282978496 1220
1646514385380 0.06504392216410806 1221
1646514385434 0.06494198278838906 1222
1646514385478 0.06483997516822142 1223
1646514385541 0.06473789976951033 1224
1646514385616 0.06463575705847052 1225
1646514385795 0.06453354750162416 1226
1646514385845 0.06443127156579871 1227
1646514385889 0.06432892971812486 1228
1646514385923 0.0642265224260343 1229
1646514385954 0.06412405015725764 1230
1646514385994 0.06402151337982227 1231
1646514386041 0.06391891256205022 1232
1646514386178 0.06381624817255596 1233
1646514386222 0.06371352068024438 1234
1646514386254 0.06361073055430858 1235
1646514386289 0.06350787826422767 1236
1646514386336 0.06340496427976475 1237
1646514386374 0.06330198907096464 1238
1646514386405 0.06319895310815188 1239
1646514386515 0.06309585686192841 1240
1646514386557 0.06299270080317156 1241
1646514386590 0.06288948540303181 1242
1646514386627 0.06278621113293069 1243
1646514386682 0.06268287846455858 1244
1646514386714 0.06257948786987269 1245
1646514386745 0.06247603982109465 1246
1646514386849 0.0623725347907086 1247
1646514386893 0.062268973251458935 1248
1646514386925 0.06216535567634809 1249
1646514386955 0.062061682538634484 1250
1646514386990 0.06195795431183031 1251
1646514387028 0.061854171469699334 1252
1646514387075 0.06175033448625481 1253
1646514387194 0.06164644383575726 1254
1646514387225 0.06154249999271228 1255
1646514387256 0.06143850343186853 1256
1646514387284 0.061334454628215324 1257
1646514387315 0.06123035405698065 1258
1646514387355 0.06112620219362893 1259
1646514387390 0.06102199951385886 1260
1646514387501 0.060917746493601224 1261
1646514387542 0.06081344360901673 1262
1646514387574 0.06070909133649383 1263
1646514387599 0.060604690152646565 1264
1646514387630 0.06050024053431233 1265
1646514387659 0.0603957429585498 1266
1646514387701 0.060291197902636665 1267
1646514387862 0.060186605844067424 1268
1646514387906 0.06008196726055132 1269
1646514387998 0.059977282630010065 1270
1646514388069 0.059872552430575675 1271
1646514388130 0.05976777714058832 1272
1646514388181 0.059662957238594105 1273
1646514388234 0.059558093203342884 1274
1646514388365 0.05945318551378608 1275
1646514388410 0.0593482346490745 1276
1646514388455 0.0592432410885562 1277
1646514388496 0.05913820531177416 1278
1646514388540 0.05903312779846423 1279
1646514388587 0.05892800902855288 1280
1646514388610 0.05882284948215499 1281
1646514388740 0.05871764963957172 1282
1646514388780 0.05861240998128823 1283
1646514388821 0.05850713098797158 1284
1646514388864 0.05840181314046844 1285
1646514388895 0.05829645691980298 1286
1646514388940 0.05819106280717461 1287
1646514388971 0.058085631283955816 1288
1646514389254 0.057980162831689955 1289
1646514389307 0.057874657932089055 1290
1646514389338 0.05776911706703158 1291
1646514389365 0.05766354071856031 1292
1646514389398 0.057557929368880045 1293
1646514389432 0.057452283500355486 1294
1646514389463 0.05734660359550898 1295
1646514389598 0.0572408901370183 1296
1646514389645 0.05713514360771452 1297
1646514389683 0.057029364490579715 1298
1646514389710 0.056923553268744854 1299
1646514389741 0.056817710425487486 1300
1646514389783 0.05671183644422961 1301
1646514389798 0.05660593180853546 1302
1646514389916 0.056499997002109226 1303
1646514389956 0.05639403250879297 1304
1646514389983 0.05628803881256428 1305
1646514390013 0.05618201639753418 1306
1646514390060 0.05607596574794482 1307
1646514390083 0.0559698873481673 1308
1646514390114 0.05586378168269955 1309
1646514390224 0.055757649236163914 1310
1646514390266 0.05565149049330513 1311
1646514390299 0.05554530593898801 1312
1646514390322 0.055439096058195296 1313
1646514390369 0.055332861336025344 1314
1646514390394 0.05522660225769002 1315
1646514390425 0.05512031930851241 1316
1646514390541 0.05501401297392465 1317
1646514390584 0.05490768373946564 1318
1646514390615 0.054801332090778906 1319
1646514390637 0.054694958513610364 1320
1646514390668 0.054588563493806024 1321
1646514390698 0.0544821475173099 1322
1646514390729 0.05437571107016168 1323
1646514390841 0.054269254638494566 1324
1646514390893 0.05416277870853303 1325
1646514390922 0.05405628376659061 1326
1646514390953 0.053949770299067674 1327
1646514390987 0.053843238792449184 1328
1646514391033 0.0537366897333025 1329
1646514391067 0.053630123608275175 1330
1646514391184 0.053523540904092705 1331
1646514391220 0.05341694210755628 1332
1646514391237 0.053310327705540596 1333
1646514391285 0.05320369818499166 1334
1646514391316 0.05309705403292447 1335
1646514391343 0.05299039573642093 1336
1646514391385 0.05288372378262746 1337
1646514391571 0.05277703865875294 1338
1646514391632 0.05267034085206632 1339
1646514391696 0.052563630849894544 1340
1646514391769 0.052456909139620256 1341
1646514391818 0.052350176208679516 1342
1646514391849 0.05224343254455968 1343
1646514391892 0.052136678634797116 1344
1646514392018 0.05202991496697501 1345
1646514392059 0.05192314202872104 1346
1646514392106 0.05181636030770532 1347
1646514392146 0.051709570291638036 1348
1646514392193 0.051602772468267256 1349
1646514392225 0.051495967325376694 1350
1646514392272 0.05138915535078352 1351
1646514392399 0.05128233703233613 1352
1646514392441 0.05117551285791184 1353
1646514392491 0.05106868331541472 1354
1646514392518 0.0509618488927734 1355
1646514392552 0.05085501007793878 1356
1646514392599 0.05074816735888178 1357
1646514392631 0.05064132122359121 1358
1646514392835 0.05053447216007148 1359
1646514392951 0.05042762065634031 1360
1646514392989 0.05032076720042663 1361
1646514393022 0.05021391228036826 1362
1646514393053 0.05010705638420974 1363
1646514393089 0.0500002 1364
1646514393120 0.049893343615790266 1365
1646514393239 0.04978648771963174 1366
1646514393279 0.049679632799573374 1367
1646514393311 0.04957277934365971 1368
1646514393340 0.04946592783992853 1369
1646514393371 0.049359078776408785 1370
1646514393406 0.049252232641118235 1371
1646514393436 0.049145389922061224 1372
1646514393555 0.0490385511072266 1373
1646514393596 0.048931716684585284 1374
1646514393621 0.048824887142088165 1375
1646514393653 0.04871806296766387 1376
1646514393684 0.04861124464921647 1377
1646514393721 0.04850443267462332 1378
1646514393752 0.048397627531732754 1379
1646514393847 0.04829082970836198 1380
1646514393887 0.048184039692294685 1381
1646514393921 0.04807725797127896 1382
1646514393950 0.047970485033025013 1383
1646514393981 0.047863721365202894 1384
1646514394021 0.04775696745544034 1385
1646514394056 0.047650223791320494 1386
1646514394171 0.047543490860379754 1387
1646514394213 0.04743676915010546 1388
1646514394238 0.04733005914793368 1389
1646514394268 0.047223361341247085 1390
1646514394299 0.047116676217372554 1391
1646514394336 0.047010004263579076 1392
1646514394367 0.04690334596707554 1393
1646514394473 0.046796701815008356 1394
1646514394514 0.04669007229445942 1395
1646514394538 0.04658345789244373 1396
1646514394589 0.04647685909590729 1397
1646514394623 0.046370276391724835 1398
1646514394651 0.046263710266697504 1399
1646514394682 0.04615716120755084 1400
1646514394791 0.046050629700932336 1401
1646514394827 0.04594411623340938 1402
1646514394858 0.04583762129146698 1403
1646514394893 0.04573114536150543 1404
1646514394923 0.04562468892983833 1405
1646514394953 0.04551825248269011 1406
1646514394984 0.04541183650619397 1407
1646514395129 0.04530544148638965 1408
1646514395161 0.0451990679092211 1409
1646514395245 0.04509271626053438 1410
1646514395307 0.04498638702607535 1411
1646514395376 0.04488008069148759 1412
1646514395445 0.04477379774230999 1413
1646514395496 0.04466753866397466 1414
1646514395627 0.044561303941804714 1415
1646514395669 0.044455094061012 1416
1646514395689 0.0443489095066949 1417
1646514395730 0.0442427507638361 1418
1646514395777 0.04413661831730046 1419
1646514395814 0.0440305126518327 1420
1646514395866 0.04392443425205519 1421
1646514395993 0.04381838360246583 1422
1646514396040 0.043712361187435725 1423
1646514396072 0.04360636749120703 1424
1646514396111 0.04350040299789078 1425
1646514396143 0.04339446819146456 1426
1646514396191 0.043288563555770404 1427
1646514396228 0.04318268957451252 1428
1646514396362 0.04307684673125514 1429
1646514396390 0.042971035509420295 1430
1646514396428 0.042865256392285486 1431
1646514396521 0.042759509862981715 1432
1646514396560 0.04265379640449103 1433
1646514396629 0.04254811649964451 1434
1646514396691 0.04244247063111996 1435
1646514396830 0.04233685928143969 1436
1646514396849 0.04223128293296843 1437
1646514396898 0.042125742067910955 1438
1646514396919 0.042020237168310055 1439
1646514396962 0.04191476871604419 1440
1646514396983 0.041809337192825397 1441
1646514397014 0.041703943080197044 1442
1646514397132 0.041598586859531564 1443
1646514397177 0.04149326901202844 1444
1646514397208 0.04138799001871178 1445
1646514397249 0.041282750360428284 1446
1646514397272 0.04117755051784502 1447
1646514397305 0.04107239097144713 1448
1646514397332 0.04096727220153579 1449
1646514397443 0.04086219468822585 1450
1646514397483 0.040757158911443804 1451
1646514397514 0.04065216535092551 1452
1646514397545 0.04054721448621393 1453
1646514397576 0.04044230679665713 1454
1646514397609 0.040337442761405905 1455
1646514397631 0.04023262285941167 1456
1646514397742 0.04012784756942433 1457
1646514397791 0.04002311736998995 1458
1646514397821 0.0399184327394487 1459
1646514397849 0.039813794155932586 1460
1646514397880 0.03970920209736335 1461
1646514397913 0.039604657041450206 1462
1646514397947 0.03950015946568767 1463
1646514398053 0.03939570984735346 1464
1646514398093 0.03929130866350617 1465
1646514398132 0.039186956390983275 1466
1646514398162 0.039082653506398786 1467
1646514398193 0.03897840048614113 1468
1646514398232 0.03887419780637107 1469
1646514398263 0.03877004594301936 1470
1646514398367 0.0386659453717847 1471
1646514398407 0.03856189656813148 1472
1646514398432 0.03845790000728771 1473
1646514398469 0.03835395616424277 1474
1646514398504 0.03825006551374519 1475
1646514398532 0.038146228530300676 1476
1646514398564 0.0380424456881697 1477
1646514398678 0.03793871746136551 1478
1646514398712 0.037835044323651916 1479
1646514398748 0.037731426748541075 1480
1646514398773 0.037627865209291414 1481
1646514398821 0.03752436017890536 1482
1646514398856 0.037420912130127326 1483
1646514398888 0.03731752153544142 1484
1646514399064 0.03721418886706933 1485
1646514399127 0.03711091459696821 1486
1646514399186 0.037007699196828454 1487
1646514399247 0.03690454313807158 1488
1646514399297 0.036801446891848125 1489
1646514399352 0.03669841092903536 1490
1646514399406 0.036595435720235284 1491
1646514399526 0.036492521735772346 1492
1646514399570 0.036389669445691435 1493
1646514399603 0.036286879319755626 1494
1646514399642 0.03618415182744404 1495
1646514399687 0.0360814874379498 1496
1646514399721 0.03597888662017773 1497
1646514399753 0.03587634984274237 1498
1646514399915 0.035773877573965704 1499
1646514399944 0.03567147028187514 1500
1646514399975 0.035569128434201305 1501
1646514400012 0.03546685249837586 1502
1646514400059 0.0353646429415295 1503
1646514400102 0.03526250023048967 1504
1646514400134 0.03516042483177858 1505
1646514400361 0.03505841721161096 1506
1646514400432 0.034956477835891946 1507
1646514400471 0.034854607170215046 1508
1646514400505 0.03475280567985989 1509
1646514400537 0.03465107382979015 1510
1646514400576 0.03454941208465151 1511
1646514400598 0.03444782090876935 1512
1646514400702 0.03434630076614682 1513
1646514400748 0.03424485212046257 1514
1646514400790 0.03414347543506876 1515
1646514400836 0.03404217117298885 1516
1646514400865 0.03394093979691549 1517
1646514400897 0.0338397817692085 1518
1646514400949 0.03373869755189263 1519
1646514401073 0.03363768760665553 1520
1646514401114 0.033536752394845666 1521
1646514401145 0.033435892377470106 1522
1646514401186 0.0333351080151925 1523
1646514401217 0.033234399768330966 1524
1646514401252 0.03313376809685598 1525
1646514401294 0.03303321346038826 1526
1646514401419 0.03293273631819665 1527
1646514401473 0.032832337129196115 1528
1646514401512 0.03273201635194551 1529
1646514401537 0.03263177444464562 1530
1646514401568 0.03253161186513693 1531
1646514401600 0.03243152907089768 1532
1646514401639 0.03233152651904167 1533
1646514401763 0.032231604666316194 1534
1646514401803 0.03213176396909999 1535
1646514401834 0.03203200488340108 1536
1646514401872 0.031932327864854795 1537
1646514401903 0.03183273336872164 1538
1646514401938 0.03173322184988512 1539
1646514401999 0.031633793762849874 1540
1646514402133 0.0315344495617394 1541
1646514402163 0.031435189700294054 1542
1646514402213 0.03133601463186906 1543
1646514402242 0.031236924809432277 1544
1646514402279 0.031137920685562263 1545
1646514402316 0.03103900271244612 1546
1646514402347 0.03094017134187751 1547
1646514402478 0.030841427025254563 1548
1646514402520 0.030742770213577728 1549
1646514402564 0.030644201357447873 1550
1646514402616 0.030545720907064082 1551
1646514402664 0.030447329312221667 1552
1646514402742 0.030349027022310158 1553
1646514402795 0.030250814486311124 1554
1646514402988 0.030152692152796243 1555
1646514403037 0.030054660469925172 1556
1646514403089 0.02995671988544359 1557
1646514403116 0.02985887084668103 1558
1646514403161 0.029761113800548935 1559
1646514403208 0.02966344919353861 1560
1646514403243 0.029565877471719113 1561
1646514403368 0.029468399080735296 1562
1646514403417 0.02937101446580569 1563
1646514403448 0.029273724071720568 1564
1646514403491 0.02917652834283987 1565
1646514403532 0.02907942772309107 1566
1646514403572 0.0289824226559674 1567
1646514403616 0.02888551358452552 1568
1646514403723 0.028788700951383705 1569
1646514403769 0.028691985198719825 1570
1646514403800 0.028595366768269147 1571
1646514403834 0.02849884610132249 1572
1646514403866 0.028402423638724167 1573
1646514403971 0.028306099820869922 1574
1646514404030 0.028209875087704988 1575
1646514404237 0.02811374987872201 1576
1646514404280 0.028017724632959092 1577
1646514404300 0.027921799788997764 1578
1646514404337 0.02782597578496098 1579
1646514404376 0.02773025305851113 1580
1646514404416 0.027634632046848028 1581
1646514404449 0.027539113186706952 1582
1646514404554 0.027443696914356514 1583
1646514404597 0.02734838366559692 1584
1646514404616 0.027253173875757743 1585
1646514404666 0.027158067979695975 1586
1646514404700 0.027063066411794238 1587
1646514404725 0.02696816960595849 1588
1646514404772 0.026873377995616298 1589
1646514404873 0.026778692013714737 1590
1646514404918 0.026684112092718447 1591
1646514404951 0.026589638664607635 1592
1646514404973 0.02649527216087613 1593
1646514405001 0.02640101301252939 1594
1646514405043 0.026306861650082565 1595
1646514405090 0.026212818503558485 1596
1646514405210 0.02611888400248571 1597
1646514405242 0.026025058575896615 1598
1646514405258 0.02593134265232537 1599
1646514405302 0.02583773665980597 1600
1646514405333 0.025744241025870387 1601
1646514405357 0.02565085617754652 1602
1646514405388 0.02555758254135624 1603
1646514405502 0.025464420543313528 1604
1646514405543 0.025371370608922368 1605
1646514405575 0.025278433163175056 1606
1646514405603 0.025185608630550027 1607
1646514405634 0.02509289743500996 1608
1646514405668 0.025000300000000013 1609
1646514405703 0.024907816748445624 1610
1646514405818 0.024815448102750767 1611
1646514405858 0.02472319448479604 1612
1646514405889 0.024631056315936546 1613
1646514405923 0.02453903401700016 1614
1646514405954 0.024447128008285544 1615
1646514406003 0.024355338709560182 1616
1646514406034 0.024263666540058532 1617
1646514406155 0.02417211191848008 1618
1646514406196 0.024080675262987412 1619
1646514406219 0.023989356991204337 1620
1646514406268 0.023898157520213972 1621
1646514406303 0.023807077266556752 1622
1646514406373 0.023716116646228726 1623
1646514406423 0.023625276074679475 1624
1646514406634 0.023534555966810214 1625
1646514406665 0.0234439567369721 1626
1646514406710 0.02335347879896404 1627
1646514406772 0.02326312256603105 1628
1646514406818 0.023172888450862305 1629
1646514406852 0.023082776865589114 1630
1646514406885 0.02299278822178324 1631
1646514407025 0.022902922930454896 1632
1646514407061 0.022813181402050887 1633
1646514407109 0.022723564046452822 1634
1646514407141 0.022634071272975044 1635
1646514407177 0.02254470349036299 1636
1646514407227 0.022455461106791173 1637
1646514407265 0.02236634452986137 1638
1646514407395 0.02227735416660076 1639
1646514407438 0.022188490423460064 1640
1646514407485 0.02209975370631166 1641
1646514407521 0.022011144420447784 1642
1646514407595 0.021922662970578623 1643
1646514407657 0.021834309760830513 1644
1646514407708 0.02174608519474405 1645
1646514407920 0.0216579896752723 1646
1646514407947 0.02157002360477885 1647
1646514407982 0.02148218738503618 1648
1646514408025 0.021394481417223554 1649
1646514408063 0.02130690610192541 1650
1646514408092 0.02121946183912947 1651
1646514408124 0.021132149028224818 1652
1646514408248 0.02104496806800019 1653
1646514408284 0.020957919356642124 1654
1646514408316 0.020871003291733102 1655
1646514408348 0.020784220270249794 1656
1646514408395 0.020697570688561186 1657
1646514408416 0.02061105494242681 1658
1646514408448 0.02052467342699492 1659
1646514408559 0.020438426536800693 1660
1646514408600 0.02035231466576442 1661
1646514408616 0.020266338207189722 1662
1646514408650 0.02018049755376174 1663
1646514408681 0.0200947930975453 1664
1646514408716 0.020009225229983257 1665
1646514408753 0.01992379434189454 1666
1646514408882 0.019838500823472473 1667
1646514408916 0.019753345064282987 1668
1646514408936 0.019668327453262732 1669
1646514408972 0.019583448378717498 1670
1646514409003 0.019498708228320283 1671
1646514409049 0.0194141073891095 1672
1646514409080 0.01932964624748742 1673
1646514409213 0.019245325189218135 1674
1646514409234 0.01916114459942599 1675
1646514409265 0.01907710486259375 1676
1646514409300 0.018993206362560855 1677
1646514409332 0.018909449482521663 1678
1646514409361 0.0188258346050237 1679
1646514409393 0.018742362111965925 1680
1646514409510 0.018659032384596968 1681
1646514409550 0.0185758458035134 1682
1646514409581 0.018492802748657992 1683
1646514409618 0.018409903599317986 1684
1646514409654 0.01832714873412336 1685
1646514409685 0.018244538531045032 1686
1646514409719 0.018162073367393308 1687
1646514409834 0.01807975361981598 1688
1646514409868 0.017997579664296638 1689
1646514409899 0.017915551876153096 1690
1646514409931 0.017833670630035454 1691
1646514409978 0.017751936299924557 1692
1646514410009 0.01767034925913027 1693
1646514410063 0.017588909880289653 1694
1646514410251 0.01750761853536539 1695
1646514410313 0.017426475595644038 1696
1646514410353 0.017345481431734314 1697
1646514410424 0.01726463641356548 1698
1646514410477 0.01718394091038552 1699
1646514410520 0.017103395290759566 1700
1646514410558 0.017022999922568182 1701
1646514410673 0.016942755173005676 1702
1646514410712 0.016862661408578426 1703
1646514410758 0.0167827189951032 1704
1646514410792 0.016702928297705515 1705
1646514410843 0.01662328968081792 1706
1646514410871 0.01654380350817838 1707
1646514410902 0.016464470142828543 1708
1646514411054 0.016385289947112216 1709
1646514411097 0.016306263282673573 1710
1646514411128 0.016227390510455526 1711
1646514411165 0.016148671990698204 1712
1646514411196 0.016070108082937094 1713
1646514411244 0.015991699146001584 1714
1646514411275 0.01591344553801327 1715
1646514411466 0.015835347616384245 1716
1646514411580 0.01575740573781557 1717
1646514411619 0.015679620258295588 1718
1646514411645 0.015601991533098313 1719
1646514411681 0.015524519916781809 1720
1646514411708 0.015447205763186572 1721
1646514411740 0.01537004942543389 1722
1646514411847 0.015293051255924268 1723
1646514411888 0.015216211606335801 1724
1646514411920 0.015139530827622559 1725
1646514411949 0.015063009270012992 1726
1646514411981 0.014986647283008355 1727
1646514412011 0.01491044521538101 1728
1646514412058 0.01483440341517301 1729
1646514412173 0.014758522229694374 1730
1646514412215 0.01468280200552148 1731
1646514412246 0.014607243088495642 1732
1646514412272 0.014531845823721313 1733
1646514412303 0.014456610555564738 1734
1646514412332 0.01438153762765216 1735
1646514412366 0.014306627382868404 1736
1646514412472 0.01423188016335532 1737
1646514412513 0.014157296310510046 1738
1646514412544 0.014082876164983646 1739
1646514412575 0.014008620066679458 1740
1646514412617 0.013934528354751551 1741
1646514412640 0.013860601367603195 1742
1646514412666 0.01378683944288528 1743
1646514412771 0.013713242917494827 1744
1646514412811 0.01363981212757339 1745
1646514412842 0.013566547408505575 1746
1646514412876 0.013493449094917467 1747
1646514412907 0.013420517520675126 1748
1646514412936 0.013347753018883066 1749
1646514412967 0.013275155921882654 1750
1646514413150 0.01320272656125077 1751
1646514413170 0.013130465267798111 1752
1646514413217 0.013058372371567737 1753
1646514413244 0.012986448201833646 1754
1646514413283 0.012914693087099135 1755
1646514413309 0.012843107355095378 1756
1646514413340 0.012771691332779984 1757
1646514413467 0.012700445346335344 1758
1646514413486 0.012629369721167285 1759
1646514413519 0.01255846478190354 1760
1646514413556 0.012487730852392225 1761
1646514413583 0.012417168255700415 1762
1646514413614 0.012346777314112658 1763
1646514413650 0.012276558349129467 1764
1646514413783 0.012206511681465887 1765
1646514413843 0.012136637631050039 1766
1646514413899 0.012066936517021579 1767
1646514413961 0.011997408657730383 1768
1646514414019 0.011928054370734954 1769
1646514414082 0.011858873972801047 1770
1646514414132 0.011789867779900215 1771
1646514414287 0.011721036107208302 1772
1646514414332 0.011652379269104136 1773
1646514414368 0.011583897579167966 1774
1646514414412 0.011515591350180054 1775
1646514414453 0.01144746089411934 1776
1646514414486 0.01137950652216188 1777
1646514414534 0.011311728544679496 1778
1646514414653 0.01124412727123843 1779
1646514414700 0.011176703010597746 1780
1646514414737 0.011109456070708103 1781
1646514414794 0.011042386758710243 1782
1646514414837 0.010975495380933621 1783
1646514414887 0.010908782242895008 1784
1646514414928 0.010842247649297088 1785
1646514415066 0.010775891904027068 1786
1646514415109 0.010709715310155294 1787
1646514415205 0.010643718169933855 1788
1646514415258 0.010577900784795232 1789
1646514415382 0.010512263455350872 1790
1646514415425 0.010446806481389882 1791
1646514415457 0.010381530161877548 1792
1646514415567 0.010316434794954152 1793
1646514415598 0.010251520677933394 1794
1646514415632 0.010186788107301193 1795
1646514415666 0.010122237378714316 1796
1646514415698 0.010057868786998908 1797
1646514415728 0.009993682626149294 1798
1646514415759 0.009929679189326548 1799
1646514415879 0.009865858768857165 1800
1646514415919 0.009802221656231812 1801
1646514415950 0.00973876814210381 1802
1646514415980 0.009675498516288003 1803
1646514416013 0.009612413067759323 1804
1646514416052 0.009549512084651508 1805
1646514416098 0.009486795854255768 1806
1646514416202 0.009424264663019481 1807
1646514416243 0.009361918796544893 1808
1646514416274 0.009299758539587808 1809
1646514416300 0.009237784176056271 1810
1646514416341 0.009175995989009299 1811
1646514416361 0.009114394260655564 1812
1646514416399 0.009052979272352138 1813
1646514416513 0.008991751304603121 1814
1646514416555 0.008930710637058518 1815
1646514416586 0.008869857548512808 1816
1646514416608 0.008809192316903707 1817
1646514416639 0.008748715219311002 1818
1646514416670 0.008688426531955128 1819
1646514416699 0.008628326530196014 1820
1646514416824 0.008568415488531796 1821
1646514416874 0.00850869368059757 1822
1646514416899 0.008449161379164107 1823
1646514416942 0.008389818856136658 1824
1646514416973 0.008330666382553682 1825
1646514417020 0.008271704228585617 1826
1646514417061 0.008212932663533628 1827
1646514417200 0.008154351955828412 1828
1646514417221 0.008095962373028948 1829
1646514417266 0.00803776418182128 1830
1646514417315 0.00797975764801726 1831
1646514417354 0.007921943036553452 1832
1646514417409 0.007864320611489771 1833
1646514417433 0.007806890636008386 1834
1646514417600 0.0077496533724124754 1835
1646514417678 0.007692609082124989 1836
1646514417763 0.007635758025687573 1837
1646514417854 0.007579100462759275 1838
1646514417907 0.00752263665211534 1839
1646514417963 0.007466366851646166 1840
1646514418004 0.007410291318355963 1841
1646514418208 0.00735441030836168 1842
1646514418250 0.00729872407689185 1843
1646514418298 0.007243232878285297 1844
1646514418331 0.007187936965990127 1845
1646514418369 0.007132836592562487 1846
1646514418423 0.007077932009665416 1847
1646514418474 0.007023223468067726 1848
1646514418634 0.006968711217642824 1849
1646514418675 0.006914395507367594 1850
1646514418718 0.006860276585321247 1851
1646514418759 0.006806354698684202 1852
1646514418797 0.006752630093736909 1853
1646514418848 0.006699103015858823 1854
1646514418889 0.006645773709527192 1855
1646514419058 0.006592642418315927 1856
1646514419136 0.006539709384894633 1857
1646514419252 0.006486974851027303 1858
1646514419290 0.006434439057571355 1859
1646514419330 0.006382102244476517 1860
1646514419356 0.006329964650783642 1861
1646514419387 0.0062780265146237186 1862
1646514419492 0.0062262880732167295 1863
1646514419538 0.006174749562870569 1864
1646514419569 0.006123411218980016 1865
1646514419597 0.006072273276025566 1866
1646514419630 0.006021335967572434 1867
1646514419658 0.005970599526269472 1868
1646514419689 0.005920064183848099 1869
1646514419789 0.005869730171121236 1870
1646514419830 0.005819597717982258 1871
1646514419862 0.005769667053403953 1872
1646514419890 0.005719938405437472 1873
1646514419921 0.00567041200121127 1874
1646514419953 0.005621088066930097 1875
1646514419984 0.00557196682787394 1876
1646514420114 0.00552304850839702 1877
1646514420152 0.005474333331926713 1878
1646514420183 0.005425821520962636 1879
1646514420219 0.005377513297075492 1880
1646514420247 0.005329408880906164 1881
1646514420281 0.0052815084921647 1882
1646514420312 0.005233812349629216 1883
1646514420417 0.005186320671145013 1884
1646514420457 0.005139033673623512 1885
1646514420488 0.0050919515730412914 1886
1646514420520 0.005045074584439097 1887
1646514420568 0.004998402921920835 1888
1646514420596 0.004951936798652629 1889
1646514420632 0.004905676426861829 1890
1646514420741 0.004859622017836047 1891
1646514420782 0.004813773781922187 1892
1646514420813 0.0047681319285254875 1893
1646514420839 0.004722696666108572 1894
1646514420871 0.004677468202190451 1895
1646514420904 0.00463244674334567 1896
1646514420948 0.004587632495203288 1897
1646514421066 0.004543025662445922 1898
1646514421109 0.004498626448808909 1899
1646514421132 0.004454435057079256 1900
1646514421171 0.004410451689094834 1901
1646514421202 0.004366676545743354 1902
1646514421246 0.0043231098269614805 1903
1646514421277 0.004279751731733984 1904
1646514421464 0.004236602458092715 1905
1646514421535 0.0041936622031157915 1906
1646514421594 0.004150931162926686 1907
1646514421655 0.004108409532693276 1908
1646514421702 0.0040660975066270045 1909
1646514421749 0.004023995277981982 1910
1646514421771 0.003982103039054096 1911
1646514421915 0.003940420981180137 1912
1646514421959 0.0038989492947369194 1913
1646514422006 0.003857688169140423 1914
1646514422056 0.003816637792844913 1915
1646514422102 0.00377579835334211 1916
1646514422146 0.00373517003716026 1917
1646514422184 0.0036947530298633907 1918
1646514422295 0.0036545475160503875 1919
1646514422339 0.0036145536793541415 1920
1646514422371 0.003574771702440786 1921
1646514422400 0.003535201767008779 1922
1646514422447 0.00349584405378811 1923
1646514422478 0.0034566987425395223 1924
1646514422523 0.0034177660120535704 1925
1646514422739 0.0033790460401499356 1926
1646514422818 0.003340539003676524 1927
1646514422849 0.0033022450785087005 1928
1646514422885 0.00326416443954847 1929
1646514422918 0.003226297260723691 1930
1646514422946 0.003188643714987268 1931
1646514422977 0.0031512039743163667 1932
1646514423093 0.0031139782097116277 1933
1646514423134 0.003076966591196388 1934
1646514423153 0.0030401692878159097 1935
1646514423186 0.0030035864676365917 1936
1646514423229 0.0029672182977452154 1937
1646514423252 0.0029310649442481776 1938
1646514423284 0.0028951265722707256 1939
1646514423385 0.0028594033459562232 1940
1646514423424 0.0028238954284653906 1941
1646514423456 0.0027886029819755172 1942
1646514423489 0.0027535261676798223 1943
1646514423518 0.002718665145786594 1944
1646514423553 0.002684020075518547 1945
1646514423584 0.0026495911151120937 1946
1646514423689 0.0026153784218165463 1947
1646514423719 0.002581382151893477 1948
1646514423768 0.0025476024606159702 1949
1646514423789 0.0025140395022679213 1950
1646514423819 0.0024806934301433276 1951
1646514423850 0.0024475643965455826 1952
1646514423883 0.002414652552786793 1953
1646514423985 0.0023819580491870867 1954
1646514424030 0.002349481035073915 1955
1646514424067 0.00231722165878138 1956
1646514424114 0.0022851800676495487 1957
1646514424139 0.0022533564080238037 1958
1646514424171 0.002221750825254118 1959
1646514424200 0.0021903634636944807 1960
1646514424315 0.0021591944667021562 1961
1646514424341 0.0021282439766370474 1962
1646514424372 0.0020975121348611055 1963
1646514424409 0.0020669990817375784 1964
1646514424452 0.0020367049566304674 1965
1646514424481 0.0020066298979038613 1966
1646514424521 0.0019767740429212414 1967
1646514424627 0.0019471375280449726 1968
1646514424667 0.0019177204886355577 1969
1646514424699 0.0018885230590511169 1970
1646514424727 0.0018595453726467156 1971
1646514424758 0.0018307875617737757 1972
1646514424805 0.0018022497577794773 1973
1646514424835 0.0017739320910061408 1974
1646514424945 0.001745834690790645 1975
1646514424999 0.0017179576854638337 1976
1646514425055 0.0016903012023499315 1977
1646514425124 0.0016628653677659558 1978
1646514425185 0.0016356503070211353 1979
1646514425246 0.0016086561444163695 1980
1646514425307 0.0015818830032436025 1981
1646514425473 0.0015553310057853343 1982
1646514425523 0.0015290002733139942 1983
1646514425555 0.001502890926091412 1984
1646514425590 0.0014770030833683087 1985
1646514425632 0.001451336863383674 1986
1646514425686 0.0014258923833642832 1987
1646514425723 0.0014006697595241656 1988
1646514425887 0.0013756691070640143 1989
1646514425908 0.001350890540170732 1990
1646514425955 0.0013263341720168647 1991
1646514425979 0.001302000114760097 1992
1646514426010 0.0012778884795427512 1993
1646514426056 0.0012539993764912555 1994
1646514426102 0.0012303329147156609 1995
1646514426248 0.0012068892023091413 1996
1646514426333 0.0011836683463474773 1997
1646514426387 0.0011606704528886013 1998
1646514426468 0.0011378956269720922 1999
1646514426524 0.001115343972618703 2000
1646514426575 0.0010930155928298624 2001
1646514426613 0.0010709105895872686 2002
1646514426721 0.0010490290638523229 2003
1646514426744 0.0010273711155657703 2004
1646514426775 0.0010059368436471814 2005
1646514426810 0.0009847263459945043 2006
1646514426841 0.000963739719483664 2007
1646514426873 0.0009429770599680519 2008
1646514426911 0.0009224384622781263 2009
1646514427031 0.0009021240202210126 2010
1646514427061 0.0008820338265799817 2011
1646514427094 0.0008621679731141276 2012
1646514427123 0.0008425265505578737 2013
1646514427154 0.0008231096486206064 2014
1646514427194 0.0008039173559862364 2015
1646514427210 0.0007849497603128103 2016
1646514427325 0.0007662069482320886 2017
1646514427372 0.000747689005349185 2018
1646514427410 0.0007293960162421442 2019
1646514427458 0.0007113280644615651 2020
1646514427497 0.0006934852325302335 2021
1646514427535 0.0006758676019427177 2022
1646514427564 0.0006584752531650071 2023
1646514427668 0.0006413082656341742 2024
1646514427708 0.000624366717757974 2025
1646514427740 0.0006076506869144732 2026
1646514427767 0.0005911602494517659 2027
1646514427798 0.0005748954806875473 2028
1646514427834 0.0005588564549088189 2029
1646514427872 0.0005430432453715275 2030
1646514427970 0.000527455924300238 2031
1646514428020 0.0005120945628878062 2032
1646514428053 0.0004969592312950392 2033
1646514428088 0.00048204999865039655 2034
1646514428119 0.00046736693304965705 2035
1646514428156 0.0004529101015556186 2036
1646514428188 0.00043867957019777656 2037
1646514428297 0.0004246754039720515 2038
1646514428339 0.00041089766684046205 2039
1646514428372 0.00039734642173083583 2040
1646514428396 0.00038402173053654333 2041
1646514428427 0.0003709236541162035 2042
1646514428467 0.00035805225229340067 2043
1646514428515 0.00034540758385641823 2044
1646514428613 0.0003329897065579498 2045
1646514428655 0.0003207986771148884 2046
1646514428688 0.000308834551207999 2047
1646514428729 0.0002970973834817017 2048
1646514428789 0.00028558722754385015 2049
1646514428851 0.0002743041359654092 2050
1646514428920 0.000263248160280283 2051
1646514429133 0.0002524193509850653 2052
1646514429163 0.00024181775753877825 2053
1646514429210 0.00023144342836267835 2054
1646514429262 0.00022129641084003433 2055
1646514429293 0.00021137675131588292 2056
1646514429336 0.00020168449509684564 2057
1646514429377 0.00019221968645092346 2058
1646514429485 0.00018298236860725802 2059
1646514429529 0.00017397258375597622 2060
1646514429582 0.00016519037304798495 2061
1646514429613 0.00015663577659475998 2062
1646514429644 0.00014830883346820726 2063
1646514429684 0.0001402095817004298 2064
1646514429739 0.00013233805828360547 2065
1646514429862 0.0001246942991697873 2066
1646514429904 0.00011727833927074226 2067
1646514429935 0.00011009021245781277 2068
1646514429969 0.00010312995156173331 2069
1646514430016 9.639758837249167e-05 2070
1646514430113 8.989315363919581e-05 2071
1646514430162 8.361667706991835e-05 2072
1646514430362 7.756818733155786e-05 2073
1646514430400 7.174771204972772e-05 2074
1646514430431 6.61552778086175e-05 2075
1646514430461 6.0790910150865196e-05 2076
1646514430494 5.565463357745169e-05 2077
1646514430530 5.07464715475788e-05 2078
1646514430561 4.606644647856922e-05 2079
1646514430673 4.161457974577774e-05 2080
1646514430718 3.7390891682458074e-05 2081
1646514430749 3.339540157970169e-05 2082
1646514430777 2.9628127686337992e-05 2083
1646514430810 2.6089087208845458e-05 2084
1646514430839 2.2778296311290572e-05 2085
1646514430870 1.9695770115227916e-05 2086
1646514430980 1.6841522699655765e-05 2087
1646514431020 1.4215567100938363e-05 2088
1646514431060 1.181791531276152e-05 2089
1646514431095 9.64857828603824e-06 2090
1646514431124 7.707565928919825e-06 2091
1646514431166 5.9948871066904034e-06 2092
1646514431196 4.51054964177248e-06 2093
1646514431303 3.2545603136603254e-06 2094
1646514431345 2.226924858908874e-06 2095
1646514431376 1.427647971089312e-06 2096
1646514431401 8.567333007890797e-07 2097
1646514431433 5.141834555785649e-07 2098
1646514431471 4.0000000000000003e-07 2099
1646514431496 5.141834555785649e-07 2100
