1646514316776 1.4180107116699219 0
1646514317315 1.3936126232147217 1
1646514317818 1.3959218263626099 2
1646514318189 1.3460755348205566 3
1646514318494 1.3016012907028198 4
1646514318912 1.2955321073532104 5
1646514319337 1.2384809255599976 6
1646514319763 1.2109556198120117 7
1646514320182 1.1920419931411743 8
1646514320594 1.180175542831421 9
1646514320922 1.071271538734436 10
1646514321275 1.05443274974823 11
1646514321646 1.049933910369873 12
1646514322010 1.0012224912643433 13
1646514322392 0.9317935109138489 14
1646514322945 0.8915976881980896 15
1646514323392 0.8681320548057556 16
1646514323809 0.8126993775367737 17
1646514324304 0.7853370308876038 18
1646514324605 0.7693436145782471 19
1646514324936 0.7505865693092346 20
1646514325265 0.7337450981140137 21
1646514325566 0.7101768851280212 22
1646514325922 0.6887289881706238 23
1646514326311 0.6398817896842957 24
1646514326732 0.6305137276649475 25
1646514327103 0.6024970412254333 26
1646514327438 0.6025232672691345 27
1646514327901 0.6038053035736084 28
1646514328208 0.5511685609817505 29
1646514328562 0.5996165871620178 30
1646514328856 0.5614104866981506 31
1646514329157 0.5771155953407288 32
1646514329487 0.46739068627357483 33
1646514329812 0.5059762597084045 34
1646514330417 0.49633297324180603 35
1646514330839 0.5069535374641418 36
1646514331161 0.5526803731918335 37
1646514331713 0.5710468888282776 38
1646514332256 0.4583735167980194 39
1646514332643 0.460691899061203 40
1646514333241 0.4506399631500244 41
1646514333612 0.45190295577049255 42
1646514333919 0.4819561243057251 43
1646514334235 0.3310663104057312 44
1646514334557 0.4374706745147705 45
1646514334880 0.4933965504169464 46
1646514335418 0.38159406185150146 47
1646514335994 0.4445379674434662 48
1646514336409 0.4530004560947418 49
1646514336843 0.3659972846508026 50
1646514337428 0.42363664507865906 51
1646514338050 0.36674344539642334 52
1646514338598 0.3546537756919861 53
1646514339362 0.5157015919685364 54
1646514340284 0.372061163187027 55
1646514340930 0.3503839075565338 56
1646514341541 0.3308042883872986 57
1646514342038 0.35089486837387085 58
1646514342519 0.3177757263183594 59
1646514342924 0.33682534098625183 60
1646514343540 0.2774648368358612 61
1646514343971 0.28508496284484863 62
1646514344362 0.2603675127029419 63
1646514344842 0.3515537977218628 64
1646514345165 0.2966586649417877 65
1646514345519 0.25803712010383606 66
1646514345877 0.25924190878868103 67
1646514346232 0.21412497758865356 68
1646514346579 0.3473939597606659 69
1646514347090 0.19489885866641998 70
1646514347612 0.3283529281616211 71
1646514347997 0.3196382224559784 72
1646514348496 0.2551228106021881 73
1646514348795 0.26759952306747437 74
1646514349124 0.27664464712142944 75
1646514349425 0.22400036454200745 76
1646514349745 0.2068234533071518 77
1646514350075 0.2193451225757599 78
1646514350413 0.2076091170310974 79
1646514350840 0.19555330276489258 80
1646514351298 0.2216697633266449 81
1646514351680 0.16241496801376343 82
1646514352180 0.18672412633895874 83
1646514352494 0.22692066431045532 84
1646514352831 0.13614100217819214 85
1646514353212 0.22188623249530792 86
1646514353590 0.18529459834098816 87
1646514353966 0.1663677841424942 88
1646514354333 0.16351492702960968 89
1646514354890 0.1943214237689972 90
1646514355266 0.20600640773773193 91
1646514355636 0.16024896502494812 92
1646514356113 0.09724459052085876 93
1646514356469 0.1362650990486145 94
1646514356788 0.13263602554798126 95
1646514357103 0.15160901844501495 96
1646514357419 0.13218791782855988 97
1646514357732 0.18789345026016235 98
1646514358057 0.10374470055103302 99
1646514358572 0.2183356136083603 100
1646514358936 0.1414027065038681 101
1646514359289 0.1396234780550003 102
1646514359736 0.11352679133415222 103
1646514360038 0.07666276395320892 104
1646514360353 0.15914596617221832 105
1646514360665 0.08929263055324554 106
1646514360953 0.10915125906467438 107
1646514361268 0.07799148559570312 108
1646514361568 0.1415908932685852 109
1646514362029 0.09884772449731827 110
1646514362448 0.15320594608783722 111
1646514362803 0.15307514369487762 112
1646514363246 0.0943484902381897 113
1646514363644 0.10970963537693024 114
1646514363944 0.12253748625516891 115
1646514364255 0.09834256023168564 116
1646514364558 0.09876895695924759 117
1646514364859 0.09223294258117676 118
1646514365207 0.06599122285842896 119
1646514365504 0.09122666716575623 120
1646514366043 0.05192573368549347 121
1646514366411 0.06383565813302994 122
1646514366775 0.06002200022339821 123
1646514367231 0.11218418926000595 124
1646514367551 0.07403581589460373 125
1646514367850 0.055517010390758514 126
1646514368173 0.10314808785915375 127
1646514368466 0.08984238654375076 128
1646514368803 0.07414741069078445 129
1646514369190 0.09051208198070526 130
1646514369827 0.11922919005155563 131
1646514370267 0.08925043791532516 132
1646514370687 0.05493571236729622 133
1646514371205 0.05157225579023361 134
1646514371513 0.085332952439785 135
1646514371820 0.0437668077647686 136
1646514372134 0.0813569650053978 137
1646514372457 0.06525918841362 138
1646514372757 0.03984583914279938 139
1646514373251 0.02648036926984787 140
1646514373643 0.03185586258769035 141
1646514373992 0.08231696486473083 142
1646514374504 0.026053456589579582 143
1646514374814 0.055173248052597046 144
1646514375115 0.07338894158601761 145
1646514375474 0.06852791458368301 146
1646514375788 0.02748265489935875 147
1646514376116 0.07403108477592468 148
1646514376432 0.06224574148654938 149
1646514376833 0.06695394217967987 150
1646514377271 0.03988443315029144 151
1646514377645 0.03359295427799225 152
1646514378063 0.05358966812491417 153
1646514378474 0.049313537776470184 154
1646514378775 0.09193600714206696 155
1646514379077 0.040346816182136536 156
1646514379393 0.044298239052295685 157
1646514379693 0.03484129533171654 158
1646514380022 0.060120631009340286 159
1646514380352 0.03581199422478676 160
1646514380878 0.03944249078631401 161
1646514381247 0.04299291595816612 162
1646514381599 0.09873543679714203 163
1646514382067 0.0410330705344677 164
1646514382352 0.0334666445851326 165
1646514382673 0.07498183101415634 166
1646514382973 0.07381235808134079 167
1646514383294 0.017179301008582115 168
1646514383612 0.029557326808571815 169
1646514383918 0.01913849078118801 170
1646514384389 0.06307530403137207 171
1646514384797 0.02691388502717018 172
1646514385234 0.041122693568468094 173
1646514385744 0.040051158517599106 174
1646514386156 0.05772273615002632 175
1646514386492 0.04167542606592178 176
1646514386825 0.034067001193761826 177
1646514387160 0.03532158583402634 178
1646514387474 0.02702547051012516 179
1646514387775 0.026913538575172424 180
1646514388338 0.03188236057758331 181
1646514388702 0.015484130941331387 182
1646514389181 0.011829950846731663 183
1646514389560 0.028993094339966774 184
1646514389883 0.014390119351446629 185
1646514390183 0.03032623790204525 186
1646514390501 0.019610751420259476 187
1646514390815 0.011682737618684769 188
1646514391150 0.025580331683158875 189
1646514391524 0.02169206365942955 190
1646514391972 0.06636002659797668 191
1646514392370 0.06520568579435349 192
1646514392765 0.03823409974575043 193
1646514393217 0.018290532752871513 194
1646514393524 0.04208400472998619 195
1646514393823 0.03576410561800003 196
1646514394141 0.040071673691272736 197
1646514394438 0.07405807822942734 198
1646514394754 0.05008351430296898 199
1646514395073 0.040946055203676224 200
1646514395580 0.03226911276578903 201
1646514395958 0.014365621842443943 202
1646514396324 0.04786156117916107 203
1646514396791 0.021901169791817665 204
1646514397106 0.02484966441988945 205
1646514397413 0.028564192354679108 206
1646514397714 0.027670400217175484 207
1646514398026 0.02578672580420971 208
1646514398347 0.03701210394501686 209
1646514398651 0.027334734797477722 210
1646514399005 0.031926173716783524 211
1646514399488 0.038669340312480927 212
1646514399863 0.024838075041770935 213
1646514400311 0.0279582217335701 214
1646514400680 0.027332378551363945 215
1646514401038 0.025886964052915573 216
1646514401385 0.021274734288454056 217
1646514401730 0.023501966148614883 218
1646514402100 0.012947794049978256 219
1646514402438 0.011710898019373417 220
1646514402945 0.03210081532597542 221
1646514403332 0.010266566649079323 222
1646514403694 0.02744937315583229 223
1646514404215 0.01824379339814186 224
1646514404531 0.044798556715250015 225
1646514404850 0.020734552294015884 226
1646514405164 0.01245960034430027 227
1646514405469 0.03130977973341942 228
1646514405790 0.021985232830047607 229
1646514406123 0.022691527381539345 230
1646514406576 0.007758336141705513 231
1646514406989 0.01609077863395214 232
1646514407370 0.010156999342143536 233
1646514407886 0.038312558084726334 234
1646514408210 0.02681121416389942 235
1646514408532 0.01415205653756857 236
1646514408844 0.00978618673980236 237
1646514409165 0.045669443905353546 238
1646514409486 0.026019850745797157 239
1646514409815 0.009581820107996464 240
1646514410204 0.023914707824587822 241
1646514410642 0.009227031841874123 242
1646514411017 0.035790618509054184 243
1646514411406 0.012670799158513546 244
1646514411818 0.030158404260873795 245
1646514412137 0.017648473381996155 246
1646514412443 0.053316086530685425 247
1646514412744 0.014213389717042446 248
1646514413114 0.013830305077135563 249
1646514413426 0.013434085994958878 250
1646514413737 0.026779048144817352 251
1646514414252 0.0225946307182312 252
1646514414615 0.007564624305814505 253
1646514415033 0.01508298423141241 254
1646514415545 0.026158234104514122 255
1646514415855 0.00911097601056099 256
1646514416176 0.022778013721108437 257
1646514416477 0.030318019911646843 258
1646514416799 0.010395229794085026 259
1646514417146 0.012738275341689587 260
1646514417530 0.010748284868896008 261
1646514418158 0.016783032566308975 262
1646514418586 0.0122637078166008 263
1646514419004 0.02209319733083248 264
1646514419461 0.018284199759364128 265
1646514419764 0.023670731112360954 266
1646514420089 0.005839277058839798 267
1646514420392 0.00645983824506402 268
1646514420707 0.017957743257284164 269
1646514421023 0.015612035058438778 270
1646514421412 0.015164629556238651 271
1646514421876 0.013828353025019169 272
1646514422256 0.030674561858177185 273
1646514422695 0.008382696658372879 274
1646514423070 0.012823243625462055 275
1646514423350 0.015574940480291843 276
1646514423666 0.025398705154657364 277
1646514423966 0.015326068736612797 278
1646514424269 0.012591632083058357 279
1646514424597 0.009980469942092896 280
1646514424909 0.026696601882576942 281
1646514425441 0.01287701167166233 282
1646514425838 0.02123262546956539 283
1646514426217 0.009970254264771938 284
1646514426675 0.013186019845306873 285
1646514426986 0.0308141577988863 286
1646514427294 0.010968433693051338 287
1646514427645 0.007550419308245182 288
1646514427940 0.012135602533817291 289
1646514428257 0.010091874748468399 290
1646514428588 0.010711606591939926 291
1646514429082 0.00685838982462883 292
1646514429462 0.006588069722056389 293
1646514429828 0.010207868181169033 294
1646514430341 0.014634104445576668 295
1646514430650 0.011312001384794712 296
1646514430950 0.01681833527982235 297
1646514431277 0.009453363716602325 298
1646514431574 0.01656023971736431 299
