1646496945306 0.6111111044883728 0
1646496945757 0.6898148059844971 1
1646496946145 0.7129629850387573 2
1646496946455 0.7777777910232544 3
1646496946835 0.8287037014961243 4
1646496947294 0.8611111044883728 5
1646496947830 0.8611111044883728 6
1646496948183 0.8657407164573669 7
1646496948498 0.8981481194496155 8
1646496948831 0.9351851940155029 9
1646496949143 0.9212962985038757 10
1646496949480 0.9212962985038757 11
1646496949879 0.9166666865348816 12
1646496950195 0.9490740895271301 13
1646496950516 0.9490740895271301 14
1646496950886 0.9583333134651184 15
1646496951373 0.9675925970077515 16
1646496951776 0.9814814925193787 17
1646496952136 0.9907407164573669 18
1646496952475 0.9861111044883728 19
1646496952815 0.9722222089767456 20
1646496953138 0.9675925970077515 21
1646496953464 0.9722222089767456 22
1646496953796 1.0 23
1646496954122 0.9907407164573669 24
1646496954545 0.9953703880310059 25
1646496954944 1.0 26
1646496955411 1.0 27
1646496955817 1.0 28
1646496956169 0.9953703880310059 29
1646496956603 1.0 30
1646496956948 1.0 31
1646496957284 1.0 32
1646496957607 0.9953703880310059 33
1646496957932 1.0 34
1646496958256 1.0 35
1646496958698 0.9953703880310059 36
1646496959314 1.0 37
1646496959873 1.0 38
1646496960476 1.0 39
1646496960913 0.9953703880310059 40
1646496961315 1.0 41
1646496961749 1.0 42
1646496962256 0.9953703880310059 43
1646496963055 1.0 44
1646496964035 1.0 45
1646496964628 1.0 46
1646496965087 1.0 47
1646496965424 1.0 48
1646496965763 1.0 49
1646496966119 1.0 50
1646496966472 1.0 51
1646496966815 1.0 52
1646496967173 1.0 53
1646496967726 1.0 54
1646496968205 1.0 55
1646496968658 1.0 56
1646496969017 1.0 57
1646496969356 1.0 58
1646496969676 1.0 59
1646496969974 1.0 60
1646496970272 1.0 61
1646496970555 1.0 62
1646496970853 1.0 63
1646496971145 1.0 64
1646496971504 1.0 65
1646496971957 1.0 66
1646496972314 1.0 67
1646496972623 1.0 68
1646496973003 1.0 69
1646496973363 1.0 70
1646496973698 1.0 71
1646496974017 1.0 72
1646496974355 1.0 73
1646496974729 1.0 74
1646496975085 1.0 75
1646496975449 0.9953703880310059 76
1646496976001 1.0 77
1646496976437 1.0 78
1646496976887 1.0 79
1646496977287 1.0 80
1646496977682 1.0 81
1646496978015 1.0 82
1646496978353 1.0 83
1646496978669 1.0 84
1646496978976 1.0 85
1646496979312 1.0 86
1646496979869 1.0 87
1646496980322 1.0 88
1646496980723 1.0 89
1646496981103 1.0 90
1646496981405 1.0 91
1646496981801 1.0 92
1646496982114 0.9953703880310059 93
1646496982415 1.0 94
1646496982721 1.0 95
1646496983067 1.0 96
1646496983441 1.0 97
1646496983941 1.0 98
1646496984450 1.0 99
1646496984857 1.0 100
1646496985404 1.0 101
1646496985830 1.0 102
1646496986246 1.0 103
1646496986646 1.0 104
1646496987005 1.0 105
1646496987381 1.0 106
1646496987792 1.0 107
1646496988371 1.0 108
1646496988832 1.0 109
1646496989223 1.0 110
