1646496945306 1.0746307373046875 0
1646496945757 0.7285682559013367 1
1646496946145 0.6386902928352356 2
1646496946455 0.528047502040863 3
1646496946835 0.46978098154067993 4
1646496947294 0.39342033863067627 5
1646496947830 0.34012293815612793 6
1646496948183 0.3327825963497162 7
1646496948498 0.24918319284915924 8
1646496948831 0.19499795138835907 9
1646496949143 0.18562619388103485 10
1646496949480 0.17685696482658386 11
1646496949879 0.18574506044387817 12
1646496950195 0.13655613362789154 13
1646496950516 0.12185075879096985 14
1646496950886 0.11549220234155655 15
1646496951373 0.1043478325009346 16
1646496951776 0.0653376653790474 17
1646496952136 0.04564774036407471 18
1646496952475 0.05215595290064812 19
1646496952815 0.0644659474492073 20
1646496953138 0.08018656075000763 21
1646496953464 0.08765517920255661 22
1646496953796 0.032387830317020416 23
1646496954122 0.05397932976484299 24
1646496954545 0.025272473692893982 25
1646496954944 0.017799345776438713 26
1646496955411 0.012521417811512947 27
1646496955817 0.015694063156843185 28
1646496956169 0.0154274245724082 29
1646496956603 0.015045953914523125 30
1646496956948 0.0056121814996004105 31
1646496957284 0.010673576034605503 32
1646496957607 0.01661042869091034 33
1646496957932 0.009825047105550766 34
1646496958256 0.008466677740216255 35
1646496958698 0.008546948432922363 36
1646496959314 0.006112565752118826 37
1646496959873 0.0069373734295368195 38
1646496960476 0.0036987210623919964 39
1646496960913 0.009974642656743526 40
1646496961315 0.010021083988249302 41
1646496961749 0.005701261572539806 42
1646496962256 0.0069891056045889854 43
1646496963055 0.007705738302320242 44
1646496964035 0.002499249530956149 45
1646496964628 0.0029713588301092386 46
1646496965087 0.004266441334038973 47
1646496965424 0.0026261641178280115 48
1646496965763 0.0015569559764117002 49
1646496966119 0.0025291680358350277 50
1646496966472 0.005603015422821045 51
1646496966815 0.009289758279919624 52
1646496967173 0.0017682460602372885 53
1646496967726 0.0067794970236718655 54
1646496968205 0.004438315983861685 55
1646496968658 0.003468746319413185 56
1646496969017 0.005827039014548063 57
1646496969356 0.0012466160114854574 58
1646496969676 0.002835591323673725 59
1646496969974 0.0013008549576625228 60
1646496970272 0.0018118044827133417 61
1646496970555 0.000759399903472513 62
1646496970853 0.0011471784673631191 63
1646496971145 0.0011001029051840305 64
1646496971504 0.002676132135093212 65
1646496971957 0.0025577296037226915 66
1646496972314 0.0008986996836028993 67
1646496972623 0.0011971077183261514 68
1646496973003 0.0014449513982981443 69
1646496973363 0.0006237838533706963 70
1646496973698 0.0010197808733209968 71
1646496974017 0.0007294330280274153 72
1646496974355 0.0011487748706713319 73
1646496974729 0.0007543188985437155 74
1646496975085 0.0010308234486728907 75
1646496975449 0.011637099087238312 76
1646496976001 0.0035448861308395863 77
1646496976437 0.0012253745226189494 78
1646496976887 0.0024420127738267183 79
1646496977287 0.003126721363514662 80
1646496977682 0.0010259373812004924 81
1646496978015 0.0006367163150571287 82
1646496978353 0.0004268437623977661 83
1646496978669 0.0011846876004710793 84
1646496978976 0.001130020129494369 85
1646496979312 0.0004905566456727684 86
1646496979869 0.00020566162129398435 87
1646496980322 0.0002705798833630979 88
1646496980723 0.000388158718124032 89
1646496981103 0.0007704755989834666 90
1646496981405 0.0005831560702063143 91
1646496981801 0.0018745501292869449 92
1646496982114 0.013732110150158405 93
1646496982415 0.0031248379964381456 94
1646496982721 0.0058968160301446915 95
1646496983067 0.0007866260712035 96
1646496983441 0.0018607127713039517 97
1646496983941 0.0010944594396278262 98
1646496984450 0.0007346478523686528 99
1646496984857 0.00296596041880548 100
1646496985404 0.0018851554486900568 101
1646496985830 0.0005600336007773876 102
1646496986246 0.0003135422011837363 103
1646496986646 0.0007302396697923541 104
1646496987005 0.0004529134021140635 105
1646496987381 0.00017442899115849286 106
1646496987792 0.0035025272518396378 107
1646496988371 0.004225958604365587 108
1646496988832 0.00020117675012443215 109
1646496989223 0.002330463845282793 110
