1647221135040 0.5365079641342163 0
1647221143568 0.8126984238624573 1
1647221152052 0.8984127044677734 2
1647221162206 0.9174603223800659 3
1647221170615 0.9555555582046509 4
1647221179142 0.9777777791023254 5
1647221189402 0.9809523820877075 6
1647221197980 0.9809523820877075 7
1647221208024 0.9936507940292358 8
1647221216580 0.9873015880584717 9
1647221225150 0.9873015880584717 10
1647221235396 0.9841269850730896 11
1647221243951 0.9904761910438538 12
1647221252368 0.9873015880584717 13
1647221262618 1.0 14
1647221272874 0.9936507940292358 15
1647221281283 0.9968253970146179 16
1647221290149 0.9904761910438538 17
1647221298614 0.9936507940292358 18
1647221307102 1.0 19
1647221315535 0.9936507940292358 20
1647221325776 1.0 21
1647221336101 1.0 22
1647221381589 0.9904761910438538 23
