1647221135040 1.085518479347229 0
1647221143568 0.5161994695663452 1
1647221152052 0.3278668224811554 2
1647221162206 0.24850313365459442 3
1647221170615 0.1664362996816635 4
1647221179142 0.09214252233505249 5
1647221189402 0.08723758161067963 6
1647221197980 0.07062464207410812 7
1647221208024 0.05510148033499718 8
1647221216580 0.06151702627539635 9
1647221225150 0.04956357181072235 10
1647221235396 0.049400173127651215 11
1647221243951 0.04785548523068428 12
1647221252368 0.04012144356966019 13
1647221262618 0.022150332108139992 14
1647221272874 0.03497845306992531 15
1647221281283 0.013991670683026314 16
1647221290149 0.025210196152329445 17
1647221298614 0.026668230071663857 18
1647221307102 0.01079191267490387 19
1647221315535 0.022901030257344246 20
1647221325776 0.013440106064081192 21
1647221336101 0.004858131054788828 22
1647221381589 0.04785548523068428 23
