1646475277034 0.19907407462596893 0
1646475277334 0.2222222238779068 1
1646475277619 0.23148147761821747 2
1646475277907 0.23148147761821747 3
1646475278372 0.2361111044883728 4
1646475278707 0.2638888955116272 5
1646475279020 0.24074074625968933 6
1646475279427 0.28703704476356506 7
1646475279723 0.25 8
1646475280006 0.3055555522441864 9
1646475280290 0.3055555522441864 10
1646475280559 0.3194444477558136 11
1646475280837 0.33796295523643494 12
1646475281123 0.32870370149612427 13
1646475281409 0.36574074625968933 14
1646475281723 0.35185185074806213 15
1646475282167 0.39814814925193787 16
1646475282511 0.37962964177131653 17
1646475282827 0.39814814925193787 18
1646475283234 0.41203704476356506 19
1646475283512 0.39351850748062134 20
1646475283800 0.39814814925193787 21
1646475284069 0.41203704476356506 22
1646475284351 0.43518519401550293 23
1646475284645 0.41203704476356506 24
1646475284920 0.43981480598449707 25
1646475285183 0.4027777910232544 26
1646475285520 0.49074074625968933 27
1646475286091 0.49537035822868347 28
1646475286507 0.46296295523643494 29
1646475286932 0.46296295523643494 30
1646475287313 0.5092592835426331 31
1646475287646 0.5138888955116272 32
1646475287966 0.5185185074806213 33
1646475288278 0.46296295523643494 34
1646475288567 0.5185185074806213 35
1646475288849 0.5231481194496155 36
1646475289149 0.6018518805503845 37
1646475289588 0.5416666865348816 38
1646475289898 0.6111111044883728 39
1646475290222 0.5648148059844971 40
1646475290675 0.5694444179534912 41
1646475290939 0.6296296119689941 42
1646475291224 0.5787037014961243 43
1646475291500 0.6435185074806213 44
1646475291779 0.6527777910232544 45
1646475292057 0.5787037014961243 46
1646475292341 0.625 47
1646475292626 0.6342592835426331 48
1646475292904 0.6018518805503845 49
1646475293340 0.5925925970077515 50
1646475293692 0.6111111044883728 51
1646475293977 0.6018518805503845 52
1646475294393 0.6296296119689941 53
1646475294662 0.6944444179534912 54
1646475294947 0.6064814925193787 55
1646475295228 0.6759259104728699 56
1646475295512 0.6527777910232544 57
1646475295795 0.6342592835426331 58
1646475296082 0.6388888955116272 59
1646475296358 0.6898148059844971 60
1646475296654 0.6712962985038757 61
1646475297124 0.6759259104728699 62
1646475297445 0.6712962985038757 63
1646475297777 0.6435185074806213 64
1646475298177 0.7175925970077515 65
1646475298453 0.6574074029922485 66
1646475298736 0.6296296119689941 67
1646475299017 0.6898148059844971 68
1646475299290 0.7129629850387573 69
1646475299579 0.7222222089767456 70
1646475299860 0.7037037014961243 71
1646475300160 0.7407407164573669 72
1646475300460 0.7592592835426331 73
1646475300919 0.7592592835426331 74
1646475301235 0.7546296119689941 75
1646475301586 0.7314814925193787 76
1646475301992 0.7592592835426331 77
1646475302267 0.7870370149612427 78
1646475302555 0.7407407164573669 79
1646475302839 0.8101851940155029 80
1646475303121 0.7685185074806213 81
1646475303397 0.7685185074806213 82
1646475303699 0.7175925970077515 83
1646475303979 0.8009259104728699 84
1646475304388 0.7962962985038757 85
1646475305296 0.7685185074806213 86
1646475305607 0.7916666865348816 87
1646475306070 0.8333333134651184 88
1646475306508 0.8564814925193787 89
1646475306808 0.8287037014961243 90
1646475307091 0.7638888955116272 91
1646475307379 0.7916666865348816 92
1646475307685 0.8240740895271301 93
1646475308109 0.8425925970077515 94
1646475308487 0.8055555820465088 95
1646475308853 0.8379629850387573 96
1646475309324 0.8518518805503845 97
1646475309633 0.8287037014961243 98
1646475309908 0.8379629850387573 99
1646475310187 0.8287037014961243 100
1646475310487 0.8472222089767456 101
1646475310775 0.8379629850387573 102
1646475311057 0.8101851940155029 103
1646475311344 0.8518518805503845 104
1646475311731 0.8472222089767456 105
1646475312122 0.8796296119689941 106
1646475312454 0.8472222089767456 107
1646475312824 0.8472222089767456 108
1646475313170 0.8518518805503845 109
1646475313456 0.8703703880310059 110
1646475313755 0.9120370149612427 111
1646475314032 0.8888888955116272 112
1646475314302 0.9074074029922485 113
1646475314594 0.8518518805503845 114
1646475314886 0.8425925970077515 115
1646475315155 0.9212962985038757 116
1646475315619 0.9074074029922485 117
1646475315951 0.8981481194496155 118
1646475316296 0.9212962985038757 119
1646475316696 0.9074074029922485 120
1646475316999 0.8981481194496155 121
1646475317299 0.875 122
1646475317581 0.8564814925193787 123
1646475317867 0.9074074029922485 124
1646475318144 0.8796296119689941 125
1646475318439 0.9027777910232544 126
1646475318744 0.8935185074806213 127
1646475319136 0.9074074029922485 128
1646475319503 0.9120370149612427 129
1646475319871 0.8842592835426331 130
1646475320240 0.8842592835426331 131
1646475320593 0.9259259104728699 132
1646475320875 0.9120370149612427 133
1646475321161 0.8888888955116272 134
1646475321442 0.9027777910232544 135
1646475321748 0.9166666865348816 136
1646475322027 0.9074074029922485 137
1646475322328 0.9027777910232544 138
1646475322627 0.8981481194496155 139
1646475323075 0.9074074029922485 140
1646475323404 0.8981481194496155 141
1646475323728 0.9305555820465088 142
1646475324144 0.8935185074806213 143
1646475324444 0.9074074029922485 144
1646475324748 0.8796296119689941 145
1646475325016 0.9537037014961243 146
1646475325290 0.9305555820465088 147
1646475325581 0.9259259104728699 148
1646475325846 0.9490740895271301 149
1646475326148 0.9259259104728699 150
1646475326447 0.9583333134651184 151
1646475326896 0.8888888955116272 152
1646475327244 0.9537037014961243 153
1646475327576 0.9490740895271301 154
1646475327969 0.9259259104728699 155
1646475328250 0.9166666865348816 156
1646475328554 0.9444444179534912 157
1646475328860 0.9398148059844971 158
1646475329194 0.9444444179534912 159
1646475329494 0.9166666865348816 160
1646475329841 0.9259259104728699 161
1646475330273 0.9305555820465088 162
1646475330749 0.9444444179534912 163
1646475331129 0.9629629850387573 164
1646475331580 0.9629629850387573 165
1646475331849 0.9351851940155029 166
1646475332137 0.9259259104728699 167
1646475332413 0.9398148059844971 168
1646475332705 0.9444444179534912 169
1646475332982 0.9166666865348816 170
1646475333283 0.9120370149612427 171
1646475333587 0.9490740895271301 172
1646475333973 0.9490740895271301 173
1646475334348 0.9444444179534912 174
1646475334693 0.9444444179534912 175
1646475335079 0.9305555820465088 176
1646475335445 0.9675925970077515 177
1646475335719 0.9722222089767456 178
1646475336009 0.9351851940155029 179
1646475336293 0.9629629850387573 180
1646475336562 0.9444444179534912 181
1646475336853 0.9675925970077515 182
1646475337152 0.9675925970077515 183
1646475337441 0.9537037014961243 184
1646475337885 0.9583333134651184 185
1646475338219 0.9814814925193787 186
1646475338563 0.9629629850387573 187
1646475338985 0.9120370149612427 188
1646475339263 0.9814814925193787 189
1646475339539 0.9583333134651184 190
1646475339818 0.9305555820465088 191
1646475340103 0.9490740895271301 192
1646475340387 0.9583333134651184 193
1646475340679 0.9212962985038757 194
1646475340967 0.9722222089767456 195
1646475341319 0.9629629850387573 196
1646475341728 0.9490740895271301 197
1646475342056 0.9629629850387573 198
1646475342409 0.9629629850387573 199
1646475342812 0.9490740895271301 200
1646475343081 0.9583333134651184 201
1646475343367 0.9722222089767456 202
1646475343658 0.9722222089767456 203
1646475343948 0.9629629850387573 204
1646475344233 0.9444444179534912 205
1646475344554 0.9537037014961243 206
1646475344851 0.9722222089767456 207
1646475345324 0.9629629850387573 208
1646475345648 1.0 209
1646475345977 0.9583333134651184 210
1646475346394 0.9444444179534912 211
1646475346679 0.9675925970077515 212
1646475346958 0.9490740895271301 213
1646475347252 0.9629629850387573 214
1646475347537 0.9583333134651184 215
1646475347830 0.9583333134651184 216
1646475348095 0.9583333134651184 217
1646475348398 0.9768518805503845 218
1646475348781 0.9722222089767456 219
1646475349162 0.9768518805503845 220
1646475349515 0.9583333134651184 221
1646475349853 0.9537037014961243 222
1646475350232 0.9583333134651184 223
1646475350501 0.9675925970077515 224
1646475350785 0.9722222089767456 225
1646475351074 0.9861111044883728 226
1646475351351 0.9768518805503845 227
1646475351641 0.9537037014961243 228
1646475351937 0.9583333134651184 229
1646475352220 0.9722222089767456 230
1646475352692 0.9583333134651184 231
1646475353024 0.9537037014961243 232
1646475353324 0.9629629850387573 233
1646475353798 0.9722222089767456 234
1646475354058 0.9490740895271301 235
1646475354343 0.9537037014961243 236
1646475354616 0.9861111044883728 237
1646475354904 0.9722222089767456 238
1646475355175 0.9351851940155029 239
1646475355460 0.9351851940155029 240
1646475355763 0.9629629850387573 241
1646475356176 0.9675925970077515 242
1646475356530 0.9675925970077515 243
1646475356896 0.9537037014961243 244
1646475357261 0.9907407164573669 245
1646475357610 0.9537037014961243 246
1646475357888 0.9583333134651184 247
1646475358166 0.9814814925193787 248
1646475358449 0.9768518805503845 249
1646475358750 0.9351851940155029 250
1646475359031 0.9722222089767456 251
1646475359329 0.9768518805503845 252
1646475359614 0.9722222089767456 253
1646475360074 0.9768518805503845 254
1646475360415 0.9907407164573669 255
1646475360772 0.9537037014961243 256
1646475361176 0.9583333134651184 257
1646475361457 0.9583333134651184 258
1646475361747 0.9583333134651184 259
1646475362023 0.9675925970077515 260
1646475362311 0.9629629850387573 261
1646475362643 0.9629629850387573 262
1646475362933 0.9722222089767456 263
1646475363207 0.9907407164573669 264
1646475363609 0.9768518805503845 265
1646475363988 0.9768518805503845 266
1646475364309 0.9907407164573669 267
1646475364669 0.9814814925193787 268
1646475365041 0.9675925970077515 269
1646475365315 0.9814814925193787 270
1646475365604 0.9814814925193787 271
1646475365884 0.9629629850387573 272
1646475366172 0.9814814925193787 273
1646475366447 0.9722222089767456 274
1646475366759 0.9583333134651184 275
1646475367033 0.9398148059844971 276
1646475367479 0.9768518805503845 277
1646475367852 0.9537037014961243 278
1646475368180 0.9444444179534912 279
1646475368603 0.9675925970077515 280
1646475368873 0.9675925970077515 281
1646475369154 0.9907407164573669 282
1646475369428 0.9537037014961243 283
1646475369715 0.9675925970077515 284
1646475369987 0.9629629850387573 285
1646475370275 0.9675925970077515 286
1646475370559 0.9861111044883728 287
1646475370857 0.9583333134651184 288
1646475371301 0.9768518805503845 289
1646475371652 0.9490740895271301 290
1646475372001 0.9722222089767456 291
1646475372450 0.9629629850387573 292
1646475372735 0.9675925970077515 293
1646475373013 0.9583333134651184 294
1646475373296 0.9583333134651184 295
1646475373570 0.9861111044883728 296
1646475373851 0.9629629850387573 297
1646475374137 0.9583333134651184 298
1646475374422 0.9722222089767456 299
