1646475275295 0.004 0
1646475276507 0.004000596800238801 1
1646475276560 0.004002387186114745 2
1646475276594 0.004005371113106879 3
1646475276619 0.004009548507014876 4
1646475276650 0.004014919263960817 5
1646475276681 0.004021483250391852 6
1646475276718 0.004029240303083395 7
1646475277070 0.004038190229143396 8
1646475277111 0.004048332806016894 9
1646475277134 0.004059667781491735 10
1646475277161 0.004072194873704721 11
1646475277193 0.004085913771148725 12
1646475277220 0.004100824132680342 13
1646475277251 0.004116925587528436 14
1646475277357 0.004134217735303369 15
1646475277397 0.004152700146006827 16
1646475277418 0.004172372360042753 17
1646475277451 0.004193233888228523 18
1646475277482 0.00421528421180728 19
1646475277518 0.00423852278246073 20
1646475277534 0.004262949022322882 21
1646475277654 0.004288562323994313 22
1646475277693 0.004315362050557339 23
1646475277719 0.004343347535591804 24
1646475277743 0.004372518083191737 25
1646475277774 0.004402872967982557 26
1646475277802 0.004434411435139132 27
1646475277835 0.004467132700404622 28
1646475277954 0.004501035950109908 29
1646475278017 0.004536120341193842 30
1646475278072 0.004572385001224186 31
1646475278121 0.0046098290284194154 32
1646475278182 0.00464845149167098 33
1646475278233 0.004688251430566573 34
1646475278287 0.00472922785541402 35
1646475278407 0.004771379747265783 36
1646475278445 0.004814706057944401 37
1646475278472 0.004859205710068537 38
1646475278510 0.004904877597079721 39
1646475278542 0.004951720583269897 40
1646475278583 0.004999733503809695 41
1646475278615 0.005048915164777332 42
1646475278730 0.005099264343188359 43
1646475278775 0.005150779787026036 44
1646475278806 0.0052034602152724735 45
1646475278842 0.0052573043179405116 46
1646475278873 0.005312310756106234 47
1646475278923 0.005368478161942372 48
1646475278945 0.005425805138752182 49
1646475279058 0.005484290261004263 50
1646475279099 0.005543932074367999 51
1646475279139 0.005604729095749744 52
1646475279173 0.005666679813329564 53
1646475279233 0.005729782686599044 54
1646475279273 0.005794036146399437 55
1646475279320 0.0058594385949607 56
1646475279473 0.005925988405941329 57
1646475279493 0.005993683924468696 58
1646475279527 0.006062523467180211 59
1646475279556 0.006132505322265253 60
1646475279589 0.00620362774950764 61
1646475279622 0.006275888980328992 62
1646475279653 0.006349287217832622 63
1646475279753 0.006423820636848349 64
1646475279793 0.006499487383977681 65
1646475279809 0.006576285577640131 66
1646475279845 0.006654213308119827 67
1646475279874 0.006733268637613102 68
1646475279905 0.006813449600276647 69
1646475279932 0.006894754202276393 70
1646475280035 0.006977180421837106 71
1646475280078 0.007060726209292614 72
1646475280094 0.007145389487136861 73
1646475280126 0.007231168150075476 74
1646475280157 0.007318060065078194 75
1646475280181 0.007406063071431879 76
1646475280212 0.007495174980794203 77
1646475280310 0.007585393577248162 78
1646475280349 0.007676716617357068 79
1646475280374 0.007769141830220441 80
1646475280399 0.007862666917530362 81
1646475280430 0.007957289553628788 82
1646475280462 0.008053007385565164 83
1646475280490 0.008149818033155162 84
1646475280595 0.008247719089039693 85
1646475280632 0.00834670811874487 86
1646475280648 0.008446782660742488 87
1646475280684 0.008547940226511286 88
1646475280715 0.008650178300598804 89
1646475280740 0.008753494340683884 90
1646475280774 0.00885788577763999 91
1646475280876 0.008963350015599003 92
1646475280898 0.009069884432015826 93
1646475280929 0.009177486377733593 94
1646475280954 0.009286153177049505 95
1646475280990 0.009395882127781405 96
1646475281012 0.009506670501334968 97
1646475281044 0.009618515542771502 98
1646475281147 0.009731414470876582 99
1646475281179 0.009845364478229035 100
1646475281210 0.009960362731270891 101
1646475281239 0.01007640637037778 102
1646475281275 0.010193492509930055 103
1646475281298 0.010311618238384529 104
1646475281330 0.010430780618346944 105
1646475281436 0.010550976686644925 106
1646475281476 0.010672203454401688 107
1646475281491 0.010794457907110436 108
1646475281523 0.010917737004709188 109
1646475281554 0.011042037681656541 110
1646475281592 0.011167356847007703 111
1646475281623 0.011293691384491558 112
1646475281771 0.011421038152587992 113
1646475281841 0.011549393984606124 114
1646475281888 0.011678755688762962 115
1646475281939 0.011809120048262886 116
1646475282000 0.011940483821377482 117
1646475282039 0.012072843741526285 118
1646475282080 0.012206196517358006 119
1646475282192 0.012340538832832246 120
1646475282235 0.01247586734730212 121
1646475282264 0.012612178695597207 122
1646475282302 0.012749469488107304 123
1646475282333 0.012887736310866635 124
1646475282364 0.013026975725638892 125
1646475282395 0.013167184270002533 126
1646475282552 0.013308358457437025 127
1646475282580 0.013450494777409519 128
1646475282611 0.013593589695462094 129
1646475282649 0.01373763965329973 130
1646475282680 0.013882641068878668 131
1646475282709 0.014028590336495617 132
1646475282749 0.01417548382687736 133
1646475282855 0.014323317887270925 134
1646475282898 0.014472088841534572 135
1646475282932 0.014621792990229088 136
1646475283004 0.014772426610709821 137
1646475283036 0.014923985957219221 138
1646475283143 0.015076467260980053 139
1646475283166 0.01522986673028906 140
1646475283260 0.01538418055061122 141
1646475283301 0.01553940488467466 142
1646475283318 0.015695535872566085 143
1646475283352 0.01585256963182667 144
1646475283384 0.016010502257548756 145
1646475283415 0.016169329822472794 146
1646475283431 0.016329048377085084 147
1646475283539 0.016489653949715966 148
1646475283576 0.016651142546638617 149
1646475283607 0.01681351015216835 150
1646475283636 0.016976752728762368 151
1646475283666 0.01714086621712034 152
1646475283691 0.01730584653628521 153
1646475283723 0.017471689583744746 154
1646475283820 0.017638391235533513 155
1646475283850 0.017805947346335463 156
1646475283885 0.017974353749586933 157
1646475283907 0.01814360625758038 158
1646475283938 0.018313700661568413 159
1646475283963 0.01848463273186851 160
1646475283994 0.018656398217968134 161
1646475284089 0.018828992848630502 162
1646475284129 0.019002412332000743 163
1646475284151 0.019176652355712642 164
1646475284181 0.019351708586995878 165
1646475284212 0.01952757667278375 166
1646475284241 0.019704252239821474 167
1646475284266 0.01988173089477481 168
1646475284381 0.020060008224339468 169
1646475284420 0.02023907979535075 170
1646475284437 0.020418941154893788 171
1646475284471 0.02059958783041435 172
1646475284502 0.02078101532982994 173
1646475284527 0.020963219141641634 174
1646475284567 0.021146194735046114 175
1646475284669 0.02132993756004853 176
1646475284706 0.021514443047575424 177
1646475284722 0.02169970660958853 178
1646475284758 0.02188572363919876 179
1646475284789 0.022072489510780793 180
1646475284818 0.02225999958008809 181
1646475284852 0.022448249184368413 182
1646475284956 0.0226372336424797 183
1646475284972 0.022826948255006557 184
1646475285003 0.023017388304377093 185
1646475285034 0.02320854905498014 186
1646475285068 0.023400425753283174 187
1646475285089 0.023593013627950354 188
1646475285120 0.023786307889961292 189
1646475285221 0.02398030373273008 190
1646475285259 0.02417499633222485 191
1646475285274 0.024370380847087675 192
1646475285308 0.024566452418755005 193
1646475285339 0.024763206171578483 194
1646475285365 0.024960637212946155 195
1646475285396 0.02515874063340416 196
1646475285620 0.0253575115067788 197
1646475285715 0.025556944890299083 198
1646475285776 0.025757035824719512 199
1646475285837 0.025957779334443556 200
1646475285886 0.026159170427647246 201
1646475285928 0.026361204096403426 202
1646475285969 0.026563875316806165 203
1646475286131 0.026767179049095785 204
1646475286172 0.026971110237784104 205
1646475286212 0.0271756638117802 206
1646475286261 0.027380834684516506 207
1646475286324 0.027586617754075282 208
1646475286365 0.027793007903315486 209
1646475286405 0.027999999999999997 210
1646475286547 0.02820758889692332 211
1646475286591 0.028415769432039453 212
1646475286628 0.028624536428590378 213
1646475286669 0.02883388469523468 214
1646475286709 0.02904380902617673 215
1646475286748 0.029254304201296072 216
1646475286780 0.029465364986277248 217
1646475286983 0.029676986132739974 218
1646475287024 0.029889162378369652 219
1646475287095 0.030101888447048183 220
1646475287136 0.0303151590489852 221
1646475287177 0.030528968880849647 222
1646475287205 0.030743312625901534 223
1646475287236 0.030958184954124293 224
1646475287346 0.03117358052235722 225
1646475287365 0.03138949397442836 226
1646475287416 0.03160591994128775 227
1646475287447 0.03182285304114085 228
1646475287478 0.03204028787958242 229
1646475287508 0.03225821904973064 230
1646475287546 0.03247664113236158 231
1646475287670 0.03269554869604396 232
1646475287707 0.03291493629727417 233
1646475287738 0.03313479848061167 234
1646475287770 0.03335512977881465 235
1646475287801 0.03357592471297598 236
1646475287834 0.033797177792659436 237
1646475287878 0.034018883516036214 238
1646475287993 0.03424103637002181 239
1646475288033 0.034463630830413025 240
1646475288047 0.03468666136202542 241
1646475288084 0.034910122418830875 242
1646475288116 0.035134008444095546 243
1646475288147 0.03535831387051806 244
1646475288178 0.035583033120367896 245
1646475288309 0.035808160605624154 246
1646475288350 0.036033690728114465 247
1646475288365 0.03625961787965419 248
1646475288399 0.03648593644218592 249
1646475288430 0.03671264078791915 250
1646475288456 0.03693972527947022 251
1646475288487 0.037167184270002526 252
1646475288593 0.03739501210336689 253
1646475288633 0.037623203114242276 254
1646475288663 0.0378517516282766 255
1646475288688 0.03808065196222787 256
1646475288719 0.038309898424105496 257
1646475288749 0.038539485313311875 258
1646475288780 0.038769406920784046 259
1646475288888 0.038999657529135756 260
1646475288927 0.039230231412799604 261
1646475288949 0.03946112283816936 262
1646475288973 0.03969232606374264 263
1646475289004 0.03992383534026359 264
1646475289033 0.040155644910865915 265
1646475289065 0.04038774901121596 266
1646475289190 0.04062014186965612 267
1646475289246 0.04085281770734836 268
1646475289296 0.041085770738417855 269
1646475289340 0.04131899517009691 270
1646475289391 0.04155248520286901 271
1646475289441 0.041786235030613024 272
1646475289490 0.04202023884074756 273
1646475289627 0.04225449081437555 274
1646475289670 0.042488985126428916 275
1646475289686 0.042723715945813444 276
1646475289722 0.04295867743555375 277
1646475289753 0.04319386375293845 278
1646475289787 0.043429269049665445 279
1646475289821 0.04366488747198734 280
1646475289938 0.04390071316085705 281
1646475289983 0.0441367402520734 282
1646475290014 0.044372962876427044 283
1646475290039 0.0446093751598464 284
1646475290070 0.04484597122354363 285
1646475290105 0.04508274518416096 286
1646475290137 0.04531969115391687 287
1646475290257 0.04555680324075254 288
1646475290300 0.045794075548478405 289
1646475290337 0.04603150217692071 290
1646475290369 0.046269077222068286 291
1646475290415 0.046506794776219273 292
1646475290469 0.04674464892812815 293
1646475290539 0.046982633763152634 294
1646475290700 0.0472207433634008 295
1646475290723 0.04745897180787822 296
1646475290758 0.047697313172635196 297
1646475290783 0.047935761530914084 298
1646475290815 0.048174310953296676 299
1646475290839 0.048412955507851636 300
1646475290869 0.048651689260281995 301
1646475290967 0.04889050627407272 302
1646475291006 0.04912940061063836 303
1646475291039 0.04936836632947072 304
1646475291058 0.04960739748828654 305
1646475291090 0.049846488143175285 306
1646475291124 0.05008563234874696 307
1646475291139 0.05032482415827995 308
1646475291244 0.050564057623868876 309
1646475291281 0.050803326796572505 310
1646475291312 0.051042625726561694 311
1646475291337 0.05128194846326735 312
1646475291369 0.05152128905552836 313
1646475291400 0.051760641551739615 314
1646475291424 0.052000000000000005 315
1646475291526 0.05223935844826039 316
1646475291564 0.052478710944471645 317
1646475291596 0.052718051536732646 318
1646475291626 0.0529573742734383 319
1646475291657 0.0531966732034275 320
1646475291682 0.05343594237613112 321
1646475291713 0.05367517584172004 322
1646475291802 0.05391436765125303 323
1646475291841 0.0541535118568247 324
1646475291859 0.054392602511713475 325
1646475291896 0.05463163367052929 326
1646475291926 0.054870599389361646 327
1646475291957 0.0551094937259273 328
1646475291988 0.05534831073971802 329
1646475292088 0.055587044492148366 330
1646475292127 0.05582568904670332 331
1646475292142 0.05606423846908592 332
1646475292180 0.056302686827364806 333
1646475292211 0.056541028192121784 334
1646475292240 0.0567792566365992 335
1646475292271 0.05701736623684736 336
1646475292368 0.05725535107187185 337
1646475292407 0.05749320522378073 338
1646475292426 0.05773092277793172 339
1646475292459 0.05796849782307928 340
1646475292490 0.05820592445152159 341
1646475292526 0.05844319675924745 342
1646475292542 0.058680308846083135 343
1646475292662 0.05891725481583904 344
1646475292700 0.05915402877645638 345
1646475292726 0.05939062484015362 346
1646475292748 0.059627037123572965 347
1646475292780 0.05986325974792661 348
1646475292805 0.060099286839142965 349
1646475292826 0.06033511252801266 350
1646475292955 0.06057073095033456 351
1646475293009 0.060806136247061555 352
1646475293043 0.06104132256444625 353
1646475293089 0.06127628405418655 354
1646475293139 0.06151101487357108 355
1646475293190 0.06174550918562445 356
1646475293241 0.061979761159252446 357
1646475293383 0.06221376496938698 358
1646475293414 0.06244751479713099 359
1646475293435 0.0626810048299031 360
1646475293463 0.06291422926158215 361
1646475293509 0.06314718229265165 362
1646475293533 0.06337985813034389 363
1646475293580 0.06361225098878405 364
1646475293722 0.06384435508913411 365
1646475293762 0.06407616465973642 366
1646475293778 0.06430767393625736 367
1646475293812 0.06453887716183064 368
1646475293836 0.0647697685872004 369
1646475293869 0.06500034247086425 370
1646475293900 0.06523059307921597 371
1646475294021 0.06546051468668813 372
1646475294039 0.0656901015758945 373
1646475294074 0.06591934803777214 374
1646475294103 0.06614824837172341 375
1646475294137 0.06637679688575773 376
1646475294165 0.0666049878966331 377
1646475294212 0.06683281572999747 378
1646475294413 0.06706027472052978 379
1646475294453 0.06728735921208084 380
1646475294478 0.06751406355781409 381
1646475294502 0.0677403821203458 382
1646475294533 0.06796630927188553 383
1646475294567 0.06819183939437584 384
1646475294601 0.0684169668796321 385
1646475294698 0.06864168612948196 386
1646475294737 0.06886599155590446 387
1646475294762 0.06908987758116913 388
1646475294787 0.06931333863797458 389
1646475294818 0.06953636916958697 390
1646475294847 0.06975896362997819 391
1646475294878 0.06998111648396378 392
1646475294974 0.07020282220734056 393
1646475295011 0.07042407528702402 394
1646475295027 0.07064487022118535 395
1646475295062 0.07086520151938834 396
1646475295094 0.07108506370272583 397
1646475295122 0.07130445130395605 398
1646475295153 0.07152335886763841 399
1646475295250 0.07174178095026935 400
1646475295287 0.07195971212041757 401
1646475295303 0.07217714695885914 402
1646475295337 0.07239408005871224 403
1646475295378 0.07261050602557165 404
1646475295408 0.07282641947764279 405
1646475295424 0.07304181504587573 406
1646475295530 0.07325668737409848 407
1646475295567 0.07347103111915038 408
1646475295598 0.0736848409510148 409
1646475295633 0.07389811155295183 410
1646475295663 0.07411083762163034 411
1646475295696 0.07432301386726002 412
1646475295727 0.07453463501372275 413
1646475295822 0.07474569579870394 414
1646475295860 0.07495619097382326 415
1646475295879 0.07516611530476532 416
1646475295911 0.07537546357140963 417
1646475295942 0.07558423056796054 418
1646475295977 0.07579241110307669 419
1646475296008 0.076 420
1646475296105 0.07620699209668452 421
1646475296142 0.07641338224592471 422
1646475296164 0.07661916531548349 423
1646475296191 0.07682433618821982 424
1646475296222 0.0770288897622159 425
1646475296249 0.07723282095090424 426
1646475296279 0.07743612468319383 427
1646475296384 0.07763879590359658 428
1646475296428 0.07784082957235275 429
1646475296459 0.07804222066555645 430
1646475296477 0.0782429641752805 431
1646475296509 0.07844305510970093 432
1646475296537 0.0786424884932212 433
1646475296564 0.07884125936659585 434
1646475296715 0.07903936278705387 435
1646475296764 0.07923679382842153 436
1646475296811 0.079433547581245 437
1646475296867 0.07962961915291233 438
1646475296918 0.07982500366777515 439
1646475296976 0.0800196962672699 440
1646475297019 0.0802136921100387 441
1646475297143 0.08040698637204964 442
1646475297186 0.08059957424671685 443
1646475297217 0.08079145094501985 444
1646475297257 0.08098261169562293 445
1646475297273 0.08117305174499345 446
1646475297317 0.08136276635752032 447
1646475297358 0.0815517508156316 448
1646475297472 0.08174000041991192 449
1646475297513 0.08192751048921922 450
1646475297544 0.08211427636080125 451
1646475297580 0.08230029339041146 452
1646475297612 0.08248555695242459 453
1646475297657 0.08267006243995148 454
1646475297689 0.0828538052649539 455
1646475297800 0.08303678085835839 456
1646475297842 0.08321898467017007 457
1646475297858 0.08340041216958566 458
1646475297894 0.08358105884510621 459
1646475297925 0.08376092020464924 460
1646475297998 0.08393999177566053 461
1646475298074 0.08411826910522519 462
1646475298200 0.08429574776017855 463
1646475298241 0.08447242332721626 464
1646475298258 0.08464829141300415 465
1646475298290 0.08482334764428737 466
1646475298321 0.08499758766799928 467
1646475298346 0.08517100715136951 468
1646475298374 0.08534360178203187 469
1646475298477 0.0855153672681315 470
1646475298515 0.0856862993384316 471
1646475298546 0.08585639374241963 472
1646475298578 0.08602564625041308 473
1646475298609 0.08619405265366455 474
1646475298637 0.0863616087644665 475
1646475298658 0.08652831041625525 476
1646475298763 0.0866941534637148 477
1646475298803 0.08685913378287967 478
1646475298835 0.08702324727123764 479
1646475298859 0.08718648984783166 480
1646475298890 0.08734885745336138 481
1646475298914 0.08751034605028403 482
1646475298946 0.08767095162291494 483
1646475299043 0.08783067017752721 484
1646475299081 0.08798949774245125 485
1646475299112 0.08814743036817332 486
1646475299137 0.08830446412743394 487
1646475299159 0.08846059511532535 488
1646475299190 0.0886158194493888 489
1646475299223 0.08877013326971095 490
1646475299318 0.08892353273901994 491
1646475299358 0.08907601404278077 492
1646475299391 0.08922757338929019 493
1646475299415 0.08937820700977092 494
1646475299446 0.08952791115846542 495
1646475299471 0.08967668211272907 496
1646475299503 0.08982451617312266 497
1646475299601 0.08997140966350438 498
1646475299641 0.09011735893112133 499
1646475299659 0.09026236034670027 500
1646475299697 0.0904064103045379 501
1646475299728 0.09054950522259048 502
1646475299760 0.09069164154256298 503
1646475299791 0.09083281572999748 504
1646475299889 0.09097302427436112 505
1646475299926 0.09111226368913336 506
1646475299957 0.0912505305118927 507
1646475299975 0.09138782130440279 508
1646475300007 0.09152413265269789 509
1646475300048 0.09165946116716775 510
1646475300075 0.091793803482642 511
1646475300184 0.09192715625847371 512
1646475300222 0.09205951617862253 513
1646475300238 0.09219087995173712 514
1646475300272 0.09232124431123703 515
1646475300303 0.09245060601539389 516
1646475300329 0.092578961847412 517
1646475300359 0.09270630861550845 518
1646475300509 0.0928326431529923 519
1646475300582 0.09295796231834347 520
1646475300629 0.09308226299529081 521
1646475300680 0.09320554209288957 522
1646475300733 0.09332779654559832 523
1646475300774 0.09344902331335508 524
1646475300822 0.09356921938165307 525
1646475300941 0.09368838176161547 526
1646475300981 0.09380650749006995 527
1646475301019 0.09392359362962223 528
1646475301054 0.09403963726872912 529
1646475301085 0.09415463552177097 530
1646475301128 0.09426858552912343 531
1646475301159 0.0943814844572285 532
1646475301266 0.09449332949866504 533
1646475301304 0.0946041178722186 534
1646475301335 0.09471384682295049 535
1646475301374 0.0948225136222664 536
1646475301404 0.09493011556798417 537
1646475301443 0.095036649984401 538
1646475301490 0.09514211422236002 539
1646475301609 0.09524650565931612 540
1646475301650 0.0953498216994012 541
1646475301681 0.09545205977348871 542
1646475301712 0.09555321733925752 543
1646475301783 0.09565329188125515 544
1646475301820 0.09575228091096032 545
1646475301893 0.09585018196684485 546
1646475302017 0.09594699261443485 547
1646475302060 0.09604271044637124 548
1646475302091 0.09613733308246963 549
1646475302111 0.09623085816977958 550
1646475302143 0.09632328338264294 551
1646475302170 0.09641460642275185 552
1646475302201 0.09650482501920579 553
1646475302304 0.09659393692856813 554
1646475302323 0.0966819399349218 555
1646475302357 0.09676883184992453 556
1646475302388 0.09685461051286315 557
1646475302419 0.0969392737907074 558
1646475302450 0.0970228195781629 559
1646475302478 0.0971052457977236 560
1646475302591 0.09718655039972335 561
1646475302630 0.09726673136238691 562
1646475302646 0.0973457866918802 563
1646475302676 0.09742371442235989 564
1646475302705 0.09750051261602233 565
1646475302731 0.09757617936315167 566
1646475302763 0.09765071278216737 567
1646475302863 0.09772411101967103 568
1646475302900 0.09779637225049237 569
1646475302921 0.09786749467773476 570
1646475302955 0.0979374765328198 571
1646475302986 0.09800631607553131 572
1646475303011 0.09807401159405868 573
1646475303043 0.09814056140503931 574
1646475303142 0.09820596385360059 575
1646475303181 0.09827021731340096 576
1646475303205 0.09833332018667043 577
1646475303238 0.09839527090425026 578
1646475303270 0.098456067925632 579
1646475303293 0.09851570973899575 580
1646475303321 0.09857419486124784 581
1646475303419 0.09863152183805765 582
1646475303459 0.09868768924389378 583
1646475303491 0.09874269568205951 584
1646475303517 0.09879653978472754 585
1646475303548 0.09884922021297397 586
1646475303586 0.09890073565681165 587
1646475303621 0.09895108483522268 588
1646475303722 0.09900026649619031 589
1646475303761 0.09904827941673011 590
1646475303777 0.09909512240292029 591
1646475303814 0.09914079428993147 592
1646475303845 0.0991852939420556 593
1646475303870 0.09922862025273423 594
1646475303906 0.09927077214458599 595
1646475304007 0.09931174856943342 596
1646475304046 0.09935154850832903 597
1646475304062 0.0993901709715806 598
1646475304106 0.09942761499877581 599
1646475304122 0.09946387965880618 600
1646475304166 0.0994989640498901 601
1646475304222 0.09953286729959539 602
1646475304422 0.09956558856486088 603
1646475304484 0.09959712703201745 604
1646475304533 0.09962748191680826 605
1646475304564 0.0996566524644082 606
1646475304629 0.09968463794944267 607
1646475304662 0.0997114376760057 608
1646475304706 0.09973705097767713 609
1646475305326 0.09976147721753928 610
1646475305366 0.09978471578819273 611
1646475305382 0.09980676611177149 612
1646475305423 0.09982762763995724 613
1646475305454 0.09984729985399317 614
1646475305470 0.09986578226469665 615
1646475305507 0.09988307441247157 616
1646475305634 0.09989917586731967 617
1646475305674 0.0999140862288513 618
1646475305707 0.09992780512629529 619
1646475305737 0.09994033221850827 620
1646475305768 0.0999516671939831 621
1646475305807 0.09996180977085661 622
1646475305845 0.0999707596969166 623
1646475306108 0.09997851674960817 624
1646475306126 0.09998508073603919 625
1646475306160 0.09999045149298513 626
1646475306208 0.09999462888689313 627
1646475306281 0.09999761281388526 628
1646475306308 0.09999940319976121 629
1646475306341 0.09999988581654443 630
1646475306539 0.09999954326669921 631
1646475306580 0.09999897235202891 632
1646475306608 0.0999981730751411 633
1646475306639 0.09999714543968634 634
1646475306670 0.09999588945035823 635
1646475306696 0.09999440511289331 636
1646475306724 0.09999269243407109 637
1646475306829 0.09999075142171397 638
1646475306870 0.09998858208468725 639
1646475306885 0.09998618443289907 640
1646475306919 0.09998355847730035 641
1646475306950 0.09998070422988478 642
1646475306980 0.09997762170368871 643
1646475307009 0.09997431091279116 644
1646475307119 0.09997077187231367 645
1646475307156 0.0999670045984203 646
1646475307187 0.09996300910831754 647
1646475307209 0.09995878542025423 648
1646475307240 0.09995433355352143 649
1646475307266 0.09994965352845243 650
1646475307298 0.09994474536642255 651
1646475307409 0.09993960908984914 652
1646475307449 0.09993424472219138 653
1646475307481 0.09992865228795028 654
1646475307509 0.09992283181266845 655
1646475307540 0.0999167833229301 656
1646475307568 0.09991050684636081 657
1646475307609 0.09990400241162752 658
1646475307709 0.09989727004843828 659
1646475307746 0.0998903097875422 660
1646475307777 0.09988312166072927 661
1646475307809 0.09987570570083022 662
1646475307840 0.0998680619417164 663
1646475307899 0.09986019041829958 664
1646475307946 0.09985209116653179 665
1646475308174 0.09984376422340524 666
1646475308209 0.09983520962695201 667
1646475308256 0.09982642741624403 668
1646475308296 0.09981741763139274 669
1646475308341 0.09980818031354909 670
1646475308360 0.09979871550490317 671
1646475308393 0.09978902324868413 672
1646475308525 0.09977910358915996 673
1646475308556 0.09976895657163733 674
1646475308605 0.09975858224246123 675
1646475308652 0.09974798064901494 676
1646475308693 0.09973715183971972 677
1646475308734 0.0997260958640346 678
1646475308772 0.09971481277245615 679
1646475308891 0.0997033026165183 680
1646475308932 0.09969156544879201 681
1646475308969 0.09967960132288511 682
1646475308996 0.09966741029344206 683
1646475309027 0.09965499241614359 684
1646475309069 0.09964234774770661 685
1646475309131 0.0996294763458838 686
1646475309354 0.09961637826946346 687
1646475309392 0.09960305357826917 688
1646475309423 0.09958950233315954 689
1646475309454 0.09957572459602795 690
1646475309485 0.09956172042980223 691
1646475309512 0.09954748989844439 692
1646475309544 0.09953303306695035 693
1646475309655 0.0995183500013496 694
1646475309694 0.09950344076870497 695
1646475309709 0.0994883054371122 696
1646475309740 0.09947294407569977 697
1646475309770 0.09945735675462848 698
1646475309801 0.09944154354509119 699
1646475309832 0.09942550451931245 700
1646475309935 0.09940923975054825 701
1646475309975 0.09939274931308553 702
1646475309991 0.09937603328224204 703
1646475310026 0.09935909173436584 704
1646475310055 0.099341924746835 705
1646475310083 0.09932453239805729 706
1646475310115 0.09930691476746976 707
1646475310219 0.09928907193553844 708
1646475310258 0.09927100398375785 709
1646475310273 0.09925271099465081 710
1646475310306 0.09923419305176792 711
1646475310338 0.09921545023968721 712
1646475310369 0.09919648264401378 713
1646475310400 0.0991772903513794 714
1646475310505 0.09915787344944213 715
1646475310544 0.09913823202688588 716
1646475310574 0.09911836617342003 717
1646475310605 0.099098275979779 718
1646475310636 0.09907796153772187 719
1646475310661 0.09905742294003195 720
1646475310692 0.09903666028051634 721
1646475310796 0.0990156736540055 722
1646475310836 0.09899446315635282 723
1646475310857 0.09897302888443424 724
1646475310884 0.09895137093614768 725
1646475310915 0.09892948941041274 726
1646475310941 0.09890738440717015 727
1646475310972 0.09888505602738132 728
1646475311081 0.0988625043730279 729
1646475311122 0.09883972954711141 730
1646475311153 0.09881673165365253 731
1646475311179 0.09879351079769086 732
1646475311210 0.09877006708528434 733
1646475311243 0.09874640062350874 734
1646475311273 0.09872251152045726 735
1646475311369 0.09869839988523992 736
1646475311406 0.09867406582798315 737
1646475311423 0.09864950945982928 738
1646475311457 0.098624730892936 739
1646475311489 0.09859973024047584 740
1646475311526 0.0985745076166357 741
1646475311573 0.09854906313661634 742
1646475311782 0.0985233969166317 743
1646475311833 0.0984975090739086 744
1646475311871 0.09847139972668602 745
1646475311925 0.09844506899421467 746
1646475311969 0.0984185169967564 747
1646475311999 0.09839174385558365 748
1646475312046 0.09836474969297887 749
1646475312160 0.09833753463223405 750
1646475312188 0.09831009879765007 751
1646475312219 0.09828244231453617 752
1646475312264 0.09825456530920935 753
1646475312311 0.09822646790899386 754
1646475312338 0.09819815024222053 755
1646475312369 0.09816961243822624 756
1646475312482 0.0981408546273533 757
1646475312523 0.09811187694094889 758
1646475312554 0.09808267951136446 759
1646475312595 0.09805326247195503 760
1646475312627 0.09802362595707877 761
1646475312659 0.09799377010209614 762
1646475312690 0.09796369504336953 763
1646475312885 0.09793340091826243 764
1646475312954 0.09790288786513891 765
1646475312985 0.09787215602336295 766
1646475313011 0.09784120553329785 767
1646475313043 0.09781003653630553 768
1646475313067 0.0977786491747459 769
1646475313098 0.09774704359197621 770
1646475313196 0.09771521993235047 771
1646475313236 0.09768317834121862 772
1646475313254 0.09765091896492609 773
1646475313288 0.09761844195081291 774
1646475313320 0.09758574744721321 775
1646475313354 0.09755283560345443 776
1646475313385 0.09751970656985669 777
1646475313479 0.09748636049773209 778
1646475313518 0.09745279753938403 779
1646475313549 0.09741901784810654 780
1646475313579 0.09738502157818346 781
1646475313610 0.09735080888488792 782
1646475313643 0.09731637992448146 783
1646475313670 0.09728173485421342 784
1646475313776 0.09724687383232018 785
1646475313816 0.09721179701802449 786
1646475313847 0.09717650457153462 787
1646475313871 0.09714099665404377 788
1646475313902 0.09710527342772927 789
1646475313925 0.09706933505575184 790
1646475313955 0.09703318170225479 791
1646475314055 0.09699681353236342 792
1646475314092 0.09696023071218408 793
1646475314123 0.0969234334088036 794
1646475314145 0.09688642179028838 795
1646475314171 0.09684919602568365 796
1646475314203 0.09681175628501273 797
1646475314235 0.09677410273927631 798
1646475314336 0.09673623556045154 799
1646475314375 0.09669815492149131 800
1646475314406 0.09665986099632348 801
1646475314427 0.09662135395985007 802
1646475314455 0.09658263398794643 803
1646475314486 0.09654370125746049 804
1646475314515 0.09650455594621189 805
1646475314621 0.09646519823299123 806
1646475314659 0.09642562829755921 807
1646475314692 0.09638584632064587 808
1646475314716 0.09634585248394963 809
1646475314755 0.09630564697013662 810
1646475314781 0.09626522996283975 811
1646475314813 0.0962246016466579 812
1646475314911 0.09618376220715508 813
1646475314952 0.09614271183085958 814
1646475314971 0.09610145070526309 815
1646475314998 0.09605997901881987 816
1646475315030 0.09601829696094591 817
1646475315059 0.09597640472201803 818
1646475315090 0.095934302493373 819
1646475315193 0.09589199046730673 820
1646475315238 0.09584946883707332 821
1646475315271 0.09580673779688421 822
1646475315335 0.0957637975419073 823
1646475315378 0.09572064826826603 824
1646475315433 0.09567729017303851 825
1646475315489 0.09563372345425666 826
1646475315663 0.09558994831090517 827
1646475315689 0.09554596494292075 828
1646475315720 0.0955017735511911 829
1646475315747 0.09545737433755408 830
1646475315795 0.09541276750479673 831
1646475315825 0.09536795325665434 832
1646475315856 0.09532293179780955 833
1646475315980 0.09527770333389145 834
1646475316022 0.09523226807147452 835
1646475316053 0.09518662621807782 836
1646475316092 0.09514077798216396 837
1646475316123 0.09509472357313818 838
1646475316156 0.09504846320134738 839
1646475316196 0.09500199707807919 840
1646475316319 0.09495532541556093 841
1646475316362 0.09490844842695872 842
1646475316396 0.0948613663263765 843
1646475316422 0.094814079328855 844
1646475316469 0.0947665876503708 845
1646475316527 0.09471889150783531 846
1646475316579 0.09467099111909384 847
1646475316733 0.09462288670292453 848
1646475316773 0.09457457847903737 849
1646475316796 0.09452606666807328 850
1646475316825 0.094477351491603 851
1646475316856 0.09442843317212607 852
1646475316885 0.09437931193306992 853
1646475316916 0.09432998799878874 854
1646475317020 0.09428046159456253 855
1646475317058 0.09423073294659605 856
1646475317081 0.09418080228201775 857
1646475317117 0.09413066982887877 858
1646475317149 0.0940803358161519 859
1646475317182 0.09402980047373054 860
1646475317213 0.09397906403242758 861
1646475317318 0.09392812672397445 862
1646475317358 0.09387698878102001 863
1646475317381 0.09382565043712943 864
1646475317412 0.09377411192678328 865
1646475317444 0.09372237348537629 866
1646475317464 0.09367043534921637 867
1646475317497 0.0936182977555235 868
1646475317602 0.09356596094242865 869
1646475317641 0.0935134251489727 870
1646475317673 0.09346069061510538 871
1646475317693 0.09340775758168408 872
1646475317724 0.09335462629047282 873
1646475317750 0.09330129698414119 874
1646475317782 0.09324776990626309 875
1646475317893 0.09319404530131581 876
1646475317930 0.09314012341467875 877
1646475317961 0.09308600449263241 878
1646475317982 0.09303168878235718 879
1646475318013 0.09297717653193228 880
1646475318043 0.09292246799033459 881
1646475318074 0.09286756340743753 882
1646475318183 0.09281246303400989 883
1646475318209 0.09275716712171472 884
1646475318240 0.09270167592310816 885
1646475318265 0.09264598969163833 886
1646475318298 0.09259010868164405 887
1646475318328 0.09253403314835384 888
1646475318359 0.09247776334788467 889
1646475318462 0.09242129953724074 890
1646475318502 0.09236464197431243 891
1646475318535 0.092307790917875 892
1646475318553 0.09225074662758755 893
1646475318599 0.09219350936399162 894
1646475318631 0.09213607938851023 895
1646475318662 0.09207845696344655 896
1646475318765 0.09202064235198275 897
1646475318805 0.09196263581817875 898
1646475318820 0.09190443762697105 899
1646475318857 0.09184604804417158 900
1646475318883 0.09178746733646638 901
1646475318922 0.09172869577141439 902
1646475318983 0.09166973361744632 903
1646475319184 0.09161058114386335 904
1646475319231 0.0915512386208359 905
1646475319262 0.09149170631940244 906
1646475319310 0.09143198451146821 907
1646475319357 0.091372073469804 908
1646475319393 0.09131197346804489 909
1646475319425 0.091251684780689 910
1646475319529 0.0911912076830963 911
1646475319572 0.09113054245148722 912
1646475319615 0.09106968936294149 913
1646475319664 0.09100864869539688 914
1646475319714 0.09094742072764787 915
1646475319756 0.09088600573934444 916
1646475319788 0.0908244040109907 917
1646475319894 0.09076261582394374 918
1646475319931 0.09070064146041219 919
1646475319962 0.0906384812034551 920
1646475320001 0.09057613533698053 921
1646475320040 0.09051360414574423 922
1646475320077 0.0904508879153485 923
1646475320109 0.09038798693224069 924
1646475320272 0.09032490148371201 925
1646475320359 0.0902616318578962 926
1646475320388 0.09019817834376821 927
1646475320414 0.09013454123114283 928
1646475320445 0.09007072081067347 929
1646475320477 0.09000671737385073 930
1646475320506 0.0899425312130011 931
1646475320629 0.0898781626212857 932
1646475320667 0.0898136118926988 933
1646475320683 0.08974887932206663 934
1646475320713 0.08968396520504587 935
1646475320741 0.08961886983812245 936
1646475320770 0.08955359351861014 937
1646475320801 0.08948813654464913 938
1646475320901 0.08942249921520477 939
1646475320942 0.08935668183006615 940
1646475320975 0.08929068468984472 941
1646475321000 0.08922450809597293 942
1646475321026 0.08915815235070293 943
1646475321055 0.089091617757105 944
1646475321086 0.08902490461906638 945
1646475321185 0.08895801324128978 946
1646475321227 0.0888909439292919 947
1646475321258 0.08882369698940226 948
1646475321277 0.08875627272876158 949
1646475321309 0.0886886714553205 950
1646475321336 0.08862089347783814 951
1646475321367 0.08855293910588066 952
1646475321474 0.08848480864981995 953
1646475321513 0.08841650242083204 954
1646475321542 0.08834802073089587 955
1646475321563 0.0882793638927917 956
1646475321610 0.08821053222009981 957
1646475321639 0.08814152602719895 958
1646475321670 0.08807234562926505 959
1646475321769 0.08800299134226963 960
1646475321814 0.08793346348297842 961
1646475321842 0.08786376236894998 962
1646475321864 0.08779388831853412 963
1646475321895 0.08772384165087055 964
1646475321928 0.08765362268588736 965
1646475321959 0.08758323174429958 966
1646475322056 0.08751266914760779 967
1646475322095 0.08744193521809647 968
1646475322127 0.08737103027883272 969
1646475322153 0.08729995465366468 970
1646475322184 0.08722870866722003 971
1646475322227 0.08715729264490463 972
1646475322243 0.08708570691290088 973
1646475322347 0.08701395179816636 974
1646475322388 0.08694202762843227 975
1646475322403 0.0868699347322019 976
1646475322438 0.08679767343874924 977
1646475322470 0.08672524407811735 978
1646475322498 0.08665264698111695 979
1646475322527 0.08657988247932488 980
1646475322650 0.08650695090508254 981
1646475322691 0.08643385259149444 982
1646475322727 0.0863605878724266 983
1646475322768 0.08628715708250519 984
1646475322843 0.08621356055711472 985
1646475322888 0.08613979863239682 986
1646475322944 0.08606587164524845 987
1646475323100 0.08599177993332055 988
1646475323146 0.08591752383501637 989
1646475323163 0.08584310368948996 990
1646475323200 0.0857685198366447 991
1646475323228 0.08569377261713158 992
1646475323269 0.08561886237234785 993
1646475323300 0.08554378944443528 994
1646475323433 0.08546855417627869 995
1646475323471 0.08539315691150438 996
1646475323487 0.08531759799447851 997
1646475323534 0.08524187777030565 998
1646475323558 0.08516599658482699 999
1646475323604 0.085089954784619 1000
1646475323644 0.08501375271699167 1001
1646475323755 0.084937390729987 1002
1646475323794 0.08486086917237745 1003
1646475323809 0.08478418839366421 1004
1646475323845 0.08470734874407575 1005
1646475323892 0.08463035057456612 1006
1646475323928 0.08455319423681344 1007
1646475323975 0.0844758800832182 1008
1646475324164 0.08439840846690169 1009
1646475324203 0.08432077974170443 1010
1646475324228 0.08424299426218444 1011
1646475324255 0.08416505238361578 1012
1646475324286 0.08408695446198675 1013
1646475324325 0.08400870085399842 1014
1646475324344 0.08393029191706292 1015
1646475324475 0.08385172800930181 1016
1646475324507 0.08377300948954447 1017
1646475324550 0.08369413671732644 1018
1646475324577 0.0836151100528878 1019
1646475324610 0.08353592985717145 1020
1646475324642 0.08345659649182165 1021
1646475324674 0.08337711031918209 1022
1646475324770 0.0832974717022945 1023
1646475324809 0.0832176810048968 1024
1646475324829 0.08313773859142158 1025
1646475324862 0.08305764482699435 1026
1646475324893 0.08297740007743183 1027
1646475324919 0.08289700470924045 1028
1646475324944 0.08281645908961449 1029
1646475325043 0.08273576358643453 1030
1646475325081 0.08265491856826568 1031
1646475325097 0.08257392440435597 1032
1646475325130 0.08249278146463462 1033
1646475325161 0.08241149011971037 1034
1646475325188 0.08233005074086974 1035
1646475325220 0.08224846370007544 1036
1646475325317 0.08216672936996457 1037
1646475325354 0.08208484812384692 1038
1646475325385 0.08200282033570337 1039
1646475325412 0.08192064638018404 1040
1646475325445 0.08183832663260669 1041
1646475325467 0.08175586146895497 1042
1646475325498 0.08167325126587667 1043
1646475325601 0.08159049640068203 1044
1646475325630 0.08150759725134202 1045
1646475325665 0.0814245541964866 1046
1646475325694 0.08134136761540303 1047
1646475325725 0.08125803788803408 1048
1646475325746 0.0811745653949763 1049
1646475325777 0.08109095051747836 1050
1646475325877 0.08100719363743916 1051
1646475325918 0.08092329513740626 1052
1646475325946 0.08083925540057403 1053
1646475325972 0.08075507481078188 1054
1646475326003 0.0806707537525126 1055
1646475326032 0.0805862926108905 1056
1646475326064 0.08050169177167975 1057
1646475326169 0.08041695162128251 1058
1646475326206 0.08033207254673727 1059
1646475326231 0.08024705493571704 1060
1646475326253 0.08016189917652754 1061
1646475326284 0.08007660565810545 1062
1646475326314 0.07999117477001676 1063
1646475326347 0.0799056069024547 1064
1646475326490 0.07981990244623828 1065
1646475326548 0.07973406179281028 1066
1646475326601 0.07964808533423559 1067
1646475326644 0.07956197346319932 1068
1646475326705 0.0794757265730051 1069
1646475326746 0.0793893450575732 1070
1646475326795 0.07930282931143882 1071
1646475326926 0.07921617972975023 1072
1646475326967 0.07912939670826691 1073
1646475326991 0.07904248064335789 1074
1646475327033 0.07895543193199983 1075
1646475327076 0.0788682509717752 1076
1646475327106 0.07878093816087055 1077
1646475327138 0.07869349389807459 1078
1646475327276 0.07860591858277646 1079
1646475327301 0.07851821261496385 1080
1646475327332 0.07843037639522116 1081
1646475327366 0.07834241032472773 1082
1646475327407 0.07825431480525596 1083
1646475327443 0.07816609023916948 1084
1646475327485 0.07807773702942139 1085
1646475327639 0.07798925557955222 1086
1646475327676 0.07790064629368836 1087
1646475327739 0.07781190957653995 1088
1646475327793 0.07772304583339924 1089
1646475327837 0.07763405547013864 1090
1646475327868 0.07754493889320883 1091
1646475327892 0.07745569650963702 1092
1646475327992 0.07736632872702497 1093
1646475328029 0.07727683595354719 1094
1646475328060 0.07718721859794911 1095
1646475328084 0.07709747706954512 1096
1646475328115 0.07700761177821679 1097
1646475328143 0.0769176231344109 1098
1646475328177 0.07682751154913771 1099
1646475328277 0.07673727743396895 1100
1646475328316 0.07664692120103597 1101
1646475328347 0.07655644326302792 1102
1646475328377 0.07646584403318979 1103
1646475328408 0.07637512392532053 1104
1646475328429 0.07628428335377127 1105
1646475328460 0.07619332273344324 1106
1646475328580 0.07610224247978606 1107
1646475328623 0.07601104300879569 1108
1646475328654 0.07591972473701261 1109
1646475328689 0.07582828808151994 1110
1646475328720 0.07573673345994147 1111
1646475328746 0.07564506129043984 1112
1646475328777 0.07555327199171448 1113
1646475328894 0.07546136598299985 1114
1646475328935 0.07536934368406346 1115
1646475328977 0.07527720551520398 1116
1646475329006 0.07518495189724923 1117
1646475329037 0.07509258325155439 1118
1646475329079 0.0750001 1119
1646475329110 0.07490750256499003 1120
1646475329214 0.07481479136945 1121
1646475329257 0.07472196683682494 1122
1646475329278 0.07462902939107763 1123
1646475329314 0.0745359794566865 1124
1646475329345 0.07444281745864377 1125
1646475329380 0.07434954382245348 1126
1646475329411 0.07425615897412961 1127
1646475329529 0.07416266334019404 1128
1646475329579 0.07406905734767466 1129
1646475329610 0.0739753414241034 1130
1646475329641 0.07388151599751429 1131
1646475329679 0.07378758149644153 1132
1646475329712 0.07369353834991745 1133
1646475329744 0.07359938698747061 1134
1646475329879 0.07350512783912388 1135
1646475329913 0.07341076133539239 1136
1646475329950 0.07331628790728158 1137
1646475329979 0.07322170798628527 1138
1646475330010 0.07312702200438372 1139
1646475330047 0.07303223039404153 1140
1646475330095 0.0729373335882058 1141
1646475330362 0.07284233202030403 1142
1646475330405 0.07274722612424228 1143
1646475330446 0.07265201633440309 1144
1646475330486 0.07255670308564348 1145
1646475330527 0.07246128681329309 1146
1646475330567 0.07236576795315197 1147
1646475330618 0.07227014694148887 1148
1646475330777 0.07217442421503903 1149
1646475330825 0.07207860021100225 1150
1646475330877 0.07198267536704092 1151
1646475330906 0.07188665012127801 1152
1646475330952 0.07179052491229503 1153
1646475330998 0.07169430017913009 1154
1646475331029 0.07159797636127585 1155
1646475331153 0.07150155389867752 1156
1646475331178 0.07140503323173088 1157
1646475331215 0.07130841480128018 1158
1646475331256 0.07121169904861628 1159
1646475331294 0.0711148864154745 1160
1646475331332 0.07101797734403262 1161
1646475331409 0.07092097227690894 1162
1646475331600 0.07082387165716014 1163
1646475331638 0.07072667592827944 1164
1646475331665 0.07062938553419432 1165
1646475331687 0.07053200091926472 1166
1646475331719 0.07043452252828089 1167
1646475331749 0.0703369508064614 1168
1646475331765 0.07023928619945106 1169
1646475331871 0.07014152915331899 1170
1646475331907 0.07004368011455644 1171
1646475331940 0.06994573953007484 1172
1646475331962 0.06984770784720377 1173
1646475331993 0.06974958551368889 1174
1646475332023 0.06965137297768985 1175
1646475332050 0.06955307068777833 1176
1646475332160 0.06945467909293594 1177
1646475332200 0.06935619864255214 1178
1646475332231 0.06925762978642228 1179
1646475332256 0.06915897297474545 1180
1646475332287 0.06906022865812249 1181
1646475332312 0.0689613972875539 1182
1646475332344 0.06886247931443776 1183
1646475332437 0.06876347519056775 1184
1646475332473 0.06866438536813095 1185
1646475332504 0.06856521029970594 1186
1646475332533 0.06846595043826062 1187
1646475332583 0.06836660623715013 1188
1646475332607 0.06826717815011489 1189
1646475332639 0.06816766663127838 1190
1646475332731 0.0680680721351452 1191
1646475332770 0.06796839511659894 1192
1646475332785 0.06786863603090004 1193
1646475332821 0.06776879533368381 1194
1646475332851 0.06766887348095833 1195
1646475332888 0.06756887092910233 1196
1646475332920 0.06746878813486307 1197
1646475333018 0.0673686255553544 1198
1646475333055 0.0672683836480545 1199
1646475333071 0.06716806287080392 1200
1646475333105 0.06706766368180335 1201
1646475333137 0.06696718653961176 1202
1646475333169 0.06686663190314403 1203
1646475333200 0.06676600023166905 1204
1646475333308 0.06666529198480751 1205
1646475333351 0.06656450762252991 1206
1646475333383 0.06646364760515434 1207
1646475333409 0.06636271239334447 1208
1646475333451 0.06626170244810739 1209
1646475333474 0.06616061823079152 1210
1646475333506 0.06605946020308452 1211
1646475333607 0.06595822882701116 1212
1646475333647 0.06585692456493124 1213
1646475333668 0.06575554787953744 1214
1646475333700 0.0656540992338532 1215
1646475333732 0.06555257909123066 1216
1646475333766 0.0654509879153485 1217
1646475333813 0.06534932617020985 1218
1646475334020 0.06524759432014013 1219
1646475334074 0.06514579282978496 1220
1646475334114 0.06504392216410806 1221
1646475334151 0.06494198278838906 1222
1646475334198 0.06483997516822142 1223
1646475334226 0.06473789976951033 1224
1646475334257 0.06463575705847052 1225
1646475334369 0.06453354750162416 1226
1646475334415 0.06443127156579871 1227
1646475334448 0.06432892971812486 1228
1646475334481 0.0642265224260343 1229
1646475334527 0.06412405015725764 1230
1646475334558 0.06402151337982227 1231
1646475334615 0.06391891256205022 1232
1646475334731 0.06381624817255596 1233
1646475334777 0.06371352068024438 1234
1646475334817 0.06361073055430858 1235
1646475334858 0.06350787826422767 1236
1646475334909 0.06340496427976475 1237
1646475334949 0.06330198907096464 1238
1646475334988 0.06319895310815188 1239
1646475335132 0.06309585686192841 1240
1646475335182 0.06299270080317156 1241
1646475335251 0.06288948540303181 1242
1646475335277 0.06278621113293069 1243
1646475335307 0.06268287846455858 1244
1646475335339 0.06257948786987269 1245
1646475335367 0.06247603982109465 1246
1646475335465 0.0623725347907086 1247
1646475335505 0.062268973251458935 1248
1646475335521 0.06216535567634809 1249
1646475335561 0.062061682538634484 1250
1646475335593 0.06195795431183031 1251
1646475335618 0.061854171469699334 1252
1646475335649 0.06175033448625481 1253
1646475335747 0.06164644383575726 1254
1646475335787 0.06154249999271228 1255
1646475335818 0.06143850343186853 1256
1646475335839 0.061334454628215324 1257
1646475335877 0.06123035405698065 1258
1646475335901 0.06112620219362893 1259
1646475335932 0.06102199951385886 1260
1646475336028 0.060917746493601224 1261
1646475336066 0.06081344360901673 1262
1646475336097 0.06070909133649383 1263
1646475336118 0.060604690152646565 1264
1646475336149 0.06050024053431233 1265
1646475336177 0.0603957429585498 1266
1646475336210 0.060291197902636665 1267
1646475336320 0.060186605844067424 1268
1646475336360 0.06008196726055132 1269
1646475336377 0.059977282630010065 1270
1646475336417 0.059872552430575675 1271
1646475336448 0.05976777714058832 1272
1646475336467 0.059662957238594105 1273
1646475336498 0.059558093203342884 1274
1646475336606 0.05945318551378608 1275
1646475336643 0.0593482346490745 1276
1646475336662 0.0592432410885562 1277
1646475336689 0.05913820531177416 1278
1646475336720 0.05903312779846423 1279
1646475336746 0.05892800902855288 1280
1646475336778 0.05882284948215499 1281
1646475336878 0.05871764963957172 1282
1646475336915 0.05861240998128823 1283
1646475336946 0.05850713098797158 1284
1646475336971 0.05840181314046844 1285
1646475337002 0.05829645691980298 1286
1646475337042 0.05819106280717461 1287
1646475337078 0.058085631283955816 1288
1646475337175 0.057980162831689955 1289
1646475337215 0.057874657932089055 1290
1646475337246 0.05776911706703158 1291
1646475337267 0.05766354071856031 1292
1646475337299 0.057557929368880045 1293
1646475337328 0.057452283500355486 1294
1646475337362 0.05734660359550898 1295
1646475337466 0.0572408901370183 1296
1646475337511 0.05713514360771452 1297
1646475337562 0.057029364490579715 1298
1646475337609 0.056923553268744854 1299
1646475337665 0.056817710425487486 1300
1646475337714 0.05671183644422961 1301
1646475337766 0.05660593180853546 1302
1646475337926 0.056499997002109226 1303
1646475337952 0.05639403250879297 1304
1646475337985 0.05628803881256428 1305
1646475338019 0.05618201639753418 1306
1646475338050 0.05607596574794482 1307
1646475338096 0.0559698873481673 1308
1646475338127 0.05586378168269955 1309
1646475338250 0.055757649236163914 1310
1646475338285 0.05565149049330513 1311
1646475338316 0.05554530593898801 1312
1646475338355 0.055439096058195296 1313
1646475338385 0.055332861336025344 1314
1646475338425 0.05522660225769002 1315
1646475338456 0.05512031930851241 1316
1646475338590 0.05501401297392465 1317
1646475338630 0.05490768373946564 1318
1646475338661 0.054801332090778906 1319
1646475338697 0.054694958513610364 1320
1646475338744 0.054588563493806024 1321
1646475338806 0.0544821475173099 1322
1646475338853 0.05437571107016168 1323
1646475339017 0.054269254638494566 1324
1646475339056 0.05416277870853303 1325
1646475339073 0.05405628376659061 1326
1646475339106 0.053949770299067674 1327
1646475339137 0.053843238792449184 1328
1646475339160 0.0537366897333025 1329
1646475339185 0.053630123608275175 1330
1646475339289 0.053523540904092705 1331
1646475339330 0.05341694210755628 1332
1646475339361 0.053310327705540596 1333
1646475339386 0.05320369818499166 1334
1646475339417 0.05309705403292447 1335
1646475339440 0.05299039573642093 1336
1646475339471 0.05288372378262746 1337
1646475339586 0.05277703865875294 1338
1646475339610 0.05267034085206632 1339
1646475339641 0.052563630849894544 1340
1646475339669 0.052456909139620256 1341
1646475339702 0.052350176208679516 1342
1646475339725 0.05224343254455968 1343
1646475339756 0.052136678634797116 1344
1646475339852 0.05202991496697501 1345
1646475339889 0.05192314202872104 1346
1646475339920 0.05181636030770532 1347
1646475339941 0.051709570291638036 1348
1646475339972 0.051602772468267256 1349
1646475340002 0.051495967325376694 1350
1646475340033 0.05138915535078352 1351
1646475340130 0.05128233703233613 1352
1646475340171 0.05117551285791184 1353
1646475340202 0.05106868331541472 1354
1646475340223 0.0509618488927734 1355
1646475340254 0.05085501007793878 1356
1646475340287 0.05074816735888178 1357
1646475340302 0.05064132122359121 1358
1646475340409 0.05053447216007148 1359
1646475340448 0.05042762065634031 1360
1646475340479 0.05032076720042663 1361
1646475340504 0.05021391228036826 1362
1646475340535 0.05010705638420974 1363
1646475340566 0.0500002 1364
1646475340603 0.049893343615790266 1365
1646475340703 0.04978648771963174 1366
1646475340743 0.049679632799573374 1367
1646475340759 0.04957277934365971 1368
1646475340795 0.04946592783992853 1369
1646475340826 0.049359078776408785 1370
1646475340855 0.049252232641118235 1371
1646475340888 0.049145389922061224 1372
1646475341001 0.0490385511072266 1373
1646475341035 0.048931716684585284 1374
1646475341066 0.048824887142088165 1375
1646475341091 0.04871806296766387 1376
1646475341122 0.04861124464921647 1377
1646475341150 0.04850443267462332 1378
1646475341188 0.048397627531732754 1379
1646475341390 0.04829082970836198 1380
1646475341431 0.048184039692294685 1381
1646475341478 0.04807725797127896 1382
1646475341509 0.047970485033025013 1383
1646475341549 0.047863721365202894 1384
1646475341609 0.04775696745544034 1385
1646475341645 0.047650223791320494 1386
1646475341748 0.047543490860379754 1387
1646475341788 0.04743676915010546 1388
1646475341825 0.04733005914793368 1389
1646475341864 0.047223361341247085 1390
1646475341909 0.047116676217372554 1391
1646475341937 0.047010004263579076 1392
1646475341968 0.04690334596707554 1393
1646475342111 0.046796701815008356 1394
1646475342141 0.04669007229445942 1395
1646475342172 0.04658345789244373 1396
1646475342211 0.04647685909590729 1397
1646475342242 0.046370276391724835 1398
1646475342283 0.046263710266697504 1399
1646475342325 0.04615716120755084 1400
1646475342439 0.046050629700932336 1401
1646475342520 0.04594411623340938 1402
1646475342552 0.04583762129146698 1403
1646475342632 0.04573114536150543 1404
1646475342680 0.04562468892983833 1405
1646475342712 0.04551825248269011 1406
1646475342742 0.04541183650619397 1407
1646475342839 0.04530544148638965 1408
1646475342881 0.0451990679092211 1409
1646475342897 0.04509271626053438 1410
1646475342928 0.04498638702607535 1411
1646475342959 0.04488008069148759 1412
1646475342983 0.04477379774230999 1413
1646475343014 0.04466753866397466 1414
1646475343114 0.044561303941804714 1415
1646475343152 0.044455094061012 1416
1646475343169 0.0443489095066949 1417
1646475343204 0.0442427507638361 1418
1646475343235 0.04413661831730046 1419
1646475343265 0.0440305126518327 1420
1646475343297 0.04392443425205519 1421
1646475343393 0.04381838360246583 1422
1646475343433 0.043712361187435725 1423
1646475343464 0.04360636749120703 1424
1646475343482 0.04350040299789078 1425
1646475343513 0.04339446819146456 1426
1646475343543 0.043288563555770404 1427
1646475343582 0.04318268957451252 1428
1646475343683 0.04307684673125514 1429
1646475343722 0.042971035509420295 1430
1646475343753 0.042865256392285486 1431
1646475343782 0.042759509862981715 1432
1646475343798 0.04265379640449103 1433
1646475343829 0.04254811649964451 1434
1646475343860 0.04244247063111996 1435
1646475343969 0.04233685928143969 1436
1646475344007 0.04223128293296843 1437
1646475344039 0.042125742067910955 1438
1646475344061 0.042020237168310055 1439
1646475344099 0.04191476871604419 1440
1646475344122 0.041809337192825397 1441
1646475344153 0.041703943080197044 1442
1646475344253 0.041598586859531564 1443
1646475344283 0.04149326901202844 1444
1646475344317 0.04138799001871178 1445
1646475344347 0.041282750360428284 1446
1646475344383 0.04117755051784502 1447
1646475344415 0.04107239097144713 1448
1646475344446 0.04096727220153579 1449
1646475344589 0.04086219468822585 1450
1646475344629 0.040757158911443804 1451
1646475344644 0.04065216535092551 1452
1646475344684 0.04054721448621393 1453
1646475344699 0.04044230679665713 1454
1646475344740 0.040337442761405905 1455
1646475344771 0.04023262285941167 1456
1646475344869 0.04012784756942433 1457
1646475344910 0.04002311736998995 1458
1646475344941 0.0399184327394487 1459
1646475344984 0.039813794155932586 1460
1646475345047 0.03970920209736335 1461
1646475345097 0.039604657041450206 1462
1646475345153 0.03950015946568767 1463
1646475345349 0.03939570984735346 1464
1646475345393 0.03929130866350617 1465
1646475345413 0.039186956390983275 1466
1646475345454 0.039082653506398786 1467
1646475345493 0.03897840048614113 1468
1646475345528 0.03887419780637107 1469
1646475345559 0.03877004594301936 1470
1646475345681 0.0386659453717847 1471
1646475345719 0.03856189656813148 1472
1646475345750 0.03845790000728771 1473
1646475345783 0.03835395616424277 1474
1646475345815 0.03825006551374519 1475
1646475345857 0.038146228530300676 1476
1646475345893 0.0380424456881697 1477
1646475346015 0.03793871746136551 1478
1646475346047 0.037835044323651916 1479
1646475346077 0.037731426748541075 1480
1646475346123 0.037627865209291414 1481
1646475346197 0.03752436017890536 1482
1646475346244 0.037420912130127326 1483
1646475346306 0.03731752153544142 1484
1646475346422 0.03721418886706933 1485
1646475346463 0.03711091459696821 1486
1646475346478 0.037007699196828454 1487
1646475346509 0.03690454313807158 1488
1646475346540 0.036801446891848125 1489
1646475346580 0.03669841092903536 1490
1646475346611 0.036595435720235284 1491
1646475346705 0.036492521735772346 1492
1646475346746 0.036389669445691435 1493
1646475346761 0.036286879319755626 1494
1646475346795 0.03618415182744404 1495
1646475346827 0.0360814874379498 1496
1646475346851 0.03597888662017773 1497
1646475346878 0.03587634984274237 1498
1646475346985 0.035773877573965704 1499
1646475347023 0.03567147028187514 1500
1646475347055 0.035569128434201305 1501
1646475347079 0.03546685249837586 1502
1646475347111 0.0353646429415295 1503
1646475347138 0.03526250023048967 1504
1646475347179 0.03516042483177858 1505
1646475347279 0.03505841721161096 1506
1646475347317 0.034956477835891946 1507
1646475347332 0.034854607170215046 1508
1646475347365 0.03475280567985989 1509
1646475347395 0.03465107382979015 1510
1646475347424 0.03454941208465151 1511
1646475347455 0.03444782090876935 1512
1646475347564 0.03434630076614682 1513
1646475347603 0.03424485212046257 1514
1646475347634 0.03414347543506876 1515
1646475347663 0.03404217117298885 1516
1646475347695 0.03394093979691549 1517
1646475347721 0.0338397817692085 1518
1646475347752 0.03373869755189263 1519
1646475347851 0.03363768760665553 1520
1646475347879 0.033536752394845666 1521
1646475347914 0.033435892377470106 1522
1646475347940 0.0333351080151925 1523
1646475347979 0.033234399768330966 1524
1646475348000 0.03313376809685598 1525
1646475348031 0.03303321346038826 1526
1646475348132 0.03293273631819665 1527
1646475348168 0.032832337129196115 1528
1646475348195 0.03273201635194551 1529
1646475348220 0.03263177444464562 1530
1646475348251 0.03253161186513693 1531
1646475348286 0.03243152907089768 1532
1646475348317 0.03233152651904167 1533
1646475348424 0.032231604666316194 1534
1646475348463 0.03213176396909999 1535
1646475348480 0.03203200488340108 1536
1646475348514 0.031932327864854795 1537
1646475348545 0.03183273336872164 1538
1646475348581 0.03173322184988512 1539
1646475348622 0.031633793762849874 1540
1646475348828 0.0315344495617394 1541
1646475348859 0.031435189700294054 1542
1646475348938 0.03133601463186906 1543
1646475348973 0.031236924809432277 1544
1646475349014 0.031137920685562263 1545
1646475349049 0.03103900271244612 1546
1646475349083 0.03094017134187751 1547
1646475349188 0.030841427025254563 1548
1646475349230 0.030742770213577728 1549
1646475349261 0.030644201357447873 1550
1646475349313 0.030545720907064082 1551
1646475349344 0.030447329312221667 1552
1646475349383 0.030349027022310158 1553
1646475349415 0.030250814486311124 1554
1646475349540 0.030152692152796243 1555
1646475349585 0.030054660469925172 1556
1646475349616 0.02995671988544359 1557
1646475349645 0.02985887084668103 1558
1646475349684 0.029761113800548935 1559
1646475349725 0.02966344919353861 1560
1646475349756 0.029565877471719113 1561
1646475349900 0.029468399080735296 1562
1646475349953 0.02937101446580569 1563
1646475350042 0.029273724071720568 1564
1646475350074 0.02917652834283987 1565
1646475350092 0.02907942772309107 1566
1646475350124 0.0289824226559674 1567
1646475350152 0.02888551358452552 1568
1646475350252 0.028788700951383705 1569
1646475350289 0.028691985198719825 1570
1646475350321 0.028595366768269147 1571
1646475350342 0.02849884610132249 1572
1646475350374 0.028402423638724167 1573
1646475350401 0.028306099820869922 1574
1646475350430 0.028209875087704988 1575
1646475350532 0.02811374987872201 1576
1646475350574 0.028017724632959092 1577
1646475350601 0.027921799788997764 1578
1646475350631 0.02782597578496098 1579
1646475350662 0.02773025305851113 1580
1646475350689 0.027634632046848028 1581
1646475350721 0.027539113186706952 1582
1646475350816 0.027443696914356514 1583
1646475350856 0.02734838366559692 1584
1646475350885 0.027253173875757743 1585
1646475350907 0.027158067979695975 1586
1646475350939 0.027063066411794238 1587
1646475350971 0.02696816960595849 1588
1646475351001 0.026873377995616298 1589
1646475351099 0.026778692013714737 1590
1646475351136 0.026684112092718447 1591
1646475351167 0.026589638664607635 1592
1646475351191 0.02649527216087613 1593
1646475351223 0.02640101301252939 1594
1646475351246 0.026306861650082565 1595
1646475351277 0.026212818503558485 1596
1646475351372 0.02611888400248571 1597
1646475351413 0.026025058575896615 1598
1646475351444 0.02593134265232537 1599
1646475351472 0.02583773665980597 1600
1646475351501 0.025744241025870387 1601
1646475351526 0.02565085617754652 1602
1646475351557 0.02555758254135624 1603
1646475351667 0.025464420543313528 1604
1646475351707 0.025371370608922368 1605
1646475351738 0.025278433163175056 1606
1646475351764 0.025185608630550027 1607
1646475351801 0.02509289743500996 1608
1646475351830 0.025000300000000013 1609
1646475351861 0.024907816748445624 1610
1646475351962 0.024815448102750767 1611
1646475351986 0.02472319448479604 1612
1646475352021 0.024631056315936546 1613
1646475352050 0.02453903401700016 1614
1646475352086 0.024447128008285544 1615
1646475352112 0.024355338709560182 1616
1646475352143 0.024263666540058532 1617
1646475352244 0.02417211191848008 1618
1646475352286 0.024080675262987412 1619
1646475352333 0.023989356991204337 1620
1646475352387 0.023898157520213972 1621
1646475352449 0.023807077266556752 1622
1646475352509 0.023716116646228726 1623
1646475352560 0.023625276074679475 1624
1646475352741 0.023534555966810214 1625
1646475352765 0.0234439567369721 1626
1646475352797 0.02335347879896404 1627
1646475352827 0.02326312256603105 1628
1646475352861 0.023172888450862305 1629
1646475352910 0.023082776865589114 1630
1646475352942 0.02299278822178324 1631
1646475353050 0.022902922930454896 1632
1646475353089 0.022813181402050887 1633
1646475353120 0.022723564046452822 1634
1646475353162 0.022634071272975044 1635
1646475353193 0.02254470349036299 1636
1646475353212 0.022455461106791173 1637
1646475353252 0.02236634452986137 1638
1646475353363 0.02227735416660076 1639
1646475353398 0.022188490423460064 1640
1646475353445 0.02209975370631166 1641
1646475353478 0.022011144420447784 1642
1646475353525 0.021922662970578623 1643
1646475353595 0.021834309760830513 1644
1646475353636 0.02174608519474405 1645
1646475353826 0.0216579896752723 1646
1646475353862 0.02157002360477885 1647
1646475353880 0.02148218738503618 1648
1646475353913 0.021394481417223554 1649
1646475353942 0.02130690610192541 1650
1646475353967 0.02121946183912947 1651
1646475353998 0.021132149028224818 1652
1646475354095 0.02104496806800019 1653
1646475354134 0.020957919356642124 1654
1646475354150 0.020871003291733102 1655
1646475354184 0.020784220270249794 1656
1646475354216 0.020697570688561186 1657
1646475354238 0.02061105494242681 1658
1646475354269 0.02052467342699492 1659
1646475354364 0.020438426536800693 1660
1646475354403 0.02035231466576442 1661
1646475354428 0.020266338207189722 1662
1646475354454 0.02018049755376174 1663
1646475354485 0.0200947930975453 1664
1646475354511 0.020009225229983257 1665
1646475354543 0.01992379434189454 1666
1646475354647 0.019838500823472473 1667
1646475354684 0.019753345064282987 1668
1646475354716 0.019668327453262732 1669
1646475354737 0.019583448378717498 1670
1646475354768 0.019498708228320283 1671
1646475354797 0.0194141073891095 1672
1646475354828 0.01932964624748742 1673
1646475354928 0.019245325189218135 1674
1646475354964 0.01916114459942599 1675
1646475354997 0.01907710486259375 1676
1646475355028 0.018993206362560855 1677
1646475355043 0.018909449482521663 1678
1646475355075 0.0188258346050237 1679
1646475355101 0.018742362111965925 1680
1646475355200 0.018659032384596968 1681
1646475355228 0.0185758458035134 1682
1646475355262 0.018492802748657992 1683
1646475355292 0.018409903599317986 1684
1646475355329 0.01832714873412336 1685
1646475355356 0.018244538531045032 1686
1646475355388 0.018162073367393308 1687
1646475355488 0.01807975361981598 1688
1646475355527 0.017997579664296638 1689
1646475355544 0.017915551876153096 1690
1646475355584 0.017833670630035454 1691
1646475355628 0.017751936299924557 1692
1646475355651 0.01767034925913027 1693
1646475355682 0.017588909880289653 1694
1646475355787 0.01750761853536539 1695
1646475355826 0.017426475595644038 1696
1646475355844 0.017345481431734314 1697
1646475355877 0.01726463641356548 1698
1646475355909 0.01718394091038552 1699
1646475355948 0.017103395290759566 1700
1646475356005 0.017022999922568182 1701
1646475356229 0.016942755173005676 1702
1646475356270 0.016862661408578426 1703
1646475356317 0.0167827189951032 1704
1646475356349 0.016702928297705515 1705
1646475356395 0.01662328968081792 1706
1646475356430 0.01654380350817838 1707
1646475356455 0.016464470142828543 1708
1646475356559 0.016385289947112216 1709
1646475356601 0.016306263282673573 1710
1646475356646 0.016227390510455526 1711
1646475356682 0.016148671990698204 1712
1646475356719 0.016070108082937094 1713
1646475356761 0.015991699146001584 1714
1646475356803 0.01591344553801327 1715
1646475356930 0.015835347616384245 1716
1646475356972 0.01575740573781557 1717
1646475357003 0.015679620258295588 1718
1646475357030 0.015601991533098313 1719
1646475357061 0.015524519916781809 1720
1646475357107 0.015447205763186572 1721
1646475357137 0.01537004942543389 1722
1646475357292 0.015293051255924268 1723
1646475357372 0.015216211606335801 1724
1646475357430 0.015139530827622559 1725
1646475357446 0.015063009270012992 1726
1646475357476 0.014986647283008355 1727
1646475357508 0.01491044521538101 1728
1646475357532 0.01483440341517301 1729
1646475357638 0.014758522229694374 1730
1646475357673 0.01468280200552148 1731
1646475357699 0.014607243088495642 1732
1646475357730 0.014531845823721313 1733
1646475357762 0.014456610555564738 1734
1646475357782 0.01438153762765216 1735
1646475357814 0.014306627382868404 1736
1646475357911 0.01423188016335532 1737
1646475357950 0.014157296310510046 1738
1646475357966 0.014082876164983646 1739
1646475358003 0.014008620066679458 1740
1646475358031 0.013934528354751551 1741
1646475358062 0.013860601367603195 1742
1646475358087 0.01378683944288528 1743
1646475358192 0.013713242917494827 1744
1646475358233 0.01363981212757339 1745
1646475358248 0.013566547408505575 1746
1646475358280 0.013493449094917467 1747
1646475358311 0.013420517520675126 1748
1646475358336 0.013347753018883066 1749
1646475358368 0.013275155921882654 1750
1646475358474 0.01320272656125077 1751
1646475358515 0.013130465267798111 1752
1646475358531 0.013058372371567737 1753
1646475358566 0.012986448201833646 1754
1646475358603 0.012914693087099135 1755
1646475358631 0.012843107355095378 1756
1646475358662 0.012771691332779984 1757
1646475358774 0.012700445346335344 1758
1646475358812 0.012629369721167285 1759
1646475358831 0.01255846478190354 1760
1646475358864 0.012487730852392225 1761
1646475358895 0.012417168255700415 1762
1646475358931 0.012346777314112658 1763
1646475358947 0.012276558349129467 1764
1646475359058 0.012206511681465887 1765
1646475359096 0.012136637631050039 1766
1646475359127 0.012066936517021579 1767
1646475359152 0.011997408657730383 1768
1646475359183 0.011928054370734954 1769
1646475359219 0.011858873972801047 1770
1646475359247 0.011789867779900215 1771
1646475359352 0.011721036107208302 1772
1646475359391 0.011652379269104136 1773
1646475359407 0.011583897579167966 1774
1646475359442 0.011515591350180054 1775
1646475359473 0.01144746089411934 1776
1646475359499 0.01137950652216188 1777
1646475359532 0.011311728544679496 1778
1646475359663 0.01124412727123843 1779
1646475359726 0.011176703010597746 1780
1646475359780 0.011109456070708103 1781
1646475359834 0.011042386758710243 1782
1646475359885 0.010975495380933621 1783
1646475359936 0.010908782242895008 1784
1646475359970 0.010842247649297088 1785
1646475360107 0.010775891904027068 1786
1646475360137 0.010709715310155294 1787
1646475360170 0.010643718169933855 1788
1646475360211 0.010577900784795232 1789
1646475360255 0.010512263455350872 1790
1646475360293 0.010446806481389882 1791
1646475360339 0.010381530161877548 1792
1646475360455 0.010316434794954152 1793
1646475360494 0.010251520677933394 1794
1646475360526 0.010186788107301193 1795
1646475360555 0.010122237378714316 1796
1646475360604 0.010057868786998908 1797
1646475360634 0.009993682626149294 1798
1646475360671 0.009929679189326548 1799
1646475360791 0.009865858768857165 1800
1646475360830 0.009802221656231812 1801
1646475360887 0.00973876814210381 1802
1646475360944 0.009675498516288003 1803
1646475361003 0.009612413067759323 1804
1646475361069 0.009549512084651508 1805
1646475361100 0.009486795854255768 1806
1646475361198 0.009424264663019481 1807
1646475361235 0.009361918796544893 1808
1646475361257 0.009299758539587808 1809
1646475361290 0.009237784176056271 1810
1646475361321 0.009175995989009299 1811
1646475361357 0.009114394260655564 1812
1646475361373 0.009052979272352138 1813
1646475361476 0.008991751304603121 1814
1646475361514 0.008930710637058518 1815
1646475361545 0.008869857548512808 1816
1646475361580 0.008809192316903707 1817
1646475361612 0.008748715219311002 1818
1646475361641 0.008688426531955128 1819
1646475361672 0.008628326530196014 1820
1646475361770 0.008568415488531796 1821
1646475361810 0.00850869368059757 1822
1646475361841 0.008449161379164107 1823
1646475361863 0.008389818856136658 1824
1646475361894 0.008330666382553682 1825
1646475361918 0.008271704228585617 1826
1646475361950 0.008212932663533628 1827
1646475362061 0.008154351955828412 1828
1646475362087 0.008095962373028948 1829
1646475362118 0.00803776418182128 1830
1646475362143 0.00797975764801726 1831
1646475362174 0.007921943036553452 1832
1646475362199 0.007864320611489771 1833
1646475362230 0.007806890636008386 1834
1646475362333 0.0077496533724124754 1835
1646475362374 0.007692609082124989 1836
1646475362405 0.007635758025687573 1837
1646475362452 0.007579100462759275 1838
1646475362490 0.00752263665211534 1839
1646475362521 0.007466366851646166 1840
1646475362559 0.007410291318355963 1841
1646475362674 0.00735441030836168 1842
1646475362717 0.00729872407689185 1843
1646475362733 0.007243232878285297 1844
1646475362771 0.007187936965990127 1845
1646475362802 0.007132836592562487 1846
1646475362827 0.007077932009665416 1847
1646475362859 0.007023223468067726 1848
1646475362959 0.006968711217642824 1849
1646475362993 0.006914395507367594 1850
1646475363011 0.006860276585321247 1851
1646475363043 0.006806354698684202 1852
1646475363077 0.006752630093736909 1853
1646475363108 0.006699103015858823 1854
1646475363141 0.006645773709527192 1855
1646475363242 0.006592642418315927 1856
1646475363279 0.006539709384894633 1857
1646475363310 0.006486974851027303 1858
1646475363329 0.006434439057571355 1859
1646475363360 0.006382102244476517 1860
1646475363390 0.006329964650783642 1861
1646475363437 0.0062780265146237186 1862
1646475363660 0.0062262880732167295 1863
1646475363711 0.006174749562870569 1864
1646475363754 0.006123411218980016 1865
1646475363806 0.006072273276025566 1866
1646475363843 0.006021335967572434 1867
1646475363873 0.005970599526269472 1868
1646475363904 0.005920064183848099 1869
1646475364013 0.005869730171121236 1870
1646475364056 0.005819597717982258 1871
1646475364088 0.005769667053403953 1872
1646475364118 0.005719938405437472 1873
1646475364153 0.00567041200121127 1874
1646475364188 0.005621088066930097 1875
1646475364219 0.00557196682787394 1876
1646475364353 0.00552304850839702 1877
1646475364392 0.005474333331926713 1878
1646475364423 0.005425821520962636 1879
1646475364457 0.005377513297075492 1880
1646475364504 0.005329408880906164 1881
1646475364538 0.0052815084921647 1882
1646475364573 0.005233812349629216 1883
1646475364712 0.005186320671145013 1884
1646475364784 0.005139033673623512 1885
1646475364841 0.0050919515730412914 1886
1646475364883 0.005045074584439097 1887
1646475364905 0.004998402921920835 1888
1646475364931 0.004951936798652629 1889
1646475364963 0.004905676426861829 1890
1646475365061 0.004859622017836047 1891
1646475365104 0.004813773781922187 1892
1646475365119 0.0047681319285254875 1893
1646475365154 0.004722696666108572 1894
1646475365184 0.004677468202190451 1895
1646475365213 0.00463244674334567 1896
1646475365244 0.004587632495203288 1897
1646475365345 0.004543025662445922 1898
1646475365382 0.004498626448808909 1899
1646475365400 0.004454435057079256 1900
1646475365433 0.004410451689094834 1901
1646475365464 0.004366676545743354 1902
1646475365490 0.0043231098269614805 1903
1646475365521 0.004279751731733984 1904
1646475365629 0.004236602458092715 1905
1646475365666 0.0041936622031157915 1906
1646475365684 0.004150931162926686 1907
1646475365717 0.004108409532693276 1908
1646475365748 0.0040660975066270045 1909
1646475365784 0.004023995277981982 1910
1646475365816 0.003982103039054096 1911
1646475365917 0.003940420981180137 1912
1646475365956 0.0038989492947369194 1913
1646475365984 0.003857688169140423 1914
1646475366010 0.003816637792844913 1915
1646475366041 0.00377579835334211 1916
1646475366065 0.00373517003716026 1917
1646475366100 0.0036947530298633907 1918
1646475366193 0.0036545475160503875 1919
1646475366232 0.0036145536793541415 1920
1646475366264 0.003574771702440786 1921
1646475366285 0.003535201767008779 1922
1646475366316 0.00349584405378811 1923
1646475366341 0.0034566987425395223 1924
1646475366373 0.0034177660120535704 1925
1646475366485 0.0033790460401499356 1926
1646475366510 0.003340539003676524 1927
1646475366541 0.0033022450785087005 1928
1646475366575 0.00326416443954847 1929
1646475366616 0.003226297260723691 1930
1646475366648 0.003188643714987268 1931
1646475366685 0.0031512039743163667 1932
1646475366785 0.0031139782097116277 1933
1646475366820 0.003076966591196388 1934
1646475366837 0.0030401692878159097 1935
1646475366868 0.0030035864676365917 1936
1646475366903 0.0029672182977452154 1937
1646475366934 0.0029310649442481776 1938
1646475366961 0.0028951265722707256 1939
1646475367063 0.0028594033459562232 1940
1646475367117 0.0028238954284653906 1941
1646475367174 0.0027886029819755172 1942
1646475367217 0.0027535261676798223 1943
1646475367264 0.002718665145786594 1944
1646475367319 0.002684020075518547 1945
1646475367368 0.0026495911151120937 1946
1646475367505 0.0026153784218165463 1947
1646475367563 0.002581382151893477 1948
1646475367610 0.0025476024606159702 1949
1646475367638 0.0025140395022679213 1950
1646475367675 0.0024806934301433276 1951
1646475367716 0.0024475643965455826 1952
1646475367760 0.002414652552786793 1953
1646475367879 0.0023819580491870867 1954
1646475367921 0.002349481035073915 1955
1646475367952 0.00231722165878138 1956
1646475367981 0.0022851800676495487 1957
1646475368019 0.0022533564080238037 1958
1646475368060 0.002221750825254118 1959
1646475368093 0.0021903634636944807 1960
1646475368208 0.0021591944667021562 1961
1646475368251 0.0021282439766370474 1962
1646475368276 0.0020975121348611055 1963
1646475368307 0.0020669990817375784 1964
1646475368361 0.0020367049566304674 1965
1646475368408 0.0020066298979038613 1966
1646475368494 0.0019767740429212414 1967
1646475368624 0.0019471375280449726 1968
1646475368654 0.0019177204886355577 1969
1646475368688 0.0018885230590511169 1970
1646475368712 0.0018595453726467156 1971
1646475368743 0.0018307875617737757 1972
1646475368764 0.0018022497577794773 1973
1646475368795 0.0017739320910061408 1974
1646475368893 0.001745834690790645 1975
1646475368933 0.0017179576854638337 1976
1646475368954 0.0016903012023499315 1977
1646475368989 0.0016628653677659558 1978
1646475369020 0.0016356503070211353 1979
1646475369054 0.0016086561444163695 1980
1646475369070 0.0015818830032436025 1981
1646475369174 0.0015553310057853343 1982
1646475369213 0.0015290002733139942 1983
1646475369245 0.001502890926091412 1984
1646475369265 0.0014770030833683087 1985
1646475369296 0.001451336863383674 1986
1646475369324 0.0014258923833642832 1987
1646475369355 0.0014006697595241656 1988
1646475369455 0.0013756691070640143 1989
1646475369493 0.001350890540170732 1990
1646475369510 0.0013263341720168647 1991
1646475369538 0.001302000114760097 1992
1646475369571 0.0012778884795427512 1993
1646475369612 0.0012539993764912555 1994
1646475369643 0.0012303329147156609 1995
1646475369742 0.0012068892023091413 1996
1646475369782 0.0011836683463474773 1997
1646475369813 0.0011606704528886013 1998
1646475369833 0.0011378956269720922 1999
1646475369855 0.001115343972618703 2000
1646475369888 0.0010930155928298624 2001
1646475369919 0.0010709105895872686 2002
1646475370011 0.0010490290638523229 2003
1646475370051 0.0010273711155657703 2004
1646475370071 0.0010059368436471814 2005
1646475370107 0.0009847263459945043 2006
1646475370138 0.000963739719483664 2007
1646475370164 0.0009429770599680519 2008
1646475370196 0.0009224384622781263 2009
1646475370296 0.0009021240202210126 2010
1646475370333 0.0008820338265799817 2011
1646475370357 0.0008621679731141276 2012
1646475370386 0.0008425265505578737 2013
1646475370417 0.0008231096486206064 2014
1646475370446 0.0008039173559862364 2015
1646475370472 0.0007849497603128103 2016
1646475370586 0.0007662069482320886 2017
1646475370626 0.000747689005349185 2018
1646475370657 0.0007293960162421442 2019
1646475370682 0.0007113280644615651 2020
1646475370713 0.0006934852325302335 2021
1646475370736 0.0006758676019427177 2022
1646475370757 0.0006584752531650071 2023
1646475370920 0.0006413082656341742 2024
1646475370957 0.000624366717757974 2025
1646475371021 0.0006076506869144732 2026
1646475371078 0.0005911602494517659 2027
1646475371132 0.0005748954806875473 2028
1646475371169 0.0005588564549088189 2029
1646475371215 0.0005430432453715275 2030
1646475371330 0.000527455924300238 2031
1646475371370 0.0005120945628878062 2032
1646475371401 0.0004969592312950392 2033
1646475371435 0.00048204999865039655 2034
1646475371470 0.00046736693304965705 2035
1646475371504 0.0004529101015556186 2036
1646475371544 0.00043867957019777656 2037
1646475371680 0.0004246754039720515 2038
1646475371725 0.00041089766684046205 2039
1646475371756 0.00039734642173083583 2040
1646475371780 0.00038402173053654333 2041
1646475371827 0.0003709236541162035 2042
1646475371860 0.00035805225229340067 2043
1646475371901 0.00034540758385641823 2044
1646475372032 0.0003329897065579498 2045
1646475372070 0.0003207986771148884 2046
1646475372164 0.000308834551207999 2047
1646475372223 0.0002970973834817017 2048
1646475372264 0.00028558722754385015 2049
1646475372314 0.0002743041359654092 2050
1646475372355 0.000263248160280283 2051
1646475372472 0.0002524193509850653 2052
1646475372511 0.00024181775753877825 2053
1646475372534 0.00023144342836267835 2054
1646475372559 0.00022129641084003433 2055
1646475372592 0.00021137675131588292 2056
1646475372634 0.00020168449509684564 2057
1646475372666 0.00019221968645092346 2058
1646475372764 0.00018298236860725802 2059
1646475372805 0.00017397258375597622 2060
1646475372835 0.00016519037304798495 2061
1646475372858 0.00015663577659475998 2062
1646475372889 0.00014830883346820726 2063
1646475372915 0.0001402095817004298 2064
1646475372950 0.00013233805828360547 2065
1646475373043 0.0001246942991697873 2066
1646475373083 0.00011727833927074226 2067
1646475373099 0.00011009021245781277 2068
1646475373135 0.00010312995156173331 2069
1646475373167 9.639758837249167e-05 2070
1646475373189 8.989315363919581e-05 2071
1646475373220 8.361667706991835e-05 2072
1646475373319 7.756818733155786e-05 2073
1646475373361 7.174771204972772e-05 2074
1646475373377 6.61552778086175e-05 2075
1646475373410 6.0790910150865196e-05 2076
1646475373436 5.565463357745169e-05 2077
1646475373463 5.07464715475788e-05 2078
1646475373494 4.606644647856922e-05 2079
1646475373599 4.161457974577774e-05 2080
1646475373641 3.7390891682458074e-05 2081
1646475373673 3.339540157970169e-05 2082
1646475373692 2.9628127686337992e-05 2083
1646475373723 2.6089087208845458e-05 2084
1646475373750 2.2778296311290572e-05 2085
1646475373781 1.9695770115227916e-05 2086
1646475373874 1.6841522699655765e-05 2087
1646475373912 1.4215567100938363e-05 2088
1646475373951 1.181791531276152e-05 2089
1646475373971 9.64857828603824e-06 2090
1646475374002 7.707565928919825e-06 2091
1646475374036 5.9948871066904034e-06 2092
1646475374067 4.51054964177248e-06 2093
1646475374160 3.2545603136603254e-06 2094
1646475374200 2.226924858908874e-06 2095
1646475374231 1.427647971089312e-06 2096
1646475374249 8.567333007890797e-07 2097
1646475374280 5.141834555785649e-07 2098
1646475374316 4.0000000000000003e-07 2099
1646475374352 5.141834555785649e-07 2100
