1646475277034 1.6456996202468872 0
1646475277334 1.6186572313308716 1
1646475277619 1.6322710514068604 2
1646475277907 1.6139405965805054 3
1646475278372 1.6195502281188965 4
1646475278707 1.5828619003295898 5
1646475279020 1.5914772748947144 6
1646475279427 1.606741189956665 7
1646475279723 1.6028720140457153 8
1646475280006 1.5758806467056274 9
1646475280290 1.5733137130737305 10
1646475280559 1.5626404285430908 11
1646475280837 1.542492151260376 12
1646475281123 1.5529603958129883 13
1646475281409 1.5126076936721802 14
1646475281723 1.4933388233184814 15
1646475282167 1.4916375875473022 16
1646475282511 1.5084799528121948 17
1646475282827 1.479422926902771 18
1646475283234 1.4753751754760742 19
1646475283512 1.4612488746643066 20
1646475283800 1.4448026418685913 21
1646475284069 1.422963261604309 22
1646475284351 1.3814921379089355 23
1646475284645 1.3740479946136475 24
1646475284920 1.368497371673584 25
1646475285183 1.3636473417282104 26
1646475285520 1.3303107023239136 27
1646475286091 1.3025916814804077 28
1646475286507 1.2733534574508667 29
1646475286932 1.2579724788665771 30
1646475287313 1.2031320333480835 31
1646475287646 1.2488908767700195 32
1646475287966 1.2098772525787354 33
1646475288278 1.215238094329834 34
1646475288567 1.1411610841751099 35
1646475288849 1.1702079772949219 36
1646475289149 1.0274174213409424 37
1646475289588 1.1081444025039673 38
1646475289898 0.9905640482902527 39
1646475290222 1.013871669769287 40
1646475290675 1.070932149887085 41
1646475290939 0.9131091833114624 42
1646475291224 0.9818581938743591 43
1646475291500 0.9490126371383667 44
1646475291779 0.943682849407196 45
1646475292057 1.010188102722168 46
1646475292341 0.9505236148834229 47
1646475292626 0.890535295009613 48
1646475292904 0.8973245024681091 49
1646475293340 0.9485481381416321 50
1646475293692 0.9125719666481018 51
1646475293977 0.9072443842887878 52
1646475294393 0.8363136649131775 53
1646475294662 0.7634560465812683 54
1646475294947 0.8512618541717529 55
1646475295228 0.7607608437538147 56
1646475295512 0.7745808362960815 57
1646475295795 0.8175281882286072 58
1646475296082 0.7970675230026245 59
1646475296358 0.7094814777374268 60
1646475296654 0.8177958726882935 61
1646475297124 0.7304794192314148 62
1646475297445 0.777733564376831 63
1646475297777 0.8465167284011841 64
1646475298177 0.6880159974098206 65
1646475298453 0.7962029576301575 66
1646475298736 0.8388527631759644 67
1646475299017 0.7537738084793091 68
1646475299290 0.7080661654472351 69
1646475299579 0.7017058730125427 70
1646475299860 0.7310532331466675 71
1646475300160 0.6944066286087036 72
1646475300460 0.6125245094299316 73
1646475300919 0.6543475985527039 74
1646475301235 0.5791199207305908 75
1646475301586 0.686962366104126 76
1646475301992 0.7184110283851624 77
1646475302267 0.6230350732803345 78
1646475302555 0.5973649024963379 79
1646475302839 0.4827556312084198 80
1646475303121 0.5838395357131958 81
1646475303397 0.6089076399803162 82
1646475303699 0.660035252571106 83
1646475303979 0.5117892622947693 84
1646475304388 0.48576053977012634 85
1646475305296 0.6277865171432495 86
1646475305607 0.60378098487854 87
1646475306070 0.5056266784667969 88
1646475306508 0.42939019203186035 89
1646475306808 0.521543562412262 90
1646475307091 0.5334926247596741 91
1646475307379 0.5968753099441528 92
1646475307685 0.5202101469039917 93
1646475308109 0.49728572368621826 94
1646475308487 0.5412695407867432 95
1646475308853 0.5018423199653625 96
1646475309324 0.4721415340900421 97
1646475309633 0.4589199125766754 98
1646475309908 0.4727512001991272 99
1646475310187 0.44477859139442444 100
1646475310487 0.5207610726356506 101
1646475310775 0.6830031871795654 102
1646475311057 0.5270135402679443 103
1646475311344 0.4149499833583832 104
1646475311731 0.4051690995693207 105
1646475312122 0.37467435002326965 106
1646475312454 0.4248429834842682 107
1646475312824 0.4421532154083252 108
1646475313170 0.4182039201259613 109
1646475313456 0.3542886972427368 110
1646475313755 0.2890189588069916 111
1646475314032 0.3521401584148407 112
1646475314302 0.32948508858680725 113
1646475314594 0.41073018312454224 114
1646475314886 0.47185882925987244 115
1646475315155 0.31187331676483154 116
1646475315619 0.2842245399951935 117
1646475315951 0.34805282950401306 118
1646475316296 0.3213123381137848 119
1646475316696 0.30187612771987915 120
1646475316999 0.2565292716026306 121
1646475317299 0.4636409878730774 122
1646475317581 0.45966219902038574 123
1646475317867 0.3357672393321991 124
1646475318144 0.34068793058395386 125
1646475318439 0.33802056312561035 126
1646475318744 0.30870991945266724 127
1646475319136 0.2380172163248062 128
1646475319503 0.2801852822303772 129
1646475319871 0.3207643926143646 130
1646475320240 0.3932230770587921 131
1646475320593 0.2860085964202881 132
1646475320875 0.2783101499080658 133
1646475321161 0.3160157799720764 134
1646475321442 0.30500152707099915 135
1646475321748 0.282166987657547 136
1646475322027 0.3090999722480774 137
1646475322328 0.2674602270126343 138
1646475322627 0.2931828200817108 139
1646475323075 0.3242485523223877 140
1646475323404 0.2966485917568207 141
1646475323728 0.2930871546268463 142
1646475324144 0.2826644480228424 143
1646475324444 0.2861793041229248 144
1646475324748 0.304768443107605 145
1646475325016 0.1634787768125534 146
1646475325290 0.23848003149032593 147
1646475325581 0.2516542375087738 148
1646475325846 0.20959021151065826 149
1646475326148 0.2802334725856781 150
1646475326447 0.1481655240058899 151
1646475326896 0.3223775327205658 152
1646475327244 0.21798455715179443 153
1646475327576 0.2025260329246521 154
1646475327969 0.25413405895233154 155
1646475328250 0.20983973145484924 156
1646475328554 0.2073180079460144 157
1646475328860 0.1717921942472458 158
1646475329194 0.14285294711589813 159
1646475329494 0.2727871835231781 160
1646475329841 0.3238562345504761 161
1646475330273 0.23000849783420563 162
1646475330749 0.19560997188091278 163
1646475331129 0.16319847106933594 164
1646475331580 0.16940782964229584 165
1646475331849 0.18187540769577026 166
1646475332137 0.2424369901418686 167
1646475332413 0.20421144366264343 168
1646475332705 0.1730717420578003 169
1646475332982 0.242335245013237 170
1646475333283 0.3012278378009796 171
1646475333587 0.187851220369339 172
1646475333973 0.18242299556732178 173
1646475334348 0.17911292612552643 174
1646475334693 0.1812121421098709 175
1646475335079 0.199035182595253 176
1646475335445 0.14438365399837494 177
1646475335719 0.13462339341640472 178
1646475336009 0.16946323215961456 179
1646475336293 0.1537499725818634 180
1646475336562 0.1549120992422104 181
1646475336853 0.1217542365193367 182
1646475337152 0.10551786422729492 183
1646475337441 0.13867652416229248 184
1646475337885 0.13082706928253174 185
1646475338219 0.12124108523130417 186
1646475338563 0.15311037003993988 187
1646475338985 0.19321464002132416 188
1646475339263 0.10677648335695267 189
1646475339539 0.1544085144996643 190
1646475339818 0.23693226277828217 191
1646475340103 0.15538403391838074 192
1646475340387 0.12843820452690125 193
1646475340679 0.19842608273029327 194
1646475340967 0.1429462730884552 195
1646475341319 0.14975589513778687 196
1646475341728 0.14114876091480255 197
1646475342056 0.1643916219472885 198
1646475342409 0.1376408487558365 199
1646475342812 0.1551281213760376 200
1646475343081 0.12567418813705444 201
1646475343367 0.09737876802682877 202
1646475343658 0.1248447597026825 203
1646475343948 0.12560229003429413 204
1646475344233 0.12201012670993805 205
1646475344554 0.16379471123218536 206
1646475344851 0.12910836935043335 207
1646475345324 0.1347799301147461 208
1646475345648 0.04238976538181305 209
1646475345977 0.11041393876075745 210
1646475346394 0.17579801380634308 211
1646475346679 0.1221155971288681 212
1646475346958 0.13190235197544098 213
1646475347252 0.1530131995677948 214
1646475347537 0.1800938844680786 215
1646475347830 0.16269366443157196 216
1646475348095 0.1350129395723343 217
1646475348398 0.11235304176807404 218
1646475348781 0.09667272120714188 219
1646475349162 0.10322724282741547 220
1646475349515 0.10929816216230392 221
1646475349853 0.16995631158351898 222
1646475350232 0.1125544086098671 223
1646475350501 0.10765760391950607 224
1646475350785 0.10188212245702744 225
1646475351074 0.08230844140052795 226
1646475351351 0.09690169990062714 227
1646475351641 0.1087448000907898 228
1646475351937 0.14664943516254425 229
1646475352220 0.11481813341379166 230
1646475352692 0.12574441730976105 231
1646475353024 0.1437356024980545 232
1646475353324 0.1656103879213333 233
1646475353798 0.1177309975028038 234
1646475354058 0.11962827295064926 235
1646475354343 0.15343496203422546 236
1646475354616 0.0743667408823967 237
1646475354904 0.12092744559049606 238
1646475355175 0.1821800321340561 239
1646475355460 0.167331725358963 240
1646475355763 0.09636538475751877 241
1646475356176 0.12016446143388748 242
1646475356530 0.10098318010568619 243
1646475356896 0.1196988970041275 244
1646475357261 0.060526397079229355 245
1646475357610 0.14806461334228516 246
1646475357888 0.11707902699708939 247
1646475358166 0.08369240164756775 248
1646475358449 0.0710340142250061 249
1646475358750 0.19069497287273407 250
1646475359031 0.08316860347986221 251
1646475359329 0.09639433026313782 252
1646475359614 0.09858539700508118 253
1646475360074 0.08540110290050507 254
1646475360415 0.06046447157859802 255
1646475360772 0.11231733113527298 256
1646475361176 0.10966629534959793 257
1646475361457 0.1433074027299881 258
1646475361747 0.11829078942537308 259
1646475362023 0.12789498269557953 260
1646475362311 0.10276427865028381 261
1646475362643 0.13628166913986206 262
1646475362933 0.10055893659591675 263
1646475363207 0.0642867460846901 264
1646475363609 0.09583939611911774 265
1646475363988 0.12189507484436035 266
1646475364309 0.06701256334781647 267
1646475364669 0.09850936383008957 268
1646475365041 0.13322857022285461 269
1646475365315 0.07145009189844131 270
1646475365604 0.07055602967739105 271
1646475365884 0.12230361998081207 272
1646475366172 0.0599389486014843 273
1646475366447 0.08733319491147995 274
1646475366759 0.11157553642988205 275
1646475367033 0.1293647140264511 276
1646475367479 0.11909524351358414 277
1646475367852 0.12731269001960754 278
1646475368180 0.12784703075885773 279
1646475368603 0.10885468125343323 280
1646475368873 0.11072052270174026 281
1646475369154 0.060897693037986755 282
1646475369428 0.13008001446723938 283
1646475369715 0.08900076150894165 284
1646475369987 0.13212339580059052 285
1646475370275 0.06376990675926208 286
1646475370559 0.07679859548807144 287
1646475370857 0.13478904962539673 288
1646475371301 0.0771329253911972 289
1646475371652 0.1772584170103073 290
1646475372001 0.07919343560934067 291
1646475372450 0.13907067477703094 292
1646475372735 0.10396289825439453 293
1646475373013 0.11441480368375778 294
1646475373296 0.1358719766139984 295
1646475373570 0.0987926796078682 296
1646475373851 0.11873242259025574 297
1646475374137 0.14119508862495422 298
1646475374422 0.0968974158167839 299
