1647274903244 0.5365079641342163 0
1647274917832 0.5873016119003296 1
1647274927947 0.6984127163887024 2
1647274934195 0.7428571581840515 3
1647274944402 0.8317460417747498 4
1647274950640 0.7555555701255798 5
1647274960861 0.644444465637207 6
1647274967103 0.7460317611694336 7
1647274977238 0.803174614906311 8
1647274987571 0.8190476298332214 9
1647274997813 0.8317460417747498 10
1647275003935 0.8476190567016602 11
1647275014398 0.8761904835700989 12
1647275020590 0.8730158805847168 13
1647275030824 0.8666666746139526 14
1647275040993 0.8126984238624573 15
1647275051196 0.879365086555481 16
1647275061612 0.8603174686431885 17
1647275067812 0.879365086555481 18
1647275073954 0.8857142925262451 19
1647275080143 0.9015873074531555 20
1647275090622 0.9142857193946838 21
1647275100709 0.9428571462631226 22
1647275106788 0.9047619104385376 23
1647275112919 0.9269841313362122 24
1647275119067 0.9269841313362122 25
1647275129348 0.9365079402923584 26
1647275139675 0.9396825432777405 27
1647275145879 0.9365079402923584 28
1647275156131 0.9428571462631226 29
1647275166404 0.9523809552192688 30
1647275176611 0.9460317492485046 31
1647275182799 0.9523809552192688 32
1647275193062 0.958730161190033 33
1647275199235 0.958730161190033 34
1647275209531 0.961904764175415 35
1647275215780 0.9460317492485046 36
1647275226164 0.9682539701461792 37
1647275262004 0.9428571462631226 38
