1647274886557 0.002 0
1647274894769 0.002000514040060901 1
1647274895008 0.002002056138223837 2
1647274895141 0.0020046262284304436 3
1647274895286 0.0020082242005866335 4
1647274895415 0.002012849900567222 5
1647274895552 0.00201850313022265 6
1647274895684 0.002025183647387359 7
1647274895822 0.002032891165890234 8
1647274895962 0.0020416253555668173 9
1647274896101 0.0020513858422735176 10
1647274896234 0.0020621722079035565 11
1647274896376 0.002073983990404926 12
1647274896509 0.002086820683800193 13
1647274896653 0.0021006817382081197 14
1647274896794 0.002115566559867277 15
1647274896929 0.002131474511161441 16
1647274897065 0.0021484049106469255 17
1647274897197 0.002166357033081767 18
1647274897332 0.00218533010945679 19
1647274897462 0.002205323327028552 20
1647274897612 0.0022263358293541508 21
1647274897750 0.0022483667163279153 22
1647274897903 0.0022714150442199876 23
1647274898038 0.0022954798257166925 24
1647274898183 0.0023205600299629064 25
1647274898317 0.0023466545826061336 26
1647274898449 0.0023737623658426008 27
1647274898611 0.0024018822184650873 28
1647274898742 0.0024310129359127117 29
1647274898871 0.0024611532703224734 30
1647274899006 0.002492301930582773 31
1647274899139 0.002524457582388666 32
1647274899268 0.0025576188482990675 33
1647274899399 0.0025917843077956984 34
1647274899532 0.0026269524973439942 35
1647274899666 0.002663121910455764 36
1647274899797 0.002700290997753728 37
1647274899931 0.0027384581670378966 38
1647274900063 0.0027776217833537648 39
1647274901120 0.002817780169062367 40
1647274911826 0.002858931603912096 41
1647274912001 0.002901074325112468 42
1647274912145 0.0029442065274095583 43
1647274912278 0.002988326363163367 44
1647274912412 0.0030334319424269868 45
1647274912546 0.003079521333027517 46
1647274912680 0.003126592560648872 47
1647274912815 0.003174643608916311 48
1647274912956 0.003223672419482869 49
1647274913090 0.0032736768921174594 50
1647274913232 0.003324654884794928 51
1647274913367 0.003376604213787715 52
1647274913502 0.0034295226537594814 53
1647274913640 0.0034834079378603805 54
1647274913772 0.0035382577578241814 55
1647274913909 0.003594069764067162 56
1647274914048 0.0036508415657887164 57
1647274914186 0.003708570731073821 58
1647274914321 0.0037672547869971665 59
1647274914461 0.0038268912197291227 60
1647274914595 0.0038874774746433804 61
1647274914727 0.003949010956426441 62
1647274914863 0.004011489029188735 63
1647274914997 0.004074909016577581 64
1647274915131 0.004139268201891783 65
1647274915267 0.004204563828198046 66
1647274915402 0.004270793098449077 67
1647274915539 0.004337953175603343 68
1647274915674 0.004406041182746685 69
1647274915805 0.004475054203215485 70
1647274915938 0.004544989280721626 71
1647274916070 0.004615843419479175 72
1647274916225 0.004687613584332624 73
1647274916356 0.004760296700886998 74
1647274916495 0.004833889655639481 75
1647274916627 0.004908389296112835 76
1647274916767 0.004983792430990404 77
1647274916900 0.005060095830252867 78
1647274917031 0.00513729622531655 79
1647274917118 0.005215390309173472 80
1647274922051 0.005294374736532999 81
1647274922195 0.005374246123965136 82
1647274922331 0.005455001050045483 83
1647274922464 0.005536636055501788 84
1647274922597 0.0056191476433621115 85
1647274922737 0.0057025322791046384 86
1647274922882 0.005786786390809123 87
1647274923019 0.005871906369309822 88
1647274923159 0.005957888568350167 89
1647274923306 0.006044729304738913 90
1647274923443 0.00613242485850795 91
1647274923578 0.006220971473071629 92
1647274923712 0.006310365355387676 93
1647274923843 0.006400602676119707 94
1647274923980 0.006491679569801234 95
1647274924121 0.006583592135001266 96
1647274924257 0.006676336434491406 97
1647274924396 0.006769908495414548 98
1647274924532 0.006864304309455033 99
1647274924664 0.006959519833010359 100
1647274924807 0.007055550987364406 101
1647274924939 0.0071523936588621245 102
1647274925082 0.007250043699085794 103
1647274925225 0.007348496925032699 104
1647274925364 0.007447749119294314 105
1647274925508 0.007547796030236975 106
1647274925639 0.007648633372183994 107
1647274925773 0.00775025682559926 108
1647274925910 0.007852662037272258 109
1647274926044 0.007955844620504547 110
1647274926177 0.008059800155297676 111
1647274926310 0.008164524188542542 112
1647274926442 0.008270012234210096 113
1647274926576 0.008376259773543546 114
1647274926709 0.00848326225525195 115
1647274926842 0.008591015095705104 116
1647274926972 0.008699513679129953 117
1647274927105 0.008808753357808292 118
1647274927257 0.00891872945227589 119
1647274927340 0.009029437251522866 120
1647274928220 0.009140872013195557 121
1647274928384 0.009253028963799675 122
1647274928519 0.009365903298904736 123
1647274928655 0.009479490183349905 124
1647274928789 0.009593784751451097 125
1647274928931 0.009708782107209393 126
1647274929070 0.009824477324520853 127
1647274929216 0.009940865447387405 128
1647274929354 0.010057941490129237 129
1647274929489 0.01017570043759835 130
1647274929621 0.010294137245393353 131
1647274929763 0.0104132468400756 132
1647274929906 0.010533024119386461 133
1647274930054 0.010653463952465969 134
1647274930188 0.010774561180072507 135
1647274930332 0.010896310614803902 136
1647274930469 0.011018707041319575 137
1647274930603 0.011141745216563984 138
1647274930741 0.01126541986999121 139
1647274930879 0.01138972570379071 140
1647274931014 0.011514657393114289 141
1647274931165 0.011640209586304184 142
1647274931307 0.011766376905122312 143
1647274931454 0.011893153944980646 144
1647274931594 0.012020535275172745 145
1647274931729 0.012148515439106389 146
1647274931867 0.012277088954537309 147
1647274932009 0.012406250313804011 148
1647274932146 0.012535993984063763 149
1647274932279 0.01266631440752955 150
1647274932414 0.01279720600170816 151
1647274932546 0.01292866315963935 152
1647274932690 0.013060680250135993 153
1647274932822 0.013193251618025321 154
1647274932969 0.013326371584391171 155
1647274933103 0.013460034446817232 156
1647274933236 0.013594234479631345 157
1647274933372 0.013728965934150753 158
1647274933515 0.01386422303892837 159
1647274933594 0.013999999999999999 160
1647274938481 0.014136291001132534 161
1647274938648 0.01427309020407308 162
1647274938783 0.014410391748799108 163
1647274938925 0.014548189753769404 164
1647274939058 0.014686478316176053 165
1647274939198 0.01482525151219733 166
1647274939335 0.01496450339725136 167
1647274939470 0.015104228006250879 168
1647274939622 0.01524441935385866 169
1647274939759 0.01538507143474397 170
1647274939895 0.015526178223839796 171
1647274940028 0.015667733676600917 172
1647274940179 0.015809731729262887 173
1647274940320 0.015952166299101726 174
1647274940456 0.016095031284694528 175
1647274940599 0.01623832056618079 176
1647274940736 0.016382028005524622 177
1647274940871 0.016526147446777592 178
1647274941002 0.01667067271634251 179
1647274941137 0.016815597623237845 180
1647274941271 0.016960915959362943 181
1647274941404 0.017106621499763927 182
1647274941537 0.0172527080029004 183
1647274941673 0.0173991692109128 184
1647274941808 0.017545998849890394 185
1647274941955 0.017693190630140174 186
1647274942087 0.017840738246456142 187
1647274942229 0.017988635378389503 188
1647274942384 0.018136875690519354 189
1647274942519 0.018285452832724126 190
1647274942663 0.018434360440453525 191
1647274942796 0.018583592135001263 192
1647274942933 0.01873314152377821 193
1647274943066 0.0188830022005863 194
1647274943203 0.019033167745892907 195
1647274943350 0.019183631727105854 196
1647274943481 0.019334387698848987 197
1647274943614 0.01948542920323822 198
1647274943748 0.01963674977015821 199
1647274943826 0.019788342917539503 200
1647274944696 0.01994020215163621 201
1647274944846 0.020092320967304168 202
1647274944977 0.020244692848279604 203
1647274945113 0.02039731126745827 204
1647274945261 0.020550169687175046 205
1647274945402 0.020703261559483967 206
1647274945547 0.020856580326438785 207
1647274945681 0.02101011942037378 208
1647274945819 0.02116387226418519 209
1647274945966 0.02131783227161292 210
1647274946098 0.021471992847522676 211
1647274946235 0.021626347388188458 212
1647274946368 0.02178088928157549 213
1647274946503 0.021935611907623415 214
1647274946639 0.02209050863852987 215
1647274946785 0.022245572839034458 216
1647274946924 0.022400797866702925 217
1647274947067 0.022556177072211702 218
1647274947206 0.022711703799632766 219
1647274947340 0.02286737138671876 220
1647274947474 0.023023173165188354 221
1647274947608 0.023179102461011895 222
1647274947746 0.023335152594697338 223
1647274947891 0.023491316881576317 224
1647274948021 0.02364758863209054 225
1647274948169 0.02380396115207834 226
1647274948304 0.0239604277430614 227
1647274948436 0.024116981702531723 228
1647274948574 0.024273616324238734 229
1647274948706 0.024430324898476567 230
1647274948839 0.024587100712371468 231
1647274949007 0.02474393705016935 232
1647274949139 0.024900827193523503 233
1647274949278 0.025057764421782355 234
1647274949409 0.025214742012277372 235
1647274949542 0.025371753240611042 236
1647274949673 0.025528791380944927 237
1647274949828 0.025685849706287737 238
1647274949962 0.025842921488783557 239
1647274950052 0.026000000000000002 240
1647274954967 0.026157078511216444 241
1647274955125 0.026314150293712264 242
1647274955280 0.026471208619055078 243
1647274955423 0.026628246759388952 244
1647274955553 0.026785257987722626 245
1647274955685 0.026942235578217642 246
1647274955820 0.027099172806476494 247
1647274955950 0.027256062949830656 248
1647274956085 0.02741289928762854 249
1647274956227 0.027569675101523437 250
1647274956357 0.02772638367576127 251
1647274956489 0.027883018297468278 252
1647274956629 0.0280395722569386 253
1647274956761 0.02819603884792166 254
1647274956907 0.028352411367909457 255
1647274957040 0.02850868311842368 256
1647274957176 0.028664847405302663 257
1647274957327 0.028820897538988102 258
1647274957460 0.028976826834811644 259
1647274957596 0.029132628613281236 260
1647274957742 0.02928829620036723 261
1647274957879 0.029443822927788302 262
1647274958021 0.029599202133297087 263
1647274958156 0.029754427160965546 264
1647274958290 0.02990949136147013 265
1647274958439 0.030064388092376593 266
1647274958569 0.03021911071842451 267
1647274958700 0.030373652611811543 268
1647274958837 0.030528007152477325 269
1647274958981 0.03068216772838708 270
1647274959111 0.030836127735814813 271
1647274959259 0.030989880579626223 272
1647274959415 0.031143419673561216 273
1647274959555 0.031296738440516024 274
1647274959686 0.03144983031282496 275
1647274959815 0.031602688732541726 276
1647274959953 0.0317553071517204 277
1647274960087 0.03190767903269583 278
1647274960217 0.0320597978483638 279
1647274960295 0.0322116570824605 280
1647274961138 0.032363250229841795 281
1647274961283 0.03251457079676179 282
1647274961416 0.03266561230115102 283
1647274961573 0.03281636827289415 284
1647274961708 0.0329668322541071 285
1647274961852 0.033116997799413704 286
1647274961989 0.03326685847622179 287
1647274962121 0.033416407864998735 288
1647274962264 0.03356563955954647 289
1647274962404 0.03371454716727587 290
1647274962535 0.033863124309480644 291
1647274962672 0.0340113646216105 292
1647274962802 0.03415926175354386 293
1647274962935 0.03430680936985984 294
1647274963090 0.0344540011501096 295
1647274963221 0.03460083078908721 296
1647274963366 0.0347472919970996 297
1647274963512 0.03489337850023607 298
1647274963643 0.03503908404063706 299
1647274963813 0.03518440237676215 300
1647274963953 0.035329327283657494 301
1647274964090 0.03547385255322241 302
1647274964232 0.03561797199447538 303
1647274964388 0.03576167943381921 304
1647274964536 0.03590496871530548 305
1647274964700 0.03604783370089827 306
1647274964833 0.03619026827073711 307
1647274964976 0.03633226632339909 308
1647274965110 0.036473821776160216 309
1647274965243 0.03661492856525603 310
1647274965376 0.036755580646141345 311
1647274965505 0.036895771993749125 312
1647274965638 0.03703549660274864 313
1647274965769 0.03717474848780268 314
1647274965908 0.037313521683823944 315
1647274966043 0.03745181024623061 316
1647274966179 0.03758960825120089 317
1647274966310 0.03772690979592691 318
1647274966439 0.03786370899886747 319
1647274966517 0.038 320
1647274971409 0.03813577696107163 321
1647274971562 0.03827103406584925 322
1647274971704 0.03840576552036866 323
1647274971843 0.03853996555318277 324
1647274971972 0.038673628415608834 325
1647274972105 0.038806748381974676 326
1647274972238 0.03893931974986401 327
1647274972372 0.039071336840360654 328
1647274972505 0.039202793998291845 329
1647274972641 0.03933368559247045 330
1647274972772 0.039464006015936234 331
1647274972904 0.039593749686195986 332
1647274973051 0.039722911045462696 333
1647274973190 0.03985148456089361 334
1647274973337 0.03997946472482725 335
1647274973469 0.04010684605501935 336
1647274973605 0.04023362309487769 337
1647274973737 0.04035979041369582 338
1647274973869 0.040485342606885716 339
1647274974001 0.040610274296209295 340
1647274974140 0.0407345801300088 341
1647274974288 0.04085825478343602 342
1647274974424 0.04098129295868043 343
1647274974554 0.041103689385196096 344
1647274974687 0.04122543881992749 345
1647274974819 0.041346536047534035 346
1647274974959 0.04146697588061354 347
1647274975090 0.04158675315992441 348
1647274975243 0.04170586275460665 349
1647274975388 0.041824299562401655 350
1647274975518 0.041942058509870754 351
1647274975658 0.04205913455261259 352
1647274975790 0.04217552267547915 353
1647274975922 0.042291217892790604 354
1647274976052 0.042406215248548915 355
1647274976191 0.0425205098166501 356
1647274976322 0.04263409670109526 357
1647274976452 0.04274697103620032 358
1647274976581 0.04285912798680444 359
1647274976660 0.042970562748477145 360
1647274981653 0.043081270547724114 361
1647274981817 0.043191246642191705 362
1647274981976 0.04330048632087005 363
1647274982118 0.0434089849042949 364
1647274982256 0.043516737744748055 365
1647274982402 0.04362374022645645 366
1647274982532 0.04372998776578991 367
1647274982667 0.04383547581145747 368
1647274982803 0.04394019984470233 369
1647274982956 0.04404415537949546 370
1647274983096 0.044147337962727747 371
1647274983234 0.044249743174400745 372
1647274983380 0.04435136662781601 373
1647274983524 0.04445220396976303 374
1647274983662 0.04455225088070569 375
1647274983809 0.044651503074967305 376
1647274983940 0.044749956300914204 377
1647274984087 0.04484760634113787 378
1647274984222 0.0449444490126356 379
1647274984359 0.045040480166989645 380
1647274984495 0.04513569569054497 381
1647274984628 0.04523009150458546 382
1647274984761 0.0453236635655086 383
1647274984894 0.04541640786499874 384
1647274985031 0.04550832043019876 385
1647274985164 0.0455993973238803 386
1647274985306 0.04568963464461233 387
1647274985440 0.04577902852692838 388
1647274985570 0.045867575141492055 389
1647274985711 0.04595527069526109 390
1647274985842 0.04604211143164984 391
1647274985972 0.046128093630690176 392
1647274986115 0.046213213609190874 393
1647274986248 0.04629746772089536 394
1647274986381 0.04638085235663789 395
1647274986516 0.046463363944498216 396
1647274986647 0.046544998949954515 397
1647274986782 0.04662575387603487 398
1647274986916 0.046705625263467006 399
1647274986995 0.04678460969082653 400
1647274991879 0.046862703774683455 401
1647274992041 0.04693990416974714 402
1647274992177 0.047016207569009594 403
1647274992312 0.04709161070388717 404
1647274992460 0.04716611034436052 405
1647274992606 0.047239703299113006 406
1647274992747 0.04731238641566737 407
1647274992883 0.04738415658052083 408
1647274993017 0.04745501071927837 409
1647274993152 0.04752494579678452 410
1647274993288 0.04759395881725331 411
1647274993425 0.047662046824396655 412
1647274993565 0.04772920690155093 413
1647274993699 0.04779543617180196 414
1647274993836 0.04786073179810822 415
1647274993971 0.04792509098342242 416
1647274994106 0.04798851097081126 417
1647274994247 0.04805098904357356 418
1647274994381 0.048112522525356624 419
1647274994518 0.04817310878027088 420
1647274994667 0.04823274521300284 421
1647274994799 0.048291429268926184 422
1647274994936 0.04834915843421129 423
1647274995078 0.04840593023593284 424
1647274995230 0.048461742242175816 425
1647274995367 0.04851659206213962 426
1647274995510 0.048570477346240516 427
1647274995657 0.04862339578621228 428
1647274995789 0.048675345115205076 429
1647274995924 0.04872632310788254 430
1647274996058 0.048776327580517136 431
1647274996191 0.04882535639108369 432
1647274996322 0.04887340743935113 433
1647274996452 0.04892047866697248 434
1647274996593 0.04896656805757302 435
1647274996732 0.04901167363683664 436
1647274996863 0.049055793472590446 437
1647274997007 0.049098925674887536 438
1647274997139 0.04914106839608791 439
1647274997217 0.04918221983093764 440
1647274998090 0.04922237821664624 441
1647274998234 0.04926154183296211 442
1647274998366 0.04929970900224628 443
1647274998507 0.04933687808954424 444
1647274998643 0.04937304750265601 445
1647274998788 0.049408215692204306 446
1647274998923 0.04944238115170094 447
1647274999056 0.04947554241761134 448
1647274999194 0.04950769806941724 449
1647274999346 0.04953884672967753 450
1647274999477 0.04956898706408729 451
1647274999630 0.04959811778153491 452
1647274999762 0.049626237634157404 453
1647274999905 0.04965334541739387 454
1647275000041 0.0496794399700371 455
1647275000172 0.049704520174283305 456
1647275000306 0.04972858495578002 457
1647275000444 0.04975163328367209 458
1647275000575 0.049773664170645854 459
1647275000707 0.04979467667297145 460
1647275000848 0.049814669890543214 461
1647275000979 0.04983364296691823 462
1647275001112 0.04985159508935308 463
1647275001244 0.049868525488838564 464
1647275001384 0.04988443344013273 465
1647275001519 0.049899318261791885 466
1647275001653 0.04991317931619981 467
1647275001785 0.04992601600959507 468
1647275001918 0.04993782779209645 469
1647275002053 0.04994861415772649 470
1647275002184 0.04995837464443318 471
1647275002315 0.04996710883410978 472
1647275002448 0.049974816352612646 473
1647275002578 0.049981496869777355 474
1647275002723 0.04998715009943278 475
1647275002853 0.04999177579941338 476
1647275002987 0.04999537377156956 477
1647275003122 0.04999794386177617 478
1647275003253 0.049999485959939104 479
1647275003348 0.049999901650605354 480
1647275008370 0.04999960660319523 481
1647275008523 0.04999911486009105 482
1647275008663 0.04999842642516184 483
1647275008809 0.04999754130382421 484
1647275008954 0.049996459503042254 485
1647275009089 0.04999518103132757 486
1647275009232 0.04999370589873917 487
1647275009363 0.04999203411688336 488
1647275009499 0.04999016569891369 489
1647275009632 0.04998810065953084 490
1647275009775 0.049985839014982505 491
1647275009911 0.04998338078306327 492
1647275010065 0.049980725983114455 493
1647275010202 0.04997787463602398 494
1647275010345 0.04997482676422622 495
1647275010476 0.04997158239170175 496
1647275010619 0.04996814154397724 497
1647275010756 0.049964504248125235 498
1647275010899 0.049960670532763915 499
1647275011034 0.049956640428056885 500
1647275011170 0.049952413965712934 501
1647275011304 0.0499479911789858 502
1647275011435 0.0499433721026739 503
1647275011571 0.04993855677312004 504
1647275011703 0.04993354522821116 505
1647275011844 0.049928337507378004 506
1647275011980 0.04992293365159483 507
1647275012116 0.049917333703379085 508
1647275012272 0.049911537706791076 509
1647275012405 0.04990554570743358 510
1647275012541 0.049899357752451586 511
1647275012684 0.04989297389053178 512
1647275012815 0.0498863941719023 513
1647275012949 0.049879618648332257 514
1647275013081 0.04987264737313135 515
1647275013213 0.04986548040114947 516
1647275013347 0.04985811778877622 517
1647275013478 0.049850559593940504 518
1647275013612 0.049842805876110084 519
1647275013691 0.04983485669629106 520
1647275014671 0.049826712117027466 521
1647275014832 0.0498183722024007 522
1647275014964 0.04980983701802908 523
1647275015111 0.04980110663106728 524
1647275015243 0.04979218111020584 525
1647275015382 0.04978306052567061 526
1647275015518 0.049773744949222196 527
1647275015652 0.049764234454155384 528
1647275015787 0.04975452911529861 529
1647275015929 0.049744629009013296 530
1647275016066 0.049734534213193314 531
1647275016203 0.04972424480726435 532
1647275016341 0.04971376087218328 533
1647275016480 0.04970308249043751 534
1647275016623 0.04969220974604439 535
1647275016759 0.049681142724550466 536
1647275016908 0.049669881513030895 537
1647275017043 0.04965842620008869 538
1647275017184 0.049646776875854046 539
1647275017317 0.04963493363198367 540
1647275017452 0.04962289656165999 541
1647275017595 0.049610665759590486 542
1647275017736 0.04959824132200689 543
1647275017870 0.049585623346664456 544
1647275018012 0.04957281193284122 545
1647275018148 0.04955980718133716 546
1647275018284 0.04954660919447344 547
1647275018422 0.0495332180760916 548
1647275018557 0.049519633931552724 549
1647275018690 0.04950585686773663 550
1647275018833 0.04949188699304105 551
1647275018980 0.04947772441738069 552
1647275019123 0.049463369252186466 553
1647275019259 0.04944882161040457 554
1647275019390 0.049434081606495615 555
1647275019523 0.049419149356433684 556
1647275019655 0.04940402497770548 557
1647275019787 0.04938870858930935 558
1647275019920 0.04937320031175437 559
1647275020003 0.049357500267059436 560
1647275024942 0.0493416085787522 561
1647275025106 0.04932552537186822 562
1647275025241 0.04930925077294988 563
1647275025381 0.049292784910045455 564
1647275025515 0.04927612791270807 565
1647275025661 0.0492592799119947 566
1647275025796 0.04924224104046514 567
1647275025934 0.04922501143218092 568
1647275026072 0.04920759122270433 569
1647275026204 0.04918998054909726 570
1647275026336 0.04917217954992021 571
1647275026478 0.049154188365231125 572
1647275026615 0.04913600713658435 573
1647275026759 0.04911763600702949 574
1647275026893 0.04909907512111027 575
1647275027028 0.04908032462486342 576
1647275027166 0.04906138466581754 577
1647275027301 0.0490422553929919 578
1647275027435 0.0490229369568953 579
1647275027575 0.049003429509524854 580
1647275027722 0.04898373320436484 581
1647275027862 0.04896384819638546 582
1647275027993 0.048943774642041596 583
1647275028136 0.04892351269927165 584
1647275028279 0.04890306252749624 585
1647275028410 0.04888242428761697 586
1647275028541 0.04886159814201517 587
1647275028676 0.04884058425455059 588
1647275028807 0.04881938279056013 589
1647275028938 0.04879799391685658 590
1647275029078 0.048776417801727215 591
1647275029209 0.048754654614932544 592
1647275029340 0.04873270452770495 593
1647275029470 0.04871056771274736 594
1647275029617 0.048688244344231836 595
1647275029756 0.04866573459779828 596
1647275029895 0.04864303865055299 597
1647275030025 0.04862015668106731 598
1647275030166 0.04859708886937616 599
1647275030244 0.04857383539697671 600
1647275035165 0.048550396446826884 601
1647275035328 0.048526772203343935 602
1647275035461 0.04850296285240302 603
1647275035599 0.04847896858133571 604
1647275035734 0.048454789578928514 605
1647275035864 0.048430426035421414 606
1647275035995 0.04840587814250637 607
1647275036137 0.04838114609332577 608
1647275036282 0.04835623008247097 609
1647275036424 0.04833113030598072 610
1647275036557 0.04830584696133962 611
1647275036692 0.04828038024747661 612
1647275036825 0.048254730364763375 613
1647275036955 0.048228897515012734 614
1647275037089 0.048202881901477125 615
1647275037224 0.04817668372884695 616
1647275037361 0.04815030320324898 617
1647275037492 0.04812374053224475 618
1647275037638 0.04809699592482892 619
1647275037767 0.04807006959142759 620
1647275037901 0.04804296174389669 621
1647275038034 0.04801567259552031 622
1647275038170 0.047988202361009015 623
1647275038331 0.04796055125649813 624
1647275038465 0.04793271949954609 625
1647275038594 0.04790470730913269 626
1647275038732 0.04787651490565735 627
1647275038863 0.04784814251093744 628
1647275038997 0.047819590348206466 629
1647275039130 0.047790858642112376 630
1647275039265 0.04776194761871574 631
1647275039396 0.04773285750548799 632
1647275039525 0.047703588531309654 633
1647275039656 0.04767414092646852 634
1647275039785 0.04764451492265785 635
1647275039923 0.047614710752974534 636
1647275040053 0.04758472865191728 637
1647275040184 0.04755456885538474 638
1647275040324 0.04752423160067369 639
1647275040408 0.04749371712647713 640
1647275045411 0.04746302567288243 641
1647275045553 0.04743215748136943 642
1647275045690 0.047401112794808534 643
1647275045822 0.04736989185745881 644
1647275045956 0.04733849491496605 645
1647275046095 0.047306922214360884 646
1647275046226 0.04727517400405678 647
1647275046374 0.04724325053384811 648
1647275046504 0.047211152054908216 649
1647275046634 0.04717887881978736 650
1647275046767 0.047146431082410824 651
1647275046902 0.04711380909807686 652
1647275047056 0.04708101312345467 653
1647275047188 0.04704804341658244 654
1647275047319 0.04701490023686527 655
1647275047451 0.046981583845073116 656
1647275047593 0.046948094503338804 657
1647275047726 0.04691443247515589 658
1647275047858 0.046880598025376655 659
1647275047989 0.046846591420209964 660
1647275048123 0.04681241292721922 661
1647275048253 0.04677806281532022 662
1647275048392 0.046743541354779074 663
1647275048524 0.04670884881721003 664
1647275048654 0.046673985475573394 665
1647275048785 0.04663895160417335 666
1647275048915 0.046603747478655796 667
1647275049068 0.0465683733760062 668
1647275049206 0.04653282957454741 669
1647275049340 0.04649711635393743 670
1647275049478 0.04646123399516729 671
1647275049610 0.046425182780558794 672
1647275049742 0.04638896299376226 673
1647275049871 0.04635257491975437 674
1647275050011 0.04631601884483587 675
1647275050141 0.046279295056629345 676
1647275050274 0.046242403844076935 677
1647275050406 0.046205345497438065 678
1647275050536 0.04616812030828718 679
1647275050615 0.04613072856951145 680
1647275055663 0.046093170575308436 681
1647275055823 0.04605544662118379 682
1647275055957 0.04601755700394896 683
1647275056093 0.0459795020217188 684
1647275056226 0.04594128197390926 685
1647275056357 0.04590289716123505 686
1647275056486 0.045864347885707195 687
1647275056619 0.045825634450630766 688
1647275056753 0.045786757160602404 689
1647275056883 0.04574771632150797 690
1647275057023 0.04570851224052012 691
1647275057154 0.0456691452260959 692
1647275057284 0.04562961558797431 693
1647275057417 0.04558992363717389 694
1647275057556 0.04555006968599021 695
1647275057714 0.04551005404799349 696
1647275057848 0.0454698770380261 697
1647275057983 0.04542953897220007 698
1647275058129 0.04538904016789461 699
1647275058273 0.04534838094375364 700
1647275058415 0.04530756161968323 701
1647275058547 0.04526658251684914 702
1647275058677 0.04522544395767425 703
1647275058807 0.045184146265836056 704
1647275058939 0.04514268976626408 705
1647275059072 0.04510107478513738 706
1647275059202 0.0450593016498819 707
1647275059349 0.04501737068916798 708
1647275059483 0.0449752822329077 709
1647275059626 0.0449330366122523 710
1647275059774 0.04489063415958964 711
1647275059904 0.04484807520854148 712
1647275060043 0.04480536009396093 713
1647275060174 0.044762489151929784 714
1647275060311 0.044719462719755895 715
1647275060444 0.04467628113597048 716
1647275060576 0.04463294474032554 717
1647275060706 0.044589453873791075 718
1647275060836 0.0445458088785525 719
1647275060914 0.044502010098007895 720
1647275061880 0.044458057876765315 721
1647275062020 0.0444139525606401 722
1647275062156 0.04436969449665212 723
1647275062302 0.04432528403302309 724
1647275062433 0.04428072151917376 725
1647275062577 0.04423600730572126 726
1647275062707 0.04419114174447625 727
1647275062843 0.04414612518844019 728
1647275062978 0.04410095799180261 729
1647275063114 0.04405564050993822 730
1647275063245 0.04401017309940422 731
1647275063386 0.04396455611793741 732
1647275063518 0.04391878992445143 733
1647275063655 0.04387287487903392 734
1647275063785 0.04382681134294368 735
1647275063916 0.04378059967860782 736
1647275064049 0.04373424024961894 737
1647275064197 0.04368773342073224 738
1647275064334 0.04364107955786265 739
1647275064472 0.043594279028082 740
1647275064608 0.04354733219961603 741
1647275064745 0.04350023944184162 742
1647275064884 0.043453001125283774 743
1647275065014 0.04340561762161276 744
1647275065147 0.0433580893036412 745
1647275065282 0.04331041654532108 746
1647275065418 0.04326259972174085 747
1647275065553 0.04321463920912249 748
1647275065687 0.043166535384818475 749
1647275065822 0.0431182886273089 750
1647275065955 0.04306989931619841 751
1647275066085 0.0430213678322133 752
1647275066232 0.042972694557198474 753
1647275066363 0.042923879874114404 754
1647275066504 0.04287492416703422 755
1647275066635 0.042825827821140576 756
1647275066768 0.0427765912227227 757
1647275066898 0.04272721475917331 758
1647275067032 0.04267769881898557 759
1647275067116 0.04262804379175008 760
1647275068084 0.04257825006815174 761
1647275068235 0.04252831803996673 762
1647275068370 0.04247824810005939 763
1647275068503 0.042428040642379164 764
1647275068633 0.04237769606195748 765
1647275068772 0.04232721475490465 766
1647275068906 0.04227659711840672 767
1647275069060 0.04222584355072241 768
1647275069191 0.04217495445117994 769
1647275069325 0.04212393022017386 770
1647275069461 0.04207277125916198 771
1647275069595 0.04202147797066211 772
1647275069729 0.04197005075824899 773
1647275069865 0.041918490026551056 774
1647275069999 0.04186679618124727 775
1647275070146 0.041814969629063926 776
1647275070281 0.041763010777771455 777
1647275070417 0.04171092003618122 778
1647275070552 0.041658697814142304 779
1647275070686 0.04160634452253825 780
1647275070829 0.04155386057328388 781
1647275070970 0.04150124637932201 782
1647275071114 0.04144850235462023 783
1647275071257 0.04139562891416762 784
1647275071394 0.04134262647397153 785
1647275071531 0.041289495451054245 786
1647275071665 0.04123623626344976 787
1647275071797 0.041182849330200465 788
1647275071932 0.04112933507135384 789
1647275072071 0.04107569390795916 790
1647275072209 0.041021926262064204 791
1647275072347 0.04096803255671189 792
1647275072479 0.040914013215936976 793
1647275072612 0.040859868664762725 794
1647275072752 0.04080559932919754 795
1647275072884 0.040751205636231635 796
1647275073019 0.040696688013833665 797
1647275073167 0.04064204689094736 798
1647275073297 0.04058728269748815 799
1647275073376 0.040532395864339786 800
1647275074231 0.040477386823350926 801
1647275074384 0.04042225600733177 802
1647275074518 0.04036700385005066 803
1647275074655 0.04031163078623062 804
1647275074790 0.04025613725154599 805
1647275074925 0.04020052368261895 806
1647275075058 0.04014479051701612 807
1647275075191 0.04008893819324509 808
1647275075329 0.04003296715075102 809
1647275075461 0.039976877829913104 810
1647275075618 0.03992067067204118 811
1647275075756 0.0398643461193722 812
1647275075912 0.0398079046150668 813
1647275076046 0.03975134660320578 814
1647275076195 0.0396946725287866 815
1647275076333 0.03963788283771994 816
1647275076467 0.03958097797682611 817
1647275076617 0.03952395839383161 818
1647275076754 0.03946682453736553 819
1647275076899 0.03940957685695609 820
1647275077035 0.03935221580302708 821
1647275077170 0.03929474182689428 822
1647275077305 0.03923715538076199 823
1647275077438 0.03917945691771935 824
1647275077572 0.03912164689173693 825
1647275077722 0.03906372575766301 826
1647275077870 0.0390056939712201 827
1647275078014 0.03894755198900131 828
1647275078147 0.03888930026846676 829
1647275078279 0.038830939267940005 830
1647275078414 0.03877246944660442 831
1647275078544 0.038713891264499554 832
1647275078676 0.03865520518251756 833
1647275078810 0.03859641166239953 834
1647275078943 0.03853751116673188 835
1647275079077 0.038478504158942724 836
1647275079213 0.03841939110329818 837
1647275079345 0.03836017246489878 838
1647275079476 0.03830084870967577 839
1647275079568 0.03824142030438743 840
1647275084506 0.03818188771661547 841
1647275084658 0.03812225141476128 842
1647275084791 0.03806251186804225 843
1647275084932 0.038002669546488135 844
1647275085071 0.03794272492093732 845
1647275085205 0.037882678463033066 846
1647275085340 0.03782253064521992 847
1647275085478 0.03776228194073987 848
1647275085615 0.037701932823628714 849
1647275085771 0.037641483768712285 850
1647275085909 0.03758093525160271 851
1647275086062 0.037520287748694696 852
1647275086195 0.037459541737161775 853
1647275086334 0.03739869769495254 854
1647275086486 0.037337756100786865 855
1647275086623 0.0372767174341522 856
1647275086755 0.03721558217529973 857
1647275086888 0.03715435080524063 858
1647275087024 0.03709302380574229 859
1647275087163 0.03703160165932449 860
1647275087296 0.03697008484925565 861
1647275087429 0.03690847385954899 862
1647275087573 0.03684676917495872 863
1647275087710 0.03678497128097627 864
1647275087842 0.03672308066382639 865
1647275087972 0.036661097810463436 866
1647275088112 0.036599023208567436 867
1647275088250 0.03653685734654031 868
1647275088385 0.036474600713501996 869
1647275088522 0.03641225379928664 870
1647275088656 0.0363498170944387 871
1647275088801 0.03628729109020911 872
1647275088932 0.03622467627855141 873
1647275089072 0.036161973152117874 874
1647275089203 0.036099182204255655 875
1647275089340 0.03603630392900284 876
1647275089475 0.03597333882108465 877
1647275089609 0.03591028737590948 878
1647275089739 0.035847150089565044 879
1647275089829 0.03578392745881442 880
1647275094741 0.03572061998109221 881
1647275094894 0.03565722815450057 882
1647275095028 0.03559375247780531 883
1647275095178 0.03553019345043199 884
1647275095325 0.03546655157246195 885
1647275095455 0.03540282734462842 886
1647275095598 0.03533902126831252 887
1647275095733 0.0352751338455394 888
1647275095863 0.03521116557897422 889
1647275096001 0.03514711697191819 890
1647275096133 0.035082988528304694 891
1647275096268 0.03501878075269521 892
1647275096423 0.03495449415027546 893
1647275096558 0.03489012922685132 894
1647275096688 0.034825686488844924 895
1647275096826 0.03476116644329064 896
1647275096958 0.0346965695978311 897
1647275097087 0.034631896460713164 898
1647275097229 0.034567147540784014 899
1647275097362 0.03450232334748703 900
1647275097494 0.03443742439085786 901
1647275097626 0.034372451181520415 902
1647275097758 0.03430740423068279 903
1647275097891 0.034242284050133305 904
1647275098035 0.03417709115223642 905
1647275098169 0.03411182604992876 906
1647275098306 0.03404648925671504 907
1647275098445 0.033981081286664036 908
1647275098578 0.03391560265440456 909
1647275098713 0.033850053875121376 910
1647275098846 0.03378443546455116 911
1647275098976 0.033718747938978465 912
1647275099109 0.03365299181523162 913
1647275099253 0.03358716761067869 914
1647275099384 0.03352127584322341 915
1647275099512 0.033455317031301085 916
1647275099642 0.03338929169387453 917
1647275099771 0.033323200350429974 918
1647275099900 0.03325704352097299 919
1647275099977 0.03319082172602439 920
1647275100979 0.033124535486616126 921
1647275101121 0.033058185324287226 922
1647275101257 0.032991771761079626 923
1647275101390 0.03292529531953412 924
1647275101528 0.032858756522686224 925
1647275101676 0.03279215589406206 926
1647275101819 0.03272549395767425 927
1647275101962 0.032658771238017775 928
1647275102094 0.03259198826006586 929
1647275102225 0.032525145549265846 930
1647275102371 0.032458243631535044 931
1647275102504 0.03239128303325662 932
1647275102634 0.03232426428127542 933
1647275102773 0.032257187902893836 934
1647275102908 0.03219005442586769 935
1647275103041 0.03212286437840204 936
1647275103176 0.032055618289147034 937
1647275103307 0.03198831668719376 938
1647275103438 0.031920960102070094 939
1647275103578 0.0318535490637365 940
1647275103708 0.03178608410258187 941
1647275103845 0.0317185657494194 942
1647275103992 0.03165099453548232 943
1647275104128 0.03158337099241981 944
1647275104259 0.03151569565229278 945
1647275104403 0.03144796904756962 946
1647275104533 0.03138019171112214 947
1647275104668 0.03131236417622125 948
1647275104798 0.031244486976532856 949
1647275104935 0.03117656064611361 950
1647275105070 0.031108585719406737 951
1647275105202 0.031040562731237804 952
1647275105332 0.030972492216810518 953
1647275105464 0.03090437471170255 954
1647275105596 0.030836210751861253 955
1647275105726 0.030768000873599526 956
1647275105857 0.030699745613591525 957
1647275105994 0.030631445508868486 958
1647275106126 0.030563101096814465 959
1647275106206 0.030494712915162148 960
1647275107062 0.03042628150198858 961
1647275107214 0.03035780739571096 962
1647275107348 0.030289291135082407 963
1647275107482 0.03022073325918768 964
1647275107617 0.030152134307439 965
1647275107749 0.03008349481957174 966
1647275107886 0.030014815335640245 967
1647275108031 0.029946096396013516 968
1647275108170 0.02987733854137101 969
1647275108312 0.02980854231269836 970
1647275108473 0.029739708251283126 971
1647275108622 0.02967083689871054 972
1647275108754 0.029601928796859227 973
1647275108887 0.029532984487896985 974
1647275109019 0.02946400451427644 975
1647275109154 0.029394989418730873 976
1647275109290 0.029325939744269877 977
1647275109431 0.02925685603417513 978
1647275109566 0.02918773883199608 979
1647275109699 0.02911858868154571 980
1647275109833 0.029049406126896226 981
1647275109968 0.0289801917123748 982
1647275110112 0.02891094598255927 983
1647275110245 0.028841669482273857 984
1647275110379 0.028772362756584905 985
1647275110534 0.02870302635079654 986
1647275110668 0.02863366081044644 987
1647275110799 0.028564266681301496 988
1647275110934 0.028494844509353537 989
1647275111067 0.02842539484081504 990
1647275111201 0.028355918222114807 991
1647275111333 0.028286415199893715 992
1647275111463 0.028216886321000344 993
1647275111596 0.02814733213248675 994
1647275111728 0.028077753181604107 995
1647275111860 0.02800815001579841 996
1647275111991 0.0279385231827062 997
1647275112122 0.027868873230150203 998
1647275112254 0.027799200706135088 999
1647275112334 0.02772950615884307 1000
1647275113199 0.027659790136629683 1001
1647275113344 0.027590053188019395 1002
1647275113478 0.027520295861701342 1003
1647275113610 0.02745051870652499 1004
1647275113746 0.027380722271495794 1005
1647275113878 0.027310907105770936 1006
1647275114016 0.02724107375865495 1007
1647275114149 0.027171222779595435 1008
1647275114281 0.027101354718178698 1009
1647275114412 0.027031470124125472 1010
1647275114543 0.026961569547286554 1011
1647275114696 0.0268916535376385 1012
1647275114829 0.02682172264527928 1013
1647275114973 0.026751777420423974 1014
1647275115120 0.026681818413400435 1015
1647275115267 0.026611846174644925 1016
1647275115402 0.02654186125469785 1017
1647275115537 0.02647186420419936 1018
1647275115681 0.026401855573885073 1019
1647275115816 0.026331835914581693 1020
1647275115967 0.026261805777202725 1021
1647275116103 0.0261917657127441 1022
1647275116240 0.02612171627227984 1023
1647275116385 0.02605165800695778 1024
1647275116518 0.02598159146799514 1025
1647275116653 0.025911517206674284 1026
1647275116792 0.025841435774338294 1027
1647275116933 0.0257713477223867 1028
1647275117067 0.025701253602271098 1029
1647275117209 0.02563115396549085 1030
1647275117342 0.0255610493635887 1031
1647275117473 0.02549094034814646 1032
1647275117607 0.025420827470780692 1033
1647275117738 0.025350711283138316 1034
1647275117868 0.025280592336892314 1035
1647275118005 0.025210471183737357 1036
1647275118136 0.025140348375385497 1037
1647275118269 0.02507022446356179 1038
1647275118400 0.0250001 1039
1647275118478 0.024929975536438213 1040
1647275123484 0.024859851624614508 1041
1647275123652 0.024789728816262648 1042
1647275123801 0.02471960766310769 1043
1647275123946 0.02464948871686169 1044
1647275124080 0.02457937252921931 1045
1647275124215 0.024509259651853542 1046
1647275124346 0.02443915063641131 1047
1647275124479 0.02436904603450916 1048
1647275124615 0.024298946397728907 1049
1647275124754 0.02422885227761331 1050
1647275124887 0.024158764225661718 1051
1647275125020 0.024088682793325728 1052
1647275125155 0.024018608532004868 1053
1647275125293 0.023948541993042232 1054
1647275125429 0.02387848372772017 1055
1647275125566 0.023808434287255913 1056
1647275125698 0.023738394222797273 1057
1647275125839 0.023668364085418305 1058
1647275125972 0.02359834442611493 1059
1647275126107 0.023528335795800638 1060
1647275126241 0.02345833874530215 1061
1647275126380 0.023388353825355073 1062
1647275126512 0.02331838158659957 1063
1647275126654 0.023248422579576024 1064
1647275126792 0.023178477354720728 1065
1647275126931 0.023108546462361507 1066
1647275127065 0.023038630452713454 1067
1647275127198 0.02296872987587453 1068
1647275127346 0.022898845281821307 1069
1647275127477 0.02282897722040457 1070
1647275127612 0.022759126241345056 1071
1647275127741 0.02268929289422907 1072
1647275127875 0.022619477728504214 1073
1647275128021 0.022549681293475017 1074
1647275128164 0.02247990413829866 1075
1647275128297 0.02241014681198061 1076
1647275128428 0.022340409863370318 1077
1647275128557 0.02227069384115693 1078
1647275128690 0.022200999293864914 1079
1647275128776 0.0221313267698498 1080
1647275133711 0.022061676817293808 1081
1647275133867 0.0219920499842016 1082
1647275134007 0.0219224468183959 1083
1647275134144 0.021852867867513257 1084
1647275134283 0.021783313678999657 1085
1647275134421 0.021713784800106297 1086
1647275134563 0.021644281777885202 1087
1647275134700 0.021574805159184973 1088
1647275134837 0.021505355490646475 1089
1647275134981 0.021435933318698513 1090
1647275135113 0.021366539189553568 1091
1647275135246 0.02129717364920346 1092
1647275135390 0.021227837243415097 1093
1647275135526 0.021158530517726138 1094
1647275135663 0.021089254017440728 1095
1647275135799 0.021020008287625198 1096
1647275135939 0.02095079387310377 1097
1647275136079 0.020881611318454292 1098
1647275136215 0.020812461168003924 1099
1647275136353 0.020743343965824872 1100
1647275136489 0.020674260255730124 1101
1647275136647 0.02060521058126913 1102
1647275136790 0.020536195485723566 1103
1647275136943 0.020467215512103024 1104
1647275137081 0.020398271203140774 1105
1647275137231 0.020329363101289463 1106
1647275137367 0.02026049174871688 1107
1647275137515 0.020191657687301644 1108
1647275137655 0.020122861458628998 1109
1647275137789 0.020054103603986493 1110
1647275137930 0.01998538466435976 1111
1647275138063 0.019916705180428266 1112
1647275138194 0.019848065692561007 1113
1647275138328 0.019779466740812324 1114
1647275138462 0.0197109088649176 1115
1647275138595 0.01964239260428904 1116
1647275138746 0.019573918498011423 1117
1647275138879 0.019505487084837857 1118
1647275139010 0.019437098903185537 1119
1647275139092 0.019368754491131523 1120
1647275139950 0.019300454386408483 1121
1647275140090 0.019232199126400482 1122
1647275140230 0.01916398924813876 1123
1647275140380 0.019095825288297463 1124
1647275140515 0.01902770778318949 1125
1647275140660 0.018959637268762205 1126
1647275140795 0.018891614280593258 1127
1647275140929 0.018823639353886385 1128
1647275141071 0.01875571302346714 1129
1647275141224 0.01868783582377875 1130
1647275141371 0.018620008288877863 1131
1647275141502 0.018552230952430374 1132
1647275141633 0.018484504347707226 1133
1647275141771 0.018416829007580182 1134
1647275141904 0.01834920546451768 1135
1647275142049 0.018281634250580606 1136
1647275142188 0.018214115897418132 1137
1647275142328 0.018146650936263505 1138
1647275142462 0.01807923989792991 1139
1647275142607 0.01801188331280624 1140
1647275142744 0.017944581710852975 1141
1647275142881 0.017877335621597965 1142
1647275143014 0.017810145574132314 1143
1647275143151 0.017743012097106173 1144
1647275143287 0.01767593571872459 1145
1647275143428 0.01760891696674339 1146
1647275143560 0.017541956368464957 1147
1647275143702 0.017475054450734162 1148
1647275143838 0.01740821173993414 1149
1647275143975 0.017341428761982233 1150
1647275144111 0.017274706042325755 1151
1647275144242 0.017208044105937945 1152
1647275144376 0.017141443477313778 1153
1647275144513 0.017074904680465883 1154
1647275144648 0.01700842823892038 1155
1647275144781 0.01694201467571278 1156
1647275144926 0.016875664513383883 1157
1647275145061 0.016809378273975623 1158
1647275145193 0.016743156479027025 1159
1647275145277 0.016676999649570038 1160
1647275150233 0.016610908306125487 1161
1647275150378 0.016544882968698917 1162
1647275150519 0.016478924156776587 1163
1647275150665 0.016413032389321305 1164
1647275150796 0.01634720818476838 1165
1647275150934 0.01628145206102154 1166
1647275151070 0.01621576453544884 1167
1647275151202 0.016150146124878625 1168
1647275151341 0.01608459734559544 1169
1647275151474 0.016019118713335966 1170
1647275151609 0.01595371074328497 1171
1647275151754 0.015888373950071245 1172
1647275151893 0.015823108847763587 1173
1647275152041 0.015757915949866703 1174
1647275152176 0.01569279576931721 1175
1647275152308 0.015627748818479587 1176
1647275152446 0.015562775609142147 1177
1647275152588 0.015497876652512978 1178
1647275152723 0.015433052459215994 1179
1647275152859 0.015368303539286839 1180
1647275152992 0.01530363040216891 1181
1647275153129 0.015239033556709365 1182
1647275153272 0.015174513511155079 1183
1647275153405 0.015110070773148684 1184
1647275153536 0.015045705849724545 1185
1647275153684 0.014981419247304792 1186
1647275153822 0.014917211471695318 1187
1647275153968 0.01485308302808182 1188
1647275154111 0.014789034421025794 1189
1647275154257 0.014725066154460606 1190
1647275154402 0.014661178731687487 1191
1647275154534 0.014597372655371595 1192
1647275154664 0.01453364842753806 1193
1647275154796 0.014470006549568025 1194
1647275154928 0.014406447522194695 1195
1647275155058 0.014342971845499443 1196
1647275155204 0.014279580018907792 1197
1647275155340 0.014216272541185583 1198
1647275155471 0.014153049910434961 1199
1647275155552 0.014089912624090511 1200
1647275160470 0.01402686117891535 1201
1647275160646 0.013963896070997161 1202
1647275160785 0.013901017795744356 1203
1647275160931 0.013838226847882131 1204
1647275161067 0.013775523721448591 1205
1647275161211 0.013712908909790895 1206
1647275161352 0.013650382905561307 1207
1647275161491 0.013587946200713368 1208
1647275161629 0.013525599286498002 1209
1647275161761 0.013463342653459696 1210
1647275161893 0.01340117679143257 1211
1647275162035 0.013339102189536572 1212
1647275162173 0.01327711933617361 1213
1647275162315 0.013215228719023742 1214
1647275162447 0.013153430825041282 1215
1647275162582 0.013091726140451019 1216
1647275162732 0.013030115150744355 1217
1647275162870 0.012968598340675512 1218
1647275163013 0.012907176194257717 1219
1647275163146 0.01284584919475938 1220
1647275163281 0.012784617824700285 1221
1647275163420 0.012723482565847806 1222
1647275163552 0.012662443899213137 1223
1647275163683 0.012601502305047474 1224
1647275163824 0.012540658262838233 1225
1647275163966 0.012479912251305318 1226
1647275164100 0.012419264748397302 1227
1647275164242 0.012358716231287729 1228
1647275164379 0.012298267176371296 1229
1647275164513 0.012237918059260142 1230
1647275164646 0.01217766935478009 1231
1647275164778 0.012117521536966932 1232
1647275164927 0.01205747507906269 1233
1647275165059 0.011997530453511863 1234
1647275165192 0.011937688131957754 1235
1647275165324 0.01187794858523872 1236
1647275165457 0.011818312283384525 1237
1647275165594 0.011758779695612568 1238
1647275165728 0.011699351290324242 1239
1647275165819 0.011640027535101228 1240
1647275170699 0.011580808896701824 1241
1647275170843 0.011521695841057285 1242
1647275170981 0.011462688833268127 1243
1647275171116 0.011403788337600482 1244
1647275171254 0.011344994817482442 1245
1647275171403 0.011286308735500445 1246
1647275171537 0.011227730553395586 1247
1647275171679 0.011169260732060001 1248
1647275171814 0.011110899731533255 1249
1647275171946 0.0110526480109987 1250
1647275172086 0.010994506028779908 1251
1647275172219 0.010936474242336996 1252
1647275172356 0.010878553108263078 1253
1647275172503 0.010820743082280647 1254
1647275172640 0.01076304461923802 1255
1647275172785 0.01070545817310572 1256
1647275172922 0.01064798419697293 1257
1647275173056 0.010590623143043912 1258
1647275173201 0.010533375462634477 1259
1647275173342 0.010476241606168403 1260
1647275173499 0.010419222023173894 1261
1647275173635 0.010362317162280072 1262
1647275173767 0.010305527471213405 1263
1647275173906 0.010248853396794235 1264
1647275174042 0.01019229538493321 1265
1647275174180 0.010135853880627814 1266
1647275174328 0.01007952932795883 1267
1647275174462 0.010023322170086894 1268
1647275174599 0.009967232849248983 1269
1647275174734 0.00991126180675491 1270
1647275174871 0.00985540948298389 1271
1647275175004 0.00979967631738105 1272
1647275175138 0.00974406274845401 1273
1647275175270 0.009688569213769378 1274
1647275175402 0.009633196149949343 1275
1647275175536 0.009577943992668236 1276
1647275175674 0.00952281317664908 1277
1647275175806 0.00946780413566022 1278
1647275175939 0.00941291730251185 1279
1647275176018 0.009358153109052641 1280
1647275176879 0.009303511986166333 1281
1647275177032 0.009248994363768368 1282
1647275177173 0.009194600670802466 1283
1647275177317 0.009140331335237284 1284
1647275177450 0.009086186784063031 1285
1647275177583 0.009032167443288113 1286
1647275177726 0.008978273737935796 1287
1647275177861 0.008924506092040842 1288
1647275178003 0.008870864928646171 1289
1647275178158 0.00881735066979954 1290
1647275178295 0.008763963736550246 1291
1647275178430 0.008710704548945765 1292
1647275178563 0.008657573526028488 1293
1647275178695 0.008604571085832386 1294
1647275178827 0.008551697645379781 1295
1647275178964 0.008498953620677997 1296
1647275179105 0.008446339426716128 1297
1647275179241 0.008393855477461756 1298
1647275179375 0.008341502185857698 1299
1647275179508 0.008289279963818784 1300
1647275179671 0.008237189222228554 1301
1647275179807 0.008185230370936079 1302
1647275179951 0.008133403818752737 1303
1647275180085 0.00808170997344894 1304
1647275180227 0.00803014924175101 1305
1647275180361 0.007978722029337892 1306
1647275180494 0.00792742874083803 1307
1647275180625 0.007876269779826141 1308
1647275180760 0.007825245548820062 1309
1647275180892 0.007774356449277585 1310
1647275181026 0.007723602881593283 1311
1647275181161 0.007672985245095361 1312
1647275181299 0.00762250393804252 1313
1647275181430 0.007572159357620837 1314
1647275181571 0.0075219518999406175 1315
1647275181717 0.007471881960033282 1316
1647275181848 0.0074219499318482615 1317
1647275181982 0.007372156208249922 1318
1647275182114 0.007322501181014432 1319
1647275182206 0.0072729852408267015 1320
1647275187141 0.00722360877727731 1321
1647275187311 0.007174372178859426 1322
1647275187456 0.0071252758329657835 1323
1647275187591 0.0070763201258855985 1324
1647275187727 0.007027505442801539 1325
1647275187860 0.0069788321677867 1326
1647275188004 0.006930300683801597 1327
1647275188138 0.006881911372691115 1328
1647275188280 0.006833664615181532 1329
1647275188414 0.006785560790877514 1330
1647275188546 0.006737600278259151 1331
1647275188681 0.006689783454678929 1332
1647275188825 0.006642110696358811 1333
1647275188961 0.006594582378387248 1334
1647275189101 0.006547198874716235 1335
1647275189236 0.006499960558158389 1336
1647275189368 0.006452867800383967 1337
1647275189503 0.006405920971918009 1338
1647275189636 0.006359120442137349 1339
1647275189772 0.006312466579267763 1340
1647275189905 0.0062659597503810635 1341
1647275190046 0.006219600321392185 1342
1647275190181 0.006173388657056329 1343
1647275190330 0.006127325120966086 1344
1647275190463 0.00608141007554857 1345
1647275190596 0.006035643882062597 1346
1647275190743 0.005990026900595787 1347
1647275190874 0.005944559490061785 1348
1647275191033 0.005899242008197396 1349
1647275191165 0.00585407481155981 1350
1647275191299 0.005809058255523758 1351
1647275191438 0.0057641926942787435 1352
1647275191569 0.005719478480826232 1353
1647275191702 0.005674915966976912 1354
1647275191854 0.005630505503347879 1355
1647275191985 0.005586247439359904 1356
1647275192117 0.0055421421232346915 1357
1647275192249 0.005498189901992111 1358
1647275192379 0.005454391121447502 1359
1647275192458 0.005410746126208931 1360
1647275193331 0.00536725525967447 1361
1647275193499 0.005323918864029518 1362
1647275193634 0.005280737280244115 1363
1647275193775 0.005237710848070222 1364
1647275193916 0.005194839906039079 1365
1647275194061 0.00515212479145853 1366
1647275194198 0.005109565840410365 1367
1647275194336 0.005067163387747702 1368
1647275194472 0.005024917767092315 1369
1647275194607 0.0049828293108320305 1370
1647275194745 0.0049408983501181 1371
1647275194881 0.004899125214862619 1372
1647275195016 0.004857510233735917 1373
1647275195153 0.004816053734163949 1374
1647275195290 0.004774756042325754 1375
1647275195425 0.00473361748315086 1376
1647275195564 0.004692638380316774 1377
1647275195694 0.004651819056246367 1378
1647275195830 0.004611159832105392 1379
1647275195963 0.004570661027799938 1380
1647275196106 0.0045303229619739005 1381
1647275196238 0.004490145952006513 1382
1647275196373 0.004450130314009799 1383
1647275196509 0.004410276362826121 1384
1647275196641 0.004370584412025686 1385
1647275196776 0.004331054773904104 1386
1647275196906 0.004291687759479888 1387
1647275197039 0.00425248367849204 1388
1647275197178 0.004213442839397597 1389
1647275197310 0.004174565549369235 1390
1647275197444 0.004135852114292806 1391
1647275197594 0.00409730283876496 1392
1647275197730 0.004058918026090744 1393
1647275197872 0.0040206979782812045 1394
1647275198008 0.003982642996051044 1395
1647275198144 0.003944753378816211 1396
1647275198281 0.0039070294246915695 1397
1647275198415 0.0038694714304885495 1398
1647275198555 0.0038320796917128202 1399
1647275198636 0.0037948545025619424 1400
1647275203600 0.0037577961559230786 1401
1647275203760 0.003720904943370664 1402
1647275203896 0.0036841811551641315 1403
1647275204036 0.003647625080245636 1404
1647275204194 0.003611237006237749 1405
1647275204331 0.003575017219441219 1406
1647275204473 0.003538966004832708 1407
1647275204610 0.0035030836460625703 1408
1647275204748 0.0034673704254526 1409
1647275204880 0.003431826623993802 1410
1647275205012 0.00339645252134421 1411
1647275205151 0.0033612483958266547 1412
1647275205283 0.0033262145244266086 1413
1647275205413 0.003291351182789975 1414
1647275205560 0.003256658645220932 1415
1647275205693 0.003222137184679781 1416
1647275205828 0.0031877870727807785 1417
1647275205976 0.0031536085797900354 1418
1647275206121 0.003119601974623349 1419
1647275206257 0.0030857675248441136 1420
1647275206411 0.003052105496661199 1421
1647275206543 0.003018616154926885 1422
1647275206677 0.002985299763134736 1423
1647275206811 0.0029521565834175617 1424
1647275206952 0.0029191868765453353 1425
1647275207095 0.0028863909019231464 1426
1647275207227 0.0028537689175891774 1427
1647275207369 0.0028213211802126455 1428
1647275207505 0.002789047945091794 1429
1647275207640 0.002756949466151888 1430
1647275207771 0.0027250259959432244 1431
1647275207907 0.002693277785639119 1432
1647275208040 0.0026617050850339537 1433
1647275208174 0.0026303081425411968 1434
1647275208313 0.0025990872051914688 1435
1647275208463 0.0025680425186305703 1436
1647275208606 0.0025371743271175706 1437
1647275208735 0.0025064828735228734 1438
1647275208866 0.0024759683993263145 1439
1647275208944 0.0024456311446152644 1440
1647275209800 0.002415471348082729 1441
1647275209946 0.0023854892470254662 1442
1647275210082 0.002355685077342152 1443
1647275210227 0.0023260590735314783 1444
1647275210368 0.0022966114686903487 1445
1647275210522 0.002267342494512014 1446
1647275210654 0.00223825238128427 1447
1647275210787 0.0022093413578876298 1448
1647275210935 0.0021806096517935337 1449
1647275211070 0.002152057489062564 1450
1647275211223 0.002123685094342652 1451
1647275211356 0.0020954926908673156 1452
1647275211488 0.0020674805004539045 1453
1647275211624 0.0020396487435018675 1454
1647275211761 0.002011997638990991 1455
1647275211909 0.0019845274044796943 1456
1647275212043 0.001957238256103316 1457
1647275212175 0.0019301304085724185 1458
1647275212316 0.0019032040751710828 1459
1647275212455 0.001876459467755246 1460
1647275212593 0.0018498967967510234 1461
1647275212735 0.0018235162711530552 1462
1647275212869 0.0017973180985228808 1463
1647275213024 0.0017713024849872693 1464
1647275213165 0.0017454696352366319 1465
1647275213297 0.0017198197525233867 1466
1647275213451 0.001694353038660384 1467
1647275213586 0.0016690696940192908 1468
1647275213720 0.0016439699175290368 1469
1647275213863 0.0016190539066742297 1470
1647275214000 0.001594321857493634 1471
1647275214133 0.0015697739645785854 1472
1647275214274 0.0015454104210714911 1473
1647275214406 0.0015212314186642984 1474
1647275214538 0.001497237147596981 1475
1647275214671 0.0014734277966560693 1476
1647275214808 0.0014498035531731192 1477
1647275214941 0.001426364603023291 1478
1647275215090 0.0014031111306238415 1479
1647275215173 0.0013800433189326954 1480
1647275220083 0.001357161349447005 1481
1647275220237 0.001334465402201722 1482
1647275220382 0.0013119556557681703 1483
1647275220527 0.0012896322872526537 1484
1647275220663 0.0012674954722950522 1485
1647275220806 0.001245545385067462 1486
1647275220945 0.0012237821982727913 1487
1647275221084 0.001202206083143424 1488
1647275221221 0.0011808172094398641 1489
1647275221367 0.0011596157454494165 1490
1647275221506 0.0011386018579848355 1491
1647275221646 0.001117775712383031 1492
1647275221809 0.001097137472503759 1493
1647275221947 0.0010766873007283526 1494
1647275222085 0.0010564253579584072 1495
1647275222232 0.0010363518036145473 1496
1647275222368 0.0010164667956351614 1497
1647275222511 0.0009967704904751474 1498
1647275222642 0.0009772630431047072 1499
1647275222779 0.000957944607008105 1500
1647275222919 0.0009388153341824663 1501
1647275223054 0.0009198753751365829 1502
1647275223193 0.0009011248788897387 1503
1647275223329 0.0008825639929705155 1504
1647275223463 0.0008641928634156506 1505
1647275223604 0.0008460116347688782 1506
1647275223740 0.0008280204500797953 1507
1647275223881 0.000810219450902742 1508
1647275224028 0.0007926087772956788 1509
1647275224164 0.0007751885678190833 1510
1647275224296 0.0007579589595348658 1511
1647275224438 0.0007409200880052981 1512
1647275224572 0.0007240720872919328 1513
1647275224703 0.0007074150899545499 1514
1647275224836 0.0006909492270501259 1515
1647275224971 0.0006746746281317828 1516
1647275225104 0.0006585914212477994 1517
1647275225235 0.0006426997329405706 1518
1647275225375 0.0006269996882456277 1519
1647275225455 0.0006114914106906617 1520
