1647274903244 1.0467383861541748 0
1647274917832 0.965408205986023 1
1647274927947 0.8168689608573914 2
1647274934195 0.672897458076477 3
1647274944402 0.6155641078948975 4
1647274950640 0.8415428400039673 5
1647274960861 1.5937026739120483 6
1647274967103 0.842811107635498 7
1647274977238 0.7301099896430969 8
1647274987571 0.6114466786384583 9
1647274997813 0.5212727189064026 10
1647275003935 0.4802243709564209 11
1647275014398 0.4247434139251709 12
1647275020590 0.34923699498176575 13
1647275030824 0.4284949004650116 14
1647275040993 0.5671160221099854 15
1647275051196 0.3783673048019409 16
1647275061612 0.3959856629371643 17
1647275067812 0.3482770621776581 18
1647275073954 0.3096102178096771 19
1647275080143 0.2741403877735138 20
1647275090622 0.25301289558410645 21
1647275100709 0.20607179403305054 22
1647275106788 0.2840043902397156 23
1647275112919 0.19460785388946533 24
1647275119067 0.21029071509838104 25
1647275129348 0.19681623578071594 26
1647275139675 0.21282808482646942 27
1647275145879 0.18598313629627228 28
1647275156131 0.14466537535190582 29
1647275166404 0.13196179270744324 30
1647275176611 0.16172975301742554 31
1647275182799 0.16549763083457947 32
1647275193062 0.1623886078596115 33
1647275199235 0.12421523779630661 34
1647275209531 0.12568983435630798 35
1647275215780 0.1466214805841446 36
1647275226164 0.12215188890695572 37
1647275262004 0.20607179403305054 38
