1647274886588 0.95 0
1647274894785 0.9499989290832064 1
1647274895025 0.9499957163787003 2
1647274895165 0.9499903620241033 3
1647274895300 0.9499828662487778 4
1647274895433 0.9499732293738182 5
1647274895567 0.9499614518120361 6
1647274895700 0.949947534067943 7
1647274895842 0.9499314767377286 8
1647274895979 0.9499132805092357 9
1647274896115 0.9498929461619301 10
1647274896250 0.9498704745668676 11
1647274896390 0.9498458666866564 12
1647274896525 0.9498191235754162 13
1647274896670 0.949790246378733 14
1647274896811 0.9497592363336098 15
1647274896944 0.9497260947684136 16
1647274897081 0.9496908231028188 17
1647274897213 0.9496534228477462 18
1647274897346 0.9496138956052983 19
1647274897488 0.9495722430686905 20
1647274897629 0.9495284670221789 21
1647274897767 0.9494825693409835 22
1647274897918 0.9494345519912083 23
1647274898052 0.9493844170297568 24
1647274898197 0.9493321666042439 25
1647274898332 0.9492778029529039 26
1647274898484 0.9492213284044946 27
1647274898626 0.9491627453781977 28
1647274898756 0.9491020563835152 29
1647274898885 0.9490392640201615 30
1647274899022 0.9489743709779526 31
1647274899153 0.9489073800366903 32
1647274899285 0.9488382940660436 33
1647274899416 0.9487671160254256 34
1647274899547 0.9486938489638667 35
1647274899681 0.9486184960198838 36
1647274899812 0.9485410604213463 37
1647274899945 0.9484615454853377 38
1647274900078 0.9483799546180129 39
1647274901136 0.9482962913144534 40
1647274911842 0.9482105591585164 41
1647274912019 0.9481227618226823 42
1647274912159 0.9480329030678967 43
1647274912292 0.9479409867434097 44
1647274912427 0.9478470167866104 45
1647274912563 0.9477509972228593 46
1647274912695 0.9476529321653148 47
1647274912830 0.9475528258147576 48
1647274912971 0.9474506824594107 49
1647274913109 0.9473465064747553 50
1647274913249 0.9472403023233439 51
1647274913382 0.9471320745546089 52
1647274913516 0.9470218278046677 53
1647274913654 0.9469095667961241 54
1647274913788 0.9467952963378663 55
1647274913926 0.94667902132486 56
1647274914065 0.9465607467379401 57
1647274914201 0.9464404776435962 58
1647274914337 0.9463182191937558 59
1647274914474 0.9461939766255643 60
1647274914610 0.9460677552611596 61
1647274914743 0.9459395605074449 62
1647274914878 0.9458093978558567 63
1647274915012 0.94567727288213 64
1647274915147 0.9455431912460588 65
1647274915281 0.945407158691254 66
1647274915416 0.9452691810448978 67
1647274915554 0.945129264217493 68
1647274915688 0.944987414202611 69
1647274915821 0.9448436370766343 70
1647274915952 0.9446979389984965 71
1647274916102 0.9445503262094184 72
1647274916239 0.9444008050326403 73
1647274916379 0.9442493818731521 74
1647274916508 0.9440960632174177 75
1647274916641 0.9439408556330983 76
1647274916782 0.94378376576877 77
1647274916914 0.9436248003536398 78
1647274917045 0.9434639661972571 79
1647274917134 0.9433012701892219 80
1647274922065 0.9431367192988895 81
1647274922210 0.9429703205750726 82
1647274922347 0.9428020811457385 83
1647274922478 0.9426320082177045 84
1647274922613 0.9424601090763289 85
1647274922764 0.9422863910851986 86
1647274922901 0.9421108616858143 87
1647274923035 0.9419335283972712 88
1647274923174 0.9417543988159371 89
1647274923321 0.9415734806151272 90
1647274923458 0.9413907815447751 91
1647274923592 0.9412063094311007 92
1647274923727 0.9410200721762756 93
1647274923858 0.9408320777580839 94
1647274924002 0.9406423342295808 95
1647274924136 0.9404508497187474 96
1647274924271 0.9402576324281429 97
1647274924411 0.9400626906345529 98
1647274924546 0.9398660326886353 99
1647274924678 0.9396676670145617 100
1647274924822 0.9394676021096574 101
1647274924960 0.9392658465440372 102
1647274925105 0.9390624089602378 103
1647274925241 0.9388572980728485 104
1647274925378 0.9386505226681368 105
1647274925521 0.938442091603673 106
1647274925654 0.93823201380795 107
1647274925788 0.9380202982800016 108
1647274925924 0.937806954089016 109
1647274926058 0.9375919903739488 110
1647274926191 0.9373754163431298 111
1647274926325 0.9371572412738697 112
1647274926456 0.9369374745120622 113
1647274926589 0.9367161254717842 114
1647274926724 0.9364932036348917 115
1647274926855 0.9362687185506143 116
1647274926988 0.9360426798351459 117
1647274927126 0.9358150971712327 118
1647274927275 0.9355859803077585 119
1647274927361 0.9353553390593273 120
1647274928244 0.9351231833058425 121
1647274928399 0.9348895229920839 122
1647274928538 0.9346543681272818 123
1647274928671 0.9344177287846877 124
1647274928804 0.9341796151011436 125
1647274928946 0.9339400372766471 126
1647274929087 0.9336990055739148 127
1647274929231 0.9334565303179428 128
1647274929369 0.9332126218955641 129
1647274929505 0.9329672907550034 130
1647274929645 0.9327205474054305 131
1647274929778 0.9324724024165091 132
1647274929920 0.9322228664179448 133
1647274930068 0.9319719500990292 134
1647274930204 0.9317196642081822 135
1647274930347 0.9314660195524919 136
1647274930483 0.9312110269972509 137
1647274930617 0.9309546974654916 138
1647274930758 0.9306970419375182 139
1647274930894 0.930438071450436 140
1647274931030 0.9301777970976786 141
1647274931180 0.9299162300285329 142
1647274931322 0.9296533814476619 143
1647274931471 0.9293892626146236 144
1647274931609 0.92912388484339 145
1647274931744 0.9288572595018616 146
1647274931882 0.9285893980113806 147
1647274932023 0.9283203118462416 148
1647274932161 0.9280500125332005 149
1647274932295 0.92777851165098 150
1647274932428 0.9275058208297746 151
1647274932568 0.9272319517507513 152
1647274932704 0.92695691614555 153
1647274932838 0.9266807257957805 154
1647274932983 0.9264033925325184 155
1647274933118 0.9261249282357974 156
1647274933253 0.9258453448341013 157
1647274933392 0.9255646543038526 158
1647274933529 0.9252828686688992 159
1647274933623 0.9249999999999999 160
1647274938502 0.9247160604143072 161
1647274938663 0.9244310620748477 162
1647274938807 0.9241450171900019 163
1647274938940 0.9238579380129803 164
1647274939073 0.9235698368412999 165
1647274939213 0.9232807260162555 166
1647274939349 0.922990617922393 167
1647274939490 0.9226995249869773 168
1647274939638 0.9224074596794611 169
1647274939775 0.92211443451095 170
1647274939909 0.9218204620336671 171
1647274940060 0.9215255548404148 172
1647274940192 0.9212297255640356 173
1647274940334 0.9209329868768714 174
1647274940470 0.9206353514902197 175
1647274940616 0.9203368321537899 176
1647274940751 0.920037441655157 177
1647274940886 0.9197371928192133 178
1647274941018 0.9194360985076198 179
1647274941151 0.9191341716182544 180
1647274941284 0.9188314250846605 181
1647274941418 0.9185278718754918 182
1647274941555 0.9182235249939574 183
1647274941687 0.917918397477265 184
1647274941834 0.9176125023960616 185
1647274941969 0.9173058528538747 186
1647274942102 0.9169984619865497 187
1647274942262 0.9166903429616885 188
1647274942400 0.9163815089780847 189
1647274942534 0.9160719732651581 190
1647274942679 0.9157617490823885 191
1647274942810 0.9154508497187474 192
1647274942948 0.9151392884921287 193
1647274943082 0.9148270787487786 194
1647274943221 0.9145142338627231 195
1647274943364 0.9142007672351962 196
1647274943498 0.9138866922940646 197
1647274943629 0.9135720224932536 198
1647274943762 0.9132567713121704 199
1647274943839 0.912940952255126 200
1647274944711 0.9126245788507579 201
1647274944861 0.9123076646514496 202
1647274944991 0.9119902232327508 203
1647274945129 0.9116722681927952 204
1647274945282 0.9113538131517186 205
1647274945417 0.911034871751075 206
1647274945562 0.9107154576532525 207
1647274945695 0.910395584540888 208
1647274945835 0.9100752661162809 209
1647274945980 0.9097545161008064 210
1647274946112 0.9094333482343278 211
1647274946250 0.9091117762746074 212
1647274946383 0.9087898139967177 213
1647274946517 0.9084674751924512 214
1647274946664 0.9081447736697295 215
1647274946801 0.9078217232520115 216
1647274946939 0.9074983377777022 217
1647274947084 0.907174631099559 218
1647274947220 0.9068506170840984 219
1647274947355 0.9065263096110026 220
1647274947489 0.9062017225725243 221
1647274947622 0.9058768698728918 222
1647274947772 0.9055517654277139 223
1647274947906 0.9052264231633826 224
1647274948039 0.904900857016478 225
1647274948183 0.9045750809331701 226
1647274948318 0.9042491088686221 227
1647274948451 0.9039229547863922 228
1647274948589 0.903596632657836 229
1647274948721 0.9032701564615071 230
1647274948865 0.9029435401825594 231
1647274949022 0.9026167978121472 232
1647274949153 0.902289943346826 233
1647274949293 0.9019629907879534 234
1647274949423 0.9016359541410888 235
1647274949556 0.9013088474153936 236
1647274949705 0.9009816846230314 237
1647274949843 0.9006544797785672 238
1647274949986 0.9003272468983675 239
1647274950066 0.8999999999999999 240
1647274954986 0.8996727531016324 241
1647274955142 0.8993455202214328 242
1647274955302 0.8990183153769685 243
1647274955437 0.8986911525846063 244
1647274955567 0.8983640458589112 245
1647274955701 0.8980370092120465 246
1647274955834 0.8977100566531739 247
1647274955965 0.8973832021878527 248
1647274956108 0.8970564598174405 249
1647274956241 0.8967298435384928 250
1647274956372 0.896403367342164 251
1647274956511 0.8960770452136078 252
1647274956644 0.8957508911313778 253
1647274956776 0.8954249190668299 254
1647274956922 0.8950991429835219 255
1647274957055 0.8947735768366173 256
1647274957205 0.8944482345722861 257
1647274957341 0.8941231301271081 258
1647274957475 0.8937982774274758 259
1647274957623 0.8934736903889974 260
1647274957762 0.8931493829159016 261
1647274957893 0.8928253689004411 262
1647274958037 0.8925016622222977 263
1647274958170 0.8921782767479884 264
1647274958308 0.8918552263302706 265
1647274958453 0.8915325248075487 266
1647274958584 0.8912101860032823 267
1647274958714 0.8908882237253926 268
1647274958860 0.8905666517656722 269
1647274958996 0.8902454838991936 270
1647274959125 0.8899247338837191 271
1647274959293 0.8896044154591121 272
1647274959430 0.8892845423467475 273
1647274959570 0.8889651282489249 274
1647274959700 0.8886461868482813 275
1647274959833 0.8883277318072047 276
1647274959969 0.8880097767672491 277
1647274960101 0.8876923353485503 278
1647274960231 0.8873754211492421 279
1647274960310 0.8870590477448739 280
1647274961156 0.8867432286878296 281
1647274961298 0.8864279775067463 282
1647274961448 0.8861133077059353 283
1647274961588 0.8857992327648039 284
1647274961723 0.8854857661372768 285
1647274961867 0.8851729212512214 286
1647274962004 0.8848607115078713 287
1647274962135 0.8845491502812526 288
1647274962283 0.8842382509176115 289
1647274962420 0.8839280267348419 290
1647274962550 0.8836184910219153 291
1647274962687 0.8833096570383114 292
1647274962817 0.8830015380134503 293
1647274962953 0.8826941471461253 294
1647274963105 0.8823874976039383 295
1647274963236 0.8820816025227349 296
1647274963391 0.8817764750060425 297
1647274963527 0.8814721281245081 298
1647274963659 0.8811685749153394 299
1647274963831 0.8808658283817454 300
1647274963971 0.8805639014923802 301
1647274964104 0.8802628071807866 302
1647274964255 0.8799625583448429 303
1647274964413 0.87966316784621 304
1647274964562 0.8793646485097802 305
1647274964715 0.8790670131231286 306
1647274964847 0.8787702744359643 307
1647274964994 0.8784744451595852 308
1647274965126 0.8781795379663329 309
1647274965258 0.87788556548905 310
1647274965390 0.8775925403205389 311
1647274965521 0.8773004750130227 312
1647274965653 0.877009382077607 313
1647274965784 0.8767192739837444 314
1647274965924 0.8764301631587 315
1647274966060 0.8761420619870195 316
1647274966193 0.8758549828099981 317
1647274966323 0.8755689379251522 318
1647274966453 0.8752839395856927 319
1647274966531 0.875 320
1647274971428 0.8747171313311007 321
1647274971576 0.8744353456961473 322
1647274971726 0.8741546551658986 323
1647274971857 0.8738750717642025 324
1647274971987 0.8735966074674816 325
1647274972119 0.8733192742042194 326
1647274972254 0.87304308385445 327
1647274972387 0.8727680482492486 328
1647274972520 0.8724941791702253 329
1647274972655 0.8722214883490199 330
1647274972787 0.8719499874667995 331
1647274972918 0.8716796881537583 332
1647274973066 0.8714106019886194 333
1647274973205 0.8711427404981383 334
1647274973351 0.8708761151566099 335
1647274973483 0.8706107373853763 336
1647274973619 0.8703466185523381 337
1647274973752 0.870083769971467 338
1647274973883 0.8698222029023214 339
1647274974015 0.8695619285495639 340
1647274974157 0.8693029580624816 341
1647274974303 0.8690453025345083 342
1647274974438 0.868788973002749 343
1647274974568 0.8685339804475081 344
1647274974702 0.8682803357918177 345
1647274974834 0.8680280499009707 346
1647274974973 0.8677771335820551 347
1647274975106 0.8675275975834909 348
1647274975259 0.8672794525945695 349
1647274975403 0.8670327092449965 350
1647274975534 0.866787378104436 351
1647274975676 0.8665434696820571 352
1647274975804 0.8663009944260851 353
1647274975936 0.8660599627233528 354
1647274976067 0.8658203848988564 355
1647274976206 0.8655822712153123 356
1647274976337 0.8653456318727182 357
1647274976466 0.865110477007916 358
1647274976596 0.8648768166941574 359
1647274976674 0.8646446609406726 360
1647274981668 0.8644140196922414 361
1647274981850 0.8641849028287673 362
1647274982001 0.863957320164854 363
1647274982134 0.8637312814493856 364
1647274982274 0.8635067963651082 365
1647274982416 0.8632838745282158 366
1647274982548 0.8630625254879377 367
1647274982682 0.8628427587261303 368
1647274982825 0.8626245836568701 369
1647274982978 0.8624080096260511 370
1647274983113 0.8621930459109839 371
1647274983253 0.8619797017199984 372
1647274983404 0.86176798619205 373
1647274983541 0.861557908396327 374
1647274983678 0.8613494773318632 375
1647274983823 0.8611427019271515 376
1647274983968 0.8609375910397621 377
1647274984102 0.8607341534559627 378
1647274984238 0.8605323978903425 379
1647274984374 0.8603323329854382 380
1647274984510 0.8601339673113646 381
1647274984642 0.859937309365447 382
1647274984777 0.8597423675718571 383
1647274984916 0.8595491502812526 384
1647274985046 0.8593576657704192 385
1647274985178 0.8591679222419161 386
1647274985321 0.8589799278237243 387
1647274985454 0.8587936905688992 388
1647274985585 0.8586092184552249 389
1647274985725 0.8584265193848727 390
1647274985856 0.8582456011840628 391
1647274985988 0.8580664716027288 392
1647274986132 0.8578891383141857 393
1647274986264 0.8577136089148013 394
1647274986395 0.857539890923671 395
1647274986530 0.8573679917822954 396
1647274986662 0.8571979188542614 397
1647274986799 0.8570296794249274 398
1647274986930 0.8568632807011104 399
1647274987009 0.856698729810778 400
1647274991900 0.8565360338027428 401
1647274992057 0.8563751996463601 402
1647274992195 0.85621623423123 403
1647274992330 0.8560591443669017 404
1647274992478 0.8559039367825823 405
1647274992620 0.8557506181268479 406
1647274992762 0.8555991949673596 407
1647274992899 0.8554496737905816 408
1647274993033 0.8553020610015034 409
1647274993167 0.8551563629233656 410
1647274993303 0.8550125857973889 411
1647274993448 0.8548707357825069 412
1647274993578 0.8547308189551022 413
1647274993714 0.8545928413087459 414
1647274993851 0.8544568087539411 415
1647274993988 0.8543227271178699 416
1647274994120 0.8541906021441432 417
1647274994262 0.8540604394925551 418
1647274994397 0.8539322447388403 419
1647274994533 0.8538060233744357 420
1647274994682 0.853681780806244 421
1647274994813 0.8535595223564038 422
1647274994959 0.8534392532620598 423
1647274995097 0.8533209786751399 424
1647274995245 0.8532047036621337 425
1647274995391 0.8530904332038758 426
1647274995526 0.8529781721953322 427
1647274995671 0.852867925445391 428
1647274995804 0.852759697676656 429
1647274995938 0.8526534935252447 430
1647274996074 0.8525493175405893 431
1647274996207 0.8524471741852423 432
1647274996336 0.8523470678346852 433
1647274996473 0.8522490027771407 434
1647274996614 0.8521529832133895 435
1647274996747 0.8520590132565903 436
1647274996890 0.8519670969321033 437
1647274997021 0.8518772381773176 438
1647274997153 0.8517894408414836 439
1647274997232 0.8517037086855466 440
1647274998106 0.851620045381987 441
1647274998249 0.8515384545146623 442
1647274998380 0.8514589395786536 443
1647274998526 0.8513815039801161 444
1647274998658 0.8513061510361333 445
1647274998803 0.8512328839745743 446
1647274998939 0.8511617059339563 447
1647274999070 0.8510926199633096 448
1647274999226 0.8510256290220474 449
1647274999360 0.8509607359798385 450
1647274999502 0.8508979436164847 451
1647274999644 0.8508372546218023 452
1647274999778 0.8507786715955054 453
1647274999920 0.8507221970470961 454
1647275000056 0.850667833395756 455
1647275000187 0.8506155829702431 456
1647275000322 0.8505654480087916 457
1647275000458 0.8505174306590164 458
1647275000590 0.8504715329778211 459
1647275000722 0.8504277569313095 460
1647275000862 0.8503861043947016 461
1647275000994 0.8503465771522537 462
1647275001128 0.8503091768971811 463
1647275001263 0.8502739052315863 464
1647275001399 0.8502407636663901 465
1647275001533 0.8502097536212669 466
1647275001667 0.8501808764245837 467
1647275001799 0.8501541333133436 468
1647275001933 0.8501295254331324 469
1647275002067 0.8501070538380698 470
1647275002198 0.8500867194907642 471
1647275002332 0.8500685232622713 472
1647275002462 0.850052465932057 473
1647275002596 0.8500385481879639 474
1647275002737 0.8500267706261817 475
1647275002868 0.8500171337512221 476
1647275003002 0.8500096379758967 477
1647275003136 0.8500042836212996 478
1647275003268 0.8500010709167936 479
1647275003363 0.850000196699576 480
1647275008386 0.8500007867967567 481
1647275008539 0.850001770286899 482
1647275008689 0.850003147162265 483
1647275008823 0.8500049174120212 484
1647275008968 0.8500070810222395 485
1647275009104 0.8500096379758968 486
1647275009246 0.8500125882528746 487
1647275009377 0.8500159318299606 488
1647275009513 0.8500196686808473 489
1647275009656 0.8500237987761334 490
1647275009790 0.8500283220833234 491
1647275009924 0.8500332385668277 492
1647275010082 0.8500385481879639 493
1647275010217 0.8500442509049556 494
1647275010359 0.8500503466729342 495
1647275010490 0.8500568354439383 496
1647275010635 0.8500637171669142 497
1647275010773 0.8500709917877166 498
1647275010915 0.8500786592491092 499
1647275011049 0.8500867194907642 500
1647275011184 0.8500951724492639 501
1647275011319 0.8501040180581007 502
1647275011449 0.8501132562476772 503
1647275011585 0.8501228869453077 504
1647275011717 0.850132910075218 505
1647275011859 0.8501433255585462 506
1647275011995 0.8501541333133436 507
1647275012151 0.8501653332545749 508
1647275012287 0.850176925294119 509
1647275012420 0.8501889093407702 510
1647275012556 0.850201285300238 511
1647275012698 0.8502140530751487 512
1647275012829 0.8502272125650456 513
1647275012963 0.8502407636663901 514
1647275013096 0.8502547062725624 515
1647275013227 0.8502690402738622 516
1647275013362 0.8502837655575097 517
1647275013493 0.850298882007647 518
1647275013627 0.8503143895053379 519
1647275013706 0.8503302879285696 520
1647275014704 0.8503465771522537 521
1647275014847 0.8503632570482268 522
1647275014989 0.8503803274852517 523
1647275015125 0.8503977883290188 524
1647275015257 0.850415639442146 525
1647275015396 0.8504338806841815 526
1647275015532 0.8504525119116032 527
1647275015668 0.8504715329778211 528
1647275015801 0.8504909437331777 529
1647275015944 0.8505107440249495 530
1647275016081 0.8505309336973481 531
1647275016220 0.8505515125915216 532
1647275016360 0.8505724805455556 533
1647275016502 0.8505938373944746 534
1647275016638 0.8506155829702431 535
1647275016775 0.8506377171017675 536
1647275016922 0.8506602396148967 537
1647275017058 0.8506831503324239 538
1647275017199 0.8507064490740882 539
1647275017333 0.8507301356565753 540
1647275017467 0.8507542098935196 541
1647275017615 0.8507786715955054 542
1647275017750 0.8508035205700685 543
1647275017885 0.8508287566216975 544
1647275018026 0.8508543795518357 545
1647275018162 0.8508803891588823 546
1647275018299 0.8509067852381941 547
1647275018436 0.8509335675820872 548
1647275018571 0.8509607359798385 549
1647275018704 0.8509882902176876 550
1647275018846 0.8510162300788382 551
1647275018995 0.85104455534346 552
1647275019137 0.8510732657886902 553
1647275019273 0.8511023611886356 554
1647275019405 0.851131841314374 555
1647275019537 0.8511617059339563 556
1647275019670 0.8511919548124083 557
1647275019801 0.8512225877117321 558
1647275019938 0.8512536043909088 559
1647275020017 0.8512850046058995 560
1647275024962 0.8513167881096481 561
1647275025120 0.8513489546520822 562
1647275025260 0.8513815039801161 563
1647275025395 0.8514144358376524 564
1647275025532 0.8514477499655837 565
1647275025676 0.851481446101795 566
1647275025812 0.8515155239811656 567
1647275025949 0.8515499833355715 568
1647275026087 0.8515848238938869 569
1647275026218 0.851620045381987 570
1647275026360 0.8516556475227497 571
1647275026493 0.8516916300360579 572
1647275026632 0.8517279926388018 573
1647275026775 0.8517647350448811 574
1647275026907 0.8518018569652073 575
1647275027043 0.8518393581077056 576
1647275027181 0.8518772381773176 577
1647275027316 0.8519154968760037 578
1647275027449 0.851954133902745 579
1647275027603 0.851993148953546 580
1647275027737 0.8520325417214372 581
1647275027877 0.8520723118964767 582
1647275028016 0.8521124591657534 583
1647275028151 0.8521529832133895 584
1647275028293 0.8521938837205424 585
1647275028424 0.8522351603654075 586
1647275028555 0.852276812823221 587
1647275028690 0.8523188407662619 588
1647275028821 0.8523612438638551 589
1647275028953 0.852404021782374 590
1647275029092 0.8524471741852423 591
1647275029223 0.8524907007329379 592
1647275029354 0.8525346010829944 593
1647275029496 0.8525788748900048 594
1647275029632 0.8526235218056235 595
1647275029772 0.8526685414785693 596
1647275029910 0.8527139335546282 597
1647275030044 0.852759697676656 598
1647275030180 0.8528058334845816 599
1647275030259 0.852852340615409 600
1647275035183 0.852899218703221 601
1647275035343 0.8529464673791817 602
1647275035474 0.852994086271539 603
1647275035615 0.8530420750056286 604
1647275035749 0.8530904332038758 605
1647275035879 0.8531391604857991 606
1647275036020 0.8531882564680131 607
1647275036152 0.8532377207642315 608
1647275036297 0.85328755298527 609
1647275036439 0.8533377527390495 610
1647275036571 0.8533883196305992 611
1647275036706 0.8534392532620598 612
1647275036839 0.8534905532326862 613
1647275036969 0.8535422191388511 614
1647275037102 0.853594250574048 615
1647275037239 0.8536466471288946 616
1647275037376 0.8536994083911356 617
1647275037516 0.8537525339456462 618
1647275037651 0.8538060233744357 619
1647275037782 0.8538598762566498 620
1647275037915 0.8539140921685753 621
1647275038049 0.8539686706836421 622
1647275038190 0.8540236113724274 623
1647275038345 0.8540789138026589 624
1647275038479 0.854134577539218 625
1647275038611 0.8541906021441432 626
1647275038747 0.8542469871766339 627
1647275038877 0.8543037321930539 628
1647275039012 0.8543608367469341 629
1647275039144 0.8544183003889768 630
1647275039280 0.8544761226670592 631
1647275039410 0.8545343031262365 632
1647275039541 0.8545928413087459 633
1647275039669 0.85465173675401 634
1647275039799 0.8547109889986403 635
1647275039937 0.8547705975764412 636
1647275040067 0.8548305620184135 637
1647275040202 0.8548908818527579 638
1647275040344 0.854951556604879 639
1647275040422 0.8550125857973889 640
1647275045426 0.8550739689501109 641
1647275045567 0.8551357055800834 642
1647275045705 0.8551977952015637 643
1647275045836 0.8552602373260316 644
1647275045971 0.8553230314621937 645
1647275046110 0.8553861771159866 646
1647275046240 0.8554496737905816 647
1647275046388 0.8555135209863877 648
1647275046518 0.8555777182010563 649
1647275046649 0.855642264929485 650
1647275046781 0.855707160663821 651
1647275046935 0.8557724048934658 652
1647275047071 0.855837997105079 653
1647275047202 0.8559039367825823 654
1647275047333 0.8559702234071631 655
1647275047474 0.8560368564572796 656
1647275047607 0.856103835408664 657
1647275047739 0.8561711597343271 658
1647275047873 0.8562388289045623 659
1647275048005 0.8563068423869495 660
1647275048137 0.8563751996463601 661
1647275048276 0.8564439001449601 662
1647275048406 0.8565129433422152 663
1647275048538 0.8565823286948947 664
1647275048668 0.8566520556570758 665
1647275048800 0.856722123680148 666
1647275048943 0.8567925322128173 667
1647275049089 0.8568632807011104 668
1647275049221 0.8569343685883796 669
1647275049356 0.8570057953153064 670
1647275049492 0.8570775603199067 671
1647275049624 0.8571496630375346 672
1647275049756 0.8572221029008871 673
1647275049895 0.8572948793400086 674
1647275050025 0.8573679917822954 675
1647275050155 0.8574414396524999 676
1647275050290 0.8575152223727356 677
1647275050421 0.8575893393624813 678
1647275050551 0.8576637900385857 679
1647275050630 0.8577385738152723 680
1647275055678 0.8578136901041435 681
1647275055837 0.8578891383141857 682
1647275055971 0.8579649178517734 683
1647275056107 0.8580410281206748 684
1647275056241 0.8581174685220555 685
1647275056371 0.8581942384544837 686
1647275056502 0.8582713373139348 687
1647275056638 0.8583487644937964 688
1647275056767 0.8584265193848727 689
1647275056897 0.8585046013753895 690
1647275057037 0.8585830098509991 691
1647275057169 0.8586617441947849 692
1647275057299 0.8587408037872665 693
1647275057432 0.8588201880064043 694
1647275057570 0.8588998962276044 695
1647275057728 0.8589799278237243 696
1647275057864 0.8590602821650765 697
1647275057998 0.8591409586194343 698
1647275058145 0.8592219565520369 699
1647275058291 0.859303275325594 700
1647275058430 0.8593849143002907 701
1647275058561 0.8594668728337931 702
1647275058691 0.8595491502812526 703
1647275058822 0.8596317459953119 704
1647275058954 0.8597146593261091 705
1647275059086 0.8597978896212837 706
1647275059216 0.8598814362259811 707
1647275059363 0.859965298482858 708
1647275059501 0.8600494757320876 709
1647275059640 0.8601339673113646 710
1647275059788 0.860218772555911 711
1647275059918 0.8603038907984802 712
1647275060057 0.8603893213693636 713
1647275060194 0.8604750635963948 714
1647275060326 0.8605611168049554 715
1647275060460 0.8606474803179803 716
1647275060590 0.8607341534559627 717
1647275060721 0.8608211355369599 718
1647275060850 0.8609084258765984 719
1647275060928 0.8609960237880794 720
1647275061896 0.8610839285821836 721
1647275062035 0.861172139567278 722
1647275062172 0.8612606560493199 723
1647275062317 0.8613494773318632 724
1647275062447 0.8614386027160633 725
1647275062591 0.8615280315006835 726
1647275062722 0.8616177629820995 727
1647275062857 0.8617077964543054 728
1647275062993 0.8617981312089196 729
1647275063129 0.8618887665351896 730
1647275063259 0.8619797017199984 731
1647275063401 0.8620709360478693 732
1647275063532 0.8621624688009724 733
1647275063670 0.8622542992591292 734
1647275063799 0.8623464266998194 735
1647275063930 0.8624388503981859 736
1647275064063 0.8625315696270406 737
1647275064211 0.8626245836568701 738
1647275064351 0.8627178917558417 739
1647275064487 0.8628114931898088 740
1647275064626 0.8629053872223168 741
1647275064759 0.8629995731146092 742
1647275064898 0.8630940501256329 743
1647275065029 0.8631888175120445 744
1647275065160 0.8632838745282156 745
1647275065298 0.8633792204262395 746
1647275065433 0.8634748544559361 747
1647275065567 0.8635707758648584 748
1647275065702 0.8636669838982987 749
1647275065836 0.8637634777992934 750
1647275065970 0.8638602568086304 751
1647275066116 0.863957320164854 752
1647275066245 0.8640546671042715 753
1647275066380 0.8641522968609586 754
1647275066519 0.8642502086667662 755
1647275066653 0.8643484017513259 756
1647275066782 0.864446875342056 757
1647275066913 0.8645456286641681 758
1647275067047 0.8646446609406726 759
1647275067131 0.8647439713923853 760
1647275068099 0.8648435592379334 761
1647275068249 0.8649434236937613 762
1647275068386 0.8650435639741371 763
1647275068517 0.8651439792911588 764
1647275068647 0.8652446688547605 765
1647275068786 0.8653456318727182 766
1647275068942 0.8654468675506567 767
1647275069074 0.8655483750920555 768
1647275069205 0.8656501536982549 769
1647275069339 0.8657522025684625 770
1647275069476 0.8658545208997597 771
1647275069609 0.8659571078871073 772
1647275069747 0.8660599627233528 773
1647275069879 0.8661630845992363 774
1647275070015 0.8662664727033963 775
1647275070160 0.8663701262223771 776
1647275070296 0.8664740443406345 777
1647275070432 0.8665782262405425 778
1647275070567 0.8666826711023998 779
1647275070710 0.8667873781044358 780
1647275070849 0.8668923464228179 781
1647275070985 0.8669975752316569 782
1647275071128 0.8671030637030144 783
1647275071273 0.8672088110069087 784
1647275071408 0.8673148163113221 785
1647275071546 0.8674210787822066 786
1647275071679 0.8675275975834909 787
1647275071812 0.8676343718770866 788
1647275071954 0.8677414008228956 789
1647275072085 0.867848683578816 790
1647275072222 0.8679562193007487 791
1647275072361 0.8680640071426048 792
1647275072496 0.8681720462563111 793
1647275072627 0.8682803357918177 794
1647275072766 0.8683888748971045 795
1647275072900 0.8684976627181876 796
1647275073034 0.8686066983991263 797
1647275073181 0.8687159810820296 798
1647275073311 0.8688255099070633 799
1647275073391 0.8689352840124565 800
1647275074246 0.8690453025345083 801
1647275074398 0.8691555646075948 802
1647275074533 0.869266069364176 803
1647275074671 0.8693768159348024 804
1647275074806 0.8694878034481218 805
1647275074939 0.8695990310308862 806
1647275075073 0.869710497807959 807
1647275075205 0.8698222029023214 808
1647275075343 0.8699341454350797 809
1647275075486 0.8700463245254719 810
1647275075634 0.8701587392908747 811
1647275075771 0.870271388846811 812
1647275075927 0.8703842723069556 813
1647275076061 0.8704973887831435 814
1647275076213 0.8706107373853763 815
1647275076348 0.870724317221829 816
1647275076493 0.8708381273988574 817
1647275076631 0.8709521670210049 818
1647275076769 0.8710664351910097 819
1647275076913 0.8711809310098119 820
1647275077051 0.8712956535765601 821
1647275077184 0.8714106019886194 822
1647275077319 0.8715257753415774 823
1647275077453 0.8716411727292521 824
1647275077588 0.8717567932436991 825
1647275077750 0.8718726359752178 826
1647275077885 0.8719887000123598 827
1647275078028 0.8721049844419351 828
1647275078161 0.8722214883490198 829
1647275078293 0.8723382108169633 830
1647275078428 0.8724551509273948 831
1647275078558 0.8725723077602319 832
1647275078692 0.8726896803936864 833
1647275078825 0.8728072679042725 834
1647275078956 0.8729250693668137 835
1647275079092 0.87304308385445 836
1647275079227 0.8731613104386453 837
1647275079359 0.8732797481891952 838
1647275079490 0.8733983961742331 839
1647275079581 0.8735172534602389 840
1647275084526 0.8736363191120455 841
1647275084672 0.8737555921928462 842
1647275084805 0.8738750717642025 843
1647275084952 0.8739947568860512 844
1647275085085 0.8741146466167118 845
1647275085219 0.8742347400128939 846
1647275085358 0.8743550361297047 847
1647275085493 0.8744755340206563 848
1647275085643 0.8745962327376735 849
1647275085788 0.8747171313311007 850
1647275085924 0.87483822884971 851
1647275086077 0.874959524340708 852
1647275086210 0.8750810168497438 853
1647275086349 0.8752027054209166 854
1647275086502 0.8753245890967827 855
1647275086638 0.8754466669183633 856
1647275086770 0.8755689379251522 857
1647275086902 0.8756914011551233 858
1647275087039 0.875814055644738 859
1647275087177 0.8759369004289527 860
1647275087310 0.8760599345412268 861
1647275087443 0.8761831570135301 862
1647275087587 0.87630656687635 863
1647275087725 0.8764301631587 864
1647275087856 0.8765539448881268 865
1647275087987 0.8766779110907175 866
1647275088128 0.8768020607911082 867
1647275088266 0.8769263930124914 868
1647275088401 0.8770509067766231 869
1647275088539 0.8771756011038311 870
1647275088684 0.8773004750130227 871
1647275088816 0.8774255275216918 872
1647275088946 0.8775507576459277 873
1647275089086 0.8776761644004218 874
1647275089219 0.8778017467984759 875
1647275089354 0.8779275038520097 876
1647275089490 0.8780534345715689 877
1647275089623 0.8781795379663329 878
1647275089754 0.878305813044122 879
1647275089842 0.8784322588114064 880
1647275094757 0.8785588742733126 881
1647275094907 0.8786856584336326 882
1647275095061 0.8788126102948306 883
1647275095208 0.8789397288580514 884
1647275095339 0.8790670131231286 885
1647275095469 0.8791944620885915 886
1647275095613 0.8793220747516739 887
1647275095748 0.8794498501083217 888
1647275095878 0.8795777871532001 889
1647275096016 0.8797058848797031 890
1647275096149 0.8798341422799597 891
1647275096288 0.8799625583448429 892
1647275096437 0.8800911320639773 893
1647275096572 0.880219862425747 894
1647275096703 0.8803487484173038 895
1647275096840 0.8804777890245747 896
1647275096972 0.8806069832322707 897
1647275097103 0.8807363300238937 898
1647275097244 0.8808658283817454 899
1647275097375 0.8809954772869351 900
1647275097509 0.8811252757193871 901
1647275097639 0.8812552226578497 902
1647275097772 0.8813853170799028 903
1647275097913 0.8815155579619652 904
1647275098049 0.8816459442793042 905
1647275098187 0.8817764750060425 906
1647275098330 0.8819071491151663 907
1647275098460 0.8820379655785342 908
1647275098592 0.8821689233668843 909
1647275098727 0.882300021449843 910
1647275098860 0.8824312587959329 911
1647275098991 0.8825626343725805 912
1647275099122 0.8826941471461254 913
1647275099268 0.8828257960818269 914
1647275099397 0.8829575801438737 915
1647275099526 0.883089498295391 916
1647275099656 0.8832215494984489 917
1647275099785 0.8833537327140709 918
1647275099914 0.8834860469022416 919
1647275099991 0.8836184910219153 920
1647275100996 0.8837510640310239 921
1647275101136 0.883883764886485 922
1647275101274 0.8840165925442109 923
1647275101406 0.8841495459591155 924
1647275101556 0.8842826240851238 925
1647275101690 0.8844158258751793 926
1647275101836 0.8845491502812526 927
1647275101977 0.8846825962543494 928
1647275102108 0.8848161627445192 929
1647275102244 0.8849498487008631 930
1647275102386 0.8850836530715421 931
1647275102518 0.8852175748037859 932
1647275102648 0.8853516128439005 933
1647275102787 0.8854857661372768 934
1647275102923 0.8856200336283991 935
1647275103056 0.8857544142608529 936
1647275103191 0.8858889069773338 937
1647275103322 0.8860235107196553 938
1647275103453 0.8861582244287575 939
1647275103592 0.8862930470447151 940
1647275103723 0.8864279775067463 941
1647275103872 0.8865630147532202 942
1647275104007 0.8866981577216662 943
1647275104143 0.8868334053487817 944
1647275104284 0.8869687565704407 945
1647275104417 0.8871042103217021 946
1647275104549 0.8872397655368178 947
1647275104682 0.8873754211492421 948
1647275104813 0.8875111760916387 949
1647275104950 0.8876470292958899 950
1647275105085 0.8877829796931053 951
1647275105216 0.8879190262136292 952
1647275105346 0.8880551677870501 953
1647275105479 0.8881914033422083 954
1647275105611 0.8883277318072047 955
1647275105740 0.8884641521094093 956
1647275105875 0.8886006631754696 957
1647275106009 0.8887372639313187 958
1647275106140 0.8888739533021842 959
1647275106219 0.8890107302125965 960
1647275107077 0.8891475935863972 961
1647275107228 0.8892845423467475 962
1647275107365 0.8894215754161369 963
1647275107499 0.8895586917163915 964
1647275107632 0.8896958901686827 965
1647275107765 0.8898331696935353 966
1647275107910 0.8899705292108363 967
1647275108048 0.8901079676398435 968
1647275108184 0.8902454838991936 969
1647275108328 0.8903830769069109 970
1647275108491 0.890520745580416 971
1647275108636 0.8906584888365342 972
1647275108768 0.8907963055915039 973
1647275108903 0.890934194760985 974
1647275109035 0.8910721552600681 975
1647275109170 0.8912101860032823 976
1647275109314 0.8913482859046038 977
1647275109446 0.8914864538774652 978
1647275109581 0.8916246888347632 979
1647275109715 0.8917629896888672 980
1647275109848 0.891901355351629 981
1647275109983 0.8920397847343893 982
1647275110127 0.8921782767479884 983
1647275110258 0.8923168303027734 984
1647275110394 0.8924554443086073 985
1647275110548 0.8925941176748776 986
1647275110682 0.8927328493105043 987
1647275110814 0.8928716381239494 988
1647275110947 0.8930104830232249 989
1647275111081 0.8931493829159015 990
1647275111216 0.8932883367091172 991
1647275111346 0.8934273433095857 992
1647275111477 0.8935664016236058 993
1647275111610 0.8937055105570687 994
1647275111744 0.8938446690154678 995
1647275111874 0.8939838759039067 996
1647275112006 0.8941231301271081 997
1647275112139 0.8942624305894219 998
1647275112268 0.8944017761948346 999
1647275112347 0.8945411658469772 1000
1647275113213 0.8946805984491344 1001
1647275113357 0.8948200729042528 1002
1647275113492 0.8949595881149497 1003
1647275113625 0.8950991429835219 1004
1647275113761 0.8952387364119541 1005
1647275113892 0.8953783673019273 1006
1647275114032 0.8955180345548283 1007
1647275114163 0.8956577370717573 1008
1647275114295 0.8957974737535376 1009
1647275114426 0.895937243500723 1010
1647275114569 0.8960770452136078 1011
1647275114710 0.8962168777922341 1012
1647275114843 0.896356740136402 1013
1647275115001 0.8964966311456766 1014
1647275115135 0.896636549719398 1015
1647275115281 0.8967764947566892 1016
1647275115417 0.896916465156465 1017
1647275115550 0.8970564598174405 1018
1647275115695 0.8971964776381404 1019
1647275115833 0.8973365175169067 1020
1647275115983 0.897476578351908 1021
1647275116118 0.897616659041148 1022
1647275116254 0.8977567584824742 1023
1647275116399 0.8978968755735867 1024
1647275116536 0.8980370092120465 1025
1647275116668 0.8981771582952846 1026
1647275116812 0.8983173217206103 1027
1647275116948 0.8984574983852202 1028
1647275117085 0.8985976871862065 1029
1647275117223 0.8987378870205663 1030
1647275117356 0.8988780967852097 1031
1647275117488 0.8990183153769685 1032
1647275117621 0.8991585416926053 1033
1647275117752 0.8992987746288219 1034
1647275117881 0.8994390130822677 1035
1647275118019 0.899579255949549 1036
1647275118150 0.8997195021272375 1037
1647275118284 0.8998597505118784 1038
1647275118414 0.8999999999999999 1039
1647275118492 0.9001402494881215 1040
1647275123503 0.9002804978727624 1041
1647275123666 0.9004207440504509 1042
1647275123825 0.9005609869177322 1043
1647275123961 0.900701225371178 1044
1647275124094 0.9008414583073946 1045
1647275124230 0.9009816846230314 1046
1647275124360 0.9011219032147902 1047
1647275124499 0.9012621129794336 1048
1647275124634 0.9014023128137935 1049
1647275124771 0.9015425016147798 1050
1647275124901 0.9016826782793896 1051
1647275125034 0.9018228417047154 1052
1647275125168 0.9019629907879534 1053
1647275125308 0.9021031244264132 1054
1647275125446 0.9022432415175257 1055
1647275125580 0.902383340958852 1056
1647275125713 0.902523421648092 1057
1647275125856 0.9026634824830932 1058
1647275125987 0.9028035223618596 1059
1647275126121 0.9029435401825594 1060
1647275126260 0.9030835348435351 1061
1647275126394 0.9032235052433107 1062
1647275126526 0.9033634502806019 1063
1647275126672 0.9035033688543234 1064
1647275126809 0.903643259863598 1065
1647275126945 0.9037831222077658 1066
1647275127080 0.9039229547863922 1067
1647275127217 0.9040627564992769 1068
1647275127360 0.9042025262464624 1069
1647275127492 0.9043422629282425 1070
1647275127625 0.9044819654451717 1071
1647275127760 0.9046216326980726 1072
1647275127903 0.9047612635880459 1073
1647275128035 0.904900857016478 1074
1647275128180 0.9050404118850501 1075
1647275128312 0.9051799270957471 1076
1647275128442 0.9053194015508655 1077
1647275128574 0.9054588341530228 1078
1647275128710 0.9055982238051654 1079
1647275128791 0.905737569410578 1080
1647275133728 0.9058768698728918 1081
1647275133884 0.9060161240960931 1082
1647275134023 0.906155330984532 1083
1647275134160 0.9062944894429312 1084
1647275134299 0.9064335983763941 1085
1647275134440 0.9065726566904141 1086
1647275134579 0.9067116632908827 1087
1647275134715 0.9068506170840983 1088
1647275134854 0.9069895169767749 1089
1647275134997 0.9071283618760504 1090
1647275135128 0.9072671506894956 1091
1647275135262 0.9074058823251223 1092
1647275135406 0.9075445556913926 1093
1647275135543 0.9076831696972265 1094
1647275135681 0.9078217232520115 1095
1647275135819 0.9079602152656107 1096
1647275135956 0.908098644648371 1097
1647275136095 0.9082370103111326 1098
1647275136233 0.9083753111652367 1099
1647275136368 0.9085135461225348 1100
1647275136513 0.9086517140953961 1101
1647275136668 0.9087898139967177 1102
1647275136813 0.9089278447399318 1103
1647275136959 0.9090658052390149 1104
1647275137108 0.909203694408496 1105
1647275137246 0.9093415111634657 1106
1647275137383 0.9094792544195839 1107
1647275137531 0.9096169230930891 1108
1647275137670 0.9097545161008064 1109
1647275137804 0.9098920323601565 1110
1647275137946 0.9100294707891636 1111
1647275138078 0.9101668303064646 1112
1647275138211 0.9103041098313173 1113
1647275138343 0.9104413082836085 1114
1647275138477 0.9105784245838631 1115
1647275138610 0.9107154576532525 1116
1647275138763 0.9108524064136028 1117
1647275138894 0.9109892697874034 1118
1647275139026 0.9111260466978157 1119
1647275139107 0.9112627360686811 1120
1647275139966 0.9113993368245303 1121
1647275140105 0.9115358478905906 1122
1647275140255 0.9116722681927952 1123
1647275140396 0.9118085966577917 1124
1647275140531 0.9119448322129499 1125
1647275140675 0.9120809737863707 1126
1647275140810 0.9122170203068947 1127
1647275140944 0.91235297070411 1128
1647275141087 0.9124888239083613 1129
1647275141239 0.9126245788507579 1130
1647275141385 0.9127602344631821 1131
1647275141517 0.9128957896782979 1132
1647275141648 0.9130312434295592 1133
1647275141786 0.9131665946512182 1134
1647275141926 0.9133018422783337 1135
1647275142065 0.9134369852467797 1136
1647275142207 0.9135720224932536 1137
1647275142343 0.9137069529552848 1138
1647275142486 0.9138417755712425 1139
1647275142621 0.9139764892803446 1140
1647275142759 0.9141110930226661 1141
1647275142896 0.9142455857391469 1142
1647275143030 0.9143799663716008 1143
1647275143165 0.914514233862723 1144
1647275143305 0.9146483871560994 1145
1647275143443 0.914782425196214 1146
1647275143575 0.9149163469284578 1147
1647275143718 0.9150501512991368 1148
1647275143854 0.9151838372554807 1149
1647275143990 0.9153174037456505 1150
1647275144126 0.9154508497187474 1151
1647275144257 0.9155841741248205 1152
1647275144391 0.915717375914876 1153
1647275144531 0.9158504540408844 1154
1647275144664 0.915983407455789 1155
1647275144797 0.9161162351135148 1156
1647275144943 0.916248935968976 1157
1647275145076 0.9163815089780847 1158
1647275145208 0.9165139530977583 1159
1647275145306 0.916646267285929 1160
1647275150249 0.916778450501551 1161
1647275150393 0.916910501704609 1162
1647275150544 0.9170424198561262 1163
1647275150680 0.9171742039181731 1164
1647275150812 0.9173058528538747 1165
1647275150948 0.9174373656274194 1166
1647275151085 0.9175687412040671 1167
1647275151217 0.917699978550157 1168
1647275151357 0.9178310766331156 1169
1647275151488 0.9179620344214657 1170
1647275151624 0.9180928508848336 1171
1647275151769 0.9182235249939574 1172
1647275151923 0.9183540557206956 1173
1647275152055 0.9184844420380347 1174
1647275152191 0.9186146829200972 1175
1647275152322 0.9187447773421502 1176
1647275152471 0.9188747242806128 1177
1647275152602 0.9190045227130649 1178
1647275152738 0.9191341716182544 1179
1647275152874 0.9192636699761062 1180
1647275153007 0.9193930167677292 1181
1647275153144 0.9195222109754251 1182
1647275153287 0.9196512515826961 1183
1647275153420 0.9197801375742529 1184
1647275153553 0.9199088679360227 1185
1647275153700 0.920037441655157 1186
1647275153837 0.9201658577200402 1187
1647275153985 0.9202941151202968 1188
1647275154132 0.9204222128467998 1189
1647275154284 0.9205501498916783 1190
1647275154417 0.920677925248326 1191
1647275154548 0.9208055379114084 1192
1647275154679 0.9209329868768713 1193
1647275154810 0.9210602711419484 1194
1647275154942 0.9211873897051694 1195
1647275155073 0.9213143415663674 1196
1647275155219 0.9214411257266872 1197
1647275155354 0.9215677411885935 1198
1647275155485 0.9216941869558779 1199
1647275155565 0.9218204620336671 1200
1647275160487 0.921946565428431 1201
1647275160661 0.9220724961479903 1202
1647275160811 0.922198253201524 1203
1647275160946 0.9223238355995781 1204
1647275161083 0.9224492423540722 1205
1647275161228 0.922574472478308 1206
1647275161368 0.9226995249869773 1207
1647275161509 0.9228243988961689 1208
1647275161643 0.9229490932233768 1209
1647275161775 0.9230736069875085 1210
1647275161918 0.9231979392088917 1211
1647275162050 0.9233220889092825 1212
1647275162189 0.9234460551118732 1213
1647275162329 0.9235698368412999 1214
1647275162461 0.9236934331236499 1215
1647275162597 0.9238168429864698 1216
1647275162749 0.923940065458773 1217
1647275162885 0.9240630995710473 1218
1647275163028 0.9241859443552619 1219
1647275163160 0.9243085988448766 1220
1647275163296 0.9244310620748477 1221
1647275163436 0.9245533330816367 1222
1647275163566 0.9246754109032173 1223
1647275163699 0.9247972945790833 1224
1647275163843 0.9249189831502561 1225
1647275163982 0.9250404756592919 1226
1647275164116 0.92516177115029 1227
1647275164259 0.9252828686688992 1228
1647275164394 0.9254037672623264 1229
1647275164528 0.9255244659793436 1230
1647275164661 0.9256449638702953 1231
1647275164808 0.925765259987106 1232
1647275164942 0.9258853533832881 1233
1647275165075 0.9260052431139487 1234
1647275165206 0.9261249282357974 1235
1647275165339 0.9262444078071538 1236
1647275165472 0.9263636808879545 1237
1647275165610 0.926482746539761 1238
1647275165754 0.9266016038257667 1239
1647275165835 0.9267202518108048 1240
1647275170715 0.9268386895613545 1241
1647275170859 0.92695691614555 1242
1647275170998 0.9270749306331862 1243
1647275171133 0.9271927320957274 1244
1647275171271 0.9273103196063135 1245
1647275171419 0.9274276922397681 1246
1647275171553 0.927544849072605 1247
1647275171695 0.9276617891830367 1248
1647275171829 0.92777851165098 1249
1647275171962 0.9278950155580648 1250
1647275172102 0.9280112999876401 1251
1647275172235 0.928127364024782 1252
1647275172382 0.9282432067563008 1253
1647275172518 0.9283588272707477 1254
1647275172656 0.9284742246584226 1255
1647275172800 0.9285893980113805 1256
1647275172938 0.9287043464234398 1257
1647275173072 0.9288190689901881 1258
1647275173218 0.9289335648089903 1259
1647275173357 0.9290478329789951 1260
1647275173514 0.9291618726011426 1261
1647275173650 0.929275682778171 1262
1647275173782 0.9293892626146236 1263
1647275173921 0.9295026112168564 1264
1647275174058 0.9296157276930443 1265
1647275174205 0.9297286111531889 1266
1647275174344 0.9298412607091251 1267
1647275174477 0.9299536754745281 1268
1647275174615 0.9300658545649203 1269
1647275174751 0.9301777970976786 1270
1647275174886 0.930289502192041 1271
1647275175019 0.9304009689691137 1272
1647275175154 0.9305121965518781 1273
1647275175285 0.9306231840651975 1274
1647275175417 0.9307339306358238 1275
1647275175555 0.930844435392405 1276
1647275175689 0.9309546974654916 1277
1647275175822 0.9310647159875435 1278
1647275175953 0.9311744900929366 1279
1647275176033 0.9312840189179703 1280
1647275176895 0.9313933016008737 1281
1647275177049 0.9315023372818123 1282
1647275177188 0.9316111251028955 1283
1647275177333 0.9317196642081822 1284
1647275177466 0.9318279537436889 1285
1647275177598 0.9319359928573951 1286
1647275177741 0.9320437806992512 1287
1647275177880 0.932151316421184 1288
1647275178035 0.9322585991771043 1289
1647275178173 0.9323656281229133 1290
1647275178310 0.9324724024165092 1291
1647275178447 0.9325789212177933 1292
1647275178577 0.9326851836886777 1293
1647275178710 0.9327911889930912 1294
1647275178845 0.9328969362969856 1295
1647275178981 0.933002424768343 1296
1647275179120 0.9331076535771821 1297
1647275179259 0.933212621895564 1298
1647275179389 0.9333173288976001 1299
1647275179526 0.9334217737594575 1300
1647275179688 0.9335259556593655 1301
1647275179823 0.933629873777623 1302
1647275179965 0.9337335272966036 1303
1647275180100 0.9338369154007636 1304
1647275180242 0.9339400372766471 1305
1647275180374 0.9340428921128926 1306
1647275180507 0.9341454791002403 1307
1647275180640 0.9342477974315374 1308
1647275180776 0.934349846301745 1309
1647275180906 0.9344516249079444 1310
1647275181042 0.9345531324493432 1311
1647275181180 0.9346543681272818 1312
1647275181313 0.9347553311452395 1313
1647275181444 0.9348560207088411 1314
1647275181590 0.9349564360258629 1315
1647275181732 0.9350565763062386 1316
1647275181862 0.9351564407620665 1317
1647275181997 0.9352560286076146 1318
1647275182129 0.9353553390593273 1319
1647275182222 0.9354543713358319 1320
1647275187156 0.9355531246579439 1321
1647275187328 0.935651598248674 1322
1647275187470 0.9357497913332338 1323
1647275187607 0.9358477031390413 1324
1647275187742 0.9359453328957285 1325
1647275187874 0.9360426798351459 1326
1647275188020 0.9361397431913695 1327
1647275188154 0.9362365222007065 1328
1647275188296 0.9363330161017013 1329
1647275188429 0.9364292241351415 1330
1647275188561 0.9365251455440639 1331
1647275188703 0.9366207795737604 1332
1647275188842 0.9367161254717842 1333
1647275188975 0.9368111824879554 1334
1647275189116 0.936905949874367 1335
1647275189251 0.9370004268853908 1336
1647275189382 0.9370946127776831 1337
1647275189517 0.9371885068101912 1338
1647275189651 0.9372821082441583 1339
1647275189787 0.9373754163431298 1340
1647275189928 0.9374684303729593 1341
1647275190062 0.937561149601814 1342
1647275190195 0.9376535733001805 1343
1647275190344 0.9377457007408707 1344
1647275190478 0.9378375311990276 1345
1647275190612 0.9379290639521306 1346
1647275190757 0.9380202982800016 1347
1647275190904 0.9381112334648103 1348
1647275191048 0.9382018687910804 1349
1647275191180 0.9382922035456945 1350
1647275191314 0.9383822370179005 1351
1647275191453 0.9384719684993165 1352
1647275191585 0.9385613972839366 1353
1647275191717 0.9386505226681368 1354
1647275191869 0.93873934395068 1355
1647275192000 0.9388278604327219 1356
1647275192132 0.9389160714178163 1357
1647275192262 0.9390039762119206 1358
1647275192394 0.9390915741234015 1359
1647275192473 0.93917886446304 1360
1647275193373 0.9392658465440372 1361
1647275193514 0.9393525196820196 1362
1647275193658 0.9394388831950445 1363
1647275193793 0.9395249364036051 1364
1647275193930 0.9396106786306363 1365
1647275194076 0.9396961092015197 1366
1647275194212 0.939781227444089 1367
1647275194351 0.9398660326886353 1368
1647275194488 0.9399505242679124 1369
1647275194621 0.940034701517142 1370
1647275194761 0.9401185637740188 1371
1647275194896 0.9402021103787163 1372
1647275195032 0.9402853406738908 1373
1647275195168 0.940368254004688 1374
1647275195305 0.9404508497187474 1375
1647275195442 0.9405331271662069 1376
1647275195578 0.9406150856997092 1377
1647275195709 0.9406967246744059 1378
1647275195846 0.940778043447963 1379
1647275195988 0.9408590413805656 1380
1647275196120 0.9409397178349235 1381
1647275196252 0.9410200721762756 1382
1647275196388 0.9411001037723955 1383
1647275196524 0.9411798119935957 1384
1647275196656 0.9412591962127335 1385
1647275196790 0.941338255805215 1386
1647275196920 0.9414169901490008 1387
1647275197053 0.9414953986246104 1388
1647275197192 0.9415734806151272 1389
1647275197324 0.9416512355062036 1390
1647275197458 0.9417286626860651 1391
1647275197611 0.9418057615455162 1392
1647275197747 0.9418825314779444 1393
1647275197890 0.9419589718793251 1394
1647275198025 0.9420350821482265 1395
1647275198162 0.9421108616858143 1396
1647275198296 0.9421863098958564 1397
1647275198435 0.9422614261847276 1398
1647275198571 0.9423362099614142 1399
1647275198656 0.9424106606375187 1400
1647275203616 0.9424847776272643 1401
1647275203775 0.9425585603475001 1402
1647275203910 0.9426320082177045 1403
1647275204054 0.9427051206599913 1404
1647275204210 0.9427778970991129 1405
1647275204354 0.9428503369624653 1406
1647275204487 0.9429224396800933 1407
1647275204624 0.9429942046846935 1408
1647275204763 0.9430656314116204 1409
1647275204894 0.9431367192988895 1410
1647275205028 0.9432074677871827 1411
1647275205167 0.9432778763198519 1412
1647275205297 0.9433479443429241 1413
1647275205427 0.9434176713051052 1414
1647275205574 0.9434870566577848 1415
1647275205708 0.9435560998550399 1416
1647275205844 0.9436248003536398 1417
1647275205999 0.9436931576130504 1418
1647275206136 0.9437611710954377 1419
1647275206288 0.9438288402656728 1420
1647275206427 0.943896164591336 1421
1647275206557 0.9439631435427204 1422
1647275206693 0.9440297765928368 1423
1647275206827 0.9440960632174177 1424
1647275206974 0.9441620028949209 1425
1647275207110 0.9442275951065341 1426
1647275207242 0.9442928393361789 1427
1647275207384 0.9443577350705149 1428
1647275207520 0.9444222817989436 1429
1647275207654 0.9444864790136123 1430
1647275207788 0.9445503262094184 1431
1647275207921 0.9446138228840133 1432
1647275208057 0.9446769685378062 1433
1647275208195 0.9447397626739683 1434
1647275208344 0.9448022047984362 1435
1647275208486 0.9448642944199165 1436
1647275208620 0.944926031049889 1437
1647275208749 0.944987414202611 1438
1647275208880 0.945048443395121 1439
1647275208957 0.945109118147242 1440
1647275209818 0.9451694379815865 1441
1647275209961 0.9452294024235587 1442
1647275210105 0.9452890110013596 1443
1647275210247 0.94534826324599 1444
1647275210386 0.945407158691254 1445
1647275210537 0.9454656968737635 1446
1647275210670 0.9455238773329407 1447
1647275210804 0.9455816996110231 1448
1647275210952 0.9456391632530659 1449
1647275211092 0.945696267806946 1450
1647275211239 0.945753012823366 1451
1647275211371 0.9458093978558567 1452
1647275211506 0.945865422460782 1453
1647275211640 0.945921086197341 1454
1647275211777 0.9459763886275725 1455
1647275211925 0.9460313293163578 1456
1647275212058 0.9460859078314247 1457
1647275212191 0.9461401237433501 1458
1647275212333 0.9461939766255643 1459
1647275212471 0.9462474660543537 1460
1647275212610 0.9463005916088644 1461
1647275212751 0.9463533528711053 1462
1647275212886 0.9464057494259519 1463
1647275213043 0.9464577808611488 1464
1647275213180 0.9465094467673137 1465
1647275213313 0.9465607467379401 1466
1647275213466 0.9466116803694007 1467
1647275213601 0.9466622472609504 1468
1647275213735 0.9467124470147299 1469
1647275213880 0.9467622792357684 1470
1647275214015 0.9468117435319868 1471
1647275214152 0.9468608395142009 1472
1647275214290 0.9469095667961241 1473
1647275214421 0.9469579249943714 1474
1647275214553 0.9470059137284609 1475
1647275214691 0.9470535326208183 1476
1647275214823 0.9471007812967789 1477
1647275214957 0.9471476593845909 1478
1647275215107 0.9471941665154183 1479
1647275215195 0.9472403023233439 1480
1647275220104 0.9472860664453717 1481
1647275220260 0.9473314585214306 1482
1647275220410 0.9473764781943764 1483
1647275220542 0.9474211251099951 1484
1647275220678 0.9474653989170055 1485
1647275220823 0.9475092992670621 1486
1647275220961 0.9475528258147576 1487
1647275221100 0.947595978217626 1488
1647275221237 0.9476387561361448 1489
1647275221382 0.9476811592337381 1490
1647275221523 0.947723187176779 1491
1647275221676 0.9477648396345925 1492
1647275221825 0.9478061162794575 1493
1647275221963 0.9478470167866104 1494
1647275222110 0.9478875408342465 1495
1647275222246 0.9479276881035232 1496
1647275222383 0.9479674582785628 1497
1647275222526 0.9480068510464539 1498
1647275222658 0.9480458660972549 1499
1647275222794 0.9480845031239963 1500
1647275222934 0.9481227618226823 1501
1647275223069 0.9481606418922943 1502
1647275223208 0.9481981430347927 1503
1647275223345 0.9482352649551188 1504
1647275223479 0.9482720073611981 1505
1647275223619 0.9483083699639421 1506
1647275223756 0.9483443524772502 1507
1647275223896 0.9483799546180129 1508
1647275224044 0.948415176106113 1509
1647275224179 0.9484500166644284 1510
1647275224311 0.9484844760188343 1511
1647275224454 0.9485185538982049 1512
1647275224587 0.9485522500344162 1513
1647275224718 0.9485855641623475 1514
1647275224851 0.9486184960198838 1515
1647275224986 0.9486510453479178 1516
1647275225119 0.9486832118903519 1517
1647275225252 0.9487149953941004 1518
1647275225390 0.9487463956090911 1519
1647275225470 0.9487774122882678 1520
