1646481704167 0.38425925374031067 0
1646481704451 0.5972222089767456 1
1646481704728 0.6527777910232544 2
1646481704901 0.6620370149612427 3
1646481705060 0.7037037014961243 4
1646481705260 0.7592592835426331 5
1646481705429 0.7824074029922485 6
1646481705613 0.7777777910232544 7
1646481705776 0.8379629850387573 8
1646481705960 0.8703703880310059 9
1646481706226 0.8842592835426331 10
1646481706509 0.8796296119689941 11
1646481706707 0.9259259104728699 12
1646481706914 0.9490740895271301 13
1646481707108 0.9351851940155029 14
1646481707297 0.9537037014961243 15
1646481707477 0.9583333134651184 16
1646481707646 0.9629629850387573 17
1646481707831 0.9814814925193787 18
1646481708009 0.9722222089767456 19
1646481708193 0.9537037014961243 20
1646481708362 0.9814814925193787 21
1646481708547 0.9768518805503845 22
1646481708725 0.9768518805503845 23
1646481708899 0.9722222089767456 24
1646481709079 0.9907407164573669 25
1646481709264 1.0 26
1646481709448 1.0 27
1646481709632 1.0 28
1646481709810 1.0 29
1646481710104 1.0 30
1646481710348 1.0 31
1646481710534 1.0 32
1646481710719 1.0 33
1646481710902 1.0 34
1646481711086 1.0 35
1646481711267 1.0 36
1646481711451 1.0 37
1646481711620 1.0 38
1646481711801 1.0 39
1646481711982 1.0 40
1646481712167 1.0 41
1646481712336 1.0 42
1646481712520 1.0 43
1646481712699 1.0 44
1646481712867 1.0 45
1646481713036 1.0 46
1646481713236 1.0 47
1646481713416 1.0 48
1646481713587 1.0 49
1646481713853 1.0 50
1646481714119 1.0 51
1646481714357 1.0 52
1646481714581 1.0 53
1646481714784 1.0 54
1646481714953 1.0 55
1646481715138 1.0 56
1646481715323 1.0 57
1646481715539 0.9953703880310059 58
1646481715739 0.9953703880310059 59
1646481715924 0.9259259104728699 60
1646481716124 0.9212962985038757 61
1646481716339 0.9351851940155029 62
1646481716540 0.9444444179534912 63
1646481716724 0.9861111044883728 64
1646481716940 0.9907407164573669 65
1646481717141 0.9953703880310059 66
1646481717326 1.0 67
1646481717508 1.0 68
1646481717893 1.0 69
1646481718144 1.0 70
1646481718368 1.0 71
1646481718582 1.0 72
1646481718789 1.0 73
1646481718983 1.0 74
1646481719184 1.0 75
1646481719365 1.0 76
1646481719565 1.0 77
1646481719780 1.0 78
1646481719965 1.0 79
1646481720181 1.0 80
1646481720369 1.0 81
1646481720566 1.0 82
1646481720735 1.0 83
1646481720913 1.0 84
1646481721086 1.0 85
1646481721283 1.0 86
1646481721498 1.0 87
1646481721794 1.0 88
1646481722010 1.0 89
1646481722210 1.0 90
1646481722410 1.0 91
1646481722595 1.0 92
1646481722757 1.0 93
1646481722943 1.0 94
1646481723127 1.0 95
1646481723312 1.0 96
1646481723491 1.0 97
1646481723669 1.0 98
1646481723832 1.0 99
1646481724013 1.0 100
1646481724213 1.0 101
1646481724388 1.0 102
1646481724564 1.0 103
1646481724746 1.0 104
1646481724929 1.0 105
1646481725098 1.0 106
1646481725314 1.0 107
1646481725595 1.0 108
1646481725813 1.0 109
1646481726034 1.0 110
1646481726255 1.0 111
1646481726446 1.0 112
1646481726615 1.0 113
1646481726784 1.0 114
1646481726962 1.0 115
1646481727147 1.0 116
1646481727332 1.0 117
1646481727516 1.0 118
1646481727685 1.0 119
