1646481704167 1.4760346412658691 0
1646481704451 0.998374879360199 1
1646481704728 0.8550307154655457 2
1646481704901 0.7974936962127686 3
1646481705060 0.7105664014816284 4
1646481705260 0.644956648349762 5
1646481705429 0.5412286520004272 6
1646481705613 0.517193615436554 7
1646481705776 0.4038322865962982 8
1646481705960 0.32197973132133484 9
1646481706226 0.3292119801044464 10
1646481706509 0.3065080940723419 11
1646481706707 0.24880549311637878 12
1646481706914 0.18899527192115784 13
1646481707108 0.1627083420753479 14
1646481707297 0.13763362169265747 15
1646481707477 0.11704462766647339 16
1646481707646 0.10395604372024536 17
1646481707831 0.08651319891214371 18
1646481708009 0.0790950283408165 19
1646481708193 0.12062427401542664 20
1646481708362 0.062320973724126816 21
1646481708547 0.06480511277914047 22
1646481708725 0.06603924185037613 23
1646481708899 0.0707462877035141 24
1646481709079 0.040908332914114 25
1646481709264 0.016412988305091858 26
1646481709448 0.01844087615609169 27
1646481709632 0.012918466702103615 28
1646481709810 0.008096110075712204 29
1646481710104 0.008326029404997826 30
1646481710348 0.008775122463703156 31
1646481710534 0.005032564979046583 32
1646481710719 0.00419663218781352 33
1646481710902 0.005213206168264151 34
1646481711086 0.0037900719325989485 35
1646481711267 0.002701292745769024 36
1646481711451 0.0028252433985471725 37
1646481711620 0.002935250988230109 38
1646481711801 0.003502188017591834 39
1646481711982 0.0022262604907155037 40
1646481712167 0.002431474858894944 41
1646481712336 0.0026715027634054422 42
1646481712520 0.004939713049679995 43
1646481712699 0.0037114699371159077 44
1646481712867 0.0013861394254490733 45
1646481713036 0.0019268228206783533 46
1646481713236 0.0025741574354469776 47
1646481713416 0.0026780038606375456 48
1646481713587 0.0013660958502441645 49
1646481713853 0.000809753080829978 50
1646481714119 0.0011810559080913663 51
1646481714357 0.0013020895421504974 52
1646481714581 0.0012408650945872068 53
1646481714784 0.0012494376860558987 54
1646481714953 0.001098913257010281 55
1646481715138 0.0006558990571647882 56
1646481715323 0.003704325994476676 57
1646481715539 0.006064899731427431 58
1646481715739 0.016689782962203026 59
1646481715924 0.3294864296913147 60
1646481716124 0.268523246049881 61
1646481716339 0.1823330521583557 62
1646481716540 0.1557181030511856 63
1646481716724 0.07854259759187698 64
1646481716940 0.048771753907203674 65
1646481717141 0.026263384148478508 66
1646481717326 0.018425600603222847 67
1646481717508 0.01172381080687046 68
1646481717893 0.0044839829206466675 69
1646481718144 0.0054251523688435555 70
1646481718368 0.003419419750571251 71
1646481718582 0.002242379356175661 72
1646481718789 0.0026827112305909395 73
1646481718983 0.001697984291240573 74
1646481719184 0.002169840270653367 75
1646481719365 0.0010031862184405327 76
1646481719565 0.0009783226996660233 77
1646481719780 0.0015258821658790112 78
1646481719965 0.0014818317722529173 79
1646481720181 0.0006639831117354333 80
1646481720369 0.0009038723073899746 81
1646481720566 0.0007135837804526091 82
1646481720735 0.0006240808288566768 83
1646481720913 0.0009688623249530792 84
1646481721086 0.0006395176169462502 85
1646481721283 0.0009043776663020253 86
1646481721498 0.0010184717830270529 87
1646481721794 0.0006974100833758712 88
1646481722010 0.0007460240158252418 89
1646481722210 0.0014481375692412257 90
1646481722410 0.0004181584226898849 91
1646481722595 0.000832781195640564 92
1646481722757 0.0004446115926839411 93
1646481722943 0.0006742835976183414 94
1646481723127 0.00045162398600950837 95
1646481723312 0.0005693273269571364 96
1646481723491 0.00029237489798106253 97
1646481723669 0.0003286573337391019 98
1646481723832 0.0006168291438370943 99
1646481724013 0.00025342058506794274 100
1646481724213 0.00041846244130283594 101
1646481724388 0.00024402595590800047 102
1646481724564 0.0005360712530091405 103
1646481724746 0.0001266698382096365 104
1646481724929 0.00021799832757096738 105
1646481725098 0.0001880489435279742 106
1646481725314 0.000472022220492363 107
1646481725595 0.0006061088643036783 108
1646481725813 0.0002058616082649678 109
1646481726034 0.0001321532909059897 110
1646481726255 0.00026447177515365183 111
1646481726446 0.00030870939372107387 112
1646481726615 0.00022779240680392832 113
1646481726784 0.00014722860942129046 114
1646481726962 0.0002972426591441035 115
1646481727147 0.00015230402641464025 116
1646481727332 0.00012257728667464107 117
1646481727516 0.0005491203628480434 118
1646481727685 0.0001278547861147672 119
