1646497101073 0.5601851940155029 0
1646497101433 0.6805555820465088 1
1646497101820 0.6990740895271301 2
1646497102232 0.75 3
1646497102809 0.7731481194496155 4
1646497103526 0.7777777910232544 5
1646497104014 0.7824074029922485 6
1646497104603 0.8379629850387573 7
1646497105114 0.8611111044883728 8
1646497105707 0.8888888955116272 9
1646497106372 0.8796296119689941 10
1646497106902 0.9212962985038757 11
1646497107301 0.875 12
1646497107637 0.9166666865348816 13
1646497107974 0.9675925970077515 14
1646497108320 0.9490740895271301 15
1646497108673 0.9722222089767456 16
1646497109021 0.9583333134651184 17
1646497109649 0.9722222089767456 18
1646497110110 0.9861111044883728 19
1646497110507 0.9907407164573669 20
1646497110887 1.0 21
1646497111228 0.9814814925193787 22
1646497111574 0.9953703880310059 23
1646497111976 1.0 24
1646497112331 0.9953703880310059 25
1646497112669 0.9953703880310059 26
1646497112997 0.9953703880310059 27
1646497113483 1.0 28
1646497113973 0.9861111044883728 29
1646497114424 1.0 30
1646497114812 1.0 31
1646497115154 1.0 32
1646497115500 0.9953703880310059 33
1646497115864 1.0 34
1646497116345 1.0 35
1646497116740 1.0 36
1646497117153 1.0 37
1646497117740 0.9953703880310059 38
1646497118388 1.0 39
1646497118896 1.0 40
1646497119363 1.0 41
1646497119810 0.9953703880310059 42
1646497120229 1.0 43
1646497120654 1.0 44
1646497121075 1.0 45
1646497121528 1.0 46
1646497122334 1.0 47
1646497122858 1.0 48
1646497123319 1.0 49
1646497123726 1.0 50
1646497124123 1.0 51
1646497124524 1.0 52
1646497124957 1.0 53
1646497125320 1.0 54
1646497125688 1.0 55
1646497126232 1.0 56
1646497126689 1.0 57
1646497127208 0.9907407164573669 58
1646497127552 1.0 59
1646497127974 1.0 60
1646497128282 1.0 61
1646497128587 1.0 62
1646497128922 1.0 63
1646497129214 0.9953703880310059 64
1646497129504 1.0 65
1646497129854 1.0 66
1646497130287 0.9953703880310059 67
1646497130731 1.0 68
1646497131105 0.9907407164573669 69
1646497131455 0.9953703880310059 70
1646497131773 1.0 71
1646497132071 0.9907407164573669 72
1646497132378 1.0 73
1646497132708 0.9953703880310059 74
1646497133007 1.0 75
1646497133313 1.0 76
1646497133619 0.9953703880310059 77
1646497134038 0.9953703880310059 78
1646497134479 0.9953703880310059 79
1646497134973 1.0 80
1646497135373 0.9953703880310059 81
1646497135712 0.9907407164573669 82
1646497136061 1.0 83
1646497136409 0.9953703880310059 84
1646497136770 0.9953703880310059 85
1646497137127 0.9953703880310059 86
1646497137461 0.9953703880310059 87
1646497137801 0.9953703880310059 88
1646497138248 1.0 89
1646497138950 0.9953703880310059 90
1646497139548 0.9907407164573669 91
1646497139923 0.9907407164573669 92
1646497140292 0.9861111044883728 93
1646497140643 0.9953703880310059 94
1646497141056 0.9953703880310059 95
1646497141502 1.0 96
1646497141879 1.0 97
1646497142504 1.0 98
1646497142976 1.0 99
1646497143345 1.0 100
1646497143722 1.0 101
1646497144076 1.0 102
1646497144436 1.0 103
1646497144824 1.0 104
1646497145177 1.0 105
1646497145531 1.0 106
1646497145893 0.9953703880310059 107
1646497146480 1.0 108
1646497146982 1.0 109
1646497147439 1.0 110
1646497147818 1.0 111
1646497148174 1.0 112
1646497148521 1.0 113
1646497148917 0.9953703880310059 114
