1646497101073 1.1232937574386597 0
1646497101433 0.7668045163154602 1
1646497101820 0.6902302503585815 2
1646497102232 0.6008915305137634 3
1646497102809 0.5213701725006104 4
1646497103526 0.5239760279655457 5
1646497104014 0.48664024472236633 6
1646497104603 0.38689038157463074 7
1646497105114 0.3323984444141388 8
1646497105707 0.28118738532066345 9
1646497106372 0.25394049286842346 10
1646497106902 0.20577755570411682 11
1646497107301 0.2543630301952362 12
1646497107637 0.21016277372837067 13
1646497107974 0.16116583347320557 14
1646497108320 0.1311669945716858 15
1646497108673 0.09602651000022888 16
1646497109021 0.09175176918506622 17
1646497109649 0.08968961983919144 18
1646497110110 0.04758596047759056 19
1646497110507 0.04197046905755997 20
1646497110887 0.01737842708826065 21
1646497111228 0.04728122055530548 22
1646497111574 0.026114344596862793 23
1646497111976 0.020167529582977295 24
1646497112331 0.01858210563659668 25
1646497112669 0.034720007330179214 26
1646497112997 0.018069954589009285 27
1646497113483 0.013942718505859375 28
1646497113973 0.02607988566160202 29
1646497114424 0.008074862882494926 30
1646497114812 0.01006272528320551 31
1646497115154 0.00795502308756113 32
1646497115500 0.010612445883452892 33
1646497115864 0.009025954641401768 34
1646497116345 0.005443375091999769 35
1646497116740 0.00516521604731679 36
1646497117153 0.005229586735367775 37
1646497117740 0.00925759319216013 38
1646497118388 0.007848366163671017 39
1646497118896 0.0027301576919853687 40
1646497119363 0.002940778387710452 41
1646497119810 0.007138226646929979 42
1646497120229 0.0020092788618057966 43
1646497120654 0.0025748792104423046 44
1646497121075 0.0030100117437541485 45
1646497121528 0.002173560904338956 46
1646497122334 0.0005328909028321505 47
1646497122858 0.003952753264456987 48
1646497123319 0.004219966009259224 49
1646497123726 0.004500290844589472 50
1646497124123 0.0023625451140105724 51
1646497124524 0.0020209227222949266 52
1646497124957 0.002391556976363063 53
1646497125320 0.0037735735531896353 54
1646497125688 0.005620627664029598 55
1646497126232 0.007119206245988607 56
1646497126689 0.008896518498659134 57
1646497127208 0.012412464246153831 58
1646497127552 0.008739677257835865 59
1646497127974 0.006619750522077084 60
1646497128282 0.006388529669493437 61
1646497128587 0.005931050516664982 62
1646497128922 0.004565418232232332 63
1646497129214 0.006587932351976633 64
1646497129504 0.006449295207858086 65
1646497129854 0.0036298190243542194 66
1646497130287 0.015270226635038853 67
1646497130731 0.0052632843144237995 68
1646497131105 0.05613354966044426 69
1646497131455 0.031690292060375214 70
1646497131773 0.012934040278196335 71
1646497132071 0.014862673357129097 72
1646497132378 0.00588714424520731 73
1646497132708 0.01357357855886221 74
1646497133007 0.0016247672028839588 75
1646497133313 0.0026746196672320366 76
1646497133619 0.0043046665377914906 77
1646497134038 0.00500172283500433 78
1646497134479 0.005486472509801388 79
1646497134973 0.00897426251322031 80
1646497135373 0.0147519176825881 81
1646497135712 0.022298108786344528 82
1646497136061 0.003304127836599946 83
1646497136409 0.006579534150660038 84
1646497136770 0.01069662719964981 85
1646497137127 0.010472648777067661 86
1646497137461 0.012328829616308212 87
1646497137801 0.017633769661188126 88
1646497138248 0.004580793436616659 89
1646497138950 0.009864299558103085 90
1646497139548 0.018151167780160904 91
1646497139923 0.016143914312124252 92
1646497140292 0.04394121840596199 93
1646497140643 0.007842542603611946 94
1646497141056 0.015006388537585735 95
1646497141502 0.002841959008947015 96
1646497141879 0.00394556624814868 97
1646497142504 0.002912981901317835 98
1646497142976 0.0008546358440071344 99
1646497143345 0.0021129304077476263 100
1646497143722 0.0011891504982486367 101
1646497144076 0.0012739631347358227 102
1646497144436 0.001256803865544498 103
1646497144824 0.0007440111949108541 104
1646497145177 0.0007227163878269494 105
1646497145531 0.00027041169232688844 106
1646497145893 0.010427729226648808 107
1646497146480 0.00042836443753913045 108
1646497146982 0.0011272539850324392 109
1646497147439 0.00024646540987305343 110
1646497147818 0.001802330487407744 111
1646497148174 0.004236066248267889 112
1646497148521 0.0015111096436157823 113
1646497148917 0.00478505389764905 114
