1647273217312 0.5428571701049805 0
1647273223287 0.6571428775787354 1
1647273229168 0.6730158925056458 2
1647273235099 0.7428571581840515 3
1647273245498 0.8063492178916931 4
1647273255603 0.7841269969940186 5
1647273261488 0.7523809671401978 6
1647273271831 0.7523809671401978 7
1647273277850 0.8190476298332214 8
1647273283940 0.7936508059501648 9
1647273289858 0.7841269969940186 10
1647273295781 0.8317460417747498 11
1647273306244 0.8634920716285706 12
1647273316305 0.8888888955116272 13
1647273326565 0.8984127044677734 14
1647273332478 0.8222222328186035 15
1647273342910 0.8857142925262451 16
1647273348842 0.8984127044677734 17
1647273354916 0.9111111164093018 18
1647273365127 0.9301587343215942 19
1647273371061 0.9269841313362122 20
1647273377011 0.8952381014823914 21
1647273387286 0.9365079402923584 22
1647273397544 0.8984127044677734 23
1647273407759 0.9269841313362122 24
1647273413696 0.9301587343215942 25
1647273424158 0.9428571462631226 26
1647273430121 0.9333333373069763 27
1647273436130 0.9460317492485046 28
1647273446374 0.9396825432777405 29
1647273452315 0.958730161190033 30
1647273458251 0.9492063522338867 31
1647273468531 0.961904764175415 32
1647273478825 0.961904764175415 33
1647273484911 0.9523809552192688 34
1647273495041 0.9682539701461792 35
1647273500956 0.9714285731315613 36
1647273511255 0.958730161190033 37
1647273517259 0.9682539701461792 38
1647273527444 0.9714285731315613 39
