1647273201028 0.002 0
1647273209131 0.002000514040060901 1
1647273209371 0.002002056138223837 2
1647273209514 0.0020046262284304436 3
1647273209647 0.0020082242005866335 4
1647273209777 0.002012849900567222 5
1647273209905 0.00201850313022265 6
1647273210036 0.002025183647387359 7
1647273210163 0.002032891165890234 8
1647273210290 0.0020416253555668173 9
1647273210422 0.0020513858422735176 10
1647273210555 0.0020621722079035565 11
1647273210683 0.002073983990404926 12
1647273210812 0.002086820683800193 13
1647273210944 0.0021006817382081197 14
1647273211074 0.002115566559867277 15
1647273211202 0.002131474511161441 16
1647273211329 0.0021484049106469255 17
1647273211454 0.002166357033081767 18
1647273211603 0.00218533010945679 19
1647273211730 0.002205323327028552 20
1647273211860 0.0022263358293541508 21
1647273211988 0.0022483667163279153 22
1647273212118 0.0022714150442199876 23
1647273212250 0.0022954798257166925 24
1647273212376 0.0023205600299629064 25
1647273212505 0.0023466545826061336 26
1647273212642 0.0023737623658426008 27
1647273212771 0.0024018822184650873 28
1647273212903 0.0024310129359127117 29
1647273213039 0.0024611532703224734 30
1647273213172 0.002492301930582773 31
1647273213298 0.002524457582388666 32
1647273213425 0.0025576188482990675 33
1647273213552 0.0025917843077956984 34
1647273213685 0.0026269524973439942 35
1647273213810 0.002663121910455764 36
1647273213938 0.002700290997753728 37
1647273214070 0.0027384581670378966 38
1647273214203 0.0027776217833537648 39
1647273215214 0.002817780169062367 40
1647273217580 0.002858931603912096 41
1647273217714 0.002901074325112468 42
1647273217843 0.0029442065274095583 43
1647273217976 0.002988326363163367 44
1647273218101 0.0030334319424269868 45
1647273218230 0.003079521333027517 46
1647273218356 0.003126592560648872 47
1647273218508 0.003174643608916311 48
1647273218636 0.003223672419482869 49
1647273218770 0.0032736768921174594 50
1647273218896 0.003324654884794928 51
1647273219024 0.003376604213787715 52
1647273219151 0.0034295226537594814 53
1647273219290 0.0034834079378603805 54
1647273219417 0.0035382577578241814 55
1647273219545 0.003594069764067162 56
1647273219669 0.0036508415657887164 57
1647273219798 0.003708570731073821 58
1647273219925 0.0037672547869971665 59
1647273220052 0.0038268912197291227 60
1647273220176 0.0038874774746433804 61
1647273220316 0.003949010956426441 62
1647273220445 0.004011489029188735 63
1647273220593 0.004074909016577581 64
1647273220719 0.004139268201891783 65
1647273220847 0.004204563828198046 66
1647273220979 0.004270793098449077 67
1647273221110 0.004337953175603343 68
1647273221244 0.004406041182746685 69
1647273221375 0.004475054203215485 70
1647273221510 0.004544989280721626 71
1647273221636 0.004615843419479175 72
1647273221761 0.004687613584332624 73
1647273221886 0.004760296700886998 74
1647273222020 0.004833889655639481 75
1647273222146 0.004908389296112835 76
1647273222271 0.004983792430990404 77
1647273222399 0.005060095830252867 78
1647273222528 0.00513729622531655 79
1647273222609 0.005215390309173472 80
1647273223548 0.005294374736532999 81
1647273223684 0.005374246123965136 82
1647273223813 0.005455001050045483 83
1647273223942 0.005536636055501788 84
1647273224070 0.0056191476433621115 85
1647273224200 0.0057025322791046384 86
1647273224327 0.005786786390809123 87
1647273224459 0.005871906369309822 88
1647273224593 0.005957888568350167 89
1647273224724 0.006044729304738913 90
1647273224850 0.00613242485850795 91
1647273224980 0.006220971473071629 92
1647273225114 0.006310365355387676 93
1647273225261 0.006400602676119707 94
1647273225393 0.006491679569801234 95
1647273225524 0.006583592135001266 96
1647273225657 0.006676336434491406 97
1647273225789 0.006769908495414548 98
1647273225927 0.006864304309455033 99
1647273226059 0.006959519833010359 100
1647273226192 0.007055550987364406 101
1647273226323 0.0071523936588621245 102
1647273226459 0.007250043699085794 103
1647273226597 0.007348496925032699 104
1647273226731 0.007447749119294314 105
1647273226860 0.007547796030236975 106
1647273226988 0.007648633372183994 107
1647273227118 0.00775025682559926 108
1647273227268 0.007852662037272258 109
1647273227395 0.007955844620504547 110
1647273227521 0.008059800155297676 111
1647273227647 0.008164524188542542 112
1647273227773 0.008270012234210096 113
1647273227897 0.008376259773543546 114
1647273228024 0.00848326225525195 115
1647273228156 0.008591015095705104 116
1647273228282 0.008699513679129953 117
1647273228409 0.008808753357808292 118
1647273228537 0.00891872945227589 119
1647273228615 0.009029437251522866 120
1647273229430 0.009140872013195557 121
1647273229574 0.009253028963799675 122
1647273229714 0.009365903298904736 123
1647273229842 0.009479490183349905 124
1647273229974 0.009593784751451097 125
1647273230105 0.009708782107209393 126
1647273230236 0.009824477324520853 127
1647273230367 0.009940865447387405 128
1647273230508 0.010057941490129237 129
1647273230638 0.01017570043759835 130
1647273230769 0.010294137245393353 131
1647273230896 0.0104132468400756 132
1647273231028 0.010533024119386461 133
1647273231159 0.010653463952465969 134
1647273231293 0.010774561180072507 135
1647273231420 0.010896310614803902 136
1647273231558 0.011018707041319575 137
1647273231694 0.011141745216563984 138
1647273231834 0.01126541986999121 139
1647273231966 0.01138972570379071 140
1647273232099 0.011514657393114289 141
1647273232228 0.011640209586304184 142
1647273232357 0.011766376905122312 143
1647273232488 0.011893153944980646 144
1647273232618 0.012020535275172745 145
1647273232744 0.012148515439106389 146
1647273232880 0.012277088954537309 147
1647273233008 0.012406250313804011 148
1647273233139 0.012535993984063763 149
1647273233272 0.01266631440752955 150
1647273233407 0.01279720600170816 151
1647273233540 0.01292866315963935 152
1647273233668 0.013060680250135993 153
1647273233802 0.013193251618025321 154
1647273233942 0.013326371584391171 155
1647273234068 0.013460034446817232 156
1647273234197 0.013594234479631345 157
1647273234324 0.013728965934150753 158
1647273234451 0.01386422303892837 159
1647273234536 0.013999999999999999 160
1647273239723 0.014136291001132534 161
1647273239890 0.01427309020407308 162
1647273240018 0.014410391748799108 163
1647273240152 0.014548189753769404 164
1647273240283 0.014686478316176053 165
1647273240424 0.01482525151219733 166
1647273240551 0.01496450339725136 167
1647273240685 0.015104228006250879 168
1647273240817 0.01524441935385866 169
1647273240943 0.01538507143474397 170
1647273241078 0.015526178223839796 171
1647273241206 0.015667733676600917 172
1647273241340 0.015809731729262887 173
1647273241467 0.015952166299101726 174
1647273241598 0.016095031284694528 175
1647273241733 0.01623832056618079 176
1647273241860 0.016382028005524622 177
1647273241985 0.016526147446777592 178
1647273242119 0.01667067271634251 179
1647273242254 0.016815597623237845 180
1647273242384 0.016960915959362943 181
1647273242529 0.017106621499763927 182
1647273242659 0.0172527080029004 183
1647273242788 0.0173991692109128 184
1647273242918 0.017545998849890394 185
1647273243044 0.017693190630140174 186
1647273243177 0.017840738246456142 187
1647273243303 0.017988635378389503 188
1647273243439 0.018136875690519354 189
1647273243570 0.018285452832724126 190
1647273243701 0.018434360440453525 191
1647273243828 0.018583592135001263 192
1647273243958 0.01873314152377821 193
1647273244083 0.0188830022005863 194
1647273244211 0.019033167745892907 195
1647273244341 0.019183631727105854 196
1647273244476 0.019334387698848987 197
1647273244616 0.01948542920323822 198
1647273244753 0.01963674977015821 199
1647273244831 0.019788342917539503 200
1647273249955 0.01994020215163621 201
1647273250102 0.020092320967304168 202
1647273250235 0.020244692848279604 203
1647273250369 0.02039731126745827 204
1647273250498 0.020550169687175046 205
1647273250625 0.020703261559483967 206
1647273250755 0.020856580326438785 207
1647273250886 0.02101011942037378 208
1647273251015 0.02116387226418519 209
1647273251144 0.02131783227161292 210
1647273251274 0.021471992847522676 211
1647273251433 0.021626347388188458 212
1647273251564 0.02178088928157549 213
1647273251702 0.021935611907623415 214
1647273251832 0.02209050863852987 215
1647273251965 0.022245572839034458 216
1647273252096 0.022400797866702925 217
1647273252223 0.022556177072211702 218
1647273252353 0.022711703799632766 219
1647273252483 0.02286737138671876 220
1647273252616 0.023023173165188354 221
1647273252742 0.023179102461011895 222
1647273252883 0.023335152594697338 223
1647273253015 0.023491316881576317 224
1647273253146 0.02364758863209054 225
1647273253272 0.02380396115207834 226
1647273253418 0.0239604277430614 227
1647273253545 0.024116981702531723 228
1647273253675 0.024273616324238734 229
1647273253800 0.024430324898476567 230
1647273253941 0.024587100712371468 231
1647273254066 0.02474393705016935 232
1647273254194 0.024900827193523503 233
1647273254322 0.025057764421782355 234
1647273254448 0.025214742012277372 235
1647273254574 0.025371753240611042 236
1647273254701 0.025528791380944927 237
1647273254829 0.025685849706287737 238
1647273254958 0.025842921488783557 239
1647273255034 0.026000000000000002 240
1647273255877 0.026157078511216444 241
1647273256019 0.026314150293712264 242
1647273256146 0.026471208619055078 243
1647273256273 0.026628246759388952 244
1647273256400 0.026785257987722626 245
1647273256529 0.026942235578217642 246
1647273256659 0.027099172806476494 247
1647273256785 0.027256062949830656 248
1647273256920 0.02741289928762854 249
1647273257051 0.027569675101523437 250
1647273257181 0.02772638367576127 251
1647273257309 0.027883018297468278 252
1647273257442 0.0280395722569386 253
1647273257575 0.02819603884792166 254
1647273257701 0.028352411367909457 255
1647273257833 0.02850868311842368 256
1647273257981 0.028664847405302663 257
1647273258112 0.028820897538988102 258
1647273258242 0.028976826834811644 259
1647273258370 0.029132628613281236 260
1647273258504 0.02928829620036723 261
1647273258633 0.029443822927788302 262
1647273258757 0.029599202133297087 263
1647273258898 0.029754427160965546 264
1647273259027 0.02990949136147013 265
1647273259154 0.030064388092376593 266
1647273259279 0.03021911071842451 267
1647273259411 0.030373652611811543 268
1647273259545 0.030528007152477325 269
1647273259676 0.03068216772838708 270
1647273259802 0.030836127735814813 271
1647273259936 0.030989880579626223 272
1647273260080 0.031143419673561216 273
1647273260210 0.031296738440516024 274
1647273260337 0.03144983031282496 275
1647273260464 0.031602688732541726 276
1647273260595 0.0317553071517204 277
1647273260722 0.03190767903269583 278
1647273260848 0.0320597978483638 279
1647273260927 0.0322116570824605 280
1647273266172 0.032363250229841795 281
1647273266320 0.03251457079676179 282
1647273266451 0.03266561230115102 283
1647273266588 0.03281636827289415 284
1647273266716 0.0329668322541071 285
1647273266867 0.033116997799413704 286
1647273267003 0.03326685847622179 287
1647273267133 0.033416407864998735 288
1647273267263 0.03356563955954647 289
1647273267394 0.03371454716727587 290
1647273267525 0.033863124309480644 291
1647273267666 0.0340113646216105 292
1647273267796 0.03415926175354386 293
1647273267926 0.03430680936985984 294
1647273268054 0.0344540011501096 295
1647273268186 0.03460083078908721 296
1647273268312 0.0347472919970996 297
1647273268441 0.03489337850023607 298
1647273268571 0.03503908404063706 299
1647273268702 0.03518440237676215 300
1647273268830 0.035329327283657494 301
1647273268959 0.03547385255322241 302
1647273269094 0.03561797199447538 303
1647273269223 0.03576167943381921 304
1647273269353 0.03590496871530548 305
1647273269485 0.03604783370089827 306
1647273269618 0.03619026827073711 307
1647273269750 0.03633226632339909 308
1647273269880 0.036473821776160216 309
1647273270010 0.03661492856525603 310
1647273270145 0.036755580646141345 311
1647273270273 0.036895771993749125 312
1647273270407 0.03703549660274864 313
1647273270534 0.03717474848780268 314
1647273270661 0.037313521683823944 315
1647273270796 0.03745181024623061 316
1647273270924 0.03758960825120089 317
1647273271051 0.03772690979592691 318
1647273271187 0.03786370899886747 319
1647273271265 0.038 320
1647273272105 0.03813577696107163 321
1647273272241 0.03827103406584925 322
1647273272370 0.03840576552036866 323
1647273272503 0.03853996555318277 324
1647273272634 0.038673628415608834 325
1647273272767 0.038806748381974676 326
1647273272896 0.03893931974986401 327
1647273273031 0.039071336840360654 328
1647273273179 0.039202793998291845 329
1647273273315 0.03933368559247045 330
1647273273445 0.039464006015936234 331
1647273273573 0.039593749686195986 332
1647273273706 0.039722911045462696 333
1647273273842 0.03985148456089361 334
1647273273970 0.03997946472482725 335
1647273274099 0.04010684605501935 336
1647273274237 0.04023362309487769 337
1647273274368 0.04035979041369582 338
1647273274501 0.040485342606885716 339
1647273274633 0.040610274296209295 340
1647273274760 0.0407345801300088 341
1647273274891 0.04085825478343602 342
1647273275039 0.04098129295868043 343
1647273275171 0.041103689385196096 344
1647273275303 0.04122543881992749 345
1647273275432 0.041346536047534035 346
1647273275564 0.04146697588061354 347
1647273275694 0.04158675315992441 348
1647273275827 0.04170586275460665 349
1647273275959 0.041824299562401655 350
1647273276086 0.041942058509870754 351
1647273276219 0.04205913455261259 352
1647273276353 0.04217552267547915 353
1647273276481 0.042291217892790604 354
1647273276621 0.042406215248548915 355
1647273276750 0.0425205098166501 356
1647273276879 0.04263409670109526 357
1647273277033 0.04274697103620032 358
1647273277168 0.04285912798680444 359
1647273277254 0.042970562748477145 360
1647273278123 0.043081270547724114 361
1647273278264 0.043191246642191705 362
1647273278396 0.04330048632087005 363
1647273278523 0.0434089849042949 364
1647273278657 0.043516737744748055 365
1647273278783 0.04362374022645645 366
1647273278911 0.04372998776578991 367
1647273279062 0.04383547581145747 368
1647273279194 0.04394019984470233 369
1647273279328 0.04404415537949546 370
1647273279459 0.044147337962727747 371
1647273279593 0.044249743174400745 372
1647273279736 0.04435136662781601 373
1647273279872 0.04445220396976303 374
1647273280020 0.04455225088070569 375
1647273280175 0.044651503074967305 376
1647273280312 0.044749956300914204 377
1647273280443 0.04484760634113787 378
1647273280594 0.0449444490126356 379
1647273280751 0.045040480166989645 380
1647273280901 0.04513569569054497 381
1647273281043 0.04523009150458546 382
1647273281196 0.0453236635655086 383
1647273281335 0.04541640786499874 384
1647273281461 0.04550832043019876 385
1647273281588 0.0455993973238803 386
1647273281717 0.04568963464461233 387
1647273281848 0.04577902852692838 388
1647273281977 0.045867575141492055 389
1647273282110 0.04595527069526109 390
1647273282241 0.04604211143164984 391
1647273282370 0.046128093630690176 392
1647273282503 0.046213213609190874 393
1647273282628 0.04629746772089536 394
1647273282755 0.04638085235663789 395
1647273282883 0.046463363944498216 396
1647273283030 0.046544998949954515 397
1647273283158 0.04662575387603487 398
1647273283290 0.046705625263467006 399
1647273283374 0.04678460969082653 400
1647273284209 0.046862703774683455 401
1647273284346 0.04693990416974714 402
1647273284476 0.047016207569009594 403
1647273284614 0.04709161070388717 404
1647273284743 0.04716611034436052 405
1647273284876 0.047239703299113006 406
1647273285005 0.04731238641566737 407
1647273285134 0.04738415658052083 408
1647273285264 0.04745501071927837 409
1647273285410 0.04752494579678452 410
1647273285537 0.04759395881725331 411
1647273285666 0.047662046824396655 412
1647273285797 0.04772920690155093 413
1647273285927 0.04779543617180196 414
1647273286057 0.04786073179810822 415
1647273286185 0.04792509098342242 416
1647273286317 0.04798851097081126 417
1647273286455 0.04805098904357356 418
1647273286587 0.048112522525356624 419
1647273286719 0.04817310878027088 420
1647273286847 0.04823274521300284 421
1647273286978 0.048291429268926184 422
1647273287115 0.04834915843421129 423
1647273287244 0.04840593023593284 424
1647273287380 0.048461742242175816 425
1647273287510 0.04851659206213962 426
1647273287641 0.048570477346240516 427
1647273287770 0.04862339578621228 428
1647273287905 0.048675345115205076 429
1647273288040 0.04872632310788254 430
1647273288168 0.048776327580517136 431
1647273288295 0.04882535639108369 432
1647273288421 0.04887340743935113 433
1647273288562 0.04892047866697248 434
1647273288689 0.04896656805757302 435
1647273288818 0.04901167363683664 436
1647273288946 0.049055793472590446 437
1647273289071 0.049098925674887536 438
1647273289199 0.04914106839608791 439
1647273289289 0.04918221983093764 440
1647273290124 0.04922237821664624 441
1647273290263 0.04926154183296211 442
1647273290391 0.04929970900224628 443
1647273290530 0.04933687808954424 444
1647273290661 0.04937304750265601 445
1647273290791 0.049408215692204306 446
1647273290922 0.04944238115170094 447
1647273291049 0.04947554241761134 448
1647273291188 0.04950769806941724 449
1647273291319 0.04953884672967753 450
1647273291446 0.04956898706408729 451
1647273291582 0.04959811778153491 452
1647273291712 0.049626237634157404 453
1647273291845 0.04965334541739387 454
1647273291980 0.0496794399700371 455
1647273292113 0.049704520174283305 456
1647273292245 0.04972858495578002 457
1647273292376 0.04975163328367209 458
1647273292508 0.049773664170645854 459
1647273292638 0.04979467667297145 460
1647273292774 0.049814669890543214 461
1647273292905 0.04983364296691823 462
1647273293037 0.04985159508935308 463
1647273293166 0.049868525488838564 464
1647273293299 0.04988443344013273 465
1647273293426 0.049899318261791885 466
1647273293553 0.04991317931619981 467
1647273293681 0.04992601600959507 468
1647273293824 0.04993782779209645 469
1647273293959 0.04994861415772649 470
1647273294090 0.04995837464443318 471
1647273294217 0.04996710883410978 472
1647273294346 0.049974816352612646 473
1647273294474 0.049981496869777355 474
1647273294604 0.04998715009943278 475
1647273294731 0.04999177579941338 476
1647273294858 0.04999537377156956 477
1647273294991 0.04999794386177617 478
1647273295117 0.049999485959939104 479
1647273295194 0.049999901650605354 480
1647273300395 0.04999960660319523 481
1647273300552 0.04999911486009105 482
1647273300693 0.04999842642516184 483
1647273300842 0.04999754130382421 484
1647273300972 0.049996459503042254 485
1647273301108 0.04999518103132757 486
1647273301237 0.04999370589873917 487
1647273301372 0.04999203411688336 488
1647273301502 0.04999016569891369 489
1647273301634 0.04998810065953084 490
1647273301767 0.049985839014982505 491
1647273301898 0.04998338078306327 492
1647273302029 0.049980725983114455 493
1647273302160 0.04997787463602398 494
1647273302289 0.04997482676422622 495
1647273302421 0.04997158239170175 496
1647273302552 0.04996814154397724 497
1647273302681 0.049964504248125235 498
1647273302808 0.049960670532763915 499
1647273302943 0.049956640428056885 500
1647273303072 0.049952413965712934 501
1647273303206 0.0499479911789858 502
1647273303336 0.0499433721026739 503
1647273303465 0.04993855677312004 504
1647273303601 0.04993354522821116 505
1647273303733 0.049928337507378004 506
1647273303872 0.04992293365159483 507
1647273304003 0.049917333703379085 508
1647273304149 0.049911537706791076 509
1647273304281 0.04990554570743358 510
1647273304410 0.049899357752451586 511
1647273304541 0.04989297389053178 512
1647273304669 0.0498863941719023 513
1647273304812 0.049879618648332257 514
1647273304939 0.04987264737313135 515
1647273305076 0.04986548040114947 516
1647273305205 0.04985811778877622 517
1647273305332 0.049850559593940504 518
1647273305460 0.049842805876110084 519
1647273305539 0.04983485669629106 520
1647273310624 0.049826712117027466 521
1647273310787 0.0498183722024007 522
1647273310922 0.04980983701802908 523
1647273311049 0.04980110663106728 524
1647273311206 0.04979218111020584 525
1647273311334 0.04978306052567061 526
1647273311465 0.049773744949222196 527
1647273311601 0.049764234454155384 528
1647273311729 0.04975452911529861 529
1647273311855 0.049744629009013296 530
1647273311989 0.049734534213193314 531
1647273312118 0.04972424480726435 532
1647273312245 0.04971376087218328 533
1647273312376 0.04970308249043751 534
1647273312504 0.04969220974604439 535
1647273312632 0.049681142724550466 536
1647273312763 0.049669881513030895 537
1647273312892 0.04965842620008869 538
1647273313025 0.049646776875854046 539
1647273313174 0.04963493363198367 540
1647273313302 0.04962289656165999 541
1647273313430 0.049610665759590486 542
1647273313562 0.04959824132200689 543
1647273313690 0.049585623346664456 544
1647273313815 0.04957281193284122 545
1647273313950 0.04955980718133716 546
1647273314083 0.04954660919447344 547
1647273314222 0.0495332180760916 548
1647273314351 0.049519633931552724 549
1647273314488 0.04950585686773663 550
1647273314621 0.04949188699304105 551
1647273314748 0.04947772441738069 552
1647273314880 0.049463369252186466 553
1647273315009 0.04944882161040457 554
1647273315142 0.049434081606495615 555
1647273315269 0.049419149356433684 556
1647273315395 0.04940402497770548 557
1647273315527 0.04938870858930935 558
1647273315656 0.04937320031175437 559
1647273315732 0.049357500267059436 560
1647273320856 0.0493416085787522 561
1647273321017 0.04932552537186822 562
1647273321153 0.04930925077294988 563
1647273321286 0.049292784910045455 564
1647273321414 0.04927612791270807 565
1647273321542 0.0492592799119947 566
1647273321670 0.04924224104046514 567
1647273321805 0.04922501143218092 568
1647273321932 0.04920759122270433 569
1647273322081 0.04918998054909726 570
1647273322208 0.04917217954992021 571
1647273322345 0.049154188365231125 572
1647273322474 0.04913600713658435 573
1647273322606 0.04911763600702949 574
1647273322739 0.04909907512111027 575
1647273322869 0.04908032462486342 576
1647273322996 0.04906138466581754 577
1647273323128 0.0490422553929919 578
1647273323264 0.0490229369568953 579
1647273323392 0.049003429509524854 580
1647273323519 0.04898373320436484 581
1647273323648 0.04896384819638546 582
1647273323795 0.048943774642041596 583
1647273323924 0.04892351269927165 584
1647273324057 0.04890306252749624 585
1647273324191 0.04888242428761697 586
1647273324319 0.04886159814201517 587
1647273324452 0.04884058425455059 588
1647273324584 0.04881938279056013 589
1647273324711 0.04879799391685658 590
1647273324845 0.048776417801727215 591
1647273324977 0.048754654614932544 592
1647273325108 0.04873270452770495 593
1647273325252 0.04871056771274736 594
1647273325379 0.048688244344231836 595
1647273325506 0.04866573459779828 596
1647273325633 0.04864303865055299 597
1647273325774 0.04862015668106731 598
1647273325903 0.04859708886937616 599
1647273325979 0.04857383539697671 600
1647273326842 0.048550396446826884 601
1647273326984 0.048526772203343935 602
1647273327114 0.04850296285240302 603
1647273327242 0.04847896858133571 604
1647273327379 0.048454789578928514 605
1647273327509 0.048430426035421414 606
1647273327643 0.04840587814250637 607
1647273327777 0.04838114609332577 608
1647273327911 0.04835623008247097 609
1647273328046 0.04833113030598072 610
1647273328204 0.04830584696133962 611
1647273328336 0.04828038024747661 612
1647273328463 0.048254730364763375 613
1647273328596 0.048228897515012734 614
1647273328727 0.048202881901477125 615
1647273328856 0.04817668372884695 616
1647273328989 0.04815030320324898 617
1647273329117 0.04812374053224475 618
1647273329247 0.04809699592482892 619
1647273329376 0.04807006959142759 620
1647273329511 0.04804296174389669 621
1647273329637 0.04801567259552031 622
1647273329764 0.047988202361009015 623
1647273329895 0.04796055125649813 624
1647273330025 0.04793271949954609 625
1647273330155 0.04790470730913269 626
1647273330290 0.04787651490565735 627
1647273330427 0.04784814251093744 628
1647273330556 0.047819590348206466 629
1647273330683 0.047790858642112376 630
1647273330812 0.04776194761871574 631
1647273330940 0.04773285750548799 632
1647273331067 0.047703588531309654 633
1647273331194 0.04767414092646852 634
1647273331321 0.04764451492265785 635
1647273331450 0.047614710752974534 636
1647273331578 0.04758472865191728 637
1647273331705 0.04755456885538474 638
1647273331831 0.04752423160067369 639
1647273331910 0.04749371712647713 640
1647273337115 0.04746302567288243 641
1647273337280 0.04743215748136943 642
1647273337414 0.047401112794808534 643
1647273337548 0.04736989185745881 644
1647273337679 0.04733849491496605 645
1647273337810 0.047306922214360884 646
1647273337938 0.04727517400405678 647
1647273338066 0.04724325053384811 648
1647273338196 0.047211152054908216 649
1647273338333 0.04717887881978736 650
1647273338466 0.047146431082410824 651
1647273338597 0.04711380909807686 652
1647273338727 0.04708101312345467 653
1647273338860 0.04704804341658244 654
1647273339007 0.04701490023686527 655
1647273339136 0.046981583845073116 656
1647273339267 0.046948094503338804 657
1647273339395 0.04691443247515589 658
1647273339525 0.046880598025376655 659
1647273339658 0.046846591420209964 660
1647273339791 0.04681241292721922 661
1647273339918 0.04677806281532022 662
1647273340046 0.046743541354779074 663
1647273340176 0.04670884881721003 664
1647273340307 0.046673985475573394 665
1647273340436 0.04663895160417335 666
1647273340567 0.046603747478655796 667
1647273340701 0.0465683733760062 668
1647273340828 0.04653282957454741 669
1647273340968 0.04649711635393743 670
1647273341096 0.04646123399516729 671
1647273341228 0.046425182780558794 672
1647273341355 0.04638896299376226 673
1647273341485 0.04635257491975437 674
1647273341615 0.04631601884483587 675
1647273341742 0.046279295056629345 676
1647273341871 0.046242403844076935 677
1647273341999 0.046205345497438065 678
1647273342125 0.04616812030828718 679
1647273342208 0.04613072856951145 680
1647273343179 0.046093170575308436 681
1647273343314 0.04605544662118379 682
1647273343462 0.04601755700394896 683
1647273343601 0.0459795020217188 684
1647273343734 0.04594128197390926 685
1647273343862 0.04590289716123505 686
1647273343992 0.045864347885707195 687
1647273344120 0.045825634450630766 688
1647273344252 0.045786757160602404 689
1647273344387 0.04574771632150797 690
1647273344519 0.04570851224052012 691
1647273344651 0.0456691452260959 692
1647273344783 0.04562961558797431 693
1647273344911 0.04558992363717389 694
1647273345037 0.04555006968599021 695
1647273345163 0.04551005404799349 696
1647273345301 0.0454698770380261 697
1647273345441 0.04542953897220007 698
1647273345579 0.04538904016789461 699
1647273345710 0.04534838094375364 700
1647273345840 0.04530756161968323 701
1647273345969 0.04526658251684914 702
1647273346097 0.04522544395767425 703
1647273346230 0.045184146265836056 704
1647273346361 0.04514268976626408 705
1647273346496 0.04510107478513738 706
1647273346628 0.0450593016498819 707
1647273346759 0.04501737068916798 708
1647273346888 0.0449752822329077 709
1647273347021 0.0449330366122523 710
1647273347152 0.04489063415958964 711
1647273347285 0.04484807520854148 712
1647273347415 0.04480536009396093 713
1647273347544 0.044762489151929784 714
1647273347677 0.044719462719755895 715
1647273347804 0.04467628113597048 716
1647273347932 0.04463294474032554 717
1647273348059 0.044589453873791075 718
1647273348186 0.0445458088785525 719
1647273348264 0.044502010098007895 720
1647273349106 0.044458057876765315 721
1647273349243 0.0444139525606401 722
1647273349369 0.04436969449665212 723
1647273349501 0.04432528403302309 724
1647273349633 0.04428072151917376 725
1647273349760 0.04423600730572126 726
1647273349908 0.04419114174447625 727
1647273350039 0.04414612518844019 728
1647273350172 0.04410095799180261 729
1647273350299 0.04405564050993822 730
1647273350428 0.04401017309940422 731
1647273350564 0.04396455611793741 732
1647273350694 0.04391878992445143 733
1647273350831 0.04387287487903392 734
1647273350960 0.04382681134294368 735
1647273351088 0.04378059967860782 736
1647273351221 0.04373424024961894 737
1647273351348 0.04368773342073224 738
1647273351484 0.04364107955786265 739
1647273351618 0.043594279028082 740
1647273351756 0.04354733219961603 741
1647273351895 0.04350023944184162 742
1647273352025 0.043453001125283774 743
1647273352158 0.04340561762161276 744
1647273352287 0.0433580893036412 745
1647273352423 0.04331041654532108 746
1647273352556 0.04326259972174085 747
1647273352687 0.04321463920912249 748
1647273352823 0.043166535384818475 749
1647273352955 0.0431182886273089 750
1647273353085 0.04306989931619841 751
1647273353215 0.0430213678322133 752
1647273353349 0.042972694557198474 753
1647273353476 0.042923879874114404 754
1647273353609 0.04287492416703422 755
1647273353739 0.042825827821140576 756
1647273353883 0.0427765912227227 757
1647273354015 0.04272721475917331 758
1647273354147 0.04267769881898557 759
1647273354225 0.04262804379175008 760
1647273359377 0.04257825006815174 761
1647273359545 0.04252831803996673 762
1647273359677 0.04247824810005939 763
1647273359809 0.042428040642379164 764
1647273359952 0.04237769606195748 765
1647273360086 0.04232721475490465 766
1647273360215 0.04227659711840672 767
1647273360343 0.04222584355072241 768
1647273360486 0.04217495445117994 769
1647273360632 0.04212393022017386 770
1647273360769 0.04207277125916198 771
1647273360897 0.04202147797066211 772
1647273361032 0.04197005075824899 773
1647273361164 0.041918490026551056 774
1647273361293 0.04186679618124727 775
1647273361431 0.041814969629063926 776
1647273361561 0.041763010777771455 777
1647273361709 0.04171092003618122 778
1647273361840 0.041658697814142304 779
1647273361976 0.04160634452253825 780
1647273362104 0.04155386057328388 781
1647273362236 0.04150124637932201 782
1647273362362 0.04144850235462023 783
1647273362499 0.04139562891416762 784
1647273362640 0.04134262647397153 785
1647273362781 0.041289495451054245 786
1647273362910 0.04123623626344976 787
1647273363040 0.041182849330200465 788
1647273363167 0.04112933507135384 789
1647273363298 0.04107569390795916 790
1647273363425 0.041021926262064204 791
1647273363551 0.04096803255671189 792
1647273363679 0.040914013215936976 793
1647273363807 0.040859868664762725 794
1647273363934 0.04080559932919754 795
1647273364062 0.040751205636231635 796
1647273364192 0.040696688013833665 797
1647273364327 0.04064204689094736 798
1647273364458 0.04058728269748815 799
1647273364534 0.040532395864339786 800
1647273365388 0.040477386823350926 801
1647273365531 0.04042225600733177 802
1647273365660 0.04036700385005066 803
1647273365799 0.04031163078623062 804
1647273365933 0.04025613725154599 805
1647273366066 0.04020052368261895 806
1647273366196 0.04014479051701612 807
1647273366327 0.04008893819324509 808
1647273366458 0.04003296715075102 809
1647273366588 0.039976877829913104 810
1647273366716 0.03992067067204118 811
1647273366853 0.0398643461193722 812
1647273366984 0.0398079046150668 813
1647273367124 0.03975134660320578 814
1647273367254 0.0396946725287866 815
1647273367382 0.03963788283771994 816
1647273367514 0.03958097797682611 817
1647273367643 0.03952395839383161 818
1647273367777 0.03946682453736553 819
1647273367911 0.03940957685695609 820
1647273368046 0.03935221580302708 821
1647273368173 0.03929474182689428 822
1647273368308 0.03923715538076199 823
1647273368440 0.03917945691771935 824
1647273368570 0.03912164689173693 825
1647273368701 0.03906372575766301 826
1647273368839 0.0390056939712201 827
1647273368971 0.03894755198900131 828
1647273369127 0.03888930026846676 829
1647273369255 0.038830939267940005 830
1647273369383 0.03877246944660442 831
1647273369510 0.038713891264499554 832
1647273369641 0.03865520518251756 833
1647273369769 0.03859641166239953 834
1647273369905 0.03853751116673188 835
1647273370034 0.038478504158942724 836
1647273370167 0.03841939110329818 837
1647273370294 0.03836017246489878 838
1647273370425 0.03830084870967577 839
1647273370502 0.03824142030438743 840
1647273371328 0.03818188771661547 841
1647273371492 0.03812225141476128 842
1647273371620 0.03806251186804225 843
1647273371752 0.038002669546488135 844
1647273371880 0.03794272492093732 845
1647273372008 0.037882678463033066 846
1647273372141 0.03782253064521992 847
1647273372281 0.03776228194073987 848
1647273372416 0.037701932823628714 849
1647273372548 0.037641483768712285 850
1647273372680 0.03758093525160271 851
1647273372810 0.037520287748694696 852
1647273372940 0.037459541737161775 853
1647273373074 0.03739869769495254 854
1647273373201 0.037337756100786865 855
1647273373333 0.0372767174341522 856
1647273373463 0.03721558217529973 857
1647273373596 0.03715435080524063 858
1647273373723 0.03709302380574229 859
1647273373856 0.03703160165932449 860
1647273373992 0.03697008484925565 861
1647273374124 0.03690847385954899 862
1647273374262 0.03684676917495872 863
1647273374390 0.03678497128097627 864
1647273374518 0.03672308066382639 865
1647273374646 0.036661097810463436 866
1647273374774 0.036599023208567436 867
1647273374902 0.03653685734654031 868
1647273375033 0.036474600713501996 869
1647273375168 0.03641225379928664 870
1647273375307 0.0363498170944387 871
1647273375435 0.03628729109020911 872
1647273375580 0.03622467627855141 873
1647273375707 0.036161973152117874 874
1647273375835 0.036099182204255655 875
1647273375968 0.03603630392900284 876
1647273376096 0.03597333882108465 877
1647273376222 0.03591028737590948 878
1647273376351 0.035847150089565044 879
1647273376438 0.03578392745881442 880
1647273381590 0.03572061998109221 881
1647273381756 0.03565722815450057 882
1647273381893 0.03559375247780531 883
1647273382024 0.03553019345043199 884
1647273382153 0.03546655157246195 885
1647273382300 0.03540282734462842 886
1647273382429 0.03533902126831252 887
1647273382557 0.0352751338455394 888
1647273382688 0.03521116557897422 889
1647273382821 0.03514711697191819 890
1647273382950 0.035082988528304694 891
1647273383078 0.03501878075269521 892
1647273383208 0.03495449415027546 893
1647273383336 0.03489012922685132 894
1647273383467 0.034825686488844924 895
1647273383599 0.03476116644329064 896
1647273383737 0.0346965695978311 897
1647273383867 0.034631896460713164 898
1647273384000 0.034567147540784014 899
1647273384147 0.03450232334748703 900
1647273384284 0.03443742439085786 901
1647273384416 0.034372451181520415 902
1647273384548 0.03430740423068279 903
1647273384678 0.034242284050133305 904
1647273384806 0.03417709115223642 905
1647273384940 0.03411182604992876 906
1647273385071 0.03404648925671504 907
1647273385202 0.033981081286664036 908
1647273385331 0.03391560265440456 909
1647273385463 0.033850053875121376 910
1647273385597 0.03378443546455116 911
1647273385729 0.033718747938978465 912
1647273385855 0.03365299181523162 913
1647273385983 0.03358716761067869 914
1647273386112 0.03352127584322341 915
1647273386259 0.033455317031301085 916
1647273386385 0.03338929169387453 917
1647273386517 0.033323200350429974 918
1647273386645 0.03325704352097299 919
1647273386723 0.03319082172602439 920
1647273391827 0.033124535486616126 921
1647273391973 0.033058185324287226 922
1647273392110 0.032991771761079626 923
1647273392247 0.03292529531953412 924
1647273392375 0.032858756522686224 925
1647273392503 0.03279215589406206 926
1647273392635 0.03272549395767425 927
1647273392770 0.032658771238017775 928
1647273392911 0.03259198826006586 929
1647273393042 0.032525145549265846 930
1647273393173 0.032458243631535044 931
1647273393311 0.03239128303325662 932
1647273393440 0.03232426428127542 933
1647273393575 0.032257187902893836 934
1647273393707 0.03219005442586769 935
1647273393836 0.03212286437840204 936
1647273393971 0.032055618289147034 937
1647273394103 0.03198831668719376 938
1647273394233 0.031920960102070094 939
1647273394368 0.0318535490637365 940
1647273394495 0.03178608410258187 941
1647273394626 0.0317185657494194 942
1647273394754 0.03165099453548232 943
1647273394889 0.03158337099241981 944
1647273395033 0.03151569565229278 945
1647273395170 0.03144796904756962 946
1647273395304 0.03138019171112214 947
1647273395433 0.03131236417622125 948
1647273395566 0.031244486976532856 949
1647273395703 0.03117656064611361 950
1647273395837 0.031108585719406737 951
1647273395963 0.031040562731237804 952
1647273396091 0.030972492216810518 953
1647273396222 0.03090437471170255 954
1647273396356 0.030836210751861253 955
1647273396490 0.030768000873599526 956
1647273396621 0.030699745613591525 957
1647273396748 0.030631445508868486 958
1647273396876 0.030563101096814465 959
1647273396964 0.030494712915162148 960
1647273402059 0.03042628150198858 961
1647273402217 0.03035780739571096 962
1647273402350 0.030289291135082407 963
1647273402480 0.03022073325918768 964
1647273402616 0.030152134307439 965
1647273402744 0.03008349481957174 966
1647273402876 0.030014815335640245 967
1647273403006 0.029946096396013516 968
1647273403141 0.02987733854137101 969
1647273403271 0.02980854231269836 970
1647273403414 0.029739708251283126 971
1647273403545 0.02967083689871054 972
1647273403687 0.029601928796859227 973
1647273403816 0.029532984487896985 974
1647273403949 0.02946400451427644 975
1647273404076 0.029394989418730873 976
1647273404207 0.029325939744269877 977
1647273404337 0.02925685603417513 978
1647273404474 0.02918773883199608 979
1647273404607 0.02911858868154571 980
1647273404745 0.029049406126896226 981
1647273404873 0.0289801917123748 982
1647273405006 0.02891094598255927 983
1647273405138 0.028841669482273857 984
1647273405266 0.028772362756584905 985
1647273405398 0.02870302635079654 986
1647273405527 0.02863366081044644 987
1647273405659 0.028564266681301496 988
1647273405789 0.028494844509353537 989
1647273405923 0.02842539484081504 990
1647273406054 0.028355918222114807 991
1647273406192 0.028286415199893715 992
1647273406320 0.028216886321000344 993
1647273406459 0.02814733213248675 994
1647273406588 0.028077753181604107 995
1647273406719 0.02800815001579841 996
1647273406850 0.0279385231827062 997
1647273406981 0.027868873230150203 998
1647273407111 0.027799200706135088 999
1647273407188 0.02772950615884307 1000
1647273408026 0.027659790136629683 1001
1647273408177 0.027590053188019395 1002
1647273408305 0.027520295861701342 1003
1647273408435 0.02745051870652499 1004
1647273408566 0.027380722271495794 1005
1647273408694 0.027310907105770936 1006
1647273408822 0.02724107375865495 1007
1647273408951 0.027171222779595435 1008
1647273409087 0.027101354718178698 1009
1647273409220 0.027031470124125472 1010
1647273409358 0.026961569547286554 1011
1647273409490 0.0268916535376385 1012
1647273409620 0.02682172264527928 1013
1647273409748 0.026751777420423974 1014
1647273409881 0.026681818413400435 1015
1647273410012 0.026611846174644925 1016
1647273410150 0.02654186125469785 1017
1647273410284 0.02647186420419936 1018
1647273410417 0.026401855573885073 1019
1647273410549 0.026331835914581693 1020
1647273410677 0.026261805777202725 1021
1647273410804 0.0261917657127441 1022
1647273410934 0.02612171627227984 1023
1647273411064 0.02605165800695778 1024
1647273411196 0.02598159146799514 1025
1647273411325 0.025911517206674284 1026
1647273411460 0.025841435774338294 1027
1647273411590 0.0257713477223867 1028
1647273411727 0.025701253602271098 1029
1647273411861 0.02563115396549085 1030
1647273411998 0.0255610493635887 1031
1647273412142 0.02549094034814646 1032
1647273412270 0.025420827470780692 1033
1647273412400 0.025350711283138316 1034
1647273412530 0.025280592336892314 1035
1647273412659 0.025210471183737357 1036
1647273412791 0.025140348375385497 1037
1647273412920 0.02507022446356179 1038
1647273413048 0.0250001 1039
1647273413127 0.024929975536438213 1040
1647273418302 0.024859851624614508 1041
1647273418448 0.024789728816262648 1042
1647273418584 0.02471960766310769 1043
1647273418722 0.02464948871686169 1044
1647273418871 0.02457937252921931 1045
1647273419007 0.024509259651853542 1046
1647273419136 0.02443915063641131 1047
1647273419266 0.02436904603450916 1048
1647273419398 0.024298946397728907 1049
1647273419531 0.02422885227761331 1050
1647273419663 0.024158764225661718 1051
1647273419794 0.024088682793325728 1052
1647273419924 0.024018608532004868 1053
1647273420054 0.023948541993042232 1054
1647273420185 0.02387848372772017 1055
1647273420315 0.023808434287255913 1056
1647273420445 0.023738394222797273 1057
1647273420576 0.023668364085418305 1058
1647273420707 0.02359834442611493 1059
1647273420859 0.023528335795800638 1060
1647273420991 0.02345833874530215 1061
1647273421127 0.023388353825355073 1062
1647273421259 0.02331838158659957 1063
1647273421391 0.023248422579576024 1064
1647273421521 0.023178477354720728 1065
1647273421656 0.023108546462361507 1066
1647273421792 0.023038630452713454 1067
1647273421925 0.02296872987587453 1068
1647273422059 0.022898845281821307 1069
1647273422190 0.02282897722040457 1070
1647273422318 0.022759126241345056 1071
1647273422454 0.02268929289422907 1072
1647273422593 0.022619477728504214 1073
1647273422722 0.022549681293475017 1074
1647273422855 0.02247990413829866 1075
1647273422985 0.02241014681198061 1076
1647273423112 0.022340409863370318 1077
1647273423244 0.02227069384115693 1078
1647273423378 0.022200999293864914 1079
1647273423454 0.0221313267698498 1080
1647273424417 0.022061676817293808 1081
1647273424555 0.0219920499842016 1082
1647273424684 0.0219224468183959 1083
1647273424814 0.021852867867513257 1084
1647273424951 0.021783313678999657 1085
1647273425080 0.021713784800106297 1086
1647273425212 0.021644281777885202 1087
1647273425341 0.021574805159184973 1088
1647273425486 0.021505355490646475 1089
1647273425617 0.021435933318698513 1090
1647273425745 0.021366539189553568 1091
1647273425879 0.02129717364920346 1092
1647273426012 0.021227837243415097 1093
1647273426144 0.021158530517726138 1094
1647273426274 0.021089254017440728 1095
1647273426406 0.021020008287625198 1096
1647273426536 0.02095079387310377 1097
1647273426665 0.020881611318454292 1098
1647273426800 0.020812461168003924 1099
1647273426928 0.020743343965824872 1100
1647273427059 0.020674260255730124 1101
1647273427194 0.02060521058126913 1102
1647273427326 0.020536195485723566 1103
1647273427461 0.020467215512103024 1104
1647273427603 0.020398271203140774 1105
1647273427732 0.020329363101289463 1106
1647273427869 0.02026049174871688 1107
1647273427997 0.020191657687301644 1108
1647273428126 0.020122861458628998 1109
1647273428254 0.020054103603986493 1110
1647273428399 0.01998538466435976 1111
1647273428528 0.019916705180428266 1112
1647273428656 0.019848065692561007 1113
1647273428785 0.019779466740812324 1114
1647273428930 0.0197109088649176 1115
1647273429059 0.01964239260428904 1116
1647273429188 0.019573918498011423 1117
1647273429318 0.019505487084837857 1118
1647273429463 0.019437098903185537 1119
1647273429543 0.019368754491131523 1120
1647273430389 0.019300454386408483 1121
1647273430534 0.019232199126400482 1122
1647273430665 0.01916398924813876 1123
1647273430798 0.019095825288297463 1124
1647273430931 0.01902770778318949 1125
1647273431065 0.018959637268762205 1126
1647273431202 0.018891614280593258 1127
1647273431338 0.018823639353886385 1128
1647273431477 0.01875571302346714 1129
1647273431622 0.01868783582377875 1130
1647273431754 0.018620008288877863 1131
1647273431893 0.018552230952430374 1132
1647273432025 0.018484504347707226 1133
1647273432156 0.018416829007580182 1134
1647273432290 0.01834920546451768 1135
1647273432428 0.018281634250580606 1136
1647273432558 0.018214115897418132 1137
1647273432687 0.018146650936263505 1138
1647273432819 0.01807923989792991 1139
1647273432952 0.01801188331280624 1140
1647273433081 0.017944581710852975 1141
1647273433220 0.017877335621597965 1142
1647273433349 0.017810145574132314 1143
1647273433478 0.017743012097106173 1144
1647273433611 0.01767593571872459 1145
1647273433751 0.01760891696674339 1146
1647273433882 0.017541956368464957 1147
1647273434045 0.017475054450734162 1148
1647273434177 0.01740821173993414 1149
1647273434311 0.017341428761982233 1150
1647273434442 0.017274706042325755 1151
1647273434571 0.017208044105937945 1152
1647273434700 0.017141443477313778 1153
1647273434831 0.017074904680465883 1154
1647273434958 0.01700842823892038 1155
1647273435087 0.01694201467571278 1156
1647273435215 0.016875664513383883 1157
1647273435345 0.016809378273975623 1158
1647273435473 0.016743156479027025 1159
1647273435552 0.016676999649570038 1160
1647273440653 0.016610908306125487 1161
1647273440807 0.016544882968698917 1162
1647273440941 0.016478924156776587 1163
1647273441080 0.016413032389321305 1164
1647273441209 0.01634720818476838 1165
1647273441338 0.01628145206102154 1166
1647273441471 0.01621576453544884 1167
1647273441604 0.016150146124878625 1168
1647273441736 0.01608459734559544 1169
1647273441867 0.016019118713335966 1170
1647273441997 0.01595371074328497 1171
1647273442141 0.015888373950071245 1172
1647273442273 0.015823108847763587 1173
1647273442405 0.015757915949866703 1174
1647273442538 0.01569279576931721 1175
1647273442677 0.015627748818479587 1176
1647273442809 0.015562775609142147 1177
1647273442942 0.015497876652512978 1178
1647273443070 0.015433052459215994 1179
1647273443199 0.015368303539286839 1180
1647273443328 0.01530363040216891 1181
1647273443461 0.015239033556709365 1182
1647273443592 0.015174513511155079 1183
1647273443724 0.015110070773148684 1184
1647273443858 0.015045705849724545 1185
1647273443991 0.014981419247304792 1186
1647273444121 0.014917211471695318 1187
1647273444254 0.01485308302808182 1188
1647273444389 0.014789034421025794 1189
1647273444529 0.014725066154460606 1190
1647273444678 0.014661178731687487 1191
1647273444806 0.014597372655371595 1192
1647273444943 0.01453364842753806 1193
1647273445073 0.014470006549568025 1194
1647273445202 0.014406447522194695 1195
1647273445331 0.014342971845499443 1196
1647273445461 0.014279580018907792 1197
1647273445598 0.014216272541185583 1198
1647273445724 0.014153049910434961 1199
1647273445802 0.014089912624090511 1200
1647273446637 0.01402686117891535 1201
1647273446775 0.013963896070997161 1202
1647273446906 0.013901017795744356 1203
1647273447038 0.013838226847882131 1204
1647273447170 0.013775523721448591 1205
1647273447318 0.013712908909790895 1206
1647273447450 0.013650382905561307 1207
1647273447579 0.013587946200713368 1208
1647273447707 0.013525599286498002 1209
1647273447836 0.013463342653459696 1210
1647273447970 0.01340117679143257 1211
1647273448101 0.013339102189536572 1212
1647273448240 0.01327711933617361 1213
1647273448369 0.013215228719023742 1214
1647273448501 0.013153430825041282 1215
1647273448638 0.013091726140451019 1216
1647273448769 0.013030115150744355 1217
1647273448903 0.012968598340675512 1218
1647273449034 0.012907176194257717 1219
1647273449180 0.01284584919475938 1220
1647273449314 0.012784617824700285 1221
1647273449446 0.012723482565847806 1222
1647273449576 0.012662443899213137 1223
1647273449703 0.012601502305047474 1224
1647273449834 0.012540658262838233 1225
1647273449965 0.012479912251305318 1226
1647273450101 0.012419264748397302 1227
1647273450233 0.012358716231287729 1228
1647273450362 0.012298267176371296 1229
1647273450495 0.012237918059260142 1230
1647273450630 0.01217766935478009 1231
1647273450759 0.012117521536966932 1232
1647273450887 0.01205747507906269 1233
1647273451018 0.011997530453511863 1234
1647273451152 0.011937688131957754 1235
1647273451282 0.01187794858523872 1236
1647273451411 0.011818312283384525 1237
1647273451545 0.011758779695612568 1238
1647273451674 0.011699351290324242 1239
1647273451752 0.011640027535101228 1240
1647273452581 0.011580808896701824 1241
1647273452719 0.011521695841057285 1242
1647273452852 0.011462688833268127 1243
1647273452983 0.011403788337600482 1244
1647273453112 0.011344994817482442 1245
1647273453244 0.011286308735500445 1246
1647273453380 0.011227730553395586 1247
1647273453527 0.011169260732060001 1248
1647273453662 0.011110899731533255 1249
1647273453796 0.0110526480109987 1250
1647273453928 0.010994506028779908 1251
1647273454057 0.010936474242336996 1252
1647273454184 0.010878553108263078 1253
1647273454313 0.010820743082280647 1254
1647273454444 0.01076304461923802 1255
1647273454581 0.01070545817310572 1256
1647273454711 0.01064798419697293 1257
1647273454845 0.010590623143043912 1258
1647273454975 0.010533375462634477 1259
1647273455109 0.010476241606168403 1260
1647273455237 0.010419222023173894 1261
1647273455368 0.010362317162280072 1262
1647273455510 0.010305527471213405 1263
1647273455642 0.010248853396794235 1264
1647273455780 0.01019229538493321 1265
1647273455907 0.010135853880627814 1266
1647273456040 0.01007952932795883 1267
1647273456169 0.010023322170086894 1268
1647273456300 0.009967232849248983 1269
1647273456436 0.00991126180675491 1270
1647273456569 0.00985540948298389 1271
1647273456697 0.00979967631738105 1272
1647273456829 0.00974406274845401 1273
1647273456956 0.009688569213769378 1274
1647273457088 0.009633196149949343 1275
1647273457216 0.009577943992668236 1276
1647273457344 0.00952281317664908 1277
1647273457478 0.00946780413566022 1278
1647273457614 0.00941291730251185 1279
1647273457694 0.009358153109052641 1280
1647273462863 0.009303511986166333 1281
1647273463010 0.009248994363768368 1282
1647273463143 0.009194600670802466 1283
1647273463275 0.009140331335237284 1284
1647273463408 0.009086186784063031 1285
1647273463537 0.009032167443288113 1286
1647273463668 0.008978273737935796 1287
1647273463798 0.008924506092040842 1288
1647273463931 0.008870864928646171 1289
1647273464062 0.00881735066979954 1290
1647273464195 0.008763963736550246 1291
1647273464340 0.008710704548945765 1292
1647273464471 0.008657573526028488 1293
1647273464603 0.008604571085832386 1294
1647273464734 0.008551697645379781 1295
1647273464860 0.008498953620677997 1296
1647273464992 0.008446339426716128 1297
1647273465119 0.008393855477461756 1298
1647273465250 0.008341502185857698 1299
1647273465384 0.008289279963818784 1300
1647273465516 0.008237189222228554 1301
1647273465647 0.008185230370936079 1302
1647273465783 0.008133403818752737 1303
1647273465913 0.00808170997344894 1304
1647273466042 0.00803014924175101 1305
1647273466177 0.007978722029337892 1306
1647273466318 0.00792742874083803 1307
1647273466446 0.007876269779826141 1308
1647273466582 0.007825245548820062 1309
1647273466713 0.007774356449277585 1310
1647273466844 0.007723602881593283 1311
1647273466974 0.007672985245095361 1312
1647273467104 0.00762250393804252 1313
1647273467239 0.007572159357620837 1314
1647273467366 0.0075219518999406175 1315
1647273467494 0.007471881960033282 1316
1647273467627 0.0074219499318482615 1317
1647273467756 0.007372156208249922 1318
1647273467884 0.007322501181014432 1319
1647273467961 0.0072729852408267015 1320
1647273473098 0.00722360877727731 1321
1647273473263 0.007174372178859426 1322
1647273473396 0.0071252758329657835 1323
1647273473528 0.0070763201258855985 1324
1647273473677 0.007027505442801539 1325
1647273473808 0.0069788321677867 1326
1647273473940 0.006930300683801597 1327
1647273474069 0.006881911372691115 1328
1647273474202 0.006833664615181532 1329
1647273474330 0.006785560790877514 1330
1647273474469 0.006737600278259151 1331
1647273474601 0.006689783454678929 1332
1647273474734 0.006642110696358811 1333
1647273474865 0.006594582378387248 1334
1647273475019 0.006547198874716235 1335
1647273475150 0.006499960558158389 1336
1647273475293 0.006452867800383967 1337
1647273475424 0.006405920971918009 1338
1647273475560 0.006359120442137349 1339
1647273475687 0.006312466579267763 1340
1647273475817 0.0062659597503810635 1341
1647273475946 0.006219600321392185 1342
1647273476082 0.006173388657056329 1343
1647273476213 0.006127325120966086 1344
1647273476342 0.00608141007554857 1345
1647273476476 0.006035643882062597 1346
1647273476609 0.005990026900595787 1347
1647273476746 0.005944559490061785 1348
1647273476882 0.005899242008197396 1349
1647273477014 0.00585407481155981 1350
1647273477149 0.005809058255523758 1351
1647273477277 0.0057641926942787435 1352
1647273477408 0.005719478480826232 1353
1647273477534 0.005674915966976912 1354
1647273477662 0.005630505503347879 1355
1647273477791 0.005586247439359904 1356
1647273477922 0.0055421421232346915 1357
1647273478050 0.005498189901992111 1358
1647273478176 0.005454391121447502 1359
1647273478256 0.005410746126208931 1360
1647273479091 0.00536725525967447 1361
1647273479229 0.005323918864029518 1362
1647273479358 0.005280737280244115 1363
1647273479511 0.005237710848070222 1364
1647273479641 0.005194839906039079 1365
1647273479769 0.00515212479145853 1366
1647273479897 0.005109565840410365 1367
1647273480032 0.005067163387747702 1368
1647273480161 0.005024917767092315 1369
1647273480291 0.0049828293108320305 1370
1647273480425 0.0049408983501181 1371
1647273480557 0.004899125214862619 1372
1647273480691 0.004857510233735917 1373
1647273480831 0.004816053734163949 1374
1647273480962 0.004774756042325754 1375
1647273481091 0.00473361748315086 1376
1647273481223 0.004692638380316774 1377
1647273481350 0.004651819056246367 1378
1647273481507 0.004611159832105392 1379
1647273481633 0.004570661027799938 1380
1647273481766 0.0045303229619739005 1381
1647273481897 0.004490145952006513 1382
1647273482030 0.004450130314009799 1383
1647273482159 0.004410276362826121 1384
1647273482295 0.004370584412025686 1385
1647273482426 0.004331054773904104 1386
1647273482565 0.004291687759479888 1387
1647273482699 0.00425248367849204 1388
1647273482832 0.004213442839397597 1389
1647273482960 0.004174565549369235 1390
1647273483088 0.004135852114292806 1391
1647273483215 0.00409730283876496 1392
1647273483342 0.004058918026090744 1393
1647273483481 0.0040206979782812045 1394
1647273483617 0.003982642996051044 1395
1647273483746 0.003944753378816211 1396
1647273483895 0.0039070294246915695 1397
1647273484025 0.0038694714304885495 1398
1647273484158 0.0038320796917128202 1399
1647273484237 0.0037948545025619424 1400
1647273489362 0.0037577961559230786 1401
1647273489506 0.003720904943370664 1402
1647273489639 0.0036841811551641315 1403
1647273489771 0.003647625080245636 1404
1647273489907 0.003611237006237749 1405
1647273490035 0.003575017219441219 1406
1647273490181 0.003538966004832708 1407
1647273490312 0.0035030836460625703 1408
1647273490445 0.0034673704254526 1409
1647273490578 0.003431826623993802 1410
1647273490710 0.00339645252134421 1411
1647273490839 0.0033612483958266547 1412
1647273490972 0.0033262145244266086 1413
1647273491107 0.003291351182789975 1414
1647273491237 0.003256658645220932 1415
1647273491370 0.003222137184679781 1416
1647273491506 0.0031877870727807785 1417
1647273491640 0.0031536085797900354 1418
1647273491768 0.003119601974623349 1419
1647273491900 0.0030857675248441136 1420
1647273492033 0.003052105496661199 1421
1647273492168 0.003018616154926885 1422
1647273492306 0.002985299763134736 1423
1647273492435 0.0029521565834175617 1424
1647273492569 0.0029191868765453353 1425
1647273492706 0.0028863909019231464 1426
1647273492834 0.0028537689175891774 1427
1647273492961 0.0028213211802126455 1428
1647273493091 0.002789047945091794 1429
1647273493218 0.002756949466151888 1430
1647273493350 0.0027250259959432244 1431
1647273493480 0.002693277785639119 1432
1647273493613 0.0026617050850339537 1433
1647273493740 0.0026303081425411968 1434
1647273493867 0.0025990872051914688 1435
1647273494003 0.0025680425186305703 1436
1647273494130 0.0025371743271175706 1437
1647273494274 0.0025064828735228734 1438
1647273494402 0.0024759683993263145 1439
1647273494480 0.0024456311446152644 1440
1647273495302 0.002415471348082729 1441
1647273495440 0.0023854892470254662 1442
1647273495571 0.002355685077342152 1443
1647273495701 0.0023260590735314783 1444
1647273495831 0.0022966114686903487 1445
1647273495965 0.002267342494512014 1446
1647273496103 0.00223825238128427 1447
1647273496238 0.0022093413578876298 1448
1647273496369 0.0021806096517935337 1449
1647273496502 0.002152057489062564 1450
1647273496645 0.002123685094342652 1451
1647273496777 0.0020954926908673156 1452
1647273496910 0.0020674805004539045 1453
1647273497040 0.0020396487435018675 1454
1647273497173 0.002011997638990991 1455
1647273497300 0.0019845274044796943 1456
1647273497437 0.001957238256103316 1457
1647273497565 0.0019301304085724185 1458
1647273497695 0.0019032040751710828 1459
1647273497825 0.001876459467755246 1460
1647273497957 0.0018498967967510234 1461
1647273498086 0.0018235162711530552 1462
1647273498218 0.0017973180985228808 1463
1647273498349 0.0017713024849872693 1464
1647273498479 0.0017454696352366319 1465
1647273498631 0.0017198197525233867 1466
1647273498763 0.001694353038660384 1467
1647273498890 0.0016690696940192908 1468
1647273499018 0.0016439699175290368 1469
1647273499154 0.0016190539066742297 1470
1647273499283 0.001594321857493634 1471
1647273499411 0.0015697739645785854 1472
1647273499545 0.0015454104210714911 1473
1647273499675 0.0015212314186642984 1474
1647273499805 0.001497237147596981 1475
1647273499934 0.0014734277966560693 1476
1647273500062 0.0014498035531731192 1477
1647273500189 0.001426364603023291 1478
1647273500316 0.0014031111306238415 1479
1647273500392 0.0013800433189326954 1480
1647273505573 0.001357161349447005 1481
1647273505722 0.001334465402201722 1482
1647273505861 0.0013119556557681703 1483
1647273505990 0.0012896322872526537 1484
1647273506119 0.0012674954722950522 1485
1647273506265 0.001245545385067462 1486
1647273506393 0.0012237821982727913 1487
1647273506525 0.001202206083143424 1488
1647273506655 0.0011808172094398641 1489
1647273506789 0.0011596157454494165 1490
1647273506918 0.0011386018579848355 1491
1647273507048 0.001117775712383031 1492
1647273507184 0.001097137472503759 1493
1647273507311 0.0010766873007283526 1494
1647273507460 0.0010564253579584072 1495
1647273507589 0.0010363518036145473 1496
1647273507721 0.0010164667956351614 1497
1647273507850 0.0009967704904751474 1498
1647273507979 0.0009772630431047072 1499
1647273508110 0.000957944607008105 1500
1647273508242 0.0009388153341824663 1501
1647273508374 0.0009198753751365829 1502
1647273508502 0.0009011248788897387 1503
1647273508630 0.0008825639929705155 1504
1647273508759 0.0008641928634156506 1505
1647273508894 0.0008460116347688782 1506
1647273509024 0.0008280204500797953 1507
1647273509154 0.000810219450902742 1508
1647273509289 0.0007926087772956788 1509
1647273509440 0.0007751885678190833 1510
1647273509568 0.0007579589595348658 1511
1647273509698 0.0007409200880052981 1512
1647273509826 0.0007240720872919328 1513
1647273509954 0.0007074150899545499 1514
1647273510082 0.0006909492270501259 1515
1647273510211 0.0006746746281317828 1516
1647273510351 0.0006585914212477994 1517
1647273510481 0.0006426997329405706 1518
1647273510609 0.0006269996882456277 1519
1647273510688 0.0006114914106906617 1520
1647273511522 0.0005961750222945292 1521
1647273511659 0.0005810506435663225 1522
1647273511800 0.0005661183935043931 1523
1647273511932 0.0005513783895954328 1524
1647273512059 0.0005368307478135381 1525
1647273512201 0.0005224755826193141 1526
1647273512330 0.0005083130069589555 1527
1647273512470 0.000494343132263364 1528
1647273512602 0.0004805660684472796 1529
1647273512730 0.0004669819239084066 1530
1647273512859 0.0004535908055265636 1531
1647273512987 0.0004403928186628433 1532
1647273513121 0.00042738806715878467 1533
1647273513253 0.00041457665333554636 1534
1647273513394 0.0004019586779931182 1535
1647273513525 0.00038953424040951914 1536
1647273513658 0.0003773034383400089 1537
1647273513806 0.00036526636801633317 1538
1647273513938 0.0003534231241459547 1539
1647273514066 0.0003417737999113205 1540
1647273514202 0.0003303184869691099 1541
1647273514335 0.00031905727544953756 1542
1647273514469 0.00030799025395561805 1543
1647273514603 0.00029711750956249166 1544
1647273514733 0.0002864391278167274 1545
1647273514866 0.00027595519273565424 1546
1647273515000 0.0002656657868066894 1547
1647273515138 0.0002555709909867084 1548
1647273515268 0.0002456708847013926 1549
1647273515409 0.00023596554584461312 1550
1647273515543 0.0002264550507778093 1551
1647273515672 0.00021713947432939175 1552
1647273515819 0.0002080188897941622 1553
1647273515948 0.00019909336893272534 1554
1647273516077 0.00019036298197092793 1555
1647273516206 0.00018182779759930382 1556
1647273516335 0.00017348788297253819 1557
1647273516468 0.00016534330370894304 1558
1647273516599 0.00015739412388992424 1559
1647273516686 0.00014964040605949862 1560
1647273521788 0.00014208221122378317 1561
1647273521940 0.00013471959885052898 1562
1647273522075 0.00012755262686864628 1563
1647273522211 0.00012058135166774679 1564
1647273522340 0.00011380582809770503 1565
1647273522472 0.00010722610946822536 1566
1647273522608 0.00010084224754842282 1567
1647273522740 9.465429256641805e-05 1568
1647273522868 8.866229320893467e-05 1569
1647273522997 8.286629662091632e-05 1570
1647273523128 7.726634840517423e-05 1571
1647273523262 7.18624926220013e-05 1572
1647273523395 6.665477178884464e-05 1573
1647273523525 6.16432268799587e-05 1574
1647273523653 5.682789732610259e-05 1575
1647273523789 5.220882101420159e-05 1576
1647273523919 4.778603428706952e-05 1577
1647273524047 4.355957194312288e-05 1578
1647273524185 3.952946723608667e-05 1579
1647273524317 3.569575187476674e-05 1580
1647273524449 3.2058456022761196e-05 1581
1647273524601 2.861760829825773e-05 1582
1647273524729 2.53732357737894e-05 1583
1647273524863 2.2325363976018135e-05 1584
1647273524991 1.947401688555155e-05 1585
1647273525123 1.6819216936737548e-05 1586
1647273525249 1.436098501750056e-05 1587
1647273525386 1.2099340469166708e-05 1588
1647273525516 1.0034301086316673e-05 1589
1647273525647 8.165883116644158e-06 1590
1647273525773 6.494101260830984e-06 1591
1647273525904 5.018968672427745e-06 1592
1647273526034 3.7404969577511076e-06 1593
1647273526161 2.658696175800547e-06 1594
1647273526287 1.7735748381612052e-06 1595
1647273526415 1.0851399089539276e-06 1596
1647273526555 5.933968047742018e-07 1597
1647273526686 2.9834939464497535e-07 1598
1647273526812 2.0000000000000002e-07 1599
1647273526889 2.9834939464497535e-07 1600
