1647273217312 1.1183069944381714 0
1647273223287 0.890709400177002 1
1647273229168 0.782161295413971 2
1647273235099 0.722478985786438 3
1647273245498 0.6069226861000061 4
1647273255603 0.9169784188270569 5
1647273261488 1.0062021017074585 6
1647273271831 0.8188052177429199 7
1647273277850 0.6119253039360046 8
1647273283940 0.7194965481758118 9
1647273289858 0.5987474918365479 10
1647273295781 0.5040809512138367 11
1647273306244 0.43166330456733704 12
1647273316305 0.3386582136154175 13
1647273326565 0.3562948703765869 14
1647273332478 0.5336422920227051 15
1647273342910 0.34137648344039917 16
1647273348842 0.3427513539791107 17
1647273354916 0.27297189831733704 18
1647273365127 0.22378233075141907 19
1647273371061 0.2148982733488083 20
1647273377011 0.34364449977874756 21
1647273387286 0.21462737023830414 22
1647273397544 0.27762794494628906 23
1647273407759 0.22991134226322174 24
1647273413696 0.2203051596879959 25
1647273424158 0.14878466725349426 26
1647273430121 0.22380445897579193 27
1647273436130 0.1661118119955063 28
1647273446374 0.1752287596464157 29
1647273452315 0.1286163330078125 30
1647273458251 0.1576673686504364 31
1647273468531 0.13233903050422668 32
1647273478825 0.1461648792028427 33
1647273484911 0.13724562525749207 34
1647273495041 0.1147870272397995 35
1647273500956 0.09621632844209671 36
1647273511255 0.12718623876571655 37
1647273517259 0.1114489808678627 38
1647273527444 0.09850665926933289 39
