1647273201044 0.95 0
1647273209146 0.9499989290832064 1
1647273209386 0.9499957163787003 2
1647273209533 0.9499903620241033 3
1647273209661 0.9499828662487778 4
1647273209792 0.9499732293738182 5
1647273209919 0.9499614518120361 6
1647273210051 0.949947534067943 7
1647273210177 0.9499314767377286 8
1647273210304 0.9499132805092357 9
1647273210440 0.9498929461619301 10
1647273210571 0.9498704745668676 11
1647273210698 0.9498458666866564 12
1647273210831 0.9498191235754162 13
1647273210960 0.949790246378733 14
1647273211089 0.9497592363336098 15
1647273211216 0.9497260947684136 16
1647273211343 0.9496908231028188 17
1647273211470 0.9496534228477462 18
1647273211617 0.9496138956052983 19
1647273211747 0.9495722430686905 20
1647273211875 0.9495284670221789 21
1647273212005 0.9494825693409835 22
1647273212132 0.9494345519912083 23
1647273212264 0.9493844170297568 24
1647273212390 0.9493321666042439 25
1647273212521 0.9492778029529039 26
1647273212655 0.9492213284044946 27
1647273212786 0.9491627453781977 28
1647273212918 0.9491020563835152 29
1647273213055 0.9490392640201615 30
1647273213186 0.9489743709779526 31
1647273213313 0.9489073800366903 32
1647273213439 0.9488382940660436 33
1647273213569 0.9487671160254256 34
1647273213699 0.9486938489638667 35
1647273213826 0.9486184960198838 36
1647273213952 0.9485410604213463 37
1647273214084 0.9484615454853377 38
1647273214217 0.9483799546180129 39
1647273215230 0.9482962913144534 40
1647273217595 0.9482105591585164 41
1647273217728 0.9481227618226823 42
1647273217858 0.9480329030678967 43
1647273217990 0.9479409867434097 44
1647273218115 0.9478470167866104 45
1647273218244 0.9477509972228593 46
1647273218394 0.9476529321653148 47
1647273218523 0.9475528258147576 48
1647273218650 0.9474506824594107 49
1647273218784 0.9473465064747553 50
1647273218911 0.9472403023233439 51
1647273219038 0.9471320745546089 52
1647273219166 0.9470218278046677 53
1647273219304 0.9469095667961241 54
1647273219430 0.9467952963378663 55
1647273219558 0.94667902132486 56
1647273219687 0.9465607467379401 57
1647273219812 0.9464404776435962 58
1647273219938 0.9463182191937558 59
1647273220065 0.9461939766255643 60
1647273220192 0.9460677552611596 61
1647273220330 0.9459395605074449 62
1647273220473 0.9458093978558567 63
1647273220607 0.94567727288213 64
1647273220732 0.9455431912460588 65
1647273220861 0.945407158691254 66
1647273220994 0.9452691810448978 67
1647273221126 0.945129264217493 68
1647273221260 0.944987414202611 69
1647273221390 0.9448436370766343 70
1647273221524 0.9446979389984965 71
1647273221649 0.9445503262094184 72
1647273221775 0.9444008050326403 73
1647273221908 0.9442493818731521 74
1647273222034 0.9440960632174177 75
1647273222159 0.9439408556330983 76
1647273222284 0.94378376576877 77
1647273222415 0.9436248003536398 78
1647273222543 0.9434639661972571 79
1647273222622 0.9433012701892219 80
1647273223563 0.9431367192988895 81
1647273223698 0.9429703205750726 82
1647273223830 0.9428020811457385 83
1647273223957 0.9426320082177045 84
1647273224085 0.9424601090763289 85
1647273224215 0.9422863910851986 86
1647273224342 0.9421108616858143 87
1647273224473 0.9419335283972712 88
1647273224609 0.9417543988159371 89
1647273224738 0.9415734806151272 90
1647273224864 0.9413907815447751 91
1647273224994 0.9412063094311007 92
1647273225142 0.9410200721762756 93
1647273225276 0.9408320777580839 94
1647273225407 0.9406423342295808 95
1647273225542 0.9404508497187474 96
1647273225672 0.9402576324281429 97
1647273225806 0.9400626906345529 98
1647273225942 0.9398660326886353 99
1647273226075 0.9396676670145617 100
1647273226208 0.9394676021096574 101
1647273226342 0.9392658465440372 102
1647273226478 0.9390624089602378 103
1647273226613 0.9388572980728485 104
1647273226746 0.9386505226681368 105
1647273226875 0.938442091603673 106
1647273227003 0.93823201380795 107
1647273227133 0.9380202982800016 108
1647273227283 0.937806954089016 109
1647273227409 0.9375919903739488 110
1647273227534 0.9373754163431298 111
1647273227662 0.9371572412738697 112
1647273227786 0.9369374745120622 113
1647273227912 0.9367161254717842 114
1647273228038 0.9364932036348917 115
1647273228171 0.9362687185506143 116
1647273228296 0.9360426798351459 117
1647273228423 0.9358150971712327 118
1647273228551 0.9355859803077585 119
1647273228628 0.9353553390593273 120
1647273229445 0.9351231833058425 121
1647273229591 0.9348895229920839 122
1647273229728 0.9346543681272818 123
1647273229856 0.9344177287846877 124
1647273229989 0.9341796151011436 125
1647273230122 0.9339400372766471 126
1647273230251 0.9336990055739148 127
1647273230383 0.9334565303179428 128
1647273230522 0.9332126218955641 129
1647273230653 0.9329672907550034 130
1647273230784 0.9327205474054305 131
1647273230910 0.9324724024165091 132
1647273231042 0.9322228664179448 133
1647273231175 0.9319719500990292 134
1647273231307 0.9317196642081822 135
1647273231442 0.9314660195524919 136
1647273231576 0.9312110269972509 137
1647273231707 0.9309546974654916 138
1647273231847 0.9306970419375182 139
1647273231981 0.930438071450436 140
1647273232115 0.9301777970976786 141
1647273232243 0.9299162300285329 142
1647273232371 0.9296533814476619 143
1647273232504 0.9293892626146236 144
1647273232633 0.92912388484339 145
1647273232761 0.9288572595018616 146
1647273232895 0.9285893980113806 147
1647273233023 0.9283203118462416 148
1647273233154 0.9280500125332005 149
1647273233293 0.92777851165098 150
1647273233424 0.9275058208297746 151
1647273233555 0.9272319517507513 152
1647273233682 0.92695691614555 153
1647273233816 0.9266807257957805 154
1647273233956 0.9264033925325184 155
1647273234084 0.9261249282357974 156
1647273234211 0.9258453448341013 157
1647273234338 0.9255646543038526 158
1647273234466 0.9252828686688992 159
1647273234551 0.9249999999999999 160
1647273239739 0.9247160604143072 161
1647273239905 0.9244310620748477 162
1647273240036 0.9241450171900019 163
1647273240166 0.9238579380129803 164
1647273240300 0.9235698368412999 165
1647273240438 0.9232807260162555 166
1647273240566 0.922990617922393 167
1647273240699 0.9226995249869773 168
1647273240831 0.9224074596794611 169
1647273240960 0.92211443451095 170
1647273241093 0.9218204620336671 171
1647273241223 0.9215255548404148 172
1647273241355 0.9212297255640356 173
1647273241481 0.9209329868768714 174
1647273241613 0.9206353514902197 175
1647273241747 0.9203368321537899 176
1647273241873 0.920037441655157 177
1647273242001 0.9197371928192133 178
1647273242136 0.9194360985076198 179
1647273242268 0.9191341716182544 180
1647273242397 0.9188314250846605 181
1647273242546 0.9185278718754918 182
1647273242673 0.9182235249939574 183
1647273242803 0.917918397477265 184
1647273242931 0.9176125023960616 185
1647273243061 0.9173058528538747 186
1647273243191 0.9169984619865497 187
1647273243316 0.9166903429616885 188
1647273243453 0.9163815089780847 189
1647273243584 0.9160719732651581 190
1647273243715 0.9157617490823885 191
1647273243842 0.9154508497187474 192
1647273243971 0.9151392884921287 193
1647273244098 0.9148270787487786 194
1647273244226 0.9145142338627231 195
1647273244359 0.9142007672351962 196
1647273244503 0.9138866922940646 197
1647273244629 0.9135720224932536 198
1647273244768 0.9132567713121704 199
1647273244845 0.912940952255126 200
1647273249975 0.9126245788507579 201
1647273250116 0.9123076646514496 202
1647273250249 0.9119902232327508 203
1647273250384 0.9116722681927952 204
1647273250512 0.9113538131517186 205
1647273250639 0.911034871751075 206
1647273250768 0.9107154576532525 207
1647273250901 0.910395584540888 208
1647273251030 0.9100752661162809 209
1647273251160 0.9097545161008064 210
1647273251309 0.9094333482343278 211
1647273251448 0.9091117762746074 212
1647273251579 0.9087898139967177 213
1647273251716 0.9084674751924512 214
1647273251849 0.9081447736697295 215
1647273251978 0.9078217232520115 216
1647273252111 0.9074983377777022 217
1647273252237 0.907174631099559 218
1647273252370 0.9068506170840984 219
1647273252504 0.9065263096110026 220
1647273252630 0.9062017225725243 221
1647273252756 0.9058768698728918 222
1647273252900 0.9055517654277139 223
1647273253030 0.9052264231633826 224
1647273253159 0.904900857016478 225
1647273253286 0.9045750809331701 226
1647273253433 0.9042491088686221 227
1647273253558 0.9039229547863922 228
1647273253688 0.903596632657836 229
1647273253814 0.9032701564615071 230
1647273253955 0.9029435401825594 231
1647273254080 0.9026167978121472 232
1647273254209 0.902289943346826 233
1647273254336 0.9019629907879534 234
1647273254462 0.9016359541410888 235
1647273254588 0.9013088474153936 236
1647273254714 0.9009816846230314 237
1647273254845 0.9006544797785672 238
1647273254971 0.9003272468983675 239
1647273255048 0.8999999999999999 240
1647273255893 0.8996727531016324 241
1647273256034 0.8993455202214328 242
1647273256160 0.8990183153769685 243
1647273256287 0.8986911525846063 244
1647273256415 0.8983640458589112 245
1647273256543 0.8980370092120465 246
1647273256673 0.8977100566531739 247
1647273256799 0.8973832021878527 248
1647273256935 0.8970564598174405 249
1647273257065 0.8967298435384928 250
1647273257196 0.896403367342164 251
1647273257324 0.8960770452136078 252
1647273257456 0.8957508911313778 253
1647273257589 0.8954249190668299 254
1647273257717 0.8950991429835219 255
1647273257851 0.8947735768366173 256
1647273257995 0.8944482345722861 257
1647273258130 0.8941231301271081 258
1647273258256 0.8937982774274758 259
1647273258387 0.8934736903889974 260
1647273258519 0.8931493829159016 261
1647273258647 0.8928253689004411 262
1647273258770 0.8925016622222977 263
1647273258912 0.8921782767479884 264
1647273259042 0.8918552263302706 265
1647273259167 0.8915325248075487 266
1647273259294 0.8912101860032823 267
1647273259426 0.8908882237253926 268
1647273259560 0.8905666517656722 269
1647273259689 0.8902454838991936 270
1647273259816 0.8899247338837191 271
1647273259965 0.8896044154591121 272
1647273260098 0.8892845423467475 273
1647273260224 0.8889651282489249 274
1647273260352 0.8886461868482813 275
1647273260479 0.8883277318072047 276
1647273260609 0.8880097767672491 277
1647273260736 0.8876923353485503 278
1647273260864 0.8873754211492421 279
1647273260941 0.8870590477448739 280
1647273266189 0.8867432286878296 281
1647273266334 0.8864279775067463 282
1647273266471 0.8861133077059353 283
1647273266602 0.8857992327648039 284
1647273266744 0.8854857661372768 285
1647273266882 0.8851729212512214 286
1647273267018 0.8848607115078713 287
1647273267148 0.8845491502812526 288
1647273267280 0.8842382509176115 289
1647273267408 0.8839280267348419 290
1647273267541 0.8836184910219153 291
1647273267681 0.8833096570383114 292
1647273267812 0.8830015380134503 293
1647273267940 0.8826941471461253 294
1647273268074 0.8823874976039383 295
1647273268199 0.8820816025227349 296
1647273268326 0.8817764750060425 297
1647273268456 0.8814721281245081 298
1647273268586 0.8811685749153394 299
1647273268718 0.8808658283817454 300
1647273268846 0.8805639014923802 301
1647273268973 0.8802628071807866 302
1647273269108 0.8799625583448429 303
1647273269237 0.87966316784621 304
1647273269366 0.8793646485097802 305
1647273269502 0.8790670131231286 306
1647273269637 0.8787702744359643 307
1647273269765 0.8784744451595852 308
1647273269899 0.8781795379663329 309
1647273270024 0.87788556548905 310
1647273270160 0.8775925403205389 311
1647273270294 0.8773004750130227 312
1647273270421 0.877009382077607 313
1647273270548 0.8767192739837444 314
1647273270678 0.8764301631587 315
1647273270811 0.8761420619870195 316
1647273270938 0.8758549828099981 317
1647273271068 0.8755689379251522 318
1647273271202 0.8752839395856927 319
1647273271280 0.875 320
1647273272120 0.8747171313311007 321
1647273272256 0.8744353456961473 322
1647273272384 0.8741546551658986 323
1647273272518 0.8738750717642025 324
1647273272649 0.8735966074674816 325
1647273272782 0.8733192742042194 326
1647273272917 0.87304308385445 327
1647273273063 0.8727680482492486 328
1647273273193 0.8724941791702253 329
1647273273330 0.8722214883490199 330
1647273273459 0.8719499874667995 331
1647273273588 0.8716796881537583 332
1647273273727 0.8714106019886194 333
1647273273857 0.8711427404981383 334
1647273273984 0.8708761151566099 335
1647273274114 0.8706107373853763 336
1647273274251 0.8703466185523381 337
1647273274389 0.870083769971467 338
1647273274516 0.8698222029023214 339
1647273274647 0.8695619285495639 340
1647273274774 0.8693029580624816 341
1647273274918 0.8690453025345083 342
1647273275054 0.868788973002749 343
1647273275185 0.8685339804475081 344
1647273275317 0.8682803357918177 345
1647273275448 0.8680280499009707 346
1647273275579 0.8677771335820551 347
1647273275709 0.8675275975834909 348
1647273275843 0.8672794525945695 349
1647273275973 0.8670327092449965 350
1647273276102 0.866787378104436 351
1647273276234 0.8665434696820571 352
1647273276368 0.8663009944260851 353
1647273276497 0.8660599627233528 354
1647273276636 0.8658203848988564 355
1647273276767 0.8655822712153123 356
1647273276911 0.8653456318727182 357
1647273277053 0.865110477007916 358
1647273277187 0.8648768166941574 359
1647273277267 0.8646446609406726 360
1647273278138 0.8644140196922414 361
1647273278280 0.8641849028287673 362
1647273278410 0.863957320164854 363
1647273278538 0.8637312814493856 364
1647273278671 0.8635067963651082 365
1647273278799 0.8632838745282158 366
1647273278935 0.8630625254879377 367
1647273279079 0.8628427587261303 368
1647273279208 0.8626245836568701 369
1647273279342 0.8624080096260511 370
1647273279475 0.8621930459109839 371
1647273279613 0.8619797017199984 372
1647273279753 0.86176798619205 373
1647273279894 0.861557908396327 374
1647273280046 0.8613494773318632 375
1647273280190 0.8611427019271515 376
1647273280326 0.8609375910397621 377
1647273280463 0.8607341534559627 378
1647273280617 0.8605323978903425 379
1647273280772 0.8603323329854382 380
1647273280922 0.8601339673113646 381
1647273281073 0.859937309365447 382
1647273281210 0.8597423675718571 383
1647273281349 0.8595491502812526 384
1647273281475 0.8593576657704192 385
1647273281602 0.8591679222419161 386
1647273281731 0.8589799278237243 387
1647273281862 0.8587936905688992 388
1647273281992 0.8586092184552249 389
1647273282125 0.8584265193848727 390
1647273282256 0.8582456011840628 391
1647273282388 0.8580664716027288 392
1647273282516 0.8578891383141857 393
1647273282643 0.8577136089148013 394
1647273282769 0.857539890923671 395
1647273282916 0.8573679917822954 396
1647273283046 0.8571979188542614 397
1647273283173 0.8570296794249274 398
1647273283311 0.8568632807011104 399
1647273283392 0.856698729810778 400
1647273284224 0.8565360338027428 401
1647273284360 0.8563751996463601 402
1647273284490 0.85621623423123 403
1647273284629 0.8560591443669017 404
1647273284758 0.8559039367825823 405
1647273284889 0.8557506181268479 406
1647273285021 0.8555991949673596 407
1647273285150 0.8554496737905816 408
1647273285291 0.8553020610015034 409
1647273285424 0.8551563629233656 410
1647273285551 0.8550125857973889 411
1647273285681 0.8548707357825069 412
1647273285813 0.8547308189551022 413
1647273285941 0.8545928413087459 414
1647273286073 0.8544568087539411 415
1647273286200 0.8543227271178699 416
1647273286331 0.8541906021441432 417
1647273286468 0.8540604394925551 418
1647273286600 0.8539322447388403 419
1647273286733 0.8538060233744357 420
1647273286861 0.853681780806244 421
1647273286999 0.8535595223564038 422
1647273287128 0.8534392532620598 423
1647273287262 0.8533209786751399 424
1647273287397 0.8532047036621337 425
1647273287524 0.8530904332038758 426
1647273287655 0.8529781721953322 427
1647273287784 0.852867925445391 428
1647273287918 0.852759697676656 429
1647273288054 0.8526534935252447 430
1647273288182 0.8525493175405893 431
1647273288309 0.8524471741852423 432
1647273288450 0.8523470678346852 433
1647273288576 0.8522490027771407 434
1647273288704 0.8521529832133895 435
1647273288832 0.8520590132565903 436
1647273288959 0.8519670969321033 437
1647273289086 0.8518772381773176 438
1647273289212 0.8517894408414836 439
1647273289303 0.8517037086855466 440
1647273290139 0.851620045381987 441
1647273290278 0.8515384545146623 442
1647273290405 0.8514589395786536 443
1647273290544 0.8513815039801161 444
1647273290675 0.8513061510361333 445
1647273290806 0.8512328839745743 446
1647273290936 0.8511617059339563 447
1647273291069 0.8510926199633096 448
1647273291202 0.8510256290220474 449
1647273291333 0.8509607359798385 450
1647273291464 0.8508979436164847 451
1647273291597 0.8508372546218023 452
1647273291730 0.8507786715955054 453
1647273291860 0.8507221970470961 454
1647273291994 0.850667833395756 455
1647273292127 0.8506155829702431 456
1647273292261 0.8505654480087916 457
1647273292391 0.8505174306590164 458
1647273292522 0.8504715329778211 459
1647273292651 0.8504277569313095 460
1647273292788 0.8503861043947016 461
1647273292919 0.8503465771522537 462
1647273293052 0.8503091768971811 463
1647273293185 0.8502739052315863 464
1647273293312 0.8502407636663901 465
1647273293439 0.8502097536212669 466
1647273293567 0.8501808764245837 467
1647273293709 0.8501541333133436 468
1647273293838 0.8501295254331324 469
1647273293973 0.8501070538380698 470
1647273294105 0.8500867194907642 471
1647273294232 0.8500685232622713 472
1647273294360 0.850052465932057 473
1647273294487 0.8500385481879639 474
1647273294618 0.8500267706261817 475
1647273294746 0.8500171337512221 476
1647273294872 0.8500096379758967 477
1647273295005 0.8500042836212996 478
1647273295131 0.8500010709167936 479
1647273295208 0.850000196699576 480
1647273300419 0.8500007867967567 481
1647273300566 0.850001770286899 482
1647273300725 0.850003147162265 483
1647273300856 0.8500049174120212 484
1647273300988 0.8500070810222395 485
1647273301123 0.8500096379758968 486
1647273301258 0.8500125882528746 487
1647273301387 0.8500159318299606 488
1647273301521 0.8500196686808473 489
1647273301649 0.8500237987761334 490
1647273301781 0.8500283220833234 491
1647273301912 0.8500332385668277 492
1647273302044 0.8500385481879639 493
1647273302175 0.8500442509049556 494
1647273302302 0.8500503466729342 495
1647273302438 0.8500568354439383 496
1647273302565 0.8500637171669142 497
1647273302695 0.8500709917877166 498
1647273302824 0.8500786592491092 499
1647273302958 0.8500867194907642 500
1647273303086 0.8500951724492639 501
1647273303221 0.8501040180581007 502
1647273303350 0.8501132562476772 503
1647273303479 0.8501228869453077 504
1647273303616 0.850132910075218 505
1647273303755 0.8501433255585462 506
1647273303886 0.8501541333133436 507
1647273304017 0.8501653332545749 508
1647273304164 0.850176925294119 509
1647273304296 0.8501889093407702 510
1647273304426 0.850201285300238 511
1647273304557 0.8502140530751487 512
1647273304699 0.8502272125650456 513
1647273304826 0.8502407636663901 514
1647273304956 0.8502547062725624 515
1647273305090 0.8502690402738622 516
1647273305218 0.8502837655575097 517
1647273305346 0.850298882007647 518
1647273305475 0.8503143895053379 519
1647273305553 0.8503302879285696 520
1647273310640 0.8503465771522537 521
1647273310801 0.8503632570482268 522
1647273310935 0.8503803274852517 523
1647273311089 0.8503977883290188 524
1647273311220 0.850415639442146 525
1647273311348 0.8504338806841815 526
1647273311480 0.8504525119116032 527
1647273311616 0.8504715329778211 528
1647273311743 0.8504909437331777 529
1647273311874 0.8505107440249495 530
1647273312005 0.8505309336973481 531
1647273312132 0.8505515125915216 532
1647273312259 0.8505724805455556 533
1647273312391 0.8505938373944746 534
1647273312519 0.8506155829702431 535
1647273312646 0.8506377171017675 536
1647273312777 0.8506602396148967 537
1647273312908 0.8506831503324239 538
1647273313055 0.8507064490740882 539
1647273313188 0.8507301356565753 540
1647273313316 0.8507542098935196 541
1647273313444 0.8507786715955054 542
1647273313576 0.8508035205700685 543
1647273313703 0.8508287566216975 544
1647273313832 0.8508543795518357 545
1647273313965 0.8508803891588823 546
1647273314105 0.8509067852381941 547
1647273314236 0.8509335675820872 548
1647273314364 0.8509607359798385 549
1647273314505 0.8509882902176876 550
1647273314635 0.8510162300788382 551
1647273314761 0.85104455534346 552
1647273314895 0.8510732657886902 553
1647273315024 0.8511023611886356 554
1647273315156 0.851131841314374 555
1647273315282 0.8511617059339563 556
1647273315409 0.8511919548124083 557
1647273315541 0.8512225877117321 558
1647273315669 0.8512536043909088 559
1647273315745 0.8512850046058995 560
1647273320872 0.8513167881096481 561
1647273321032 0.8513489546520822 562
1647273321168 0.8513815039801161 563
1647273321300 0.8514144358376524 564
1647273321429 0.8514477499655837 565
1647273321557 0.851481446101795 566
1647273321687 0.8515155239811656 567
1647273321819 0.8515499833355715 568
1647273321961 0.8515848238938869 569
1647273322094 0.851620045381987 570
1647273322224 0.8516556475227497 571
1647273322359 0.8516916300360579 572
1647273322488 0.8517279926388018 573
1647273322620 0.8517647350448811 574
1647273322752 0.8518018569652073 575
1647273322883 0.8518393581077056 576
1647273323012 0.8518772381773176 577
1647273323143 0.8519154968760037 578
1647273323279 0.851954133902745 579
1647273323405 0.851993148953546 580
1647273323533 0.8520325417214372 581
1647273323664 0.8520723118964767 582
1647273323810 0.8521124591657534 583
1647273323940 0.8521529832133895 584
1647273324072 0.8521938837205424 585
1647273324206 0.8522351603654075 586
1647273324333 0.852276812823221 587
1647273324466 0.8523188407662619 588
1647273324599 0.8523612438638551 589
1647273324727 0.852404021782374 590
1647273324865 0.8524471741852423 591
1647273324991 0.8524907007329379 592
1647273325123 0.8525346010829944 593
1647273325268 0.8525788748900048 594
1647273325393 0.8526235218056235 595
1647273325520 0.8526685414785693 596
1647273325646 0.8527139335546282 597
1647273325789 0.852759697676656 598
1647273325917 0.8528058334845816 599
1647273325992 0.852852340615409 600
1647273326858 0.852899218703221 601
1647273327000 0.8529464673791817 602
1647273327128 0.852994086271539 603
1647273327258 0.8530420750056286 604
1647273327394 0.8530904332038758 605
1647273327526 0.8531391604857991 606
1647273327658 0.8531882564680131 607
1647273327792 0.8532377207642315 608
1647273327928 0.85328755298527 609
1647273328072 0.8533377527390495 610
1647273328219 0.8533883196305992 611
1647273328351 0.8534392532620598 612
1647273328476 0.8534905532326862 613
1647273328610 0.8535422191388511 614
1647273328741 0.853594250574048 615
1647273328869 0.8536466471288946 616
1647273329003 0.8536994083911356 617
1647273329132 0.8537525339456462 618
1647273329262 0.8538060233744357 619
1647273329397 0.8538598762566498 620
1647273329525 0.8539140921685753 621
1647273329652 0.8539686706836421 622
1647273329780 0.8540236113724274 623
1647273329908 0.8540789138026589 624
1647273330040 0.854134577539218 625
1647273330172 0.8541906021441432 626
1647273330311 0.8542469871766339 627
1647273330441 0.8543037321930539 628
1647273330570 0.8543608367469341 629
1647273330698 0.8544183003889768 630
1647273330826 0.8544761226670592 631
1647273330954 0.8545343031262365 632
1647273331081 0.8545928413087459 633
1647273331208 0.85465173675401 634
1647273331335 0.8547109889986403 635
1647273331463 0.8547705975764412 636
1647273331591 0.8548305620184135 637
1647273331719 0.8548908818527579 638
1647273331847 0.854951556604879 639
1647273331924 0.8550125857973889 640
1647273337133 0.8550739689501109 641
1647273337294 0.8551357055800834 642
1647273337435 0.8551977952015637 643
1647273337563 0.8552602373260316 644
1647273337693 0.8553230314621937 645
1647273337824 0.8553861771159866 646
1647273337952 0.8554496737905816 647
1647273338079 0.8555135209863877 648
1647273338210 0.8555777182010563 649
1647273338348 0.855642264929485 650
1647273338480 0.855707160663821 651
1647273338611 0.8557724048934658 652
1647273338746 0.855837997105079 653
1647273338891 0.8559039367825823 654
1647273339021 0.8559702234071631 655
1647273339152 0.8560368564572796 656
1647273339283 0.856103835408664 657
1647273339409 0.8561711597343271 658
1647273339538 0.8562388289045623 659
1647273339673 0.8563068423869495 660
1647273339804 0.8563751996463601 661
1647273339932 0.8564439001449601 662
1647273340061 0.8565129433422152 663
1647273340190 0.8565823286948947 664
1647273340322 0.8566520556570758 665
1647273340450 0.856722123680148 666
1647273340583 0.8567925322128173 667
1647273340715 0.8568632807011104 668
1647273340843 0.8569343685883796 669
1647273340982 0.8570057953153064 670
1647273341115 0.8570775603199067 671
1647273341242 0.8571496630375346 672
1647273341371 0.8572221029008871 673
1647273341502 0.8572948793400086 674
1647273341629 0.8573679917822954 675
1647273341757 0.8574414396524999 676
1647273341885 0.8575152223727356 677
1647273342013 0.8575893393624813 678
1647273342139 0.8576637900385857 679
1647273342221 0.8577385738152723 680
1647273343194 0.8578136901041435 681
1647273343333 0.8578891383141857 682
1647273343481 0.8579649178517734 683
1647273343615 0.8580410281206748 684
1647273343748 0.8581174685220555 685
1647273343876 0.8581942384544837 686
1647273344006 0.8582713373139348 687
1647273344134 0.8583487644937964 688
1647273344267 0.8584265193848727 689
1647273344401 0.8585046013753895 690
1647273344534 0.8585830098509991 691
1647273344665 0.8586617441947849 692
1647273344796 0.8587408037872665 693
1647273344924 0.8588201880064043 694
1647273345051 0.8588998962276044 695
1647273345180 0.8589799278237243 696
1647273345314 0.8590602821650765 697
1647273345457 0.8591409586194343 698
1647273345593 0.8592219565520369 699
1647273345724 0.859303275325594 700
1647273345854 0.8593849143002907 701
1647273345984 0.8594668728337931 702
1647273346111 0.8595491502812526 703
1647273346245 0.8596317459953119 704
1647273346377 0.8597146593261091 705
1647273346512 0.8597978896212837 706
1647273346642 0.8598814362259811 707
1647273346773 0.859965298482858 708
1647273346905 0.8600494757320876 709
1647273347035 0.8601339673113646 710
1647273347167 0.860218772555911 711
1647273347299 0.8603038907984802 712
1647273347432 0.8603893213693636 713
1647273347559 0.8604750635963948 714
1647273347691 0.8605611168049554 715
1647273347818 0.8606474803179803 716
1647273347946 0.8607341534559627 717
1647273348072 0.8608211355369599 718
1647273348201 0.8609084258765984 719
1647273348277 0.8609960237880794 720
1647273349121 0.8610839285821836 721
1647273349258 0.861172139567278 722
1647273349383 0.8612606560493199 723
1647273349516 0.8613494773318632 724
1647273349647 0.8614386027160633 725
1647273349787 0.8615280315006835 726
1647273349923 0.8616177629820995 727
1647273350053 0.8617077964543054 728
1647273350186 0.8617981312089196 729
1647273350313 0.8618887665351896 730
1647273350443 0.8619797017199984 731
1647273350579 0.8620709360478693 732
1647273350708 0.8621624688009724 733
1647273350845 0.8622542992591292 734
1647273350975 0.8623464266998194 735
1647273351102 0.8624388503981859 736
1647273351234 0.8625315696270406 737
1647273351362 0.8626245836568701 738
1647273351501 0.8627178917558417 739
1647273351636 0.8628114931898088 740
1647273351773 0.8629053872223168 741
1647273351909 0.8629995731146092 742
1647273352042 0.8630940501256329 743
1647273352172 0.8631888175120445 744
1647273352302 0.8632838745282156 745
1647273352438 0.8633792204262395 746
1647273352571 0.8634748544559361 747
1647273352701 0.8635707758648584 748
1647273352838 0.8636669838982987 749
1647273352969 0.8637634777992934 750
1647273353103 0.8638602568086304 751
1647273353235 0.863957320164854 752
1647273353363 0.8640546671042715 753
1647273353488 0.8641522968609586 754
1647273353625 0.8642502086667662 755
1647273353754 0.8643484017513259 756
1647273353897 0.864446875342056 757
1647273354029 0.8645456286641681 758
1647273354162 0.8646446609406726 759
1647273354238 0.8647439713923853 760
1647273359392 0.8648435592379334 761
1647273359559 0.8649434236937613 762
1647273359693 0.8650435639741371 763
1647273359825 0.8651439792911588 764
1647273359968 0.8652446688547605 765
1647273360101 0.8653456318727182 766
1647273360229 0.8654468675506567 767
1647273360368 0.8655483750920555 768
1647273360502 0.8656501536982549 769
1647273360647 0.8657522025684625 770
1647273360783 0.8658545208997597 771
1647273360911 0.8659571078871073 772
1647273361046 0.8660599627233528 773
1647273361179 0.8661630845992363 774
1647273361308 0.8662664727033963 775
1647273361446 0.8663701262223771 776
1647273361588 0.8664740443406345 777
1647273361725 0.8665782262405425 778
1647273361855 0.8666826711023998 779
1647273361990 0.8667873781044358 780
1647273362118 0.8668923464228179 781
1647273362250 0.8669975752316569 782
1647273362376 0.8671030637030144 783
1647273362513 0.8672088110069087 784
1647273362663 0.8673148163113221 785
1647273362796 0.8674210787822066 786
1647273362924 0.8675275975834909 787
1647273363054 0.8676343718770866 788
1647273363183 0.8677414008228956 789
1647273363311 0.867848683578816 790
1647273363439 0.8679562193007487 791
1647273363564 0.8680640071426048 792
1647273363694 0.8681720462563111 793
1647273363821 0.8682803357918177 794
1647273363948 0.8683888748971045 795
1647273364079 0.8684976627181876 796
1647273364210 0.8686066983991263 797
1647273364341 0.8687159810820296 798
1647273364471 0.8688255099070633 799
1647273364560 0.8689352840124565 800
1647273365410 0.8690453025345083 801
1647273365545 0.8691555646075948 802
1647273365674 0.869266069364176 803
1647273365815 0.8693768159348024 804
1647273365948 0.8694878034481218 805
1647273366080 0.8695990310308862 806
1647273366214 0.869710497807959 807
1647273366344 0.8698222029023214 808
1647273366472 0.8699341454350797 809
1647273366602 0.8700463245254719 810
1647273366736 0.8701587392908747 811
1647273366868 0.870271388846811 812
1647273367001 0.8703842723069556 813
1647273367138 0.8704973887831435 814
1647273367268 0.8706107373853763 815
1647273367396 0.870724317221829 816
1647273367528 0.8708381273988574 817
1647273367663 0.8709521670210049 818
1647273367792 0.8710664351910097 819
1647273367929 0.8711809310098119 820
1647273368060 0.8712956535765601 821
1647273368191 0.8714106019886194 822
1647273368323 0.8715257753415774 823
1647273368456 0.8716411727292521 824
1647273368583 0.8717567932436991 825
1647273368715 0.8718726359752178 826
1647273368854 0.8719887000123598 827
1647273368989 0.8721049844419351 828
1647273369141 0.8722214883490198 829
1647273369269 0.8723382108169633 830
1647273369397 0.8724551509273948 831
1647273369524 0.8725723077602319 832
1647273369656 0.8726896803936864 833
1647273369786 0.8728072679042725 834
1647273369920 0.8729250693668137 835
1647273370051 0.87304308385445 836
1647273370181 0.8731613104386453 837
1647273370309 0.8732797481891952 838
1647273370440 0.8733983961742331 839
1647273370516 0.8735172534602389 840
1647273371357 0.8736363191120455 841
1647273371506 0.8737555921928462 842
1647273371633 0.8738750717642025 843
1647273371766 0.8739947568860512 844
1647273371894 0.8741146466167118 845
1647273372022 0.8742347400128939 846
1647273372163 0.8743550361297047 847
1647273372296 0.8744755340206563 848
1647273372430 0.8745962327376735 849
1647273372562 0.8747171313311007 850
1647273372695 0.87483822884971 851
1647273372824 0.874959524340708 852
1647273372959 0.8750810168497438 853
1647273373088 0.8752027054209166 854
1647273373215 0.8753245890967827 855
1647273373347 0.8754466669183633 856
1647273373480 0.8755689379251522 857
1647273373609 0.8756914011551233 858
1647273373737 0.875814055644738 859
1647273373876 0.8759369004289527 860
1647273374006 0.8760599345412268 861
1647273374138 0.8761831570135301 862
1647273374276 0.87630656687635 863
1647273374405 0.8764301631587 864
1647273374532 0.8765539448881268 865
1647273374661 0.8766779110907175 866
1647273374788 0.8768020607911082 867
1647273374918 0.8769263930124914 868
1647273375047 0.8770509067766231 869
1647273375189 0.8771756011038311 870
1647273375322 0.8773004750130227 871
1647273375465 0.8774255275216918 872
1647273375594 0.8775507576459277 873
1647273375721 0.8776761644004218 874
1647273375849 0.8778017467984759 875
1647273375982 0.8779275038520097 876
1647273376110 0.8780534345715689 877
1647273376236 0.8781795379663329 878
1647273376372 0.878305813044122 879
1647273376451 0.8784322588114064 880
1647273381609 0.8785588742733126 881
1647273381770 0.8786856584336326 882
1647273381911 0.8788126102948306 883
1647273382039 0.8789397288580514 884
1647273382180 0.8790670131231286 885
1647273382315 0.8791944620885915 886
1647273382443 0.8793220747516739 887
1647273382571 0.8794498501083217 888
1647273382702 0.8795777871532001 889
1647273382835 0.8797058848797031 890
1647273382965 0.8798341422799597 891
1647273383093 0.8799625583448429 892
1647273383222 0.8800911320639773 893
1647273383350 0.880219862425747 894
1647273383481 0.8803487484173038 895
1647273383619 0.8804777890245747 896
1647273383751 0.8806069832322707 897
1647273383880 0.8807363300238937 898
1647273384016 0.8808658283817454 899
1647273384165 0.8809954772869351 900
1647273384298 0.8811252757193871 901
1647273384430 0.8812552226578497 902
1647273384562 0.8813853170799028 903
1647273384692 0.8815155579619652 904
1647273384825 0.8816459442793042 905
1647273384954 0.8817764750060425 906
1647273385086 0.8819071491151663 907
1647273385218 0.8820379655785342 908
1647273385345 0.8821689233668843 909
1647273385478 0.882300021449843 910
1647273385610 0.8824312587959329 911
1647273385742 0.8825626343725805 912
1647273385869 0.8826941471461254 913
1647273385997 0.8828257960818269 914
1647273386131 0.8829575801438737 915
1647273386274 0.883089498295391 916
1647273386399 0.8832215494984489 917
1647273386532 0.8833537327140709 918
1647273386659 0.8834860469022416 919
1647273386737 0.8836184910219153 920
1647273391842 0.8837510640310239 921
1647273391987 0.883883764886485 922
1647273392124 0.8840165925442109 923
1647273392261 0.8841495459591155 924
1647273392389 0.8842826240851238 925
1647273392518 0.8844158258751793 926
1647273392649 0.8845491502812526 927
1647273392784 0.8846825962543494 928
1647273392927 0.8848161627445192 929
1647273393058 0.8849498487008631 930
1647273393194 0.8850836530715421 931
1647273393324 0.8852175748037859 932
1647273393454 0.8853516128439005 933
1647273393589 0.8854857661372768 934
1647273393723 0.8856200336283991 935
1647273393851 0.8857544142608529 936
1647273393984 0.8858889069773338 937
1647273394118 0.8860235107196553 938
1647273394247 0.8861582244287575 939
1647273394382 0.8862930470447151 940
1647273394509 0.8864279775067463 941
1647273394640 0.8865630147532202 942
1647273394774 0.8866981577216662 943
1647273394918 0.8868334053487817 944
1647273395048 0.8869687565704407 945
1647273395185 0.8871042103217021 946
1647273395320 0.8872397655368178 947
1647273395447 0.8873754211492421 948
1647273395584 0.8875111760916387 949
1647273395719 0.8876470292958899 950
1647273395851 0.8877829796931053 951
1647273395978 0.8879190262136292 952
1647273396110 0.8880551677870501 953
1647273396236 0.8881914033422083 954
1647273396370 0.8883277318072047 955
1647273396506 0.8884641521094093 956
1647273396635 0.8886006631754696 957
1647273396762 0.8887372639313187 958
1647273396893 0.8888739533021842 959
1647273396986 0.8890107302125965 960
1647273402074 0.8891475935863972 961
1647273402233 0.8892845423467475 962
1647273402364 0.8894215754161369 963
1647273402496 0.8895586917163915 964
1647273402630 0.8896958901686827 965
1647273402761 0.8898331696935353 966
1647273402889 0.8899705292108363 967
1647273403024 0.8901079676398435 968
1647273403155 0.8902454838991936 969
1647273403286 0.8903830769069109 970
1647273403428 0.890520745580416 971
1647273403560 0.8906584888365342 972
1647273403701 0.8907963055915039 973
1647273403833 0.890934194760985 974
1647273403963 0.8910721552600681 975
1647273404090 0.8912101860032823 976
1647273404224 0.8913482859046038 977
1647273404351 0.8914864538774652 978
1647273404488 0.8916246888347632 979
1647273404621 0.8917629896888672 980
1647273404759 0.891901355351629 981
1647273404886 0.8920397847343893 982
1647273405020 0.8921782767479884 983
1647273405152 0.8923168303027734 984
1647273405280 0.8924554443086073 985
1647273405412 0.8925941176748776 986
1647273405541 0.8927328493105043 987
1647273405675 0.8928716381239494 988
1647273405807 0.8930104830232249 989
1647273405938 0.8931493829159015 990
1647273406077 0.8932883367091172 991
1647273406206 0.8934273433095857 992
1647273406343 0.8935664016236058 993
1647273406473 0.8937055105570687 994
1647273406604 0.8938446690154678 995
1647273406736 0.8939838759039067 996
1647273406866 0.8941231301271081 997
1647273406995 0.8942624305894219 998
1647273407125 0.8944017761948346 999
1647273407202 0.8945411658469772 1000
1647273408054 0.8946805984491344 1001
1647273408191 0.8948200729042528 1002
1647273408318 0.8949595881149497 1003
1647273408451 0.8950991429835219 1004
1647273408580 0.8952387364119541 1005
1647273408707 0.8953783673019273 1006
1647273408836 0.8955180345548283 1007
1647273408970 0.8956577370717573 1008
1647273409102 0.8957974737535376 1009
1647273409234 0.895937243500723 1010
1647273409371 0.8960770452136078 1011
1647273409507 0.8962168777922341 1012
1647273409634 0.896356740136402 1013
1647273409762 0.8964966311456766 1014
1647273409895 0.896636549719398 1015
1647273410028 0.8967764947566892 1016
1647273410168 0.896916465156465 1017
1647273410299 0.8970564598174405 1018
1647273410432 0.8971964776381404 1019
1647273410563 0.8973365175169067 1020
1647273410691 0.897476578351908 1021
1647273410820 0.897616659041148 1022
1647273410948 0.8977567584824742 1023
1647273411078 0.8978968755735867 1024
1647273411210 0.8980370092120465 1025
1647273411343 0.8981771582952846 1026
1647273411473 0.8983173217206103 1027
1647273411606 0.8984574983852202 1028
1647273411743 0.8985976871862065 1029
1647273411881 0.8987378870205663 1030
1647273412012 0.8988780967852097 1031
1647273412156 0.8990183153769685 1032
1647273412283 0.8991585416926053 1033
1647273412415 0.8992987746288219 1034
1647273412545 0.8994390130822677 1035
1647273412674 0.899579255949549 1036
1647273412806 0.8997195021272375 1037
1647273412934 0.8998597505118784 1038
1647273413063 0.8999999999999999 1039
1647273413141 0.9001402494881215 1040
1647273418316 0.9002804978727624 1041
1647273418462 0.9004207440504509 1042
1647273418606 0.9005609869177322 1043
1647273418736 0.900701225371178 1044
1647273418886 0.9008414583073946 1045
1647273419022 0.9009816846230314 1046
1647273419151 0.9011219032147902 1047
1647273419280 0.9012621129794336 1048
1647273419416 0.9014023128137935 1049
1647273419546 0.9015425016147798 1050
1647273419681 0.9016826782793896 1051
1647273419808 0.9018228417047154 1052
1647273419937 0.9019629907879534 1053
1647273420068 0.9021031244264132 1054
1647273420199 0.9022432415175257 1055
1647273420332 0.902383340958852 1056
1647273420459 0.902523421648092 1057
1647273420589 0.9026634824830932 1058
1647273420728 0.9028035223618596 1059
1647273420876 0.9029435401825594 1060
1647273421006 0.9030835348435351 1061
1647273421142 0.9032235052433107 1062
1647273421274 0.9033634502806019 1063
1647273421407 0.9035033688543234 1064
1647273421541 0.903643259863598 1065
1647273421673 0.9037831222077658 1066
1647273421805 0.9039229547863922 1067
1647273421941 0.9040627564992769 1068
1647273422073 0.9042025262464624 1069
1647273422204 0.9043422629282425 1070
1647273422337 0.9044819654451717 1071
1647273422471 0.9046216326980726 1072
1647273422608 0.9047612635880459 1073
1647273422737 0.904900857016478 1074
1647273422872 0.9050404118850501 1075
1647273422999 0.9051799270957471 1076
1647273423125 0.9053194015508655 1077
1647273423259 0.9054588341530228 1078
1647273423391 0.9055982238051654 1079
1647273423468 0.905737569410578 1080
1647273424432 0.9058768698728918 1081
1647273424569 0.9060161240960931 1082
1647273424698 0.906155330984532 1083
1647273424830 0.9062944894429312 1084
1647273424966 0.9064335983763941 1085
1647273425095 0.9065726566904141 1086
1647273425225 0.9067116632908827 1087
1647273425368 0.9068506170840983 1088
1647273425502 0.9069895169767749 1089
1647273425631 0.9071283618760504 1090
1647273425762 0.9072671506894956 1091
1647273425895 0.9074058823251223 1092
1647273426026 0.9075445556913926 1093
1647273426159 0.9076831696972265 1094
1647273426288 0.9078217232520115 1095
1647273426420 0.9079602152656107 1096
1647273426551 0.908098644648371 1097
1647273426684 0.9082370103111326 1098
1647273426814 0.9083753111652367 1099
1647273426942 0.9085135461225348 1100
1647273427078 0.9086517140953961 1101
1647273427211 0.9087898139967177 1102
1647273427341 0.9089278447399318 1103
1647273427482 0.9090658052390149 1104
1647273427617 0.909203694408496 1105
1647273427747 0.9093415111634657 1106
1647273427884 0.9094792544195839 1107
1647273428012 0.9096169230930891 1108
1647273428140 0.9097545161008064 1109
1647273428274 0.9098920323601565 1110
1647273428413 0.9100294707891636 1111
1647273428542 0.9101668303064646 1112
1647273428670 0.9103041098313173 1113
1647273428812 0.9104413082836085 1114
1647273428944 0.9105784245838631 1115
1647273429075 0.9107154576532525 1116
1647273429206 0.9108524064136028 1117
1647273429333 0.9109892697874034 1118
1647273429478 0.9111260466978157 1119
1647273429557 0.9112627360686811 1120
1647273430411 0.9113993368245303 1121
1647273430550 0.9115358478905906 1122
1647273430680 0.9116722681927952 1123
1647273430813 0.9118085966577917 1124
1647273430947 0.9119448322129499 1125
1647273431082 0.9120809737863707 1126
1647273431219 0.9122170203068947 1127
1647273431357 0.91235297070411 1128
1647273431499 0.9124888239083613 1129
1647273431639 0.9126245788507579 1130
1647273431769 0.9127602344631821 1131
1647273431910 0.9128957896782979 1132
1647273432040 0.9130312434295592 1133
1647273432170 0.9131665946512182 1134
1647273432303 0.9133018422783337 1135
1647273432442 0.9134369852467797 1136
1647273432572 0.9135720224932536 1137
1647273432701 0.9137069529552848 1138
1647273432834 0.9138417755712425 1139
1647273432966 0.9139764892803446 1140
1647273433099 0.9141110930226661 1141
1647273433234 0.9142455857391469 1142
1647273433364 0.9143799663716008 1143
1647273433495 0.914514233862723 1144
1647273433630 0.9146483871560994 1145
1647273433765 0.914782425196214 1146
1647273433926 0.9149163469284578 1147
1647273434059 0.9150501512991368 1148
1647273434196 0.9151838372554807 1149
1647273434325 0.9153174037456505 1150
1647273434456 0.9154508497187474 1151
1647273434586 0.9155841741248205 1152
1647273434715 0.915717375914876 1153
1647273434845 0.9158504540408844 1154
1647273434973 0.915983407455789 1155
1647273435101 0.9161162351135148 1156
1647273435231 0.916248935968976 1157
1647273435359 0.9163815089780847 1158
1647273435487 0.9165139530977583 1159
1647273435566 0.916646267285929 1160
1647273440669 0.916778450501551 1161
1647273440822 0.916910501704609 1162
1647273440960 0.9170424198561262 1163
1647273441094 0.9171742039181731 1164
1647273441223 0.9173058528538747 1165
1647273441358 0.9174373656274194 1166
1647273441485 0.9175687412040671 1167
1647273441618 0.917699978550157 1168
1647273441751 0.9178310766331156 1169
1647273441881 0.9179620344214657 1170
1647273442020 0.9180928508848336 1171
1647273442156 0.9182235249939574 1172
1647273442288 0.9183540557206956 1173
1647273442420 0.9184844420380347 1174
1647273442555 0.9186146829200972 1175
1647273442692 0.9187447773421502 1176
1647273442824 0.9188747242806128 1177
1647273442957 0.9190045227130649 1178
1647273443085 0.9191341716182544 1179
1647273443213 0.9192636699761062 1180
1647273443343 0.9193930167677292 1181
1647273443475 0.9195222109754251 1182
1647273443608 0.9196512515826961 1183
1647273443738 0.9197801375742529 1184
1647273443873 0.9199088679360227 1185
1647273444005 0.920037441655157 1186
1647273444137 0.9201658577200402 1187
1647273444268 0.9202941151202968 1188
1647273444410 0.9204222128467998 1189
1647273444546 0.9205501498916783 1190
1647273444692 0.920677925248326 1191
1647273444821 0.9208055379114084 1192
1647273444958 0.9209329868768713 1193
1647273445090 0.9210602711419484 1194
1647273445216 0.9211873897051694 1195
1647273445345 0.9213143415663674 1196
1647273445481 0.9214411257266872 1197
1647273445612 0.9215677411885935 1198
1647273445738 0.9216941869558779 1199
1647273445816 0.9218204620336671 1200
1647273446652 0.921946565428431 1201
1647273446789 0.9220724961479903 1202
1647273446920 0.922198253201524 1203
1647273447053 0.9223238355995781 1204
1647273447199 0.9224492423540722 1205
1647273447333 0.922574472478308 1206
1647273447464 0.9226995249869773 1207
1647273447594 0.9228243988961689 1208
1647273447722 0.9229490932233768 1209
1647273447851 0.9230736069875085 1210
1647273447985 0.9231979392088917 1211
1647273448115 0.9233220889092825 1212
1647273448254 0.9234460551118732 1213
1647273448384 0.9235698368412999 1214
1647273448520 0.9236934331236499 1215
1647273448652 0.9238168429864698 1216
1647273448782 0.923940065458773 1217
1647273448918 0.9240630995710473 1218
1647273449063 0.9241859443552619 1219
1647273449194 0.9243085988448766 1220
1647273449328 0.9244310620748477 1221
1647273449461 0.9245533330816367 1222
1647273449590 0.9246754109032173 1223
1647273449717 0.9247972945790833 1224
1647273449848 0.9249189831502561 1225
1647273449982 0.9250404756592919 1226
1647273450115 0.92516177115029 1227
1647273450247 0.9252828686688992 1228
1647273450379 0.9254037672623264 1229
1647273450510 0.9255244659793436 1230
1647273450644 0.9256449638702953 1231
1647273450773 0.925765259987106 1232
1647273450901 0.9258853533832881 1233
1647273451034 0.9260052431139487 1234
1647273451166 0.9261249282357974 1235
1647273451297 0.9262444078071538 1236
1647273451429 0.9263636808879545 1237
1647273451560 0.926482746539761 1238
1647273451689 0.9266016038257667 1239
1647273451765 0.9267202518108048 1240
1647273452597 0.9268386895613545 1241
1647273452736 0.92695691614555 1242
1647273452868 0.9270749306331862 1243
1647273452998 0.9271927320957274 1244
1647273453127 0.9273103196063135 1245
1647273453263 0.9274276922397681 1246
1647273453394 0.927544849072605 1247
1647273453547 0.9276617891830367 1248
1647273453675 0.92777851165098 1249
1647273453812 0.9278950155580648 1250
1647273453943 0.9280112999876401 1251
1647273454071 0.928127364024782 1252
1647273454198 0.9282432067563008 1253
1647273454327 0.9283588272707477 1254
1647273454461 0.9284742246584226 1255
1647273454595 0.9285893980113805 1256
1647273454725 0.9287043464234398 1257
1647273454861 0.9288190689901881 1258
1647273454991 0.9289335648089903 1259
1647273455123 0.9290478329789951 1260
1647273455251 0.9291618726011426 1261
1647273455382 0.929275682778171 1262
1647273455528 0.9293892626146236 1263
1647273455664 0.9295026112168564 1264
1647273455795 0.9296157276930443 1265
1647273455923 0.9297286111531889 1266
1647273456054 0.9298412607091251 1267
1647273456186 0.9299536754745281 1268
1647273456318 0.9300658545649203 1269
1647273456450 0.9301777970976786 1270
1647273456583 0.930289502192041 1271
1647273456714 0.9304009689691137 1272
1647273456842 0.9305121965518781 1273
1647273456975 0.9306231840651975 1274
1647273457102 0.9307339306358238 1275
1647273457230 0.930844435392405 1276
1647273457360 0.9309546974654916 1277
1647273457498 0.9310647159875435 1278
1647273457630 0.9311744900929366 1279
1647273457708 0.9312840189179703 1280
1647273462878 0.9313933016008737 1281
1647273463024 0.9315023372818123 1282
1647273463156 0.9316111251028955 1283
1647273463291 0.9317196642081822 1284
1647273463422 0.9318279537436889 1285
1647273463552 0.9319359928573951 1286
1647273463682 0.9320437806992512 1287
1647273463814 0.932151316421184 1288
1647273463945 0.9322585991771043 1289
1647273464077 0.9323656281229133 1290
1647273464223 0.9324724024165092 1291
1647273464356 0.9325789212177933 1292
1647273464486 0.9326851836886777 1293
1647273464617 0.9327911889930912 1294
1647273464748 0.9328969362969856 1295
1647273464875 0.933002424768343 1296
1647273465005 0.9331076535771821 1297
1647273465134 0.933212621895564 1298
1647273465266 0.9333173288976001 1299
1647273465397 0.9334217737594575 1300
1647273465531 0.9335259556593655 1301
1647273465660 0.933629873777623 1302
1647273465798 0.9337335272966036 1303
1647273465927 0.9338369154007636 1304
1647273466059 0.9339400372766471 1305
1647273466194 0.9340428921128926 1306
1647273466332 0.9341454791002403 1307
1647273466464 0.9342477974315374 1308
1647273466596 0.934349846301745 1309
1647273466727 0.9344516249079444 1310
1647273466860 0.9345531324493432 1311
1647273466988 0.9346543681272818 1312
1647273467121 0.9347553311452395 1313
1647273467253 0.9348560207088411 1314
1647273467380 0.9349564360258629 1315
1647273467511 0.9350565763062386 1316
1647273467641 0.9351564407620665 1317
1647273467771 0.9352560286076146 1318
1647273467897 0.9353553390593273 1319
1647273467975 0.9354543713358319 1320
1647273473114 0.9355531246579439 1321
1647273473278 0.935651598248674 1322
1647273473410 0.9357497913332338 1323
1647273473542 0.9358477031390413 1324
1647273473693 0.9359453328957285 1325
1647273473822 0.9360426798351459 1326
1647273473955 0.9361397431913695 1327
1647273474084 0.9362365222007065 1328
1647273474216 0.9363330161017013 1329
1647273474345 0.9364292241351415 1330
1647273474483 0.9365251455440639 1331
1647273474615 0.9366207795737604 1332
1647273474748 0.9367161254717842 1333
1647273474881 0.9368111824879554 1334
1647273475033 0.936905949874367 1335
1647273475170 0.9370004268853908 1336
1647273475308 0.9370946127776831 1337
1647273475439 0.9371885068101912 1338
1647273475574 0.9372821082441583 1339
1647273475702 0.9373754163431298 1340
1647273475832 0.9374684303729593 1341
1647273475960 0.937561149601814 1342
1647273476099 0.9376535733001805 1343
1647273476227 0.9377457007408707 1344
1647273476358 0.9378375311990276 1345
1647273476495 0.9379290639521306 1346
1647273476624 0.9380202982800016 1347
1647273476760 0.9381112334648103 1348
1647273476896 0.9382018687910804 1349
1647273477031 0.9382922035456945 1350
1647273477164 0.9383822370179005 1351
1647273477295 0.9384719684993165 1352
1647273477421 0.9385613972839366 1353
1647273477548 0.9386505226681368 1354
1647273477677 0.93873934395068 1355
1647273477807 0.9388278604327219 1356
1647273477935 0.9389160714178163 1357
1647273478063 0.9390039762119206 1358
1647273478193 0.9390915741234015 1359
1647273478270 0.93917886446304 1360
1647273479108 0.9392658465440372 1361
1647273479244 0.9393525196820196 1362
1647273479388 0.9394388831950445 1363
1647273479525 0.9395249364036051 1364
1647273479655 0.9396106786306363 1365
1647273479783 0.9396961092015197 1366
1647273479916 0.939781227444089 1367
1647273480046 0.9398660326886353 1368
1647273480175 0.9399505242679124 1369
1647273480308 0.940034701517142 1370
1647273480439 0.9401185637740188 1371
1647273480572 0.9402021103787163 1372
1647273480717 0.9402853406738908 1373
1647273480846 0.940368254004688 1374
1647273480976 0.9404508497187474 1375
1647273481106 0.9405331271662069 1376
1647273481237 0.9406150856997092 1377
1647273481379 0.9406967246744059 1378
1647273481521 0.940778043447963 1379
1647273481650 0.9408590413805656 1380
1647273481781 0.9409397178349235 1381
1647273481912 0.9410200721762756 1382
1647273482045 0.9411001037723955 1383
1647273482174 0.9411798119935957 1384
1647273482310 0.9412591962127335 1385
1647273482449 0.941338255805215 1386
1647273482579 0.9414169901490008 1387
1647273482712 0.9414953986246104 1388
1647273482846 0.9415734806151272 1389
1647273482974 0.9416512355062036 1390
1647273483101 0.9417286626860651 1391
1647273483229 0.9418057615455162 1392
1647273483358 0.9418825314779444 1393
1647273483501 0.9419589718793251 1394
1647273483631 0.9420350821482265 1395
1647273483761 0.9421108616858143 1396
1647273483912 0.9421863098958564 1397
1647273484045 0.9422614261847276 1398
1647273484172 0.9423362099614142 1399
1647273484252 0.9424106606375187 1400
1647273489378 0.9424847776272643 1401
1647273489520 0.9425585603475001 1402
1647273489653 0.9426320082177045 1403
1647273489786 0.9427051206599913 1404
1647273489921 0.9427778970991129 1405
1647273490050 0.9428503369624653 1406
1647273490196 0.9429224396800933 1407
1647273490326 0.9429942046846935 1408
1647273490459 0.9430656314116204 1409
1647273490593 0.9431367192988895 1410
1647273490724 0.9432074677871827 1411
1647273490853 0.9432778763198519 1412
1647273490988 0.9433479443429241 1413
1647273491124 0.9434176713051052 1414
1647273491251 0.9434870566577848 1415
1647273491384 0.9435560998550399 1416
1647273491521 0.9436248003536398 1417
1647273491654 0.9436931576130504 1418
1647273491786 0.9437611710954377 1419
1647273491916 0.9438288402656728 1420
1647273492048 0.943896164591336 1421
1647273492187 0.9439631435427204 1422
1647273492320 0.9440297765928368 1423
1647273492450 0.9440960632174177 1424
1647273492588 0.9441620028949209 1425
1647273492721 0.9442275951065341 1426
1647273492847 0.9442928393361789 1427
1647273492976 0.9443577350705149 1428
1647273493104 0.9444222817989436 1429
1647273493233 0.9444864790136123 1430
1647273493366 0.9445503262094184 1431
1647273493500 0.9446138228840133 1432
1647273493627 0.9446769685378062 1433
1647273493754 0.9447397626739683 1434
1647273493882 0.9448022047984362 1435
1647273494017 0.9448642944199165 1436
1647273494158 0.944926031049889 1437
1647273494288 0.944987414202611 1438
1647273494417 0.945048443395121 1439
1647273494497 0.945109118147242 1440
1647273495318 0.9451694379815865 1441
1647273495455 0.9452294024235587 1442
1647273495585 0.9452890110013596 1443
1647273495714 0.94534826324599 1444
1647273495847 0.945407158691254 1445
1647273495987 0.9454656968737635 1446
1647273496123 0.9455238773329407 1447
1647273496252 0.9455816996110231 1448
1647273496384 0.9456391632530659 1449
1647273496517 0.945696267806946 1450
1647273496660 0.945753012823366 1451
1647273496791 0.9458093978558567 1452
1647273496924 0.945865422460782 1453
1647273497055 0.945921086197341 1454
1647273497187 0.9459763886275725 1455
1647273497319 0.9460313293163578 1456
1647273497451 0.9460859078314247 1457
1647273497579 0.9461401237433501 1458
1647273497710 0.9461939766255643 1459
1647273497839 0.9462474660543537 1460
1647273497971 0.9463005916088644 1461
1647273498100 0.9463533528711053 1462
1647273498232 0.9464057494259519 1463
1647273498364 0.9464577808611488 1464
1647273498495 0.9465094467673137 1465
1647273498646 0.9465607467379401 1466
1647273498776 0.9466116803694007 1467
1647273498903 0.9466622472609504 1468
1647273499037 0.9467124470147299 1469
1647273499168 0.9467622792357684 1470
1647273499297 0.9468117435319868 1471
1647273499431 0.9468608395142009 1472
1647273499560 0.9469095667961241 1473
1647273499688 0.9469579249943714 1474
1647273499819 0.9470059137284609 1475
1647273499948 0.9470535326208183 1476
1647273500076 0.9471007812967789 1477
1647273500203 0.9471476593845909 1478
1647273500329 0.9471941665154183 1479
1647273500406 0.9472403023233439 1480
1647273505588 0.9472860664453717 1481
1647273505736 0.9473314585214306 1482
1647273505876 0.9473764781943764 1483
1647273506004 0.9474211251099951 1484
1647273506144 0.9474653989170055 1485
1647273506279 0.9475092992670621 1486
1647273506408 0.9475528258147576 1487
1647273506539 0.947595978217626 1488
1647273506675 0.9476387561361448 1489
1647273506804 0.9476811592337381 1490
1647273506932 0.947723187176779 1491
1647273507066 0.9477648396345925 1492
1647273507199 0.9478061162794575 1493
1647273507338 0.9478470167866104 1494
1647273507474 0.9478875408342465 1495
1647273507604 0.9479276881035232 1496
1647273507736 0.9479674582785628 1497
1647273507865 0.9480068510464539 1498
1647273507993 0.9480458660972549 1499
1647273508124 0.9480845031239963 1500
1647273508256 0.9481227618226823 1501
1647273508388 0.9481606418922943 1502
1647273508515 0.9481981430347927 1503
1647273508644 0.9482352649551188 1504
1647273508781 0.9482720073611981 1505
1647273508908 0.9483083699639421 1506
1647273509041 0.9483443524772502 1507
1647273509171 0.9483799546180129 1508
1647273509318 0.948415176106113 1509
1647273509454 0.9484500166644284 1510
1647273509582 0.9484844760188343 1511
1647273509712 0.9485185538982049 1512
1647273509841 0.9485522500344162 1513
1647273509968 0.9485855641623475 1514
1647273510096 0.9486184960198838 1515
1647273510232 0.9486510453479178 1516
1647273510365 0.9486832118903519 1517
1647273510496 0.9487149953941004 1518
1647273510624 0.9487463956090911 1519
1647273510702 0.9487774122882678 1520
1647273511538 0.9488080451875917 1521
1647273511677 0.9488382940660436 1522
1647273511814 0.9488681586856259 1523
1647273511946 0.9488976388113644 1524
1647273512080 0.9489267342113097 1525
1647273512216 0.9489554446565399 1526
1647273512350 0.9489837699211617 1527
1647273512485 0.9490117097823123 1528
1647273512617 0.9490392640201615 1529
1647273512744 0.9490664324179128 1530
1647273512873 0.9490932147618059 1531
1647273513002 0.9491196108411176 1532
1647273513135 0.9491456204481642 1533
1647273513267 0.9491712433783024 1534
1647273513412 0.9491964794299315 1535
1647273513539 0.9492213284044946 1536
1647273513672 0.9492457901064804 1537
1647273513820 0.9492698643434246 1538
1647273513951 0.9492935509259117 1539
1647273514080 0.949316849667576 1540
1647273514219 0.9493397603851033 1541
1647273514351 0.9493622828982324 1542
1647273514483 0.9493844170297568 1543
1647273514618 0.9494061626055253 1544
1647273514748 0.9494275194544444 1545
1647273514881 0.9494484874084783 1546
1647273515020 0.9494690663026518 1547
1647273515152 0.9494892559750504 1548
1647273515284 0.9495090562668222 1549
1647273515424 0.9495284670221789 1550
1647273515558 0.9495474880883967 1551
1647273515687 0.9495661193158185 1552
1647273515834 0.9495843605578539 1553
1647273515962 0.9496022116709812 1554
1647273516092 0.9496196725147482 1555
1647273516221 0.9496367429517731 1556
1647273516354 0.9496534228477462 1557
1647273516483 0.9496697120714304 1558
1647273516614 0.949685610494662 1559
1647273516700 0.9497011179923529 1560
1647273521804 0.9497162344424902 1561
1647273521955 0.9497309597261379 1562
1647273522089 0.9497452937274375 1563
1647273522224 0.9497592363336098 1564
1647273522354 0.9497727874349543 1565
1647273522489 0.9497859469248512 1566
1647273522622 0.949798714699762 1567
1647273522754 0.9498110906592298 1568
1647273522883 0.9498230747058809 1569
1647273523011 0.9498346667454252 1570
1647273523142 0.9498458666866564 1571
1647273523275 0.9498566744414537 1572
1647273523409 0.949867089924782 1573
1647273523540 0.9498771130546922 1574
1647273523670 0.9498867437523227 1575
1647273523803 0.9498959819418993 1576
1647273523933 0.949904827550736 1577
1647273524069 0.9499132805092357 1578
1647273524203 0.9499213407508907 1579
1647273524330 0.9499290082122833 1580
1647273524482 0.9499362828330857 1581
1647273524616 0.9499431645560616 1582
1647273524743 0.9499496533270657 1583
1647273524878 0.9499557490950443 1584
1647273525009 0.9499614518120361 1585
1647273525136 0.9499667614331723 1586
1647273525263 0.9499716779166766 1587
1647273525401 0.9499762012238665 1588
1647273525531 0.9499803313191526 1589
1647273525660 0.9499840681700393 1590
1647273525790 0.9499874117471253 1591
1647273525920 0.9499903620241033 1592
1647273526048 0.9499929189777604 1593
1647273526174 0.9499950825879787 1594
1647273526301 0.9499968528377349 1595
1647273526435 0.9499982297131009 1596
1647273526568 0.9499992132032432 1597
1647273526700 0.9499998033004239 1598
1647273526826 0.95 1599
1647273526903 0.9499998033004239 1600
