1647275796012 0.5269841551780701 0
1647275802065 0.6634920835494995 1
1647275808115 0.6793650984764099 2
1647275818311 0.7460317611694336 3
1647275824230 0.761904776096344 4
1647275834578 0.7746031880378723 5
1647275840521 0.7301587462425232 6
1647275846472 0.6698412895202637 7
1647275852417 0.7174603343009949 8
1647275862749 0.6793650984764099 9
1647275868702 0.7555555701255798 10
1647275874684 0.8063492178916931 11
1647275880617 0.7650793790817261 12
1647275886717 0.8539682626724243 13
1647275892701 0.882539689540863 14
1647275898736 0.8317460417747498 15
1647275909074 0.9015873074531555 16
1647275915080 0.8952381014823914 17
1647275921263 0.8952381014823914 18
1647275931350 0.8761904835700989 19
1647275937475 0.920634925365448 20
1647275943588 0.9142857193946838 21
1647275953716 0.9015873074531555 22
1647275963982 0.9015873074531555 23
1647275969946 0.9047619104385376 24
1647275980259 0.9174603223800659 25
1647275990488 0.9269841313362122 26
1647276000785 0.9269841313362122 27
1647276010925 0.9365079402923584 28
1647276016897 0.9238095283508301 29
1647276027242 0.9333333373069763 30
1647276033226 0.9555555582046509 31
1647276043486 0.9396825432777405 32
1647276053887 0.9460317492485046 33
1647276064089 0.9523809552192688 34
1647276070061 0.961904764175415 35
1647276076028 0.958730161190033 36
1647276082056 0.9492063522338867 37
1647276092319 0.961904764175415 38
1647276098347 0.9492063522338867 39
