1647275779599 0.002 0
1647275787748 0.002000514040060901 1
1647275787989 0.002002056138223837 2
1647275788119 0.0020046262284304436 3
1647275788254 0.0020082242005866335 4
1647275788384 0.002012849900567222 5
1647275788540 0.00201850313022265 6
1647275788671 0.002025183647387359 7
1647275788820 0.002032891165890234 8
1647275788952 0.0020416253555668173 9
1647275789079 0.0020513858422735176 10
1647275789209 0.0020621722079035565 11
1647275789340 0.002073983990404926 12
1647275789466 0.002086820683800193 13
1647275789601 0.0021006817382081197 14
1647275789731 0.002115566559867277 15
1647275789859 0.002131474511161441 16
1647275789989 0.0021484049106469255 17
1647275790119 0.002166357033081767 18
1647275790253 0.00218533010945679 19
1647275790383 0.002205323327028552 20
1647275790512 0.0022263358293541508 21
1647275790644 0.0022483667163279153 22
1647275790790 0.0022714150442199876 23
1647275790922 0.0022954798257166925 24
1647275791048 0.0023205600299629064 25
1647275791176 0.0023466545826061336 26
1647275791310 0.0023737623658426008 27
1647275791442 0.0024018822184650873 28
1647275791588 0.0024310129359127117 29
1647275791715 0.0024611532703224734 30
1647275791845 0.002492301930582773 31
1647275791973 0.002524457582388666 32
1647275792101 0.0025576188482990675 33
1647275792228 0.0025917843077956984 34
1647275792360 0.0026269524973439942 35
1647275792487 0.002663121910455764 36
1647275792626 0.002700290997753728 37
1647275792753 0.0027384581670378966 38
1647275792907 0.0027776217833537648 39
1647275793904 0.002817780169062367 40
1647275796288 0.002858931603912096 41
1647275796424 0.002901074325112468 42
1647275796553 0.0029442065274095583 43
1647275796689 0.002988326363163367 44
1647275796817 0.0030334319424269868 45
1647275796947 0.003079521333027517 46
1647275797074 0.003126592560648872 47
1647275797224 0.003174643608916311 48
1647275797356 0.003223672419482869 49
1647275797494 0.0032736768921174594 50
1647275797626 0.003324654884794928 51
1647275797758 0.003376604213787715 52
1647275797896 0.0034295226537594814 53
1647275798024 0.0034834079378603805 54
1647275798155 0.0035382577578241814 55
1647275798285 0.003594069764067162 56
1647275798414 0.0036508415657887164 57
1647275798540 0.003708570731073821 58
1647275798670 0.0037672547869971665 59
1647275798807 0.0038268912197291227 60
1647275798937 0.0038874774746433804 61
1647275799064 0.003949010956426441 62
1647275799195 0.004011489029188735 63
1647275799326 0.004074909016577581 64
1647275799453 0.004139268201891783 65
1647275799583 0.004204563828198046 66
1647275799710 0.004270793098449077 67
1647275799842 0.004337953175603343 68
1647275799973 0.004406041182746685 69
1647275800106 0.004475054203215485 70
1647275800236 0.004544989280721626 71
1647275800364 0.004615843419479175 72
1647275800491 0.004687613584332624 73
1647275800625 0.004760296700886998 74
1647275800759 0.004833889655639481 75
1647275800889 0.004908389296112835 76
1647275801015 0.004983792430990404 77
1647275801149 0.005060095830252867 78
1647275801290 0.00513729622531655 79
1647275801373 0.005215390309173472 80
1647275802330 0.005294374736532999 81
1647275802467 0.005374246123965136 82
1647275802598 0.005455001050045483 83
1647275802729 0.005536636055501788 84
1647275802863 0.0056191476433621115 85
1647275802995 0.0057025322791046384 86
1647275803127 0.005786786390809123 87
1647275803256 0.005871906369309822 88
1647275803384 0.005957888568350167 89
1647275803519 0.006044729304738913 90
1647275803650 0.00613242485850795 91
1647275803782 0.006220971473071629 92
1647275803911 0.006310365355387676 93
1647275804044 0.006400602676119707 94
1647275804175 0.006491679569801234 95
1647275804307 0.006583592135001266 96
1647275804436 0.006676336434491406 97
1647275804564 0.006769908495414548 98
1647275804695 0.006864304309455033 99
1647275804848 0.006959519833010359 100
1647275804979 0.007055550987364406 101
1647275805109 0.0071523936588621245 102
1647275805237 0.007250043699085794 103
1647275805365 0.007348496925032699 104
1647275805508 0.007447749119294314 105
1647275805639 0.007547796030236975 106
1647275805774 0.007648633372183994 107
1647275805905 0.00775025682559926 108
1647275806038 0.007852662037272258 109
1647275806174 0.007955844620504547 110
1647275806304 0.008059800155297676 111
1647275806439 0.008164524188542542 112
1647275806571 0.008270012234210096 113
1647275806698 0.008376259773543546 114
1647275806829 0.00848326225525195 115
1647275806967 0.008591015095705104 116
1647275807096 0.008699513679129953 117
1647275807229 0.008808753357808292 118
1647275807357 0.00891872945227589 119
1647275807480 0.009029437251522866 120
1647275812617 0.009140872013195557 121
1647275812784 0.009253028963799675 122
1647275812917 0.009365903298904736 123
1647275813044 0.009479490183349905 124
1647275813178 0.009593784751451097 125
1647275813305 0.009708782107209393 126
1647275813439 0.009824477324520853 127
1647275813579 0.009940865447387405 128
1647275813709 0.010057941490129237 129
1647275813840 0.01017570043759835 130
1647275813988 0.010294137245393353 131
1647275814122 0.0104132468400756 132
1647275814248 0.010533024119386461 133
1647275814377 0.010653463952465969 134
1647275814515 0.010774561180072507 135
1647275814645 0.010896310614803902 136
1647275814771 0.011018707041319575 137
1647275814900 0.011141745216563984 138
1647275815040 0.01126541986999121 139
1647275815166 0.01138972570379071 140
1647275815302 0.011514657393114289 141
1647275815431 0.011640209586304184 142
1647275815562 0.011766376905122312 143
1647275815693 0.011893153944980646 144
1647275815825 0.012020535275172745 145
1647275815963 0.012148515439106389 146
1647275816103 0.012277088954537309 147
1647275816240 0.012406250313804011 148
1647275816370 0.012535993984063763 149
1647275816498 0.01266631440752955 150
1647275816627 0.01279720600170816 151
1647275816753 0.01292866315963935 152
1647275816879 0.013060680250135993 153
1647275817013 0.013193251618025321 154
1647275817143 0.013326371584391171 155
1647275817270 0.013460034446817232 156
1647275817396 0.013594234479631345 157
1647275817525 0.013728965934150753 158
1647275817652 0.01386422303892837 159
1647275817731 0.013999999999999999 160
1647275818575 0.014136291001132534 161
1647275818708 0.01427309020407308 162
1647275818844 0.014410391748799108 163
1647275818972 0.014548189753769404 164
1647275819106 0.014686478316176053 165
1647275819241 0.01482525151219733 166
1647275819368 0.01496450339725136 167
1647275819498 0.015104228006250879 168
1647275819634 0.01524441935385866 169
1647275819762 0.01538507143474397 170
1647275819894 0.015526178223839796 171
1647275820023 0.015667733676600917 172
1647275820165 0.015809731729262887 173
1647275820297 0.015952166299101726 174
1647275820426 0.016095031284694528 175
1647275820567 0.01623832056618079 176
1647275820696 0.016382028005524622 177
1647275820827 0.016526147446777592 178
1647275820955 0.01667067271634251 179
1647275821086 0.016815597623237845 180
1647275821214 0.016960915959362943 181
1647275821342 0.017106621499763927 182
1647275821471 0.0172527080029004 183
1647275821601 0.0173991692109128 184
1647275821730 0.017545998849890394 185
1647275821865 0.017693190630140174 186
1647275822000 0.017840738246456142 187
1647275822137 0.017988635378389503 188
1647275822285 0.018136875690519354 189
1647275822413 0.018285452832724126 190
1647275822549 0.018434360440453525 191
1647275822675 0.018583592135001263 192
1647275822824 0.01873314152377821 193
1647275822958 0.0188830022005863 194
1647275823085 0.019033167745892907 195
1647275823213 0.019183631727105854 196
1647275823340 0.019334387698848987 197
1647275823474 0.01948542920323822 198
1647275823603 0.01963674977015821 199
1647275823680 0.019788342917539503 200
1647275828856 0.01994020215163621 201
1647275829044 0.020092320967304168 202
1647275829194 0.020244692848279604 203
1647275829321 0.02039731126745827 204
1647275829447 0.020550169687175046 205
1647275829578 0.020703261559483967 206
1647275829708 0.020856580326438785 207
1647275829838 0.02101011942037378 208
1647275829969 0.02116387226418519 209
1647275830101 0.02131783227161292 210
1647275830228 0.021471992847522676 211
1647275830359 0.021626347388188458 212
1647275830490 0.02178088928157549 213
1647275830620 0.021935611907623415 214
1647275830746 0.02209050863852987 215
1647275830874 0.022245572839034458 216
1647275831016 0.022400797866702925 217
1647275831150 0.022556177072211702 218
1647275831302 0.022711703799632766 219
1647275831437 0.02286737138671876 220
1647275831572 0.023023173165188354 221
1647275831705 0.023179102461011895 222
1647275831836 0.023335152594697338 223
1647275831964 0.023491316881576317 224
1647275832095 0.02364758863209054 225
1647275832226 0.02380396115207834 226
1647275832357 0.0239604277430614 227
1647275832486 0.024116981702531723 228
1647275832619 0.024273616324238734 229
1647275832753 0.024430324898476567 230
1647275832881 0.024587100712371468 231
1647275833035 0.02474393705016935 232
1647275833163 0.024900827193523503 233
1647275833293 0.025057764421782355 234
1647275833427 0.025214742012277372 235
1647275833554 0.025371753240611042 236
1647275833683 0.025528791380944927 237
1647275833811 0.025685849706287737 238
1647275833938 0.025842921488783557 239
1647275834015 0.026000000000000002 240
1647275834841 0.026157078511216444 241
1647275834976 0.026314150293712264 242
1647275835110 0.026471208619055078 243
1647275835242 0.026628246759388952 244
1647275835396 0.026785257987722626 245
1647275835526 0.026942235578217642 246
1647275835660 0.027099172806476494 247
1647275835786 0.027256062949830656 248
1647275835919 0.02741289928762854 249
1647275836055 0.027569675101523437 250
1647275836201 0.02772638367576127 251
1647275836327 0.027883018297468278 252
1647275836456 0.0280395722569386 253
1647275836584 0.02819603884792166 254
1647275836719 0.028352411367909457 255
1647275836861 0.02850868311842368 256
1647275836991 0.028664847405302663 257
1647275837121 0.028820897538988102 258
1647275837252 0.028976826834811644 259
1647275837384 0.029132628613281236 260
1647275837515 0.02928829620036723 261
1647275837654 0.029443822927788302 262
1647275837783 0.029599202133297087 263
1647275837916 0.029754427160965546 264
1647275838049 0.02990949136147013 265
1647275838181 0.030064388092376593 266
1647275838308 0.03021911071842451 267
1647275838447 0.030373652611811543 268
1647275838581 0.030528007152477325 269
1647275838711 0.03068216772838708 270
1647275838842 0.030836127735814813 271
1647275838969 0.030989880579626223 272
1647275839097 0.031143419673561216 273
1647275839227 0.031296738440516024 274
1647275839356 0.03144983031282496 275
1647275839488 0.031602688732541726 276
1647275839619 0.0317553071517204 277
1647275839746 0.03190767903269583 278
1647275839874 0.0320597978483638 279
1647275839953 0.0322116570824605 280
1647275840788 0.032363250229841795 281
1647275840924 0.03251457079676179 282
1647275841050 0.03266561230115102 283
1647275841185 0.03281636827289415 284
1647275841312 0.0329668322541071 285
1647275841444 0.033116997799413704 286
1647275841576 0.03326685847622179 287
1647275841708 0.033416407864998735 288
1647275841850 0.03356563955954647 289
1647275841977 0.03371454716727587 290
1647275842104 0.033863124309480644 291
1647275842235 0.0340113646216105 292
1647275842368 0.03415926175354386 293
1647275842505 0.03430680936985984 294
1647275842633 0.0344540011501096 295
1647275842761 0.03460083078908721 296
1647275842893 0.0347472919970996 297
1647275843036 0.03489337850023607 298
1647275843169 0.03503908404063706 299
1647275843301 0.03518440237676215 300
1647275843432 0.035329327283657494 301
1647275843567 0.03547385255322241 302
1647275843696 0.03561797199447538 303
1647275843831 0.03576167943381921 304
1647275843965 0.03590496871530548 305
1647275844101 0.03604783370089827 306
1647275844237 0.03619026827073711 307
1647275844364 0.03633226632339909 308
1647275844494 0.036473821776160216 309
1647275844620 0.03661492856525603 310
1647275844751 0.036755580646141345 311
1647275844878 0.036895771993749125 312
1647275845012 0.03703549660274864 313
1647275845145 0.03717474848780268 314
1647275845271 0.037313521683823944 315
1647275845400 0.03745181024623061 316
1647275845535 0.03758960825120089 317
1647275845664 0.03772690979592691 318
1647275845820 0.03786370899886747 319
1647275845902 0.038 320
1647275846750 0.03813577696107163 321
1647275846885 0.03827103406584925 322
1647275847022 0.03840576552036866 323
1647275847153 0.03853996555318277 324
1647275847280 0.038673628415608834 325
1647275847408 0.038806748381974676 326
1647275847534 0.03893931974986401 327
1647275847661 0.039071336840360654 328
1647275847794 0.039202793998291845 329
1647275847928 0.03933368559247045 330
1647275848062 0.039464006015936234 331
1647275848210 0.039593749686195986 332
1647275848341 0.039722911045462696 333
1647275848472 0.03985148456089361 334
1647275848621 0.03997946472482725 335
1647275848751 0.04010684605501935 336
1647275848880 0.04023362309487769 337
1647275849013 0.04035979041369582 338
1647275849150 0.040485342606885716 339
1647275849282 0.040610274296209295 340
1647275849415 0.0407345801300088 341
1647275849548 0.04085825478343602 342
1647275849680 0.04098129295868043 343
1647275849819 0.041103689385196096 344
1647275849948 0.04122543881992749 345
1647275850076 0.041346536047534035 346
1647275850208 0.04146697588061354 347
1647275850360 0.04158675315992441 348
1647275850486 0.04170586275460665 349
1647275850622 0.041824299562401655 350
1647275850752 0.041942058509870754 351
1647275850880 0.04205913455261259 352
1647275851006 0.04217552267547915 353
1647275851138 0.042291217892790604 354
1647275851265 0.042406215248548915 355
1647275851394 0.0425205098166501 356
1647275851520 0.04263409670109526 357
1647275851649 0.04274697103620032 358
1647275851777 0.04285912798680444 359
1647275851855 0.042970562748477145 360
1647275857031 0.043081270547724114 361
1647275857210 0.043191246642191705 362
1647275857349 0.04330048632087005 363
1647275857487 0.0434089849042949 364
1647275857623 0.043516737744748055 365
1647275857769 0.04362374022645645 366
1647275857901 0.04372998776578991 367
1647275858033 0.04383547581145747 368
1647275858172 0.04394019984470233 369
1647275858303 0.04404415537949546 370
1647275858438 0.044147337962727747 371
1647275858569 0.044249743174400745 372
1647275858696 0.04435136662781601 373
1647275858829 0.04445220396976303 374
1647275858956 0.04455225088070569 375
1647275859100 0.044651503074967305 376
1647275859233 0.044749956300914204 377
1647275859359 0.04484760634113787 378
1647275859489 0.0449444490126356 379
1647275859622 0.045040480166989645 380
1647275859757 0.04513569569054497 381
1647275859892 0.04523009150458546 382
1647275860023 0.0453236635655086 383
1647275860154 0.04541640786499874 384
1647275860282 0.04550832043019876 385
1647275860409 0.0455993973238803 386
1647275860536 0.04568963464461233 387
1647275860667 0.04577902852692838 388
1647275860799 0.045867575141492055 389
1647275860928 0.04595527069526109 390
1647275861067 0.04604211143164984 391
1647275861195 0.046128093630690176 392
1647275861323 0.046213213609190874 393
1647275861450 0.04629746772089536 394
1647275861576 0.04638085235663789 395
1647275861703 0.046463363944498216 396
1647275861843 0.046544998949954515 397
1647275861971 0.04662575387603487 398
1647275862103 0.046705625263467006 399
1647275862182 0.04678460969082653 400
1647275863022 0.046862703774683455 401
1647275863167 0.04693990416974714 402
1647275863300 0.047016207569009594 403
1647275863432 0.04709161070388717 404
1647275863565 0.04716611034436052 405
1647275863704 0.047239703299113006 406
1647275863834 0.04731238641566737 407
1647275863963 0.04738415658052083 408
1647275864096 0.04745501071927837 409
1647275864226 0.04752494579678452 410
1647275864356 0.04759395881725331 411
1647275864487 0.047662046824396655 412
1647275864617 0.04772920690155093 413
1647275864743 0.04779543617180196 414
1647275864870 0.04786073179810822 415
1647275865000 0.04792509098342242 416
1647275865126 0.04798851097081126 417
1647275865263 0.04805098904357356 418
1647275865393 0.048112522525356624 419
1647275865537 0.04817310878027088 420
1647275865669 0.04823274521300284 421
1647275865805 0.048291429268926184 422
1647275865939 0.04834915843421129 423
1647275866067 0.04840593023593284 424
1647275866200 0.048461742242175816 425
1647275866336 0.04851659206213962 426
1647275866468 0.048570477346240516 427
1647275866604 0.04862339578621228 428
1647275866733 0.048675345115205076 429
1647275866864 0.04872632310788254 430
1647275866997 0.048776327580517136 431
1647275867128 0.04882535639108369 432
1647275867256 0.04887340743935113 433
1647275867389 0.04892047866697248 434
1647275867529 0.04896656805757302 435
1647275867656 0.04901167363683664 436
1647275867786 0.049055793472590446 437
1647275867916 0.049098925674887536 438
1647275868051 0.04914106839608791 439
1647275868131 0.04918221983093764 440
1647275868976 0.04922237821664624 441
1647275869115 0.04926154183296211 442
1647275869254 0.04929970900224628 443
1647275869388 0.04933687808954424 444
1647275869520 0.04937304750265601 445
1647275869653 0.049408215692204306 446
1647275869783 0.04944238115170094 447
1647275869934 0.04947554241761134 448
1647275870064 0.04950769806941724 449
1647275870197 0.04953884672967753 450
1647275870323 0.04956898706408729 451
1647275870455 0.04959811778153491 452
1647275870586 0.049626237634157404 453
1647275870714 0.04965334541739387 454
1647275870847 0.0496794399700371 455
1647275870980 0.049704520174283305 456
1647275871120 0.04972858495578002 457
1647275871254 0.04975163328367209 458
1647275871383 0.049773664170645854 459
1647275871513 0.04979467667297145 460
1647275871650 0.049814669890543214 461
1647275871777 0.04983364296691823 462
1647275871921 0.04985159508935308 463
1647275872056 0.049868525488838564 464
1647275872188 0.04988443344013273 465
1647275872319 0.049899318261791885 466
1647275872453 0.04991317931619981 467
1647275872581 0.04992601600959507 468
1647275872711 0.04993782779209645 469
1647275872842 0.04994861415772649 470
1647275872973 0.04995837464443318 471
1647275873102 0.04996710883410978 472
1647275873230 0.049974816352612646 473
1647275873359 0.049981496869777355 474
1647275873493 0.04998715009943278 475
1647275873622 0.04999177579941338 476
1647275873761 0.04999537377156956 477
1647275873899 0.04999794386177617 478
1647275874030 0.049999485959939104 479
1647275874109 0.049999901650605354 480
1647275874945 0.04999960660319523 481
1647275875091 0.04999911486009105 482
1647275875218 0.04999842642516184 483
1647275875346 0.04999754130382421 484
1647275875478 0.049996459503042254 485
1647275875615 0.04999518103132757 486
1647275875743 0.04999370589873917 487
1647275875873 0.04999203411688336 488
1647275876006 0.04999016569891369 489
1647275876146 0.04998810065953084 490
1647275876281 0.049985839014982505 491
1647275876433 0.04998338078306327 492
1647275876560 0.049980725983114455 493
1647275876692 0.04997787463602398 494
1647275876821 0.04997482676422622 495
1647275876953 0.04997158239170175 496
1647275877083 0.04996814154397724 497
1647275877220 0.049964504248125235 498
1647275877353 0.049960670532763915 499
1647275877482 0.049956640428056885 500
1647275877610 0.049952413965712934 501
1647275877739 0.0499479911789858 502
1647275877872 0.0499433721026739 503
1647275878007 0.04993855677312004 504
1647275878141 0.04993354522821116 505
1647275878274 0.049928337507378004 506
1647275878414 0.04992293365159483 507
1647275878544 0.049917333703379085 508
1647275878673 0.049911537706791076 509
1647275878803 0.04990554570743358 510
1647275878936 0.049899357752451586 511
1647275879066 0.04989297389053178 512
1647275879194 0.0498863941719023 513
1647275879325 0.049879618648332257 514
1647275879452 0.04987264737313135 515
1647275879579 0.04986548040114947 516
1647275879706 0.04985811778877622 517
1647275879834 0.049850559593940504 518
1647275879966 0.049842805876110084 519
1647275880043 0.04983485669629106 520
1647275880903 0.049826712117027466 521
1647275881043 0.0498183722024007 522
1647275881175 0.04980983701802908 523
1647275881307 0.04980110663106728 524
1647275881436 0.04979218111020584 525
1647275881568 0.04978306052567061 526
1647275881695 0.049773744949222196 527
1647275881825 0.049764234454155384 528
1647275881954 0.04975452911529861 529
1647275882084 0.049744629009013296 530
1647275882223 0.049734534213193314 531
1647275882351 0.04972424480726435 532
1647275882483 0.04971376087218328 533
1647275882614 0.04970308249043751 534
1647275882744 0.04969220974604439 535
1647275882885 0.049681142724550466 536
1647275883021 0.049669881513030895 537
1647275883156 0.04965842620008869 538
1647275883294 0.049646776875854046 539
1647275883426 0.04963493363198367 540
1647275883564 0.04962289656165999 541
1647275883690 0.049610665759590486 542
1647275883821 0.04959824132200689 543
1647275883950 0.049585623346664456 544
1647275884083 0.04957281193284122 545
1647275884213 0.04955980718133716 546
1647275884345 0.04954660919447344 547
1647275884474 0.0495332180760916 548
1647275884611 0.049519633931552724 549
1647275884740 0.04950585686773663 550
1647275884890 0.04949188699304105 551
1647275885018 0.04947772441738069 552
1647275885146 0.049463369252186466 553
1647275885278 0.04944882161040457 554
1647275885405 0.049434081606495615 555
1647275885540 0.049419149356433684 556
1647275885672 0.04940402497770548 557
1647275885801 0.04938870858930935 558
1647275885939 0.04937320031175437 559
1647275886017 0.049357500267059436 560
1647275886994 0.0493416085787522 561
1647275887132 0.04932552537186822 562
1647275887264 0.04930925077294988 563
1647275887416 0.049292784910045455 564
1647275887545 0.04927612791270807 565
1647275887672 0.0492592799119947 566
1647275887800 0.04924224104046514 567
1647275887931 0.04922501143218092 568
1647275888062 0.04920759122270433 569
1647275888194 0.04918998054909726 570
1647275888336 0.04917217954992021 571
1647275888470 0.049154188365231125 572
1647275888605 0.04913600713658435 573
1647275888736 0.04911763600702949 574
1647275888867 0.04909907512111027 575
1647275889003 0.04908032462486342 576
1647275889131 0.04906138466581754 577
1647275889263 0.0490422553929919 578
1647275889398 0.0490229369568953 579
1647275889527 0.049003429509524854 580
1647275889656 0.04898373320436484 581
1647275889790 0.04896384819638546 582
1647275889933 0.048943774642041596 583
1647275890065 0.04892351269927165 584
1647275890197 0.04890306252749624 585
1647275890326 0.04888242428761697 586
1647275890457 0.04886159814201517 587
1647275890584 0.04884058425455059 588
1647275890715 0.04881938279056013 589
1647275890845 0.04879799391685658 590
1647275890982 0.048776417801727215 591
1647275891113 0.048754654614932544 592
1647275891241 0.04873270452770495 593
1647275891389 0.04871056771274736 594
1647275891520 0.048688244344231836 595
1647275891647 0.04866573459779828 596
1647275891776 0.04864303865055299 597
1647275891905 0.04862015668106731 598
1647275892040 0.04859708886937616 599
1647275892119 0.04857383539697671 600
1647275892960 0.048550396446826884 601
1647275893094 0.048526772203343935 602
1647275893224 0.04850296285240302 603
1647275893357 0.04847896858133571 604
1647275893489 0.048454789578928514 605
1647275893619 0.048430426035421414 606
1647275893751 0.04840587814250637 607
1647275893884 0.04838114609332577 608
1647275894016 0.04835623008247097 609
1647275894148 0.04833113030598072 610
1647275894281 0.04830584696133962 611
1647275894415 0.04828038024747661 612
1647275894548 0.048254730364763375 613
1647275894677 0.048228897515012734 614
1647275894805 0.048202881901477125 615
1647275894932 0.04817668372884695 616
1647275895060 0.04815030320324898 617
1647275895189 0.04812374053224475 618
1647275895318 0.04809699592482892 619
1647275895451 0.04807006959142759 620
1647275895581 0.04804296174389669 621
1647275895709 0.04801567259552031 622
1647275895858 0.047988202361009015 623
1647275895991 0.04796055125649813 624
1647275896123 0.04793271949954609 625
1647275896257 0.04790470730913269 626
1647275896392 0.04787651490565735 627
1647275896527 0.04784814251093744 628
1647275896658 0.047819590348206466 629
1647275896789 0.047790858642112376 630
1647275896922 0.04776194761871574 631
1647275897049 0.04773285750548799 632
1647275897184 0.047703588531309654 633
1647275897313 0.04767414092646852 634
1647275897441 0.04764451492265785 635
1647275897569 0.047614710752974534 636
1647275897699 0.04758472865191728 637
1647275897833 0.04755456885538474 638
1647275897963 0.04752423160067369 639
1647275898040 0.04749371712647713 640
1647275903241 0.04746302567288243 641
1647275903409 0.04743215748136943 642
1647275903551 0.047401112794808534 643
1647275903680 0.04736989185745881 644
1647275903814 0.04733849491496605 645
1647275903953 0.047306922214360884 646
1647275904086 0.04727517400405678 647
1647275904214 0.04724325053384811 648
1647275904346 0.047211152054908216 649
1647275904477 0.04717887881978736 650
1647275904629 0.047146431082410824 651
1647275904761 0.04711380909807686 652
1647275904890 0.04708101312345467 653
1647275905022 0.04704804341658244 654
1647275905157 0.04701490023686527 655
1647275905290 0.046981583845073116 656
1647275905417 0.046948094503338804 657
1647275905545 0.04691443247515589 658
1647275905675 0.046880598025376655 659
1647275905802 0.046846591420209964 660
1647275905935 0.04681241292721922 661
1647275906067 0.04677806281532022 662
1647275906203 0.046743541354779074 663
1647275906333 0.04670884881721003 664
1647275906464 0.046673985475573394 665
1647275906606 0.04663895160417335 666
1647275906742 0.046603747478655796 667
1647275906872 0.0465683733760062 668
1647275907003 0.04653282957454741 669
1647275907141 0.04649711635393743 670
1647275907275 0.04646123399516729 671
1647275907402 0.046425182780558794 672
1647275907529 0.04638896299376226 673
1647275907662 0.04635257491975437 674
1647275907789 0.04631601884483587 675
1647275907917 0.046279295056629345 676
1647275908063 0.046242403844076935 677
1647275908191 0.046205345497438065 678
1647275908321 0.04616812030828718 679
1647275908398 0.04613072856951145 680
1647275909344 0.046093170575308436 681
1647275909486 0.04605544662118379 682
1647275909616 0.04601755700394896 683
1647275909747 0.0459795020217188 684
1647275909875 0.04594128197390926 685
1647275910006 0.04590289716123505 686
1647275910150 0.045864347885707195 687
1647275910283 0.045825634450630766 688
1647275910414 0.045786757160602404 689
1647275910545 0.04574771632150797 690
1647275910682 0.04570851224052012 691
1647275910824 0.0456691452260959 692
1647275910962 0.04562961558797431 693
1647275911091 0.04558992363717389 694
1647275911239 0.04555006968599021 695
1647275911369 0.04551005404799349 696
1647275911506 0.0454698770380261 697
1647275911635 0.04542953897220007 698
1647275911778 0.04538904016789461 699
1647275911910 0.04534838094375364 700
1647275912039 0.04530756161968323 701
1647275912175 0.04526658251684914 702
1647275912307 0.04522544395767425 703
1647275912439 0.045184146265836056 704
1647275912575 0.04514268976626408 705
1647275912706 0.04510107478513738 706
1647275912835 0.0450593016498819 707
1647275912971 0.04501737068916798 708
1647275913105 0.0449752822329077 709
1647275913244 0.0449330366122523 710
1647275913377 0.04489063415958964 711
1647275913508 0.04484807520854148 712
1647275913637 0.04480536009396093 713
1647275913772 0.044762489151929784 714
1647275913911 0.044719462719755895 715
1647275914040 0.04467628113597048 716
1647275914172 0.04463294474032554 717
1647275914307 0.044589453873791075 718
1647275914436 0.0445458088785525 719
1647275914514 0.044502010098007895 720
1647275915347 0.044458057876765315 721
1647275915485 0.0444139525606401 722
1647275915635 0.04436969449665212 723
1647275915767 0.04432528403302309 724
1647275915905 0.04428072151917376 725
1647275916037 0.04423600730572126 726
1647275916169 0.04419114174447625 727
1647275916306 0.04414612518844019 728
1647275916443 0.04410095799180261 729
1647275916573 0.04405564050993822 730
1647275916706 0.04401017309940422 731
1647275916843 0.04396455611793741 732
1647275916975 0.04391878992445143 733
1647275917104 0.04387287487903392 734
1647275917246 0.04382681134294368 735
1647275917375 0.04378059967860782 736
1647275917513 0.04373424024961894 737
1647275917659 0.04368773342073224 738
1647275917797 0.04364107955786265 739
1647275917931 0.043594279028082 740
1647275918082 0.04354733219961603 741
1647275918221 0.04350023944184162 742
1647275918350 0.043453001125283774 743
1647275918480 0.04340561762161276 744
1647275918613 0.0433580893036412 745
1647275918748 0.04331041654532108 746
1647275918890 0.04326259972174085 747
1647275919025 0.04321463920912249 748
1647275919160 0.043166535384818475 749
1647275919292 0.0431182886273089 750
1647275919431 0.04306989931619841 751
1647275919561 0.0430213678322133 752
1647275919692 0.042972694557198474 753
1647275919828 0.042923879874114404 754
1647275919958 0.04287492416703422 755
1647275920088 0.042825827821140576 756
1647275920217 0.0427765912227227 757
1647275920347 0.04272721475917331 758
1647275920475 0.04267769881898557 759
1647275920555 0.04262804379175008 760
1647275925616 0.04257825006815174 761
1647275925757 0.04252831803996673 762
1647275925897 0.04247824810005939 763
1647275926030 0.042428040642379164 764
1647275926172 0.04237769606195748 765
1647275926306 0.04232721475490465 766
1647275926453 0.04227659711840672 767
1647275926582 0.04222584355072241 768
1647275926717 0.04217495445117994 769
1647275926848 0.04212393022017386 770
1647275926993 0.04207277125916198 771
1647275927123 0.04202147797066211 772
1647275927255 0.04197005075824899 773
1647275927384 0.041918490026551056 774
1647275927514 0.04186679618124727 775
1647275927642 0.041814969629063926 776
1647275927776 0.041763010777771455 777
1647275927910 0.04171092003618122 778
1647275928041 0.041658697814142304 779
1647275928178 0.04160634452253825 780
1647275928308 0.04155386057328388 781
1647275928447 0.04150124637932201 782
1647275928577 0.04144850235462023 783
1647275928711 0.04139562891416762 784
1647275928848 0.04134262647397153 785
1647275928980 0.041289495451054245 786
1647275929109 0.04123623626344976 787
1647275929238 0.041182849330200465 788
1647275929371 0.04112933507135384 789
1647275929508 0.04107569390795916 790
1647275929641 0.041021926262064204 791
1647275929769 0.04096803255671189 792
1647275929896 0.040914013215936976 793
1647275930029 0.040859868664762725 794
1647275930158 0.04080559932919754 795
1647275930289 0.040751205636231635 796
1647275930431 0.040696688013833665 797
1647275930559 0.04064204689094736 798
1647275930688 0.04058728269748815 799
1647275930765 0.040532395864339786 800
1647275931621 0.040477386823350926 801
1647275931759 0.04042225600733177 802
1647275931897 0.04036700385005066 803
1647275932036 0.04031163078623062 804
1647275932167 0.04025613725154599 805
1647275932299 0.04020052368261895 806
1647275932428 0.04014479051701612 807
1647275932560 0.04008893819324509 808
1647275932691 0.04003296715075102 809
1647275932822 0.039976877829913104 810
1647275932954 0.03992067067204118 811
1647275933096 0.0398643461193722 812
1647275933228 0.0398079046150668 813
1647275933359 0.03975134660320578 814
1647275933490 0.0396946725287866 815
1647275933627 0.03963788283771994 816
1647275933757 0.03958097797682611 817
1647275933890 0.03952395839383161 818
1647275934028 0.03946682453736553 819
1647275934167 0.03940957685695609 820
1647275934300 0.03935221580302708 821
1647275934435 0.03929474182689428 822
1647275934564 0.03923715538076199 823
1647275934693 0.03917945691771935 824
1647275934836 0.03912164689173693 825
1647275934971 0.03906372575766301 826
1647275935101 0.0390056939712201 827
1647275935237 0.03894755198900131 828
1647275935375 0.03888930026846676 829
1647275935503 0.038830939267940005 830
1647275935633 0.03877246944660442 831
1647275935762 0.038713891264499554 832
1647275935892 0.03865520518251756 833
1647275936021 0.03859641166239953 834
1647275936157 0.03853751116673188 835
1647275936289 0.038478504158942724 836
1647275936420 0.03841939110329818 837
1647275936549 0.03836017246489878 838
1647275936676 0.03830084870967577 839
1647275936756 0.03824142030438743 840
1647275937742 0.03818188771661547 841
1647275937882 0.03812225141476128 842
1647275938013 0.03806251186804225 843
1647275938146 0.038002669546488135 844
1647275938276 0.03794272492093732 845
1647275938405 0.037882678463033066 846
1647275938533 0.03782253064521992 847
1647275938662 0.03776228194073987 848
1647275938790 0.037701932823628714 849
1647275938926 0.037641483768712285 850
1647275939059 0.03758093525160271 851
1647275939197 0.037520287748694696 852
1647275939339 0.037459541737161775 853
1647275939485 0.03739869769495254 854
1647275939620 0.037337756100786865 855
1647275939753 0.0372767174341522 856
1647275939886 0.03721558217529973 857
1647275940020 0.03715435080524063 858
1647275940155 0.03709302380574229 859
1647275940285 0.03703160165932449 860
1647275940414 0.03697008484925565 861
1647275940546 0.03690847385954899 862
1647275940675 0.03684676917495872 863
1647275940812 0.03678497128097627 864
1647275940942 0.03672308066382639 865
1647275941078 0.036661097810463436 866
1647275941210 0.036599023208567436 867
1647275941344 0.03653685734654031 868
1647275941491 0.036474600713501996 869
1647275941622 0.03641225379928664 870
1647275941750 0.0363498170944387 871
1647275941881 0.03628729109020911 872
1647275942010 0.03622467627855141 873
1647275942140 0.036161973152117874 874
1647275942278 0.036099182204255655 875
1647275942409 0.03603630392900284 876
1647275942538 0.03597333882108465 877
1647275942666 0.03591028737590948 878
1647275942795 0.035847150089565044 879
1647275942872 0.03578392745881442 880
1647275948017 0.03572061998109221 881
1647275948185 0.03565722815450057 882
1647275948326 0.03559375247780531 883
1647275948455 0.03553019345043199 884
1647275948583 0.03546655157246195 885
1647275948710 0.03540282734462842 886
1647275948841 0.03533902126831252 887
1647275948971 0.0352751338455394 888
1647275949104 0.03521116557897422 889
1647275949236 0.03514711697191819 890
1647275949371 0.035082988528304694 891
1647275949502 0.03501878075269521 892
1647275949636 0.03495449415027546 893
1647275949765 0.03489012922685132 894
1647275949893 0.034825686488844924 895
1647275950023 0.03476116644329064 896
1647275950172 0.0346965695978311 897
1647275950301 0.034631896460713164 898
1647275950437 0.034567147540784014 899
1647275950565 0.03450232334748703 900
1647275950695 0.03443742439085786 901
1647275950826 0.034372451181520415 902
1647275950964 0.03430740423068279 903
1647275951096 0.034242284050133305 904
1647275951229 0.03417709115223642 905
1647275951357 0.03411182604992876 906
1647275951490 0.03404648925671504 907
1647275951623 0.033981081286664036 908
1647275951755 0.03391560265440456 909
1647275951884 0.033850053875121376 910
1647275952020 0.03378443546455116 911
1647275952151 0.033718747938978465 912
1647275952282 0.03365299181523162 913
1647275952414 0.03358716761067869 914
1647275952547 0.03352127584322341 915
1647275952678 0.033455317031301085 916
1647275952806 0.03338929169387453 917
1647275952933 0.033323200350429974 918
1647275953066 0.03325704352097299 919
1647275953145 0.03319082172602439 920
1647275958250 0.033124535486616126 921
1647275958419 0.033058185324287226 922
1647275958552 0.032991771761079626 923
1647275958683 0.03292529531953412 924
1647275958811 0.032858756522686224 925
1647275958961 0.03279215589406206 926
1647275959094 0.03272549395767425 927
1647275959224 0.032658771238017775 928
1647275959352 0.03259198826006586 929
1647275959487 0.032525145549265846 930
1647275959619 0.032458243631535044 931
1647275959747 0.03239128303325662 932
1647275959879 0.03232426428127542 933
1647275960007 0.032257187902893836 934
1647275960138 0.03219005442586769 935
1647275960267 0.03212286437840204 936
1647275960398 0.032055618289147034 937
1647275960540 0.03198831668719376 938
1647275960672 0.031920960102070094 939
1647275960807 0.0318535490637365 940
1647275960946 0.03178608410258187 941
1647275961075 0.0317185657494194 942
1647275961209 0.03165099453548232 943
1647275961338 0.03158337099241981 944
1647275961466 0.03151569565229278 945
1647275961599 0.03144796904756962 946
1647275961728 0.03138019171112214 947
1647275961859 0.03131236417622125 948
1647275962003 0.031244486976532856 949
1647275962138 0.03117656064611361 950
1647275962274 0.031108585719406737 951
1647275962404 0.031040562731237804 952
1647275962534 0.030972492216810518 953
1647275962661 0.03090437471170255 954
1647275962794 0.030836210751861253 955
1647275962934 0.030768000873599526 956
1647275963064 0.030699745613591525 957
1647275963192 0.030631445508868486 958
1647275963318 0.030563101096814465 959
1647275963394 0.030494712915162148 960
1647275964254 0.03042628150198858 961
1647275964393 0.03035780739571096 962
1647275964524 0.030289291135082407 963
1647275964653 0.03022073325918768 964
1647275964784 0.030152134307439 965
1647275964918 0.03008349481957174 966
1647275965053 0.030014815335640245 967
1647275965185 0.029946096396013516 968
1647275965320 0.02987733854137101 969
1647275965453 0.02980854231269836 970
1647275965581 0.029739708251283126 971
1647275965717 0.02967083689871054 972
1647275965851 0.029601928796859227 973
1647275965980 0.029532984487896985 974
1647275966113 0.02946400451427644 975
1647275966245 0.029394989418730873 976
1647275966382 0.029325939744269877 977
1647275966515 0.02925685603417513 978
1647275966654 0.02918773883199608 979
1647275966787 0.02911858868154571 980
1647275966915 0.029049406126896226 981
1647275967045 0.0289801917123748 982
1647275967182 0.02891094598255927 983
1647275967315 0.028841669482273857 984
1647275967459 0.028772362756584905 985
1647275967589 0.02870302635079654 986
1647275967721 0.02863366081044644 987
1647275967853 0.028564266681301496 988
1647275967983 0.028494844509353537 989
1647275968119 0.02842539484081504 990
1647275968250 0.028355918222114807 991
1647275968376 0.028286415199893715 992
1647275968503 0.028216886321000344 993
1647275968636 0.02814733213248675 994
1647275968767 0.028077753181604107 995
1647275968899 0.02800815001579841 996
1647275969027 0.0279385231827062 997
1647275969156 0.027868873230150203 998
1647275969284 0.027799200706135088 999
1647275969380 0.02772950615884307 1000
1647275974527 0.027659790136629683 1001
1647275974682 0.027590053188019395 1002
1647275974820 0.027520295861701342 1003
1647275974957 0.02745051870652499 1004
1647275975089 0.027380722271495794 1005
1647275975219 0.027310907105770936 1006
1647275975347 0.02724107375865495 1007
1647275975482 0.027171222779595435 1008
1647275975616 0.027101354718178698 1009
1647275975751 0.027031470124125472 1010
1647275975886 0.026961569547286554 1011
1647275976016 0.0268916535376385 1012
1647275976166 0.02682172264527928 1013
1647275976295 0.026751777420423974 1014
1647275976425 0.026681818413400435 1015
1647275976555 0.026611846174644925 1016
1647275976691 0.02654186125469785 1017
1647275976833 0.02647186420419936 1018
1647275976970 0.026401855573885073 1019
1647275977100 0.026331835914581693 1020
1647275977234 0.026261805777202725 1021
1647275977363 0.0261917657127441 1022
1647275977494 0.02612171627227984 1023
1647275977628 0.02605165800695778 1024
1647275977761 0.02598159146799514 1025
1647275977897 0.025911517206674284 1026
1647275978028 0.025841435774338294 1027
1647275978176 0.0257713477223867 1028
1647275978310 0.025701253602271098 1029
1647275978441 0.02563115396549085 1030
1647275978571 0.0255610493635887 1031
1647275978704 0.02549094034814646 1032
1647275978831 0.025420827470780692 1033
1647275978964 0.025350711283138316 1034
1647275979092 0.025280592336892314 1035
1647275979221 0.025210471183737357 1036
1647275979349 0.025140348375385497 1037
1647275979477 0.02507022446356179 1038
1647275979615 0.0250001 1039
1647275979692 0.024929975536438213 1040
1647275984762 0.024859851624614508 1041
1647275984936 0.024789728816262648 1042
1647275985071 0.02471960766310769 1043
1647275985200 0.02464948871686169 1044
1647275985328 0.02457937252921931 1045
1647275985456 0.024509259651853542 1046
1647275985585 0.02443915063641131 1047
1647275985719 0.02436904603450916 1048
1647275985850 0.024298946397728907 1049
1647275985993 0.02422885227761331 1050
1647275986122 0.024158764225661718 1051
1647275986251 0.024088682793325728 1052
1647275986380 0.024018608532004868 1053
1647275986518 0.023948541993042232 1054
1647275986648 0.02387848372772017 1055
1647275986780 0.023808434287255913 1056
1647275986935 0.023738394222797273 1057
1647275987072 0.023668364085418305 1058
1647275987201 0.02359834442611493 1059
1647275987334 0.023528335795800638 1060
1647275987463 0.02345833874530215 1061
1647275987598 0.023388353825355073 1062
1647275987733 0.02331838158659957 1063
1647275987864 0.023248422579576024 1064
1647275988003 0.023178477354720728 1065
1647275988138 0.023108546462361507 1066
1647275988267 0.023038630452713454 1067
1647275988394 0.02296872987587453 1068
1647275988526 0.022898845281821307 1069
1647275988655 0.02282897722040457 1070
1647275988787 0.022759126241345056 1071
1647275988929 0.02268929289422907 1072
1647275989061 0.022619477728504214 1073
1647275989189 0.022549681293475017 1074
1647275989318 0.02247990413829866 1075
1647275989445 0.02241014681198061 1076
1647275989573 0.022340409863370318 1077
1647275989701 0.02227069384115693 1078
1647275989829 0.022200999293864914 1079
1647275989908 0.0221313267698498 1080
1647275995002 0.022061676817293808 1081
1647275995151 0.0219920499842016 1082
1647275995286 0.0219224468183959 1083
1647275995415 0.021852867867513257 1084
1647275995553 0.021783313678999657 1085
1647275995684 0.021713784800106297 1086
1647275995817 0.021644281777885202 1087
1647275995950 0.021574805159184973 1088
1647275996087 0.021505355490646475 1089
1647275996218 0.021435933318698513 1090
1647275996352 0.021366539189553568 1091
1647275996488 0.02129717364920346 1092
1647275996621 0.021227837243415097 1093
1647275996750 0.021158530517726138 1094
1647275996882 0.021089254017440728 1095
1647275997014 0.021020008287625198 1096
1647275997152 0.02095079387310377 1097
1647275997285 0.020881611318454292 1098
1647275997417 0.020812461168003924 1099
1647275997559 0.020743343965824872 1100
1647275997686 0.020674260255730124 1101
1647275997821 0.02060521058126913 1102
1647275997956 0.020536195485723566 1103
1647275998085 0.020467215512103024 1104
1647275998215 0.020398271203140774 1105
1647275998342 0.020329363101289463 1106
1647275998475 0.02026049174871688 1107
1647275998605 0.020191657687301644 1108
1647275998733 0.020122861458628998 1109
1647275998862 0.020054103603986493 1110
1647275998994 0.01998538466435976 1111
1647275999125 0.019916705180428266 1112
1647275999253 0.019848065692561007 1113
1647275999382 0.019779466740812324 1114
1647275999512 0.0197109088649176 1115
1647275999643 0.01964239260428904 1116
1647275999771 0.019573918498011423 1117
1647275999899 0.019505487084837857 1118
1647276000028 0.019437098903185537 1119
1647276000108 0.019368754491131523 1120
1647276005231 0.019300454386408483 1121
1647276005382 0.019232199126400482 1122
1647276005516 0.01916398924813876 1123
1647276005652 0.019095825288297463 1124
1647276005779 0.01902770778318949 1125
1647276005910 0.018959637268762205 1126
1647276006040 0.018891614280593258 1127
1647276006170 0.018823639353886385 1128
1647276006330 0.01875571302346714 1129
1647276006462 0.01868783582377875 1130
1647276006594 0.018620008288877863 1131
1647276006722 0.018552230952430374 1132
1647276006850 0.018484504347707226 1133
1647276006982 0.018416829007580182 1134
1647276007115 0.01834920546451768 1135
1647276007252 0.018281634250580606 1136
1647276007382 0.018214115897418132 1137
1647276007513 0.018146650936263505 1138
1647276007643 0.01807923989792991 1139
1647276007771 0.01801188331280624 1140
1647276007904 0.017944581710852975 1141
1647276008031 0.017877335621597965 1142
1647276008168 0.017810145574132314 1143
1647276008308 0.017743012097106173 1144
1647276008435 0.01767593571872459 1145
1647276008565 0.01760891696674339 1146
1647276008696 0.017541956368464957 1147
1647276008830 0.017475054450734162 1148
1647276008962 0.01740821173993414 1149
1647276009092 0.017341428761982233 1150
1647276009223 0.017274706042325755 1151
1647276009362 0.017208044105937945 1152
1647276009490 0.017141443477313778 1153
1647276009619 0.017074904680465883 1154
1647276009746 0.01700842823892038 1155
1647276009875 0.01694201467571278 1156
1647276010005 0.016875664513383883 1157
1647276010135 0.016809378273975623 1158
1647276010280 0.016743156479027025 1159
1647276010362 0.016676999649570038 1160
1647276011191 0.016610908306125487 1161
1647276011330 0.016544882968698917 1162
1647276011465 0.016478924156776587 1163
1647276011600 0.016413032389321305 1164
1647276011727 0.01634720818476838 1165
1647276011857 0.01628145206102154 1166
1647276011990 0.01621576453544884 1167
1647276012120 0.016150146124878625 1168
1647276012252 0.01608459734559544 1169
1647276012384 0.016019118713335966 1170
1647276012518 0.01595371074328497 1171
1647276012661 0.015888373950071245 1172
1647276012800 0.015823108847763587 1173
1647276012931 0.015757915949866703 1174
1647276013063 0.01569279576931721 1175
1647276013200 0.015627748818479587 1176
1647276013332 0.015562775609142147 1177
1647276013461 0.015497876652512978 1178
1647276013596 0.015433052459215994 1179
1647276013725 0.015368303539286839 1180
1647276013858 0.01530363040216891 1181
1647276013991 0.015239033556709365 1182
1647276014128 0.015174513511155079 1183
1647276014258 0.015110070773148684 1184
1647276014391 0.015045705849724545 1185
1647276014522 0.014981419247304792 1186
1647276014663 0.014917211471695318 1187
1647276014794 0.01485308302808182 1188
1647276014927 0.014789034421025794 1189
1647276015060 0.014725066154460606 1190
1647276015189 0.014661178731687487 1191
1647276015321 0.014597372655371595 1192
1647276015451 0.01453364842753806 1193
1647276015581 0.014470006549568025 1194
1647276015710 0.014406447522194695 1195
1647276015840 0.014342971845499443 1196
1647276015973 0.014279580018907792 1197
1647276016117 0.014216272541185583 1198
1647276016247 0.014153049910434961 1199
1647276016326 0.014089912624090511 1200
1647276021468 0.01402686117891535 1201
1647276021619 0.013963896070997161 1202
1647276021757 0.013901017795744356 1203
1647276021892 0.013838226847882131 1204
1647276022029 0.013775523721448591 1205
1647276022160 0.013712908909790895 1206
1647276022289 0.013650382905561307 1207
1647276022420 0.013587946200713368 1208
1647276022565 0.013525599286498002 1209
1647276022700 0.013463342653459696 1210
1647276022832 0.01340117679143257 1211
1647276022964 0.013339102189536572 1212
1647276023096 0.01327711933617361 1213
1647276023232 0.013215228719023742 1214
1647276023359 0.013153430825041282 1215
1647276023508 0.013091726140451019 1216
1647276023638 0.013030115150744355 1217
1647276023769 0.012968598340675512 1218
1647276023898 0.012907176194257717 1219
1647276024026 0.01284584919475938 1220
1647276024165 0.012784617824700285 1221
1647276024297 0.012723482565847806 1222
1647276024438 0.012662443899213137 1223
1647276024581 0.012601502305047474 1224
1647276024721 0.012540658262838233 1225
1647276024858 0.012479912251305318 1226
1647276024989 0.012419264748397302 1227
1647276025118 0.012358716231287729 1228
1647276025259 0.012298267176371296 1229
1647276025388 0.012237918059260142 1230
1647276025528 0.01217766935478009 1231
1647276025660 0.012117521536966932 1232
1647276025789 0.01205747507906269 1233
1647276025920 0.011997530453511863 1234
1647276026049 0.011937688131957754 1235
1647276026204 0.01187794858523872 1236
1647276026334 0.011818312283384525 1237
1647276026469 0.011758779695612568 1238
1647276026598 0.011699351290324242 1239
1647276026675 0.011640027535101228 1240
1647276027505 0.011580808896701824 1241
1647276027645 0.011521695841057285 1242
1647276027776 0.011462688833268127 1243
1647276027918 0.011403788337600482 1244
1647276028051 0.011344994817482442 1245
1647276028190 0.011286308735500445 1246
1647276028320 0.011227730553395586 1247
1647276028448 0.011169260732060001 1248
1647276028578 0.011110899731533255 1249
1647276028708 0.0110526480109987 1250
1647276028837 0.010994506028779908 1251
1647276028977 0.010936474242336996 1252
1647276029108 0.010878553108263078 1253
1647276029240 0.010820743082280647 1254
1647276029374 0.01076304461923802 1255
1647276029509 0.01070545817310572 1256
1647276029642 0.01064798419697293 1257
1647276029770 0.010590623143043912 1258
1647276029904 0.010533375462634477 1259
1647276030038 0.010476241606168403 1260
1647276030168 0.010419222023173894 1261
1647276030301 0.010362317162280072 1262
1647276030436 0.010305527471213405 1263
1647276030566 0.010248853396794235 1264
1647276030707 0.01019229538493321 1265
1647276030839 0.010135853880627814 1266
1647276030971 0.01007952932795883 1267
1647276031106 0.010023322170086894 1268
1647276031247 0.009967232849248983 1269
1647276031375 0.00991126180675491 1270
1647276031504 0.00985540948298389 1271
1647276031634 0.00979967631738105 1272
1647276031770 0.00974406274845401 1273
1647276031898 0.009688569213769378 1274
1647276032046 0.009633196149949343 1275
1647276032175 0.009577943992668236 1276
1647276032304 0.00952281317664908 1277
1647276032431 0.00946780413566022 1278
1647276032560 0.00941291730251185 1279
1647276032637 0.009358153109052641 1280
1647276037792 0.009303511986166333 1281
1647276037951 0.009248994363768368 1282
1647276038090 0.009194600670802466 1283
1647276038220 0.009140331335237284 1284
1647276038349 0.009086186784063031 1285
1647276038477 0.009032167443288113 1286
1647276038609 0.008978273737935796 1287
1647276038751 0.008924506092040842 1288
1647276038881 0.008870864928646171 1289
1647276039013 0.00881735066979954 1290
1647276039145 0.008763963736550246 1291
1647276039275 0.008710704548945765 1292
1647276039406 0.008657573526028488 1293
1647276039533 0.008604571085832386 1294
1647276039674 0.008551697645379781 1295
1647276039807 0.008498953620677997 1296
1647276039936 0.008446339426716128 1297
1647276040068 0.008393855477461756 1298
1647276040199 0.008341502185857698 1299
1647276040331 0.008289279963818784 1300
1647276040470 0.008237189222228554 1301
1647276040606 0.008185230370936079 1302
1647276040751 0.008133403818752737 1303
1647276040888 0.00808170997344894 1304
1647276041018 0.00803014924175101 1305
1647276041151 0.007978722029337892 1306
1647276041285 0.00792742874083803 1307
1647276041413 0.007876269779826141 1308
1647276041541 0.007825245548820062 1309
1647276041671 0.007774356449277585 1310
1647276041801 0.007723602881593283 1311
1647276041927 0.007672985245095361 1312
1647276042055 0.00762250393804252 1313
1647276042183 0.007572159357620837 1314
1647276042312 0.0075219518999406175 1315
1647276042440 0.007471881960033282 1316
1647276042567 0.0074219499318482615 1317
1647276042708 0.007372156208249922 1318
1647276042838 0.007322501181014432 1319
1647276042918 0.0072729852408267015 1320
1647276048031 0.00722360877727731 1321
1647276048204 0.007174372178859426 1322
1647276048334 0.0071252758329657835 1323
1647276048464 0.0070763201258855985 1324
1647276048605 0.007027505442801539 1325
1647276048738 0.0069788321677867 1326
1647276048867 0.006930300683801597 1327
1647276049005 0.006881911372691115 1328
1647276049139 0.006833664615181532 1329
1647276049270 0.006785560790877514 1330
1647276049406 0.006737600278259151 1331
1647276049539 0.006689783454678929 1332
1647276049667 0.006642110696358811 1333
1647276049801 0.006594582378387248 1334
1647276049937 0.006547198874716235 1335
1647276050066 0.006499960558158389 1336
1647276050197 0.006452867800383967 1337
1647276050327 0.006405920971918009 1338
1647276050465 0.006359120442137349 1339
1647276050598 0.006312466579267763 1340
1647276050726 0.0062659597503810635 1341
1647276050856 0.006219600321392185 1342
1647276050989 0.006173388657056329 1343
1647276051128 0.006127325120966086 1344
1647276051259 0.00608141007554857 1345
1647276051392 0.006035643882062597 1346
1647276051539 0.005990026900595787 1347
1647276051669 0.005944559490061785 1348
1647276051799 0.005899242008197396 1349
1647276051940 0.00585407481155981 1350
1647276052075 0.005809058255523758 1351
1647276052205 0.0057641926942787435 1352
1647276052332 0.005719478480826232 1353
1647276052459 0.005674915966976912 1354
1647276052593 0.005630505503347879 1355
1647276052727 0.005586247439359904 1356
1647276052863 0.0055421421232346915 1357
1647276052991 0.005498189901992111 1358
1647276053121 0.005454391121447502 1359
1647276053202 0.005410746126208931 1360
1647276058262 0.00536725525967447 1361
1647276058406 0.005323918864029518 1362
1647276058546 0.005280737280244115 1363
1647276058675 0.005237710848070222 1364
1647276058803 0.005194839906039079 1365
1647276058935 0.00515212479145853 1366
1647276059066 0.005109565840410365 1367
1647276059199 0.005067163387747702 1368
1647276059327 0.005024917767092315 1369
1647276059464 0.0049828293108320305 1370
1647276059592 0.0049408983501181 1371
1647276059726 0.004899125214862619 1372
1647276059857 0.004857510233735917 1373
1647276059992 0.004816053734163949 1374
1647276060147 0.004774756042325754 1375
1647276060285 0.00473361748315086 1376
1647276060417 0.004692638380316774 1377
1647276060545 0.004651819056246367 1378
1647276060674 0.004611159832105392 1379
1647276060803 0.004570661027799938 1380
1647276060932 0.0045303229619739005 1381
1647276061059 0.004490145952006513 1382
1647276061204 0.004450130314009799 1383
1647276061338 0.004410276362826121 1384
1647276061473 0.004370584412025686 1385
1647276061602 0.004331054773904104 1386
1647276061735 0.004291687759479888 1387
1647276061867 0.00425248367849204 1388
1647276062000 0.004213442839397597 1389
1647276062147 0.004174565549369235 1390
1647276062288 0.004135852114292806 1391
1647276062415 0.00409730283876496 1392
1647276062543 0.004058918026090744 1393
1647276062672 0.0040206979782812045 1394
1647276062800 0.003982642996051044 1395
1647276062929 0.003944753378816211 1396
1647276063057 0.0039070294246915695 1397
1647276063193 0.0038694714304885495 1398
1647276063321 0.0038320796917128202 1399
1647276063399 0.0037948545025619424 1400
1647276064368 0.0037577961559230786 1401
1647276064511 0.003720904943370664 1402
1647276064642 0.0036841811551641315 1403
1647276064788 0.003647625080245636 1404
1647276064918 0.003611237006237749 1405
1647276065050 0.003575017219441219 1406
1647276065183 0.003538966004832708 1407
1647276065313 0.0035030836460625703 1408
1647276065446 0.0034673704254526 1409
1647276065576 0.003431826623993802 1410
1647276065711 0.00339645252134421 1411
1647276065839 0.0033612483958266547 1412
1647276065974 0.0033262145244266086 1413
1647276066102 0.003291351182789975 1414
1647276066236 0.003256658645220932 1415
1647276066364 0.003222137184679781 1416
1647276066497 0.0031877870727807785 1417
1647276066631 0.0031536085797900354 1418
1647276066777 0.003119601974623349 1419
1647276066908 0.0030857675248441136 1420
1647276067040 0.003052105496661199 1421
1647276067171 0.003018616154926885 1422
1647276067315 0.002985299763134736 1423
1647276067442 0.0029521565834175617 1424
1647276067573 0.0029191868765453353 1425
1647276067702 0.0028863909019231464 1426
1647276067841 0.0028537689175891774 1427
1647276067971 0.0028213211802126455 1428
1647276068109 0.002789047945091794 1429
1647276068244 0.002756949466151888 1430
1647276068376 0.0027250259959432244 1431
1647276068508 0.002693277785639119 1432
1647276068635 0.0026617050850339537 1433
1647276068770 0.0026303081425411968 1434
1647276068899 0.0025990872051914688 1435
1647276069031 0.0025680425186305703 1436
1647276069161 0.0025371743271175706 1437
1647276069288 0.0025064828735228734 1438
1647276069417 0.0024759683993263145 1439
1647276069493 0.0024456311446152644 1440
1647276070333 0.002415471348082729 1441
1647276070473 0.0023854892470254662 1442
1647276070608 0.002355685077342152 1443
1647276070747 0.0023260590735314783 1444
1647276070879 0.0022966114686903487 1445
1647276071009 0.002267342494512014 1446
1647276071154 0.00223825238128427 1447
1647276071284 0.0022093413578876298 1448
1647276071419 0.0021806096517935337 1449
1647276071548 0.002152057489062564 1450
1647276071679 0.002123685094342652 1451
1647276071807 0.0020954926908673156 1452
1647276071939 0.0020674805004539045 1453
1647276072072 0.0020396487435018675 1454
1647276072206 0.002011997638990991 1455
1647276072337 0.0019845274044796943 1456
1647276072471 0.001957238256103316 1457
1647276072606 0.0019301304085724185 1458
1647276072738 0.0019032040751710828 1459
1647276072871 0.001876459467755246 1460
1647276073005 0.0018498967967510234 1461
1647276073149 0.0018235162711530552 1462
1647276073278 0.0017973180985228808 1463
1647276073418 0.0017713024849872693 1464
1647276073553 0.0017454696352366319 1465
1647276073685 0.0017198197525233867 1466
1647276073814 0.001694353038660384 1467
1647276073948 0.0016690696940192908 1468
1647276074083 0.0016439699175290368 1469
1647276074213 0.0016190539066742297 1470
1647276074350 0.001594321857493634 1471
1647276074480 0.0015697739645785854 1472
1647276074610 0.0015454104210714911 1473
1647276074737 0.0015212314186642984 1474
1647276074869 0.001497237147596981 1475
1647276074995 0.0014734277966560693 1476
1647276075134 0.0014498035531731192 1477
1647276075265 0.001426364603023291 1478
1647276075392 0.0014031111306238415 1479
1647276075469 0.0013800433189326954 1480
1647276076310 0.001357161349447005 1481
1647276076449 0.001334465402201722 1482
1647276076580 0.0013119556557681703 1483
1647276076711 0.0012896322872526537 1484
1647276076840 0.0012674954722950522 1485
1647276076969 0.001245545385067462 1486
1647276077100 0.0012237821982727913 1487
1647276077229 0.001202206083143424 1488
1647276077363 0.0011808172094398641 1489
1647276077510 0.0011596157454494165 1490
1647276077663 0.0011386018579848355 1491
1647276077802 0.001117775712383031 1492
1647276077938 0.001097137472503759 1493
1647276078072 0.0010766873007283526 1494
1647276078206 0.0010564253579584072 1495
1647276078337 0.0010363518036145473 1496
1647276078469 0.0010164667956351614 1497
1647276078603 0.0009967704904751474 1498
1647276078736 0.0009772630431047072 1499
1647276078865 0.000957944607008105 1500
1647276078997 0.0009388153341824663 1501
1647276079128 0.0009198753751365829 1502
1647276079261 0.0009011248788897387 1503
1647276079399 0.0008825639929705155 1504
1647276079537 0.0008641928634156506 1505
1647276079684 0.0008460116347688782 1506
1647276079815 0.0008280204500797953 1507
1647276079946 0.000810219450902742 1508
1647276080074 0.0007926087772956788 1509
1647276080215 0.0007751885678190833 1510
1647276080344 0.0007579589595348658 1511
1647276080476 0.0007409200880052981 1512
1647276080609 0.0007240720872919328 1513
1647276080736 0.0007074150899545499 1514
1647276080866 0.0006909492270501259 1515
1647276080994 0.0006746746281317828 1516
1647276081129 0.0006585914212477994 1517
1647276081258 0.0006426997329405706 1518
1647276081387 0.0006269996882456277 1519
1647276081467 0.0006114914106906617 1520
1647276086582 0.0005961750222945292 1521
1647276086731 0.0005810506435663225 1522
1647276086864 0.0005661183935043931 1523
1647276086993 0.0005513783895954328 1524
1647276087131 0.0005368307478135381 1525
1647276087261 0.0005224755826193141 1526
1647276087397 0.0005083130069589555 1527
1647276087531 0.000494343132263364 1528
1647276087668 0.0004805660684472796 1529
1647276087802 0.0004669819239084066 1530
1647276087932 0.0004535908055265636 1531
1647276088072 0.0004403928186628433 1532
1647276088204 0.00042738806715878467 1533
1647276088350 0.00041457665333554636 1534
1647276088479 0.0004019586779931182 1535
1647276088614 0.00038953424040951914 1536
1647276088747 0.0003773034383400089 1537
1647276088882 0.00036526636801633317 1538
1647276089020 0.0003534231241459547 1539
1647276089162 0.0003417737999113205 1540
1647276089297 0.0003303184869691099 1541
1647276089427 0.00031905727544953756 1542
1647276089559 0.00030799025395561805 1543
1647276089700 0.00029711750956249166 1544
1647276089833 0.0002864391278167274 1545
1647276089971 0.00027595519273565424 1546
1647276090104 0.0002656657868066894 1547
1647276090236 0.0002555709909867084 1548
1647276090366 0.0002456708847013926 1549
1647276090500 0.00023596554584461312 1550
1647276090629 0.0002264550507778093 1551
1647276090761 0.00021713947432939175 1552
1647276090889 0.0002080188897941622 1553
1647276091018 0.00019909336893272534 1554
1647276091146 0.00019036298197092793 1555
1647276091283 0.00018182779759930382 1556
1647276091413 0.00017348788297253819 1557
1647276091540 0.00016534330370894304 1558
1647276091666 0.00015739412388992424 1559
1647276091746 0.00014964040605949862 1560
1647276092593 0.00014208221122378317 1561
1647276092729 0.00013471959885052898 1562
1647276092883 0.00012755262686864628 1563
1647276093013 0.00012058135166774679 1564
1647276093143 0.00011380582809770503 1565
1647276093285 0.00010722610946822536 1566
1647276093419 0.00010084224754842282 1567
1647276093545 9.465429256641805e-05 1568
1647276093675 8.866229320893467e-05 1569
1647276093805 8.286629662091632e-05 1570
1647276093943 7.726634840517423e-05 1571
1647276094079 7.18624926220013e-05 1572
1647276094213 6.665477178884464e-05 1573
1647276094341 6.16432268799587e-05 1574
1647276094472 5.682789732610259e-05 1575
1647276094603 5.220882101420159e-05 1576
1647276094738 4.778603428706952e-05 1577
1647276094884 4.355957194312288e-05 1578
1647276095017 3.952946723608667e-05 1579
1647276095147 3.569575187476674e-05 1580
1647276095279 3.2058456022761196e-05 1581
1647276095418 2.861760829825773e-05 1582
1647276095550 2.53732357737894e-05 1583
1647276095679 2.2325363976018135e-05 1584
1647276095818 1.947401688555155e-05 1585
1647276095950 1.6819216936737548e-05 1586
1647276096082 1.436098501750056e-05 1587
1647276096222 1.2099340469166708e-05 1588
1647276096353 1.0034301086316673e-05 1589
1647276096483 8.165883116644158e-06 1590
1647276096613 6.494101260830984e-06 1591
1647276096740 5.018968672427745e-06 1592
1647276096883 3.7404969577511076e-06 1593
1647276097015 2.658696175800547e-06 1594
1647276097142 1.7735748381612052e-06 1595
1647276097271 1.0851399089539276e-06 1596
1647276097400 5.933968047742018e-07 1597
1647276097534 2.9834939464497535e-07 1598
1647276097666 2.0000000000000002e-07 1599
1647276097752 2.9834939464497535e-07 1600
