1647275796012 1.1283807754516602 0
1647275802065 0.9251483082771301 1
1647275808115 0.8547959923744202 2
1647275818311 0.7080025672912598 3
1647275824230 0.7864418029785156 4
1647275834578 0.7424429059028625 5
1647275840521 1.0707032680511475 6
1647275846472 1.3919520378112793 7
1647275852417 0.8752232193946838 8
1647275862749 1.0710513591766357 9
1647275868702 0.7268566489219666 10
1647275874684 0.5958506464958191 11
1647275880617 0.7185866236686707 12
1647275886717 0.46908167004585266 13
1647275892701 0.41024354100227356 14
1647275898736 0.5059078931808472 15
1647275909074 0.33859461545944214 16
1647275915080 0.2934342920780182 17
1647275921263 0.3483273386955261 18
1647275931350 0.35109496116638184 19
1647275937475 0.2590267062187195 20
1647275943588 0.27841129899024963 21
1647275953716 0.25142499804496765 22
1647275963982 0.2951967716217041 23
1647275969946 0.2553679347038269 24
1647275980259 0.2300633192062378 25
1647275990488 0.22200824320316315 26
1647276000785 0.20389385521411896 27
1647276010925 0.2126225233078003 28
1647276016897 0.18482927978038788 29
1647276027242 0.2008703500032425 30
1647276033226 0.1557612419128418 31
1647276043486 0.20960916578769684 32
1647276053887 0.15868328511714935 33
1647276064089 0.15445441007614136 34
1647276070061 0.12756073474884033 35
1647276076028 0.14570556581020355 36
1647276082056 0.16214555501937866 37
1647276092319 0.12221742421388626 38
1647276098347 0.14883287250995636 39
